Scheduler Table:
[[[8.08455634e-05 2.62701971e-01 1.83657852e+02 3.32146605e-03
   9.49877934e-01 3.67602270e-02 3.67602270e-02]
  [8.04019601e-05 2.62917971e-01 1.84111418e+02 3.32161079e-03
   9.46196467e-01 3.66916199e-02 3.66916199e-02]
  [7.97235875e-05 2.63413265e-01 1.83955113e+02 3.32130446e-03
   9.41283028e-01 3.66798775e-02 3.66798775e-02]]

 [[8.24991617e-05 2.63071440e-01 1.83700330e+02 3.32145490e-03
   9.50878091e-01 3.67600556e-02 3.67600556e-02]
  [7.15158486e-05 2.25539495e-01 1.97989560e+02 3.33006615e-03
   9.47902764e-01 3.68840333e-02 3.68840333e-02]
  [2.32559744e-04 1.10467518e-01 2.34989884e+02 3.35176589e-03
   9.49333479e-01 3.73610445e-02 3.73610445e-02]]

 [[7.99465995e-05 2.62793784e-01 1.83880623e+02 3.32134713e-03
   9.55284778e-01 3.67251385e-02 3.67251385e-02]
  [2.32156224e-04 1.10460497e-01 2.34988755e+02 3.35172263e-03
   1.09607768e+00 3.72580195e-02 3.81343802e-02]
  [7.92658285e-05 2.62700143e-01 1.84197172e+02 3.32146493e-03
   9.44227671e-01 3.66946930e-02 3.66946930e-02]]]

Buffer Table:
[[[7.84960279e-05 2.65002190e-01 1.83898567e+02 3.32228038e-03
   9.43352915e-01 3.67388180e-02 3.67388180e-02]
  [8.16495320e-05 2.65810548e-01 1.84114795e+02 3.32196854e-03
   9.41514609e-01 3.67113003e-02 3.67113003e-02]
  [7.46303132e-05 2.50921772e-01 1.89181199e+02 3.32503245e-03
   9.56992310e-01 3.67490940e-02 3.67490940e-02]]

 [[7.83773011e-05 2.63859470e-01 1.84275578e+02 3.32242851e-03
   9.62147867e-01 3.67001563e-02 3.67001563e-02]
  [7.09096394e-05 1.44624674e-01 2.23337076e+02 3.34383889e-03
   1.09844269e+00 3.72126410e-02 3.80890017e-02]
  [7.91367884e-05 2.58528080e-01 1.86638225e+02 3.32353497e-03
   9.54083465e-01 3.66950774e-02 3.66950774e-02]]

 [[7.97433071e-05 2.65177861e-01 1.83851230e+02 3.32214292e-03
   9.41645466e-01 3.67148079e-02 3.67148079e-02]
  [6.89884732e-05 2.01074377e-01 2.06381718e+02 3.33433182e-03
   9.79191340e-01 3.70416403e-02 3.70416403e-02]
  [7.85414438e-05 2.64882366e-01 1.83954538e+02 3.32219468e-03
   9.45975420e-01 3.66908202e-02 3.66908202e-02]]]

Arbiter Table:
[[[6.29352202e-05 1.08622845e-01 2.35242146e+02 3.35056537e-03
   1.10594740e+00 3.74015981e-02 3.82779588e-02]
  [7.45746553e-05 2.49892236e-01 1.89523474e+02 3.32516888e-03
   9.43029181e-01 3.68144203e-02 3.68144203e-02]
  [7.87363257e-05 2.62167274e-01 1.85231383e+02 3.32263781e-03
   9.45778129e-01 3.67637954e-02 3.67637954e-02]]

 [[2.58974829e-03 2.06126435e-01 2.05457878e+02 3.33392350e-03
   9.65725332e-01 3.70219668e-02 3.70219668e-02]
  [7.99118259e-05 2.66961707e-01 1.83456805e+02 3.32136545e-03
   9.43813372e-01 3.67195638e-02 3.67195638e-02]
  [8.18939024e-05 2.65652339e-01 1.83810033e+02 3.32178310e-03
   9.50225489e-01 3.67155542e-02 3.67155542e-02]]

 [[7.82075576e-05 2.65327664e-01 1.84151881e+02 3.32185624e-03
   9.45123148e-01 3.67378816e-02 3.67378816e-02]
  [7.51530838e-05 2.45846440e-01 1.91308127e+02 3.32619811e-03
   9.41134521e-01 3.68353296e-02 3.68353296e-02]
  [7.98659089e-05 2.66686952e-01 1.83818511e+02 3.32146937e-03
   9.57344049e-01 3.67211805e-02 3.67211805e-02]]]

Page Table:
[[[8.17117334e-04 3.47229665e-01 1.99776863e+02 3.21458532e-03
   9.18233340e-01 3.56785257e-02 3.56785257e-02]
  [1.09086355e-04 5.16170047e-01 1.72750284e+02 3.11115066e-03
   8.99686570e-01 3.44163627e-02 3.44163627e-02]
  [1.10925848e-04 5.22085436e-01 1.71274585e+02 3.10723693e-03
   9.06182428e-01 3.43198740e-02 3.43198740e-02]
  [1.74532203e-04 1.24826006e-01 2.32818623e+02 3.34289099e-03
   9.44521643e-01 3.72500279e-02 3.72500279e-02]]

 [[8.56832285e-05 3.74205170e-01 1.95510865e+02 3.19908974e-03
   9.33603292e-01 3.54847721e-02 3.54847721e-02]
  [1.09435213e-04 5.17505342e-01 1.72441642e+02 3.11022023e-03
   8.95321859e-01 3.43765656e-02 3.43765656e-02]
  [1.09998660e-04 5.19515135e-01 1.71629227e+02 3.10914381e-03
   8.88160014e-01 3.43447625e-02 3.43447625e-02]
  [1.08929440e-04 5.15624974e-01 1.72217170e+02 3.11151198e-03
   8.88677135e-01 3.43961475e-02 3.43961475e-02]]

 [[1.10458778e-04 5.21145296e-01 1.72463848e+02 3.10800046e-03
   8.93437317e-01 3.43432872e-02 3.43432872e-02]
  [1.04783799e-04 4.84421482e-01 1.78096867e+02 3.13098346e-03
   8.98827285e-01 3.46171413e-02 3.46171413e-02]
  [1.10652346e-04 5.21910397e-01 1.71626766e+02 3.10750457e-03
   8.91826547e-01 3.43279232e-02 3.43279232e-02]
  [1.10343993e-04 5.20722937e-01 1.72226308e+02 3.10825001e-03
   8.90959736e-01 3.43748369e-02 3.43748369e-02]]

 [[1.74231010e-04 1.24793665e-01 2.32821323e+02 3.34286338e-03
   1.09127433e+00 3.71471987e-02 3.80235594e-02]
  [1.10222600e-04 5.17148816e-01 1.72354156e+02 3.11057160e-03
   8.91349343e-01 3.43626416e-02 3.43626416e-02]
  [1.10039929e-04 5.18215075e-01 1.71903892e+02 3.10976144e-03
   8.98312485e-01 3.43460038e-02 3.43460038e-02]
  [4.40479968e-04 4.11893054e-01 1.88594395e+02 3.17386192e-03
   9.44201446e-01 3.51945073e-02 3.51945073e-02]]]

Response Table:
[[[6.45990332e-05 1.59465776e-01 1.85418223e+02]
  [6.33500557e-05 1.59149858e-01 1.85569358e+02]]

 [[6.33397627e-05 1.59102738e-01 1.85800043e+02]
  [7.00296574e-05 1.08506543e-01 2.35283363e+02]]]

Refresh Table:
[[[6.38706921e-05 1.59576149e-01 1.85632235e+02]
  [6.41598498e-04 1.46082018e-01 2.03318540e+02]]

 [[6.18221618e-05 1.57194013e-01 1.89177383e+02]
  [6.29555431e-05 1.08616086e-01 2.35146577e+02]]]

Request Buffer Table:
[[[1.08816428e-04 6.64679835e-01 8.87613969e+01]
  [1.09355127e-04 6.61765798e-01 8.94169860e+01]
  [1.03078569e-04 6.23728140e-01 9.96033889e+01]
  [1.08197101e-04 6.62958871e-01 8.95675176e+01]
  [1.09443291e-04 6.64636314e-01 8.93839896e+01]
  [1.08857804e-04 6.64588337e-01 8.94080328e+01]
  [1.10801323e-04 6.63446174e-01 8.96181270e+01]
  [1.08405714e-04 6.65805744e-01 8.89983517e+01]]

 [[1.23603572e-04 6.62706440e-01 8.91749116e+01]
  [1.10973852e-04 6.65681369e-01 8.89131669e+01]
  [1.00601995e-04 6.03511049e-01 1.05027051e+02]
  [1.08517485e-04 6.65699125e-01 8.92275114e+01]
  [1.08821889e-04 6.64039992e-01 8.93391632e+01]
  [1.10054302e-04 6.66051611e-01 8.88081450e+01]
  [1.10429769e-04 6.69150924e-01 8.84987405e+01]
  [1.10479335e-04 6.63357667e-01 8.92039186e+01]]

 [[1.09462168e-04 6.64276866e-01 8.92882387e+01]
  [1.10205918e-04 6.62433030e-01 8.93786915e+01]
  [1.08978496e-04 6.63429575e-01 8.96383779e+01]
  [1.08742448e-04 6.63736526e-01 8.93864028e+01]
  [7.58881177e-05 4.41884549e-01 1.48942603e+02]
  [1.09678889e-04 6.63568712e-01 8.92632031e+01]
  [1.09739492e-04 6.69695556e-01 8.82163774e+01]
  [1.08860888e-04 6.64605658e-01 8.95635011e+01]]

 [[1.09264869e-04 6.68021380e-01 8.84628309e+01]
  [1.10281736e-04 6.67688490e-01 8.78973060e+01]
  [1.08507009e-04 6.60162059e-01 9.02536951e+01]
  [1.08699582e-04 6.65189282e-01 8.87889722e+01]
  [1.08626179e-04 6.63402284e-01 8.96480789e+01]
  [1.09240558e-04 6.66780688e-01 8.83810054e+01]
  [1.08473619e-04 6.67683632e-01 8.86219174e+01]
  [1.08705826e-04 6.66735781e-01 8.87532001e+01]]

 [[1.09623391e-04 6.60293882e-01 8.96177153e+01]
  [1.09109260e-04 6.58737303e-01 9.02845966e+01]
  [1.09406103e-04 6.63432093e-01 8.89798270e+01]
  [1.08981078e-04 6.62667950e-01 8.96634047e+01]
  [4.58494856e-05 1.09709743e-01 2.34968922e+02]
  [1.09532529e-04 6.65116266e-01 8.91425308e+01]
  [1.07940474e-04 6.63560761e-01 8.98757082e+01]
  [1.08822626e-04 6.64181057e-01 8.92354470e+01]]

 [[1.10182063e-04 6.66835222e-01 8.84336355e+01]
  [1.09553234e-04 6.61477732e-01 8.93900286e+01]
  [1.08408092e-04 6.58211788e-01 9.04962832e+01]
  [1.09833925e-04 6.65263154e-01 8.93501094e+01]
  [1.08890249e-04 6.64499328e-01 8.90632262e+01]
  [1.09315256e-04 6.63524259e-01 8.97396216e+01]
  [1.08405616e-04 6.66147898e-01 8.92060982e+01]
  [1.09742580e-04 6.64144529e-01 8.92826809e+01]]

 [[1.07927075e-04 6.58571302e-01 9.03475095e+01]
  [1.12232563e-04 6.73506565e-01 8.75582405e+01]
  [1.09321107e-04 6.64424177e-01 8.89840098e+01]
  [1.08563190e-04 6.67255721e-01 8.87548428e+01]
  [1.09543497e-04 6.62465065e-01 8.92545272e+01]
  [1.09517001e-04 6.63885158e-01 8.89947168e+01]
  [5.60095261e-03 4.20357894e-01 1.52764621e+02]
  [1.08918080e-04 6.69721871e-01 8.83214310e+01]]

 [[1.08741539e-04 6.61601170e-01 8.91431529e+01]
  [1.09518928e-04 6.63783653e-01 8.88474910e+01]
  [1.08171358e-04 6.58287123e-01 9.05911635e+01]
  [1.09093354e-04 6.70144857e-01 8.82220084e+01]
  [1.09366461e-04 6.64025680e-01 8.91027457e+01]
  [1.10000368e-04 6.71146202e-01 8.79450001e+01]
  [1.09154914e-04 6.65137384e-01 8.90564429e+01]
  [1.08304081e-04 6.62003145e-01 8.96205950e+01]]]

Ref Max Post Table:
[[[1.11202685e-04 5.20470308e-01 1.71947849e+02]
  [1.10884156e-04 5.21576125e-01 1.71950047e+02]
  [1.12921452e-04 5.29648183e-01 1.71862297e+02]
  [1.23794728e-03 4.35730263e-01 1.84988181e+02]]

 [[1.10624898e-04 5.20764305e-01 1.71935440e+02]
  [1.10031152e-04 5.16756010e-01 1.72364596e+02]
  [1.11275069e-04 5.19173628e-01 1.72403256e+02]
  [9.79805539e-05 4.28485163e-01 1.86717769e+02]]

 [[1.12110816e-04 5.23909695e-01 1.72053219e+02]
  [1.10852269e-04 5.21411454e-01 1.72432783e+02]
  [1.10533129e-04 5.20358267e-01 1.72156518e+02]
  [1.03658703e-04 4.29994048e-01 1.86144971e+02]]

 [[1.10409220e-04 5.17488030e-01 1.72624791e+02]
  [1.09993235e-04 5.11302467e-01 1.73472555e+02]
  [1.10721874e-04 5.15874910e-01 1.72962470e+02]
  [6.69726531e-05 1.52743514e-01 2.28443004e+02]]]

Ref Max Pull Table:
[[[1.09625152e-04 5.12873458e-01 1.72845430e+02]
  [1.09539038e-04 5.18584066e-01 1.72434727e+02]
  [1.11024176e-04 5.24671041e-01 1.72336671e+02]
  [5.15244829e-04 2.65841789e-01 2.11169055e+02]]

 [[3.36153535e-04 4.90473823e-01 1.76839536e+02]
  [1.10029044e-04 5.21534862e-01 1.72494545e+02]
  [1.09523382e-04 5.18897491e-01 1.72393900e+02]
  [1.61259668e-04 1.99651448e-01 2.21513194e+02]]

 [[2.71528207e-04 4.53396952e-01 1.82259662e+02]
  [1.09900188e-04 5.20932068e-01 1.72410852e+02]
  [1.10608874e-04 5.23509828e-01 1.72137481e+02]
  [1.09666695e-04 5.20712953e-01 1.72192717e+02]]

 [[3.04055978e-04 4.72940112e-01 1.79343932e+02]
  [1.60981880e-04 1.99487158e-01 2.21535830e+02]
  [1.10079754e-04 5.19226281e-01 1.72760802e+02]
  [1.10040100e-04 5.22016327e-01 1.71958979e+02]]]

Max Activate Table:
[[[1.08280511e-04 6.69706058e-01 8.78079019e+01 1.58831497e-03
   4.58906079e-01 1.75230731e-02 1.75230731e-02]
  [1.08611170e-04 6.62804075e-01 8.89706429e+01 1.61144837e-03
   4.65982447e-01 1.77900341e-02 1.77900341e-02]
  [1.08456820e-04 6.73092080e-01 8.72673235e+01 1.57638166e-03
   4.57102521e-01 1.74009007e-02 1.74009007e-02]
  [1.07569824e-04 6.62550727e-01 8.91101240e+01 1.61213166e-03
   4.64854820e-01 1.78115002e-02 1.78115002e-02]
  [1.06840305e-04 6.58698268e-01 9.01316498e+01 1.62518913e-03
   4.67685441e-01 1.79707370e-02 1.79707370e-02]
  [1.10245676e-04 6.65657019e-01 8.90957710e+01 1.60169526e-03
   4.63716609e-01 1.76881933e-02 1.76881933e-02]
  [1.06729400e-04 6.57142906e-01 9.07863169e+01 1.63035225e-03
   4.65802483e-01 1.80649945e-02 1.80649945e-02]
  [1.07249863e-04 6.61992811e-01 8.92884274e+01 1.61398415e-03
   4.66359744e-01 1.78426254e-02 1.78426254e-02]]

 [[1.08214182e-04 6.70547681e-01 8.71740010e+01 1.58510105e-03
   4.59285534e-01 1.74982703e-02 1.74982703e-02]
  [1.08856938e-04 6.72337967e-01 8.74459387e+01 1.57912220e-03
   4.61031566e-01 1.74448114e-02 1.74448114e-02]
  [1.08078601e-04 6.68811692e-01 8.85321321e+01 1.59099196e-03
   4.75757956e-01 1.76254434e-02 1.76254434e-02]
  [1.08736063e-04 6.72810875e-01 8.74672719e+01 1.57752200e-03
   4.58495697e-01 1.74213690e-02 1.74213690e-02]
  [3.71603657e-04 4.31401830e-01 1.50483124e+02 2.34511331e-03
   6.93442411e-01 2.60496072e-02 2.60496072e-02]
  [1.08549419e-04 6.61236729e-01 8.95606367e+01 1.61658359e-03
   4.67840215e-01 1.78795019e-02 1.78795019e-02]
  [1.08224839e-04 6.64935246e-01 8.90003103e+01 1.60404822e-03
   4.62958288e-01 1.77114306e-02 1.77114306e-02]
  [1.08732149e-04 6.65310895e-01 8.88561183e+01 1.60298473e-03
   4.66204755e-01 1.77163217e-02 1.77163217e-02]]

 [[1.08414859e-04 6.68227995e-01 8.80836519e+01 1.59308241e-03
   4.61079718e-01 1.76097564e-02 1.76097564e-02]
  [1.14539845e-04 6.69747170e-01 8.77316340e+01 1.58860129e-03
   4.58718011e-01 1.75151142e-02 1.75151142e-02]
  [1.07089649e-04 6.61523637e-01 8.95011940e+01 1.61565836e-03
   4.63693051e-01 1.78469114e-02 1.78469114e-02]
  [1.07654813e-04 6.64166817e-01 8.91606511e+01 1.60670802e-03
   4.69084667e-01 1.77281487e-02 1.77281487e-02]
  [1.07192355e-04 6.58411288e-01 9.01773590e+01 1.62590108e-03
   4.66979592e-01 1.79967053e-02 1.79967053e-02]
  [1.12031326e-04 6.63707467e-01 8.93693906e+01 1.60860619e-03
   4.78459813e-01 1.78224803e-02 1.78224803e-02]
  [1.07878046e-04 6.63262732e-01 8.93242102e+01 1.60990473e-03
   4.64889140e-01 1.77632466e-02 1.77632466e-02]
  [1.07726869e-04 6.68580937e-01 8.84441158e+01 1.59163745e-03
   4.65635094e-01 1.75703912e-02 1.75703912e-02]]

 [[1.07501455e-04 6.61818566e-01 8.89620288e+01 1.61450322e-03
   4.66771512e-01 1.78323438e-02 1.78323438e-02]
  [1.07400942e-04 6.58816540e-01 8.99990792e+01 1.62465304e-03
   4.67698071e-01 1.79347016e-02 1.79347016e-02]
  [1.06837061e-04 6.60856535e-01 8.97350950e+01 1.61783211e-03
   4.65084952e-01 1.78541020e-02 1.78541020e-02]
  [1.07315641e-04 6.60698203e-01 8.96559722e+01 1.61851430e-03
   4.66046586e-01 1.78894698e-02 1.78894698e-02]
  [1.90958830e-04 1.88376569e-01 2.14449760e+02 3.10469493e-03
   8.78709660e-01 3.45651607e-02 3.45651607e-02]
  [1.08287135e-04 6.63005601e-01 8.94679672e+01 1.61073548e-03
   4.63938716e-01 1.78064635e-02 1.78064635e-02]
  [1.07291672e-04 6.59260814e-01 9.04084293e+01 1.62260452e-03
   4.77102000e-01 1.79796045e-02 1.79796045e-02]
  [1.07808990e-04 6.62381006e-01 8.92830895e+01 1.61280855e-03
   4.67541175e-01 1.78192837e-02 1.78192837e-02]]

 [[1.07282116e-04 6.61663160e-01 8.96933490e+01 1.61518784e-03
   4.65359750e-01 1.79638350e-02 1.79638350e-02]
  [1.08612441e-04 6.64013306e-01 8.85984396e+01 1.60719033e-03
   4.63270869e-01 1.77484225e-02 1.77484225e-02]
  [1.07635930e-04 6.59486117e-01 8.99509026e+01 1.62257970e-03
   4.65417381e-01 1.79072640e-02 1.79072640e-02]
  [1.90619712e-04 1.88277502e-01 2.14472907e+02 3.10494455e-03
   1.02553995e+00 3.44654612e-02 3.53418219e-02]
  [1.04663255e-04 6.48136956e-01 9.31318893e+01 1.66004617e-03
   4.92988277e-01 1.83870521e-02 1.83870521e-02]
  [1.09425042e-04 6.61253797e-01 8.96276221e+01 1.61641641e-03
   4.66903973e-01 1.78829179e-02 1.78829179e-02]
  [1.07422404e-04 6.57149477e-01 9.04357994e+01 1.62986091e-03
   4.73579359e-01 1.80193550e-02 1.80193550e-02]
  [1.07469717e-04 6.61342080e-01 8.99149170e+01 1.61631179e-03
   4.68713078e-01 1.78567082e-02 1.78567082e-02]]

 [[1.08082305e-04 6.65969407e-01 8.81557094e+01 1.60070803e-03
   4.63402403e-01 1.77008367e-02 1.77008367e-02]
  [1.09410906e-04 6.68967863e-01 8.75915690e+01 1.59090266e-03
   4.61615101e-01 1.75486783e-02 1.75486783e-02]
  [1.08024551e-04 6.67270032e-01 8.81774442e+01 1.59621921e-03
   4.61721190e-01 1.76473712e-02 1.76473712e-02]
  [1.07789211e-04 6.63232360e-01 8.93906525e+01 1.60993342e-03
   4.66343023e-01 1.77987180e-02 1.77987180e-02]
  [1.09970974e-04 6.64319642e-01 8.90588390e+01 1.60623847e-03
   4.68570299e-01 1.78049901e-02 1.78049901e-02]
  [1.10001240e-04 6.65372825e-01 8.86624090e+01 1.60259349e-03
   4.67064539e-01 1.77194090e-02 1.77194090e-02]
  [1.07576932e-04 6.62236714e-01 8.91258596e+01 1.61306136e-03
   4.68628940e-01 1.78034769e-02 1.78034769e-02]
  [1.14581273e-04 6.58402110e-01 9.05251560e+01 1.62632392e-03
   4.67857664e-01 1.79868481e-02 1.79868481e-02]]

 [[1.07350750e-04 6.62644638e-01 8.88182244e+01 1.61182008e-03
   4.67036505e-01 1.78267662e-02 1.78267662e-02]
  [2.09959316e-04 6.06824015e-01 1.03924742e+02 1.79027131e-03
   5.31224203e-01 1.98453261e-02 1.98453261e-02]
  [1.07661701e-04 6.65838684e-01 8.88723013e+01 1.60123058e-03
   4.61589548e-01 1.76727240e-02 1.76727240e-02]
  [1.07064236e-04 6.59506637e-01 8.98510793e+01 1.62254380e-03
   4.66923804e-01 1.78804464e-02 1.78804464e-02]
  [1.08883488e-04 6.71336373e-01 8.74811283e+01 1.58269166e-03
   4.57113277e-01 1.74880728e-02 1.74880728e-02]
  [1.11876264e-04 6.59802386e-01 8.98474918e+01 1.62132519e-03
   4.69582234e-01 1.79203038e-02 1.79203038e-02]
  [1.07604070e-04 6.61573150e-01 8.94560337e+01 1.61526832e-03
   4.69781550e-01 1.78684433e-02 1.78684433e-02]
  [1.08130042e-04 6.64686157e-01 8.91156667e+01 1.60492092e-03
   4.67534170e-01 1.77145448e-02 1.77145448e-02]]

 [[1.07677121e-04 6.63426654e-01 8.87966343e+01 1.60922547e-03
   4.63377351e-01 1.77883525e-02 1.77883525e-02]
  [1.08524904e-04 6.65896405e-01 8.82781130e+01 1.60100411e-03
   4.64009589e-01 1.76898144e-02 1.76898144e-02]
  [1.08343102e-04 6.69381525e-01 8.79299334e+01 1.58955310e-03
   4.57964574e-01 1.75113131e-02 1.75113131e-02]
  [1.06991525e-04 6.60239803e-01 8.99800857e+01 1.61987190e-03
   4.68248219e-01 1.78750408e-02 1.78750408e-02]
  [1.08497861e-04 6.59737963e-01 8.92457692e+01 1.62160509e-03
   4.68169502e-01 1.79048019e-02 1.79048019e-02]
  [1.09376449e-04 6.64171770e-01 8.94614122e+01 1.60705625e-03
   4.65471899e-01 1.77257122e-02 1.77257122e-02]
  [1.08114593e-04 6.63450508e-01 8.88978553e+01 1.60929552e-03
   4.67843305e-01 1.78516395e-02 1.78516395e-02]
  [1.10766512e-04 6.71392869e-01 8.82710118e+01 1.58270196e-03
   4.60157712e-01 1.74688048e-02 1.74688048e-02]]]

Cumulative Reward: 9110.009177220252
