Scheduler Table:
[[[8.50255489e-06 2.29974146e-02 2.47572387e+01 1.24289418e-03
   1.39070197e-03 6.73340275e-04 6.73340275e-04]
  [9.02487786e-06 2.21582491e-02 2.48436792e+01 1.20322183e-03
   1.41089563e-03 6.75194336e-04 6.75194336e-04]
  [8.03457781e-06 2.28898942e-02 2.47535215e+01 1.23882422e-03
   1.39543694e-03 6.73891730e-04 6.73891730e-04]]

 [[8.82289032e-06 2.23606379e-02 2.46989915e+01 1.20829452e-03
   1.40929633e-03 6.74969142e-04 6.74969142e-04]
  [9.05921493e-05 1.04418119e+00 3.44827044e+01 1.72856075e-03
   1.24381535e-03 6.68136868e-04 6.69046977e-04]
  [9.19746935e-06 2.20410378e-02 2.47159651e+01 1.19228296e-03
   1.42728781e-03 6.76183204e-04 6.76183204e-04]]

 [[8.53423257e-06 2.29756179e-02 2.47282832e+01 1.24526314e-03
   1.38471088e-03 6.73198158e-04 6.73198158e-04]
  [8.39032895e-06 2.24443788e-02 2.47370058e+01 1.21043734e-03
   1.40825388e-03 6.75022368e-04 6.75022368e-04]
  [8.13685317e-06 2.28941010e-02 2.47176286e+01 1.24020496e-03
   1.39371283e-03 6.73681709e-04 6.73681709e-04]]]

Buffer Table:
[[[9.59648934e-06 2.30009851e-02 2.47018359e+01 1.25020963e-03
   1.37436946e-03 6.73483720e-04 6.73483720e-04]
  [8.98959556e-06 2.30152692e-02 2.47172992e+01 1.25038760e-03
   1.37428487e-03 6.73013409e-04 6.73013409e-04]
  [1.17803366e-05 2.13434865e-02 2.55974034e+01 1.22550528e-03
   1.36421596e-03 6.74902318e-04 6.74902318e-04]]

 [[9.12548890e-06 2.18243894e-02 2.49142755e+01 1.18728212e-03
   1.42473146e-03 6.76400860e-04 6.76400860e-04]
  [8.01509680e-06 2.23676984e-02 2.47169708e+01 1.22496723e-03
   1.40029338e-03 6.74750844e-04 6.74750844e-04]
  [7.28536311e-06 2.24078285e-02 2.46812678e+01 1.22356099e-03
   1.39878827e-03 6.75024486e-04 6.75024486e-04]]

 [[9.41630833e-06 2.24477810e-02 2.47308837e+01 1.21628134e-03
   1.40944934e-03 6.75442097e-04 6.75442097e-04]
  [9.08540751e-06 2.21818448e-02 2.47477308e+01 1.21027454e-03
   1.40857652e-03 6.75314519e-04 6.75314519e-04]
  [9.05921493e-05 1.04418119e+00 3.44827044e+01 1.72856075e-03
   1.24381535e-03 6.68136868e-04 6.69046977e-04]]]

Arbiter Table:
[[[9.06578039e-06 2.30057421e-02 2.47576225e+01 1.26224587e-03
   1.36321045e-03 6.73503232e-04 6.73503232e-04]
  [2.41688318e-06 1.83566948e-02 3.45883335e+01 1.74276930e-03
   1.04556711e-03 6.67817481e-04 6.68750926e-04]
  [8.69885845e-06 2.26537283e-02 2.47134672e+01 1.24739212e-03
   1.37822673e-03 6.74019422e-04 6.74019422e-04]]

 [[9.18431955e-05 1.04419914e+00 3.44706590e+01 1.72837869e-03
   1.24405763e-03 6.68056264e-04 6.68499651e-04]
  [7.38795102e-06 2.27161248e-02 2.47445199e+01 1.24018354e-03
   1.37635860e-03 6.74518966e-04 6.74518966e-04]
  [9.36699613e-06 2.24313943e-02 2.47709778e+01 1.24948347e-03
   1.35743945e-03 6.74665356e-04 6.74665356e-04]]

 [[8.26477622e-06 2.15486387e-02 2.56369733e+01 1.28138490e-03
   1.34460117e-03 6.74757352e-04 6.74757352e-04]
  [8.52186247e-06 2.25481426e-02 2.47453035e+01 1.23402242e-03
   1.37930928e-03 6.74356871e-04 6.74356871e-04]
  [9.23120683e-06 2.25955477e-02 2.48207589e+01 1.25080007e-03
   1.36272902e-03 6.74121264e-04 6.74121264e-04]]]

Page Table:
[[[7.70813254e-06 2.33582413e-02 2.47905221e+01 1.27191169e-03
   1.37261545e-03 6.72406032e-04 6.72406032e-04]
  [8.74687714e-06 2.31530674e-02 2.47530933e+01 1.25774342e-03
   1.38448975e-03 6.73020872e-04 6.73020872e-04]
  [8.09779361e-06 2.35656339e-02 2.47856977e+01 1.28910571e-03
   1.33666023e-03 6.72228557e-04 6.72228557e-04]
  [9.43477406e-05 1.04423436e+00 3.43546385e+01 1.70622454e-03
   1.27081871e-03 6.68034108e-04 6.68034108e-04]]

 [[4.93502757e-06 1.83919673e-02 3.46058068e+01 1.71145356e-03
   1.08357914e-03 6.67900157e-04 6.68833602e-04]
  [4.90209980e-06 2.13395239e-02 2.78835232e+01 1.29195031e-03
   1.35913766e-03 6.70376858e-04 6.70376858e-04]
  [8.11639553e-06 2.32865780e-02 2.47997130e+01 1.27341674e-03
   1.35724980e-03 6.72679570e-04 6.72679570e-04]
  [1.04824014e-05 2.23987225e-02 2.53684067e+01 1.27052750e-03
   1.33491357e-03 6.72982031e-04 6.72982031e-04]]

 [[7.45228587e-06 2.39209978e-02 2.48036855e+01 1.30290876e-03
   1.31628241e-03 6.71370508e-04 6.71370508e-04]
  [8.79433959e-06 2.30145152e-02 2.48203106e+01 1.24852746e-03
   1.37576620e-03 6.73453963e-04 6.73453963e-04]
  [8.60523464e-06 2.37088439e-02 2.48073007e+01 1.29691264e-03
   1.32592471e-03 6.72080011e-04 6.72080011e-04]
  [9.89019978e-06 2.35520472e-02 2.48109307e+01 1.27554112e-03
   1.35039355e-03 6.72802307e-04 6.72802307e-04]]

 [[1.00585893e-05 2.29027430e-02 2.47897307e+01 1.23837406e-03
   1.39153411e-03 6.74087512e-04 6.74087512e-04]
  [4.97847941e-06 1.83928212e-02 3.44280574e+01 1.73065521e-03
   1.06072544e-03 6.67680771e-04 6.67680771e-04]
  [7.50082637e-06 2.39651251e-02 2.47911136e+01 1.30633556e-03
   1.31833008e-03 6.71043542e-04 6.71043542e-04]
  [7.36570297e-06 2.33748355e-02 2.47987024e+01 1.28648144e-03
   1.35275832e-03 6.72238046e-04 6.72238046e-04]]]

Response Table:
[[[1.30673148e-05 2.02057245e-02 2.82945068e+01]
  [5.75142671e-06 2.18169809e-02 2.44109940e+01]]

 [[6.28278047e-06 2.19856901e-02 2.42416122e+01]
  [9.05506608e-05 1.04419093e+00 3.44593292e+01]]]

Refresh Table:
[[[7.42765379e-06 2.20496957e-02 2.42807768e+01]
  [5.22632836e-06 2.06079710e-02 2.78397497e+01]]

 [[6.51951237e-06 2.14031914e-02 2.54922719e+01]
  [9.05921777e-05 1.04418121e+00 3.44826445e+01]]]

Request Buffer Table:
[[[8.55633277e-06 3.69746966e-02 2.49424700e+01]
  [9.32228738e-06 4.05083290e-02 2.48282277e+01]
  [8.39590344e-06 3.93302450e-02 2.47595810e+01]
  [1.03587933e-05 3.88075554e-02 2.49744519e+01]
  [9.18588922e-06 3.76289913e-02 2.49391933e+01]
  [8.03193853e-06 3.35540822e-02 2.51225648e+01]
  [8.98492112e-06 3.69604581e-02 2.50216410e+01]
  [1.11628086e-05 4.00659352e-02 2.48346054e+01]]

 [[8.85122460e-06 3.84853787e-02 2.49341239e+01]
  [9.20069075e-06 3.90307194e-02 2.48012795e+01]
  [1.01583573e-05 3.97932115e-02 2.50538879e+01]
  [8.40168488e-06 3.11786545e-02 2.50844607e+01]
  [1.03349078e-05 3.80124691e-02 2.50754573e+01]
  [1.03819781e-05 3.92927473e-02 2.50759821e+01]
  [9.15327528e-06 3.59628007e-02 2.50449816e+01]
  [8.02349242e-06 3.27337294e-02 2.50281993e+01]]

 [[8.61671914e-06 3.92889944e-02 2.48631074e+01]
  [8.62835061e-06 3.80446975e-02 2.50992139e+01]
  [8.95817080e-06 3.95654380e-02 2.49108996e+01]
  [9.19393441e-06 3.88442702e-02 2.49576952e+01]
  [9.03471796e-06 3.76802501e-02 2.50767729e+01]
  [9.21837088e-06 4.00784412e-02 2.49350033e+01]
  [8.97503313e-06 3.82424815e-02 2.50096291e+01]
  [8.77937796e-06 3.79608480e-02 2.51003081e+01]]

 [[8.72862706e-06 3.92519212e-02 2.47856573e+01]
  [9.04549328e-06 3.83094340e-02 2.49558634e+01]
  [8.81651810e-06 3.98387108e-02 2.49347620e+01]
  [8.00362201e-06 3.77344281e-02 2.49262065e+01]
  [1.01841660e-05 3.87088311e-02 2.48880995e+01]
  [8.92626969e-06 2.95791011e-02 2.49748208e+01]
  [8.29683606e-06 3.82383264e-02 2.49925895e+01]
  [8.95146060e-06 3.01600656e-02 2.55327245e+01]]

 [[9.07124437e-06 3.77504275e-02 2.49075297e+01]
  [9.86068457e-06 3.99739126e-02 2.49177361e+01]
  [9.21279075e-06 3.78431910e-02 2.50061362e+01]
  [7.96283271e-06 3.11915072e-02 2.50020911e+01]
  [5.65217539e-06 2.88155611e-02 2.49992577e+01]
  [4.93472859e-06 1.83919145e-02 3.46060327e+01]
  [8.59008601e-06 3.67234128e-02 2.49824097e+01]
  [9.00817790e-06 3.04854983e-02 2.49908461e+01]]

 [[7.94983654e-06 3.43562563e-02 2.49688531e+01]
  [1.11272082e-05 3.89313813e-02 2.49933267e+01]
  [8.53752625e-06 3.83670367e-02 2.49687455e+01]
  [8.83342799e-06 3.81624884e-02 2.48998821e+01]
  [8.74279095e-06 3.29328825e-02 2.49944042e+01]
  [3.03525822e-05 3.91487425e-02 2.49740828e+01]
  [9.43474446e-05 1.04423431e+00 3.43548621e+01]
  [1.31173191e-05 3.91817336e-02 2.48447858e+01]]

 [[9.08754342e-06 3.77572442e-02 2.50025673e+01]
  [8.54538850e-06 3.60138931e-02 2.50156296e+01]
  [9.13664104e-06 3.82232977e-02 2.49741770e+01]
  [7.99792610e-06 2.97913550e-02 2.50374126e+01]
  [4.97817740e-06 1.83927679e-02 3.44282856e+01]
  [8.59443443e-06 3.85572906e-02 2.50084189e+01]
  [1.17287407e-05 3.82225632e-02 2.49339014e+01]
  [1.18189834e-05 3.84618126e-02 2.48977804e+01]]

 [[8.91803004e-06 3.84599874e-02 2.47969746e+01]
  [1.07539085e-05 3.92789169e-02 2.49035544e+01]
  [9.02846023e-06 3.99706649e-02 2.47931417e+01]
  [8.41001721e-06 3.47352909e-02 2.50347782e+01]
  [5.91066185e-06 2.48991137e-02 2.79069368e+01]
  [9.76291438e-06 3.85148606e-02 2.49891710e+01]
  [1.34228200e-05 3.83150113e-02 2.48634955e+01]
  [1.00462599e-05 3.77313777e-02 2.49818118e+01]]]

Ref Max Post Table:
[[[9.95820439e-06 2.40544345e-02 2.49736286e+01]
  [8.39748624e-06 2.35569292e-02 2.50733686e+01]
  [6.51055918e-06 2.15456074e-02 2.49736744e+01]
  [8.74635253e-06 2.33853423e-02 2.49432342e+01]]

 [[8.91686318e-06 2.36438665e-02 2.49461406e+01]
  [9.05921493e-05 1.04418119e+00 3.44827044e+01]
  [6.27115797e-06 2.34760522e-02 2.49561381e+01]
  [7.61975238e-06 2.33575317e-02 2.49318625e+01]]

 [[7.74822647e-06 2.31423495e-02 2.49456009e+01]
  [7.60597842e-06 2.36273767e-02 2.49825639e+01]
  [8.10689386e-06 2.42929455e-02 2.48580202e+01]
  [7.32386518e-06 2.16300267e-02 2.49977860e+01]]

 [[7.10627480e-06 2.15857069e-02 2.49742735e+01]
  [8.66254448e-06 2.33963815e-02 2.49475256e+01]
  [7.48528419e-06 2.29478962e-02 2.49905759e+01]
  [8.00993375e-06 2.39295736e-02 2.49453459e+01]]]

Ref Max Pull Table:
[[[7.91866533e-06 2.33339575e-02 2.49153302e+01]
  [2.41670487e-06 1.83565756e-02 3.45884198e+01]
  [8.27088596e-06 2.42188909e-02 2.49249526e+01]
  [8.02098690e-06 2.34894640e-02 2.48800839e+01]]

 [[9.18430202e-05 1.04419903e+00 3.44707438e+01]
  [1.06546534e-05 2.30794673e-02 2.49102719e+01]
  [7.82607630e-06 2.32553725e-02 2.49249307e+01]
  [8.57239275e-06 2.33009732e-02 2.49109793e+01]]

 [[8.52212830e-06 2.29694946e-02 2.49282419e+01]
  [5.49811325e-06 2.26053345e-02 2.49833945e+01]
  [9.31590044e-06 2.31518451e-02 2.49609772e+01]
  [7.79330544e-06 2.38227433e-02 2.49412360e+01]]

 [[1.17394490e-05 2.33918355e-02 2.50239358e+01]
  [7.08028250e-06 2.29135157e-02 2.49269833e+01]
  [8.86892167e-06 2.32226940e-02 2.49331879e+01]
  [8.89380282e-06 2.36094883e-02 2.49286569e+01]]]

Max Activate Table:
[[[9.15048413e-06 4.09599975e-02 2.48198474e+01 1.36242361e-03
   1.29131404e-03 6.69747304e-04 6.69747304e-04]
  [9.64648272e-06 3.85821972e-02 2.50395168e+01 1.34956041e-03
   1.27170074e-03 6.69736441e-04 6.69736441e-04]
  [8.83310798e-06 3.70430457e-02 2.50705509e+01 1.34271691e-03
   1.28129430e-03 6.70238448e-04 6.70238448e-04]
  [9.98410994e-06 3.94267528e-02 2.48749645e+01 1.36132319e-03
   1.27543977e-03 6.69866856e-04 6.69866856e-04]
  [8.70777406e-06 2.25082076e-02 2.50877359e+01 1.19683650e-03
   1.43963048e-03 6.77303316e-04 6.77303316e-04]
  [1.20035521e-05 3.92357816e-02 2.47689068e+01 1.35911100e-03
   1.29478159e-03 6.69746707e-04 6.69746707e-04]
  [1.32275660e-05 3.68994412e-02 2.50766366e+01 1.32981063e-03
   1.38057101e-03 6.69942378e-04 6.69942378e-04]
  [8.26066888e-06 3.36399102e-02 2.55448133e+01 1.33862518e-03
   1.29575463e-03 6.70469967e-04 6.70469967e-04]]

 [[1.00688926e-05 3.18319419e-02 2.56239339e+01 1.29940838e-03
   1.37050418e-03 6.71990176e-04 6.71990176e-04]
  [1.08492465e-05 3.86362159e-02 2.48422023e+01 1.37634912e-03
   1.28359624e-03 6.69753299e-04 6.69753299e-04]
  [9.77479062e-06 3.82303539e-02 2.49468790e+01 1.34079870e-03
   1.26633099e-03 6.69655039e-04 6.69655039e-04]
  [8.43156876e-06 3.88770943e-02 2.48313413e+01 1.34814052e-03
   1.28913982e-03 6.69757312e-04 6.69757312e-04]
  [1.07450530e-05 3.98016832e-02 2.48828094e+01 1.35354995e-03
   1.27870323e-03 6.69812451e-04 6.69812451e-04]
  [8.03227173e-06 3.28719727e-02 2.50526759e+01 1.30110089e-03
   1.33224879e-03 6.71815235e-04 6.71815235e-04]
  [8.61695886e-06 3.71524326e-02 2.50698770e+01 1.33525499e-03
   1.30181758e-03 6.70072842e-04 6.70072842e-04]
  [9.36989792e-06 3.87804621e-02 2.48055864e+01 1.35932761e-03
   1.27528378e-03 6.69692830e-04 6.69692830e-04]]

 [[8.99835314e-06 3.79206053e-02 2.50868745e+01 1.34421112e-03
   1.27704007e-03 6.69795694e-04 6.69795694e-04]
  [9.74002671e-06 3.02811842e-02 2.49862527e+01 1.26846521e-03
   1.38720095e-03 6.73051538e-04 6.73051538e-04]
  [1.20641788e-05 3.88074638e-02 2.50368699e+01 1.35509599e-03
   1.27960151e-03 6.69754354e-04 6.69754354e-04]
  [8.35671871e-06 3.94059441e-02 2.50052619e+01 1.35190078e-03
   1.31013379e-03 6.69780511e-04 6.69780511e-04]
  [8.31418462e-06 3.92178423e-02 2.50442659e+01 1.36564592e-03
   1.27780444e-03 6.69757597e-04 6.69757597e-04]
  [4.94187895e-06 1.84124410e-02 3.45945246e+01 1.71128346e-03
   1.08370127e-03 6.67900795e-04 6.68834240e-04]
  [7.39695350e-06 3.07119706e-02 2.50835013e+01 1.27620051e-03
   1.37082546e-03 6.72087251e-04 6.72087251e-04]
  [1.01119374e-05 3.79991364e-02 2.50677301e+01 1.34728142e-03
   1.28167963e-03 6.69642896e-04 6.69642896e-04]]

 [[8.75896268e-06 3.86247428e-02 2.52908454e+01 1.35946496e-03
   1.28675996e-03 6.69677292e-04 6.69677292e-04]
  [9.63268553e-06 3.93845651e-02 2.48771598e+01 1.35160533e-03
   1.29067458e-03 6.69716503e-04 6.69716503e-04]
  [8.62120643e-06 3.87602622e-02 2.49801802e+01 1.35440928e-03
   1.28944457e-03 6.69729297e-04 6.69729297e-04]
  [1.40089884e-05 3.88672701e-02 2.48442680e+01 1.34469955e-03
   1.29894323e-03 6.69738749e-04 6.69738749e-04]
  [9.27058745e-06 3.84318329e-02 2.52105294e+01 1.35991218e-03
   1.26305231e-03 6.69805184e-04 6.69805184e-04]
  [1.42024773e-05 3.90682815e-02 2.48981316e+01 1.34857224e-03
   1.28458751e-03 6.69704982e-04 6.69704982e-04]
  [8.68414051e-06 3.93855553e-02 2.48488757e+01 1.34170772e-03
   1.31679100e-03 6.69815109e-04 6.69815109e-04]
  [1.07617694e-05 3.90479952e-02 2.47744249e+01 1.36536834e-03
   1.27362406e-03 6.69723226e-04 6.69723226e-04]]

 [[8.69385796e-06 3.99379968e-02 2.48672971e+01 1.36003890e-03
   1.28076776e-03 6.69685473e-04 6.69685473e-04]
  [9.04036871e-06 3.86353806e-02 2.49572992e+01 1.35048157e-03
   1.27635179e-03 6.69721481e-04 6.69721481e-04]
  [1.07624393e-05 3.82371933e-02 2.50856303e+01 1.34853523e-03
   1.27279861e-03 6.69704789e-04 6.69704789e-04]
  [8.62297821e-06 3.95526705e-02 2.48094810e+01 1.32989413e-03
   1.30353478e-03 6.69751518e-04 6.69751518e-04]
  [8.71853691e-06 3.86714464e-02 2.49689093e+01 1.34646154e-03
   1.27528132e-03 6.69731965e-04 6.69731965e-04]
  [8.97814149e-06 3.86352971e-02 2.48830406e+01 1.36625174e-03
   1.27312826e-03 6.69664073e-04 6.69664073e-04]
  [8.24849185e-06 3.53843486e-02 2.51875130e+01 1.33036764e-03
   1.30561753e-03 6.70620743e-04 6.70620743e-04]
  [8.43385711e-06 3.88834458e-02 2.48634751e+01 1.36332751e-03
   1.28712230e-03 6.69714413e-04 6.69714413e-04]]

 [[8.97022055e-06 3.58832246e-02 2.52226588e+01 1.33314397e-03
   1.31729895e-03 6.70519188e-04 6.70519188e-04]
  [9.00407083e-06 3.86439605e-02 2.48679617e+01 1.34681697e-03
   1.28133732e-03 6.69639198e-04 6.69639198e-04]
  [2.59028309e-05 3.85894933e-02 2.49411842e+01 1.34076210e-03
   1.30568074e-03 6.69725718e-04 6.69725718e-04]
  [1.06915326e-05 3.83658158e-02 2.49079818e+01 1.36186005e-03
   1.27454398e-03 6.69685006e-04 6.69685006e-04]
  [8.12313421e-06 3.38463703e-02 2.50555514e+01 1.31863864e-03
   1.33099967e-03 6.71174155e-04 6.71174155e-04]
  [8.89402844e-06 3.84019706e-02 2.49545933e+01 1.34407639e-03
   1.27124302e-03 6.69601815e-04 6.69601815e-04]
  [9.43545233e-05 1.04425463e+00 3.43434694e+01 1.70605615e-03
   1.27093961e-03 6.68034740e-04 6.68034740e-04]
  [8.14012668e-06 2.91197668e-02 2.50320844e+01 1.24740716e-03
   1.37599868e-03 6.74254523e-04 6.74254523e-04]]

 [[1.00229235e-05 3.87547700e-02 2.50481210e+01 1.33827721e-03
   1.31088362e-03 6.69809016e-04 6.69809016e-04]
  [8.14143967e-06 3.00068411e-02 2.50702976e+01 1.26456093e-03
   1.37105827e-03 6.73355639e-04 6.73355639e-04]
  [4.98540013e-06 1.84135021e-02 3.44166611e+01 1.73048339e-03
   1.06084880e-03 6.67681415e-04 6.67681415e-04]
  [8.42130156e-06 3.87819891e-02 2.48138963e+01 1.35561957e-03
   1.29467654e-03 6.69732277e-04 6.69732277e-04]
  [1.10408251e-05 3.88997237e-02 2.50424392e+01 1.34558281e-03
   1.27188488e-03 6.69773716e-04 6.69773716e-04]
  [8.52168838e-06 2.73646254e-02 2.50799970e+01 1.22916765e-03
   1.40875562e-03 6.75321275e-04 6.75321275e-04]
  [8.55737743e-06 3.02481538e-02 2.50343357e+01 1.26663149e-03
   1.37862059e-03 6.73483761e-04 6.73483761e-04]
  [9.40731637e-06 3.89003137e-02 2.49087645e+01 1.34502203e-03
   1.32585876e-03 6.69704543e-04 6.69704543e-04]]

 [[9.88247890e-06 3.84893693e-02 2.49740248e+01 1.35736540e-03
   1.26969189e-03 6.69602612e-04 6.69602612e-04]
  [1.01143787e-05 3.80447384e-02 2.49795947e+01 1.37005887e-03
   1.27915207e-03 6.69626316e-04 6.69626316e-04]
  [9.78320334e-06 3.82420006e-02 2.50128954e+01 1.33574538e-03
   1.27351918e-03 6.69650453e-04 6.69650453e-04]
  [8.61558213e-06 3.98088570e-02 2.47687288e+01 1.35317647e-03
   1.30795893e-03 6.69808966e-04 6.69808966e-04]
  [8.75190428e-06 3.86239785e-02 2.48552944e+01 1.36784175e-03
   1.27595332e-03 6.69679348e-04 6.69679348e-04]
  [6.12723622e-06 2.55235018e-02 2.90674087e+01 1.35105035e-03
   1.27877605e-03 6.71727222e-04 6.71727222e-04]
  [7.67956785e-06 2.12287710e-02 2.50886899e+01 1.15471770e-03
   1.46545764e-03 6.78417689e-04 6.78417689e-04]
  [8.60316748e-06 3.80706472e-02 2.48747287e+01 1.35542654e-03
   1.30530107e-03 6.69614442e-04 6.69614442e-04]]]

Cumulative Reward: 5463.160710711079
