Scheduler Table:
[[[5.26673614e-04 1.55942467e+00 1.81528609e+02 4.06346758e-03
   9.51262691e-03 9.15343355e-03 9.15343355e-03]
  [4.96061704e-04 1.47112561e+00 1.88233153e+02 4.12047303e-03
   9.54321018e-03 9.20596850e-03 9.20596850e-03]
  [5.22263521e-04 1.54697394e+00 1.81677529e+02 4.07152089e-03
   9.51695288e-03 9.16086116e-03 9.16086116e-03]]

 [[5.19879437e-04 1.54001231e+00 1.82229401e+02 4.07601274e-03
   9.51936233e-03 9.16500029e-03 9.16500029e-03]
  [1.29931831e-04 3.70608077e-01 3.16309269e+02 4.44431492e-03
   1.28905813e-02 1.17847153e-02 1.18060341e-02]
  [5.21822932e-04 1.54596850e+00 1.82133790e+02 4.07216597e-03
   9.51729859e-03 9.16145524e-03 9.16145524e-03]]

 [[5.23422505e-04 1.55036137e+00 1.81636872e+02 4.06931590e-03
   9.51576770e-03 9.15882669e-03 9.15882669e-03]
  [5.19335574e-04 1.53868534e+00 1.82258072e+02 4.07687742e-03
   9.51983002e-03 9.16580127e-03 9.16580127e-03]
  [5.24292792e-04 1.55253125e+00 1.82004573e+02 4.06793558e-03
   9.51502839e-03 9.15755595e-03 9.15755595e-03]]]

Buffer Table:
[[[5.23037872e-04 1.54477401e+00 1.82143317e+02 4.07263090e-03
   9.52242603e-03 9.16548045e-03 9.16548045e-03]
  [4.83794268e-04 1.42996731e+00 1.92493180e+02 4.11916657e-03
   9.73204469e-03 9.34231649e-03 9.34231649e-03]
  [5.26401802e-04 1.55337171e+00 1.81653376e+02 4.06707596e-03
   9.51948499e-03 9.16039343e-03 9.16039343e-03]]

 [[5.22838490e-04 1.54405324e+00 1.82381283e+02 4.07238639e-03
   9.52700769e-03 9.16865005e-03 9.16865005e-03]
  [5.25261485e-04 1.54990824e+00 1.81755769e+02 4.06931521e-03
   9.52066982e-03 9.16244326e-03 9.16244326e-03]
  [1.83242034e-04 5.46413206e-01 2.82194266e+02 4.42244372e-03
   1.16949701e-02 1.09094896e-02 1.09308297e-02]]

 [[5.21468132e-04 1.54024117e+00 1.82332231e+02 4.07555740e-03
   9.52398128e-03 9.16816674e-03 9.16816674e-03]
  [2.33882879e-04 6.77799522e-01 2.81756508e+02 4.42291068e-03
   1.16820129e-02 1.09131051e-02 1.09152178e-02]
  [5.19474579e-04 1.53406651e+00 1.82185979e+02 4.07955611e-03
   9.52610042e-03 9.17183082e-03 9.17183082e-03]]]

Arbiter Table:
[[[1.34463723e-04 3.84386554e-01 3.15103678e+02 4.43500937e-03
   1.28855781e-02 1.17761313e-02 1.17974501e-02]
  [5.18256897e-04 1.53522980e+00 1.82215432e+02 4.07486783e-03
   9.51862945e-03 9.16385027e-03 9.16385027e-03]
  [5.18592356e-04 1.53610705e+00 1.81705178e+02 4.07430519e-03
   9.51833554e-03 9.16334039e-03 9.16334039e-03]]

 [[5.17068312e-04 1.53196180e+00 1.82248346e+02 4.07698012e-03
   9.51976530e-03 9.16579967e-03 9.16579967e-03]
  [5.22176645e-04 1.54673231e+00 1.81573806e+02 4.06741186e-03
   9.51462751e-03 9.15697731e-03 9.15697731e-03]
  [5.20978397e-04 1.54235904e+00 1.81831159e+02 4.07024068e-03
   9.51615181e-03 9.15959138e-03 9.15959138e-03]]

 [[4.87105383e-04 1.44267338e+00 1.89930422e+02 4.13480673e-03
   9.55078968e-03 9.21908987e-03 9.21908987e-03]
  [5.21731175e-04 1.54434202e+00 1.81527547e+02 4.06895723e-03
   9.51546475e-03 9.15841026e-03 9.15841026e-03]
  [5.25665961e-04 1.55604268e+00 1.81434546e+02 4.06134984e-03
   9.51138567e-03 9.15140220e-03 9.15140220e-03]]]

Page Table:
[[[1.38766098e-04 5.35710478e-01 2.98296651e+02 4.25468120e-03
   1.22692241e-02 1.12296575e-02 1.12509764e-02]
  [3.57747611e-04 1.88701499e+00 1.39920052e+02 3.12915357e-03
   7.42946288e-03 7.12555940e-03 7.12555940e-03]
  [3.62303109e-04 1.89608808e+00 1.37785398e+02 3.11955965e-03
   7.41619231e-03 7.11072739e-03 7.11072739e-03]
  [3.52449977e-04 1.88058063e+00 1.40400310e+02 3.13516316e-03
   7.44347863e-03 7.13905491e-03 7.13905491e-03]]

 [[3.58013301e-04 1.88793050e+00 1.39689398e+02 3.12817854e-03
   7.42811415e-03 7.12405197e-03 7.12405197e-03]
  [3.59833714e-04 1.88871370e+00 1.39509190e+02 3.12733559e-03
   7.42695272e-03 7.12275349e-03 7.12275349e-03]
  [3.61817185e-04 1.89576053e+00 1.37809706e+02 3.11991136e-03
   7.41667499e-03 7.11126720e-03 7.11126720e-03]
  [3.55594600e-04 1.89830776e+00 1.39378590e+02 3.11722295e-03
   7.41294978e-03 7.10710424e-03 7.10710424e-03]]

 [[3.62268564e-04 1.91568832e+00 1.38023081e+02 3.09887635e-03
   7.38757014e-03 7.07873858e-03 7.07873858e-03]
  [3.59437775e-04 1.88728058e+00 1.39358231e+02 3.12887220e-03
   7.42908624e-03 7.12513734e-03 7.12513734e-03]
  [3.67015861e-04 1.90139502e+00 1.37299238e+02 3.11395234e-03
   7.40842706e-03 7.10204926e-03 7.10204926e-03]
  [3.52946801e-04 1.88822608e+00 1.40114752e+02 3.12785834e-03
   7.42766857e-03 7.12355420e-03 7.12355420e-03]]

 [[3.17728393e-04 1.69117784e+00 1.60114282e+02 3.29577178e-03
   7.95741823e-03 7.59945444e-03 7.59945444e-03]
  [3.58904131e-04 1.88963316e+00 1.39626821e+02 3.12639808e-03
   7.42564913e-03 7.12129711e-03 7.12129711e-03]
  [3.60355504e-04 1.90063194e+00 1.37686209e+02 3.11476164e-03
   7.40955171e-03 7.10330578e-03 7.10330578e-03]
  [3.54258828e-04 1.89066009e+00 1.39570999e+02 3.12527861e-03
   7.42410221e-03 7.11956804e-03 7.11956804e-03]]]

Response Table:
[[[1.52518397e-04 2.65662478e-01 3.20188696e+02]
  [8.27624859e-04 4.34946132e-01 2.15145525e+02]]

 [[8.30408249e-04 4.36003014e-01 2.15124868e+02]
  [8.21229890e-04 4.32461018e-01 2.15147148e+02]]]

Refresh Table:
[[[8.32389164e-04 4.61268973e-01 2.14978836e+02]
  [2.51261548e-04 2.03673387e-01 2.96033520e+02]]

 [[3.01866599e-04 3.35240041e-01 2.95588480e+02]
  [8.36731710e-04 4.62986196e-01 2.14887869e+02]]]

Request Buffer Table:
[[[1.05761658e-04 1.00648820e+00 4.93904579e+01]
  [5.71798050e-05 1.01611594e+00 4.78872803e+01]
  [7.72670464e-05 1.01183493e+00 4.89154094e+01]
  [3.11727076e-04 1.01285979e+00 4.88736321e+01]
  [7.36740974e-05 1.01187401e+00 4.88594252e+01]
  [6.85300851e-05 1.01078067e+00 4.93459132e+01]
  [1.12980579e-04 9.95737047e-01 5.23301598e+01]
  [5.18844510e-05 1.01967415e+00 4.76501709e+01]]

 [[7.60594956e-05 1.01051991e+00 4.88635386e+01]
  [5.66608983e-05 1.01441512e+00 4.81483154e+01]
  [7.53685940e-05 1.01600880e+00 4.77704459e+01]
  [7.43884898e-05 1.01513615e+00 4.83922503e+01]
  [8.17388688e-05 1.01678929e+00 4.79196178e+01]
  [8.84399306e-05 1.02141486e+00 4.74399505e+01]
  [1.12965093e-04 9.96446540e-01 5.23178895e+01]
  [5.98412009e-05 1.01540612e+00 4.85212474e+01]]

 [[5.61172458e-05 1.01452019e+00 4.78726456e+01]
  [5.87546458e-05 1.01363782e+00 4.80478294e+01]
  [1.12993190e-04 1.01453871e+00 4.83613946e+01]
  [3.27156954e-04 1.01376079e+00 4.81707489e+01]
  [9.88261063e-05 1.01016505e+00 4.93546398e+01]
  [7.56592846e-05 1.01501245e+00 4.82993529e+01]
  [1.19240714e-04 9.95966754e-01 5.22597344e+01]
  [5.91274748e-05 1.01242435e+00 4.87915812e+01]]

 [[5.51531220e-05 1.01867750e+00 4.69680083e+01]
  [8.22706445e-04 1.01402181e+00 4.82869355e+01]
  [6.98227230e-05 1.01152452e+00 4.88843404e+01]
  [7.99461472e-05 1.02524882e+00 4.63831127e+01]
  [7.11442456e-05 1.01107036e+00 4.91968428e+01]
  [8.26814797e-05 1.01192435e+00 4.90650308e+01]
  [1.06092596e-04 9.29832484e-01 7.24967825e+01]
  [1.59888359e-04 1.01686044e+00 4.79192101e+01]]

 [[8.06041782e-05 1.00750020e+00 4.91415810e+01]
  [6.56540665e-05 1.01575730e+00 4.81871761e+01]
  [8.43330228e-05 1.01007118e+00 4.94510288e+01]
  [1.74545245e-04 1.00890720e+00 4.95547835e+01]
  [9.40403039e-05 1.00869916e+00 4.96376054e+01]
  [9.10469850e-05 1.01115913e+00 4.95373805e+01]
  [1.47748719e-04 9.12950641e-01 7.68332803e+01]
  [1.99947086e-04 1.01635447e+00 4.81690155e+01]]

 [[5.87930265e-05 1.01417584e+00 4.78201956e+01]
  [6.86353148e-05 1.01560142e+00 4.81445155e+01]
  [9.64295482e-05 1.01462896e+00 4.85038685e+01]
  [2.91644138e-04 1.01293116e+00 4.90890169e+01]
  [5.75097894e-05 1.01208500e+00 4.90666500e+01]
  [8.30963050e-05 1.01560078e+00 4.86635540e+01]
  [1.37313796e-04 9.96649769e-01 5.23228019e+01]
  [8.13349134e-05 1.01909824e+00 4.77324042e+01]]

 [[9.19547816e-05 1.00321464e+00 5.02976628e+01]
  [7.15549497e-05 1.00719354e+00 4.97243333e+01]
  [9.20978322e-05 1.00289716e+00 5.06617660e+01]
  [2.61919037e-04 1.00255246e+00 5.09821268e+01]
  [9.79450505e-05 9.99769647e-01 5.17727307e+01]
  [1.03253160e-04 1.00543848e+00 5.01023211e+01]
  [1.09764387e-04 3.99668879e-01 2.80155459e+02]
  [8.35262496e-05 1.00566224e+00 5.04260063e+01]]

 [[5.61579269e-05 1.02002768e+00 4.69589272e+01]
  [6.49359383e-05 1.02051621e+00 4.69874122e+01]
  [7.82599186e-05 1.01151461e+00 4.92238031e+01]
  [3.45358112e-04 1.01509863e+00 4.82617037e+01]
  [7.54039151e-05 1.01092074e+00 4.93176099e+01]
  [8.76446670e-05 1.01466393e+00 4.86949364e+01]
  [9.15132723e-05 9.97025947e-01 5.18259036e+01]
  [9.23044499e-05 1.01706557e+00 4.81601187e+01]]]

Ref Max Post Table:
[[[1.63720891e-04 7.11994313e-01 2.79778948e+02]
  [3.26625731e-04 1.87548753e+00 1.40228129e+02]
  [3.29232681e-04 1.88501888e+00 1.39514607e+02]
  [3.26555714e-04 1.87395704e+00 1.40091873e+02]]

 [[2.72347817e-04 1.54624429e+00 1.73591718e+02]
  [3.27497862e-04 1.88050541e+00 1.39367982e+02]
  [3.27914717e-04 1.88159819e+00 1.39100501e+02]
  [3.28956607e-04 1.89334622e+00 1.38663731e+02]]

 [[3.03663982e-04 1.73427072e+00 1.54358046e+02]
  [3.29078828e-04 1.89405178e+00 1.38748825e+02]
  [3.34609005e-04 1.91948705e+00 1.37780717e+02]
  [3.29442875e-04 1.89078145e+00 1.38796633e+02]]

 [[3.30896818e-04 1.89105459e+00 1.39225170e+02]
  [3.19662550e-04 1.83224362e+00 1.43812458e+02]
  [3.30869327e-04 1.89957202e+00 1.38482807e+02]
  [3.31403113e-04 1.90812040e+00 1.38689776e+02]]]

Ref Max Pull Table:
[[[3.55466924e-04 1.88791491e+00 1.39426406e+02]
  [3.62376406e-04 1.90768595e+00 1.38751055e+02]
  [3.54491790e-04 1.89121612e+00 1.39338780e+02]
  [3.20475173e-04 1.69827653e+00 1.57061296e+02]]

 [[3.53196526e-04 1.87734249e+00 1.40402875e+02]
  [3.61870970e-04 1.90030951e+00 1.38712215e+02]
  [3.54209610e-04 1.89282769e+00 1.39080186e+02]
  [3.58608412e-04 1.89216488e+00 1.38665879e+02]]

 [[3.56976416e-04 1.89861174e+00 1.38727713e+02]
  [3.59863896e-04 1.89699934e+00 1.39057441e+02]
  [3.52170697e-04 1.89797273e+00 1.38712747e+02]
  [3.52907130e-04 1.87377569e+00 1.39948573e+02]]

 [[3.51750286e-04 1.86924989e+00 1.40705943e+02]
  [3.55889445e-04 1.88804349e+00 1.39243405e+02]
  [3.53619004e-04 1.88588763e+00 1.39660810e+02]
  [1.18701652e-04 4.24833920e-01 3.10267594e+02]]]

Max Activate Table:
[[[4.89989697e-05 1.01996554e+00 4.64695749e+01 1.05649210e-03
   2.57802046e-03 2.45718911e-03 2.45718911e-03]
  [6.89980246e-05 1.00860648e+00 4.84528192e+01 1.10623694e-03
   2.67183047e-03 2.55253846e-03 2.55253846e-03]
  [7.42781789e-05 1.01022653e+00 4.85728805e+01 1.09919283e-03
   2.65903705e-03 2.53939893e-03 2.53939893e-03]
  [6.21751808e-05 1.02441544e+00 4.59843772e+01 1.03636356e-03
   2.54108765e-03 2.41936376e-03 2.41936376e-03]
  [8.21326193e-05 1.01256950e+00 4.86160494e+01 1.08866153e-03
   2.63916796e-03 2.51920947e-03 2.51920947e-03]
  [1.11768950e-03 1.01745672e+00 4.74492882e+01 1.06725848e-03
   2.59887821e-03 2.47823464e-03 2.47823464e-03]
  [1.03901701e-04 9.91680972e-01 5.26995396e+01 1.18031538e-03
   2.81204083e-03 2.69491384e-03 2.69491384e-03]
  [5.86741943e-05 1.01489412e+00 4.85251323e+01 1.07887629e-03
   2.62006369e-03 2.49996792e-03 2.49996792e-03]]

 [[2.11777839e-04 1.02106672e+00 4.63057280e+01 1.05139540e-03
   2.56850772e-03 2.44748789e-03 2.44748789e-03]
  [7.84926837e-05 1.01094407e+00 4.82296985e+01 1.09577685e-03
   2.65232537e-03 2.53265451e-03 2.53265451e-03]
  [1.11624344e-04 1.01344213e+00 4.79715503e+01 1.08490788e-03
   2.63185169e-03 2.51183420e-03 2.51183420e-03]
  [6.19695785e-05 1.01632161e+00 4.76644724e+01 1.07245790e-03
   2.60830513e-03 2.48792043e-03 2.48792043e-03]
  [4.80161334e-05 1.02603867e+00 4.57553141e+01 1.02962801e-03
   2.52830661e-03 2.40639434e-03 2.40639434e-03]
  [8.53959477e-05 1.00916320e+00 4.95143130e+01 1.10371221e-03
   2.66797012e-03 2.54836957e-03 2.54836957e-03]
  [9.32315373e-05 9.92806838e-01 5.24372775e+01 1.17536414e-03
   2.80272303e-03 2.68543853e-03 2.68543853e-03]
  [9.15509562e-05 1.00732200e+00 4.96612703e+01 1.11189023e-03
   2.68274152e-03 2.56355877e-03 2.56355877e-03]]

 [[2.29528067e-04 1.00284697e+00 4.98257315e+01 1.13148637e-03
   2.71976726e-03 2.60117763e-03 2.60117763e-03]
  [7.60798105e-05 1.01350155e+00 4.80409744e+01 1.08459022e-03
   2.63133071e-03 2.51128549e-03 2.51128549e-03]
  [9.30525329e-05 1.01059704e+00 4.82889951e+01 1.09748942e-03
   2.65613234e-03 2.53636354e-03 2.53636354e-03]
  [5.81743412e-05 1.01796540e+00 4.69752367e+01 1.06501193e-03
   2.59444353e-03 2.47378366e-03 2.47378366e-03]
  [6.05292434e-05 1.01160954e+00 4.87139433e+01 1.09315731e-03
   2.64754432e-03 2.52774951e-03 2.52774951e-03]
  [1.10504767e-04 1.00926181e+00 4.95088036e+01 1.10318706e-03
   2.66745976e-03 2.54771729e-03 2.54771729e-03]
  [1.10163480e-04 9.93118388e-01 5.25768383e+01 1.17406483e-03
   2.80025447e-03 2.68293639e-03 2.68293639e-03]
  [8.79619461e-05 1.01150313e+00 4.86318633e+01 1.09357313e-03
   2.64795450e-03 2.52826711e-03 2.52826711e-03]]

 [[7.18869179e-05 1.01077115e+00 4.82319240e+01 1.09666065e-03
   2.65359272e-03 2.53404980e-03 2.53404980e-03]
  [6.85917584e-05 1.01331676e+00 4.79595148e+01 1.08558075e-03
   2.63300328e-03 2.51303984e-03 2.51303984e-03]
  [8.47934484e-05 1.01112058e+00 4.84529997e+01 1.09515115e-03
   2.65181100e-03 2.53194730e-03 2.53194730e-03]
  [7.88527171e-05 1.01157534e+00 4.86604459e+01 1.09315467e-03
   2.64759347e-03 2.52778481e-03 2.52778481e-03]
  [7.94594722e-05 1.00669719e+00 4.96917788e+01 1.11450728e-03
   2.68816153e-03 2.56893905e-03 2.56893905e-03]
  [1.08675908e-04 1.01265376e+00 4.84559227e+01 1.08853468e-03
   2.63936103e-03 2.51928746e-03 2.51928746e-03]
  [9.01834985e-05 9.95623415e-01 5.19000832e+01 1.16324148e-03
   2.77980821e-03 2.66216183e-03 2.66216183e-03]
  [1.42412197e-04 1.01063986e+00 4.83123742e+01 1.09732256e-03
   2.65471749e-03 2.53523182e-03 2.53523182e-03]]

 [[2.66969166e-04 1.01660465e+00 4.70349824e+01 1.07101626e-03
   2.60564690e-03 2.48520527e-03 2.48520527e-03]
  [8.14697957e-05 1.01187317e+00 4.81190583e+01 1.09187104e-03
   2.64503166e-03 2.52521826e-03 2.52521826e-03]
  [6.21885506e-05 1.01266169e+00 4.81997559e+01 1.08849280e-03
   2.63893460e-03 2.51894595e-03 2.51894595e-03]
  [6.65050196e-05 1.00931301e+00 4.88929157e+01 1.10327588e-03
   2.66662060e-03 2.54714194e-03 2.54714194e-03]
  [7.11930756e-05 1.00847965e+00 4.90421519e+01 1.10687275e-03
   2.67354996e-03 2.55414561e-03 2.55414561e-03]
  [8.20492913e-05 1.00873219e+00 4.92784898e+01 1.10560882e-03
   2.67139004e-03 2.55188776e-03 2.55188776e-03]
  [9.25336192e-05 9.70128209e-01 5.92822684e+01 1.27412777e-03
   2.98911503e-03 2.87485765e-03 2.87485765e-03]
  [6.99895875e-05 1.00508811e+00 5.00707287e+01 1.12174419e-03
   2.70138141e-03 2.58249216e-03 2.58249216e-03]]

 [[4.66673378e-04 1.01725170e+00 4.70015439e+01 1.06816655e-03
   2.60053122e-03 2.47993377e-03 2.47993377e-03]
  [7.65643612e-05 1.01374078e+00 4.80232841e+01 1.08365230e-03
   2.62943884e-03 2.50939624e-03 2.50939624e-03]
  [6.70645812e-05 1.01728947e+00 4.75656620e+01 1.06806920e-03
   2.60022484e-03 2.47965248e-03 2.47965248e-03]
  [7.94596472e-05 1.01046786e+00 4.88475540e+01 1.09801078e-03
   2.65715963e-03 2.53739661e-03 2.53739661e-03]
  [7.42071975e-05 1.00708524e+00 4.94625145e+01 1.11285277e-03
   2.68496772e-03 2.56571026e-03 2.56571026e-03]
  [6.63521023e-05 1.01100213e+00 4.91083970e+01 1.09565995e-03
   2.65276192e-03 2.53291749e-03 2.53291749e-03]
  [9.82723947e-05 9.95301104e-01 5.19614443e+01 1.16445304e-03
   2.78217749e-03 2.66454658e-03 2.66454658e-03]
  [1.04894173e-04 1.00972173e+00 4.91199115e+01 1.10142261e-03
   2.66271719e-03 2.54328622e-03 2.54328622e-03]]

 [[1.82275935e-04 9.97708423e-01 5.08177102e+01 1.15396987e-03
   2.76225822e-03 2.64433988e-03 2.64433988e-03]
  [7.37798395e-05 1.00001219e+00 5.06747639e+01 1.14373222e-03
   2.74287934e-03 2.62466260e-03 2.62466260e-03]
  [1.05943322e-04 9.99011768e-01 5.08893116e+01 1.14813315e-03
   2.75144322e-03 2.63329539e-03 2.63329539e-03]
  [8.46955694e-05 1.00394901e+00 4.97500265e+01 1.12648844e-03
   2.71030095e-03 2.59156679e-03 2.59156679e-03]
  [8.46231987e-05 9.96234331e-01 5.17663052e+01 1.16054335e-03
   2.77476389e-03 2.65702410e-03 2.65702410e-03]
  [1.23781101e-04 1.00330608e+00 5.02533886e+01 1.12935843e-03
   2.71596897e-03 2.59725819e-03 2.59725819e-03]
  [9.01527272e-05 3.16050410e-01 3.05433106e+02 4.19160037e-03
   1.22983685e-02 1.12150038e-02 1.12363226e-02]
  [8.67880684e-05 9.98613086e-01 5.11061913e+01 1.15005294e-03
   2.75490163e-03 2.63685411e-03 2.63685411e-03]]

 [[2.92343325e-04 1.01235969e+00 4.79934955e+01 1.08981922e-03
   2.64108511e-03 2.52123123e-03 2.52123123e-03]
  [6.67099271e-05 1.00738684e+00 4.89803358e+01 1.11152972e-03
   2.68202927e-03 2.56284470e-03 2.56284470e-03]
  [1.14024254e-04 1.00969488e+00 4.86499016e+01 1.10157505e-03
   2.66326183e-03 2.54376743e-03 2.54376743e-03]
  [7.48376562e-05 1.00822335e+00 4.90831456e+01 1.10798993e-03
   2.67540652e-03 2.55610130e-03 2.55610130e-03]
  [8.35355377e-05 1.00556748e+00 4.98645301e+01 1.11949847e-03
   2.69737974e-03 2.57836077e-03 2.57836077e-03]
  [5.29920748e-05 1.02370443e+00 4.62481524e+01 1.03985344e-03
   2.54765286e-03 2.42604150e-03 2.42604150e-03]
  [1.06279772e-04 9.92999777e-01 5.23034617e+01 1.17461209e-03
   2.80127445e-03 2.68397379e-03 2.68397379e-03]
  [5.68347685e-05 1.01549967e+00 4.79688639e+01 1.07617748e-03
   2.61505189e-03 2.49485112e-03 2.49485112e-03]]]

Cumulative Reward: 7930.5368362236995
