Scheduler Table:
[[[7.07462703e-06 2.89912892e-02 3.75211795e+01 7.85106881e-04
   2.28488591e-03 2.03016388e-03 2.03016388e-03]
  [6.90631634e-06 2.89602563e-02 3.83132614e+01 7.85094727e-04
   2.28500907e-03 2.03024228e-03 2.03024228e-03]
  [7.26235920e-06 2.89934745e-02 3.79566971e+01 7.85079387e-04
   2.28505068e-03 2.03026968e-03 2.03026968e-03]]

 [[6.72035586e-06 2.90198240e-02 3.77969247e+01 7.85104912e-04
   2.28530143e-03 2.03056042e-03 2.03056042e-03]
  [3.34829285e-05 2.11787290e-02 5.04158033e+01 8.25810821e-04
   1.39717200e-03 1.24469034e-03 1.39407994e-03]
  [1.88305737e-05 2.22920058e-02 4.70201307e+01 9.21316286e-04
   1.21908583e-03 1.18993193e-03 1.18993193e-03]]

 [[7.32178547e-06 2.90790957e-02 3.79530721e+01 7.85094654e-04
   2.28494837e-03 2.03016728e-03 2.03016728e-03]
  [1.84698501e-05 2.22778143e-02 4.74089932e+01 9.20930996e-04
   1.21344777e-03 1.18488637e-03 1.18488637e-03]
  [7.05198470e-06 2.90327838e-02 3.78423698e+01 7.85093434e-04
   2.28508554e-03 2.03030639e-03 2.03030639e-03]]]

Buffer Table:
[[[3.34832453e-05 2.11786881e-02 5.04157329e+01 8.25810917e-04
   1.39716624e-03 1.24468640e-03 1.39407601e-03]
  [7.23866178e-06 2.90335399e-02 3.80914483e+01 7.85100988e-04
   2.28494526e-03 2.03020405e-03 2.03020405e-03]
  [6.80309469e-06 2.88546896e-02 3.87089446e+01 7.85099083e-04
   2.28532258e-03 2.03055439e-03 2.03055439e-03]]

 [[4.43361480e-06 2.73393012e-02 4.60431336e+01 7.85125103e-04
   2.28557984e-03 2.03085930e-03 2.03085930e-03]
  [7.24454677e-06 2.90077964e-02 3.80417611e+01 7.85108278e-04
   2.28504089e-03 2.03031739e-03 2.03031739e-03]
  [7.54472555e-06 2.90815277e-02 3.74893293e+01 7.85105582e-04
   2.28447556e-03 2.02974306e-03 2.02974306e-03]]

 [[7.31771652e-06 2.90303852e-02 3.73305072e+01 7.85111325e-04
   2.28529372e-03 2.03055501e-03 2.03055501e-03]
  [6.01279093e-06 2.85362467e-02 4.11420697e+01 7.85087700e-04
   2.28523746e-03 2.03045430e-03 2.03045430e-03]
  [7.13245838e-06 2.89418267e-02 3.80104390e+01 7.85084751e-04
   2.28485227e-03 2.03007509e-03 2.03007509e-03]]]

Arbiter Table:
[[[3.34832453e-05 2.11786881e-02 5.04157329e+01 8.25810917e-04
   1.39716624e-03 1.24468640e-03 1.39407601e-03]
  [6.64373980e-06 2.82685922e-02 4.16748166e+01 7.85104049e-04
   2.28572216e-03 2.03097733e-03 2.03097733e-03]
  [6.51346894e-06 2.83439536e-02 4.10407786e+01 7.85125468e-04
   2.28569141e-03 2.03098192e-03 2.03098192e-03]]

 [[8.43181361e-06 2.70709588e-02 4.59832777e+01 7.85146915e-04
   2.28704830e-03 2.03237559e-03 2.03237559e-03]
  [8.32645359e-06 2.91798951e-02 3.69962021e+01 7.85104221e-04
   2.28492548e-03 2.03018055e-03 2.03018055e-03]
  [7.65198989e-06 2.89770383e-02 3.75434885e+01 7.85103697e-04
   2.28493871e-03 2.03017722e-03 2.03017722e-03]]

 [[5.35880923e-06 2.76172031e-02 4.58955371e+01 7.85157459e-04
   2.28715776e-03 2.03249258e-03 2.03249258e-03]
  [7.75360705e-06 2.89982436e-02 3.81246606e+01 7.85099879e-04
   2.28485205e-03 2.03009530e-03 2.03009530e-03]
  [7.82330867e-06 2.89940624e-02 3.78235455e+01 7.85090459e-04
   2.28473866e-03 2.02996420e-03 2.02996420e-03]]]

Page Table:
[[[3.34832453e-05 2.11786881e-02 5.04157329e+01 8.25810917e-04
   1.39716624e-03 1.24468640e-03 1.39407601e-03]
  [8.09950364e-06 2.96521367e-02 3.89664496e+01 7.85038784e-04
   2.28332411e-03 2.02846607e-03 2.02846607e-03]
  [8.36379484e-06 2.95352960e-02 3.79025088e+01 7.85034626e-04
   2.28320495e-03 2.02835890e-03 2.02835890e-03]
  [7.85067534e-06 2.94633846e-02 3.91307230e+01 7.85028227e-04
   2.28330968e-03 2.02843281e-03 2.02843281e-03]]

 [[5.76798035e-06 2.76782396e-02 4.59899819e+01 7.85105905e-04
   2.28476195e-03 2.03001073e-03 2.03001073e-03]
  [7.95402258e-06 2.96783544e-02 3.80050603e+01 7.85045382e-04
   2.28312439e-03 2.02828203e-03 2.02828203e-03]
  [8.04866154e-06 2.97448871e-02 3.76091479e+01 7.85041590e-04
   2.28320439e-03 2.02836756e-03 2.02836756e-03]
  [8.16180883e-06 2.96268561e-02 3.78924053e+01 7.85031625e-04
   2.28332706e-03 2.02850468e-03 2.02850468e-03]]

 [[8.97906170e-06 2.97907007e-02 3.80141373e+01 7.85031588e-04
   2.28261395e-03 2.02776352e-03 2.02776352e-03]
  [7.49298935e-06 2.89595289e-02 4.16323345e+01 7.85058486e-04
   2.28394952e-03 2.02911140e-03 2.02911140e-03]
  [8.46880865e-06 2.97511087e-02 3.76388353e+01 7.85038333e-04
   2.28288100e-03 2.02803383e-03 2.02803383e-03]
  [8.48326033e-06 2.97103796e-02 3.79003315e+01 7.85033187e-04
   2.28306124e-03 2.02819976e-03 2.02819976e-03]]

 [[6.17002143e-06 2.77627698e-02 4.48001983e+01 7.85092389e-04
   2.28485041e-03 2.03007622e-03 2.03007622e-03]
  [7.90405208e-06 2.96814213e-02 3.83381392e+01 7.85037422e-04
   2.28323617e-03 2.02837891e-03 2.02837891e-03]
  [8.25224203e-06 2.96927595e-02 3.78398672e+01 7.85023863e-04
   2.28317773e-03 2.02829500e-03 2.02829500e-03]
  [8.52322459e-06 2.97501246e-02 3.75796250e+01 7.85054348e-04
   2.28345753e-03 2.02864735e-03 2.02864735e-03]]]

Response Table:
[[[4.35133326e-06 2.84766277e-02 3.73944134e+01]
  [4.11426239e-06 2.85047713e-02 3.81203533e+01]]

 [[4.02382856e-06 2.84708272e-02 3.83090767e+01]
  [3.34832453e-05 2.11786881e-02 5.04157329e+01]]]

Refresh Table:
[[[3.23604001e-06 2.85807460e-02 3.78307872e+01]
  [2.67973846e-06 2.65705072e-02 4.64842894e+01]]

 [[2.85437737e-06 2.79130405e-02 4.18687300e+01]
  [3.34832453e-05 2.11786881e-02 5.04157329e+01]]]

Request Buffer Table:
[[[1.21008556e-05 3.22509857e-01 3.80500415e+01]
  [1.17593452e-05 3.20811598e-01 3.81975665e+01]
  [1.16945964e-05 3.29455726e-01 3.87436807e+01]
  [1.14536229e-05 3.25837782e-01 3.81526921e+01]
  [1.26371215e-05 3.21228001e-01 3.87335530e+01]
  [1.09461204e-05 3.13607812e-01 3.85745162e+01]
  [1.07194241e-05 3.22076557e-01 3.90018498e+01]
  [8.19288645e-06 1.37336074e-01 4.95023139e+01]]

 [[1.48670634e-05 3.29855650e-01 3.78106733e+01]
  [1.24094914e-05 3.41881283e-01 3.81582193e+01]
  [1.28397301e-05 3.37372105e-01 3.83896860e+01]
  [1.09389933e-05 3.27808776e-01 3.93276642e+01]
  [1.06570795e-05 3.20998355e-01 3.85886484e+01]
  [1.07807275e-05 3.19639073e-01 3.80988819e+01]
  [1.11537602e-05 3.27878331e-01 3.79623587e+01]
  [1.06415368e-05 3.11879683e-01 3.79988182e+01]]

 [[1.20678364e-05 3.28461602e-01 3.85233275e+01]
  [1.32054999e-05 3.22892623e-01 3.83195467e+01]
  [1.12681003e-05 3.34500156e-01 3.86469747e+01]
  [1.40744313e-05 3.42759776e-01 3.87845392e+01]
  [1.26374904e-05 3.21936794e-01 3.87094707e+01]
  [7.09107744e-04 5.39200730e-02 4.87931303e+01]
  [1.06293169e-05 3.24719800e-01 3.82728997e+01]
  [1.07765076e-05 3.31981464e-01 3.87582827e+01]]

 [[1.25424181e-05 3.62730817e-01 3.84915574e+01]
  [1.46547460e-05 3.21255030e-01 3.84461169e+01]
  [8.31895283e-06 1.87988578e-01 4.67858556e+01]
  [1.26513845e-05 3.40691592e-01 3.79960322e+01]
  [1.07566439e-05 3.24762965e-01 3.91036482e+01]
  [1.17396736e-05 3.53298549e-01 3.81091935e+01]
  [1.33687970e-05 3.28913014e-01 3.84642151e+01]
  [1.08800202e-05 3.20820163e-01 3.86584843e+01]]

 [[1.12674916e-05 3.28354699e-01 3.75773502e+01]
  [1.04127577e-05 3.12297360e-01 3.86538038e+01]
  [1.18001919e-05 3.31941700e-01 3.78353836e+01]
  [1.59464222e-05 3.23060773e-01 3.88253625e+01]
  [1.30875210e-05 3.30298770e-01 3.86455010e+01]
  [1.10088412e-05 3.30378578e-01 3.87150207e+01]
  [1.17452887e-05 3.20910507e-01 3.94465179e+01]
  [1.05816518e-05 3.24102215e-01 3.88202146e+01]]

 [[1.21117972e-05 3.23282425e-01 3.87441499e+01]
  [1.12711162e-05 3.19414039e-01 3.77848664e+01]
  [1.04114035e-05 3.38182771e-01 3.87673063e+01]
  [1.11289881e-05 3.30550950e-01 3.87149152e+01]
  [1.12550778e-05 3.13766891e-01 3.79014432e+01]
  [1.09129009e-05 3.13004028e-01 3.91010852e+01]
  [7.03963020e-04 5.35990612e-02 4.87845678e+01]
  [1.18430269e-05 3.15567600e-01 3.88467116e+01]]

 [[1.21002915e-05 3.20895667e-01 3.79601788e+01]
  [1.12529681e-05 3.52157746e-01 3.84127281e+01]
  [1.13643077e-05 3.52365184e-01 3.83588807e+01]
  [1.24261065e-05 3.45708993e-01 3.82963139e+01]
  [1.09813024e-05 3.16525916e-01 3.80725202e+01]
  [1.11786398e-05 3.25455809e-01 3.83158931e+01]
  [1.07387895e-05 3.20930989e-01 3.79410221e+01]
  [7.18669930e-04 5.43024603e-02 4.84614408e+01]]

 [[9.96417942e-06 2.73895316e-01 4.03219162e+01]
  [1.06236527e-05 3.23966632e-01 3.81977634e+01]
  [7.13107345e-04 5.41910086e-02 4.83431730e+01]
  [1.12480951e-05 3.51063207e-01 3.83121031e+01]
  [1.36065028e-05 3.20735695e-01 3.86575956e+01]
  [5.71329152e-04 1.99294556e-01 4.37717221e+01]
  [7.55183852e-06 2.45825832e-01 4.36027048e+01]
  [1.06065144e-05 3.21402826e-01 3.85289467e+01]]]

Ref Max Post Table:
[[[8.29614290e-06 2.97815409e-02 3.78286488e+01]
  [8.24586600e-06 2.96803059e-02 3.80383711e+01]
  [8.76976343e-06 2.97987214e-02 3.82241771e+01]
  [8.10868057e-06 2.80742955e-02 4.33058315e+01]]

 [[8.95182262e-06 2.98136010e-02 3.77375574e+01]
  [8.61510156e-06 2.97957821e-02 3.75853131e+01]
  [6.96781020e-06 2.92482272e-02 4.07259857e+01]
  [8.75613924e-06 2.98337360e-02 3.76986834e+01]]

 [[8.79605477e-06 2.97647012e-02 3.84132301e+01]
  [8.18336423e-06 2.96428047e-02 3.87619565e+01]
  [8.56441673e-06 2.97419054e-02 3.80177646e+01]
  [5.90720880e-06 2.66962944e-02 4.40725146e+01]]

 [[8.27011697e-06 2.95984869e-02 3.92909726e+01]
  [7.41831075e-06 2.94067571e-02 3.97096972e+01]
  [6.63408621e-06 2.87332152e-02 4.16522921e+01]
  [3.34832546e-05 2.11787139e-02 5.04157046e+01]]]

Ref Max Pull Table:
[[[8.63087604e-06 2.96486603e-02 3.84371741e+01]
  [5.33290802e-04 2.14630326e-02 4.96387228e+01]
  [9.08349094e-06 2.97601053e-02 3.82894217e+01]
  [8.40922356e-06 2.96577261e-02 3.78849566e+01]]

 [[2.91384526e-05 2.95240944e-02 3.97429591e+01]
  [9.21872201e-06 2.97077428e-02 3.78901929e+01]
  [8.93451512e-06 2.96674869e-02 3.77995969e+01]
  [5.27973484e-04 2.14597386e-02 4.98973400e+01]]

 [[7.24278582e-06 2.81032297e-02 4.27777912e+01]
  [7.69663574e-06 2.16174143e-02 4.79690480e+01]
  [8.30504150e-06 2.57009007e-02 4.28346485e+01]
  [9.27593679e-06 2.97972856e-02 3.78439331e+01]]

 [[5.22684641e-04 2.14565640e-02 4.99351785e+01]
  [7.68345883e-06 2.77266076e-02 4.46634475e+01]
  [8.31254308e-06 2.54975419e-02 4.32133271e+01]
  [1.01228932e-05 2.99413686e-02 3.76914645e+01]]]

Max Activate Table:
[[[1.12636078e-05 3.54413894e-01 3.81620935e+01 7.80046659e-04
   2.29181936e-03 2.03548870e-03 2.03548870e-03]
  [1.13759969e-05 3.35121603e-01 3.82758655e+01 7.80347832e-04
   2.29095684e-03 2.03476549e-03 2.03476549e-03]
  [1.06545597e-05 3.44272974e-01 3.84842338e+01 7.80189995e-04
   2.29128359e-03 2.03500666e-03 2.03500666e-03]
  [1.07879051e-05 3.38762611e-01 3.82098572e+01 7.80292330e-04
   2.29156385e-03 2.03533204e-03 2.03533204e-03]
  [1.65413204e-05 3.60800498e-01 3.85276515e+01 7.79942129e-04
   2.29186588e-03 2.03550188e-03 2.03550188e-03]
  [1.32241559e-05 3.55348420e-01 3.83137268e+01 7.80026098e-04
   2.29175909e-03 2.03543589e-03 2.03543589e-03]
  [1.21093187e-05 3.19025582e-01 3.90459357e+01 7.80597727e-04
   2.29127419e-03 2.03514405e-03 2.03514405e-03]
  [1.13232126e-05 3.35025084e-01 3.84292088e+01 7.80344569e-04
   2.29100202e-03 2.03479362e-03 2.03479362e-03]]

 [[1.14571787e-05 3.68242357e-01 3.77711991e+01 7.79825058e-04
   2.29189718e-03 2.03551050e-03 2.03551050e-03]
  [1.20291609e-05 3.82066386e-01 3.87286823e+01 7.79596137e-04
   2.29208287e-03 2.03560069e-03 2.03560069e-03]
  [1.11653366e-05 3.44594709e-01 3.85287493e+01 7.80168773e-04
   2.29113163e-03 2.03482790e-03 2.03482790e-03]
  [1.35830718e-05 3.61975142e-01 3.98324199e+01 7.79930162e-04
   2.29152507e-03 2.03517991e-03 2.03517991e-03]
  [1.23123076e-05 3.27813719e-01 3.81645651e+01 7.80442794e-04
   2.29138741e-03 2.03516870e-03 2.03516870e-03]
  [1.12134202e-05 3.38869768e-01 3.86201562e+01 7.80277802e-04
   2.29130611e-03 2.03504697e-03 2.03504697e-03]
  [2.27387921e-05 3.45809997e-01 3.84682603e+01 7.80159633e-04
   2.29149056e-03 2.03517732e-03 2.03517732e-03]
  [1.10298561e-05 3.34798243e-01 3.84664105e+01 7.80342214e-04
   2.29099507e-03 2.03476372e-03 2.03476372e-03]]

 [[1.29472976e-05 3.41574464e-01 3.87522381e+01 7.80243949e-04
   2.29140912e-03 2.03516070e-03 2.03516070e-03]
  [1.15894271e-05 3.67770460e-01 3.80820079e+01 7.79818999e-04
   2.29191833e-03 2.03550471e-03 2.03550471e-03]
  [1.05684251e-05 3.32136006e-01 3.85413446e+01 7.80390097e-04
   2.29141153e-03 2.03521212e-03 2.03521212e-03]
  [1.16962995e-05 3.67640758e-01 3.87607251e+01 7.79812444e-04
   2.29191505e-03 2.03548054e-03 2.03548054e-03]
  [1.13307288e-05 3.44433179e-01 3.81749402e+01 7.80205087e-04
   2.29161525e-03 2.03537268e-03 2.03537268e-03]
  [1.11051837e-05 3.29139632e-01 3.89410395e+01 7.80431106e-04
   2.29118853e-03 2.03498466e-03 2.03498466e-03]
  [1.18599403e-05 3.29914350e-01 3.91818902e+01 7.80420913e-04
   2.29110139e-03 2.03490280e-03 2.03490280e-03]
  [1.07864480e-05 3.33336163e-01 3.87113816e+01 7.80356124e-04
   2.29085041e-03 2.03460937e-03 2.03460937e-03]]

 [[1.14034996e-05 3.38754352e-01 3.79918901e+01 7.80286309e-04
   2.29109870e-03 2.03486387e-03 2.03486387e-03]
  [1.24655457e-05 3.37852723e-01 3.78739789e+01 7.80318632e-04
   2.29163591e-03 2.03544582e-03 2.03544582e-03]
  [1.19173898e-05 3.41675400e-01 3.86898898e+01 7.80222389e-04
   2.29147057e-03 2.03518649e-03 2.03518649e-03]
  [1.04679593e-05 3.67588280e-01 3.77979854e+01 7.79847377e-04
   2.29243483e-03 2.03606254e-03 2.03606254e-03]
  [1.22703986e-05 3.41391538e-01 3.86320827e+01 7.80253736e-04
   2.29154128e-03 2.03531350e-03 2.03531350e-03]
  [1.16492576e-05 3.42229698e-01 3.85937399e+01 7.80229313e-04
   2.29116115e-03 2.03491304e-03 2.03491304e-03]
  [4.01493476e-04 5.25594730e-02 4.86434163e+01 8.31441679e-04
   1.35263828e-03 1.32693952e-03 1.32693952e-03]
  [1.04621250e-05 3.47915202e-01 3.84284921e+01 7.80132654e-04
   2.29161133e-03 2.03530280e-03 2.03530280e-03]]

 [[1.19568253e-05 3.43794894e-01 3.86674842e+01 7.80201614e-04
   2.29141148e-03 2.03513856e-03 2.03513856e-03]
  [1.13262707e-05 3.63534316e-01 3.77528440e+01 7.79897655e-04
   2.29202104e-03 2.03564668e-03 2.03564668e-03]
  [1.40351714e-05 3.38957523e-01 3.87643433e+01 7.80275350e-04
   2.29144957e-03 2.03519847e-03 2.03519847e-03]
  [1.24304285e-05 3.44066536e-01 3.77604109e+01 7.80192984e-04
   2.29152330e-03 2.03528443e-03 2.03528443e-03]
  [1.26038576e-05 3.43720811e-01 3.85769846e+01 7.80211317e-04
   2.29157765e-03 2.03531136e-03 2.03531136e-03]
  [1.14608051e-05 3.36543949e-01 3.83236414e+01 7.80319997e-04
   2.29110477e-03 2.03486901e-03 2.03486901e-03]
  [1.09325366e-05 3.39706605e-01 3.76980531e+01 7.80251087e-04
   2.29151198e-03 2.03523477e-03 2.03523477e-03]
  [9.32422932e-06 2.81350801e-01 4.16809056e+01 7.81200334e-04
   2.29067795e-03 2.03477873e-03 2.03477873e-03]]

 [[1.22271956e-05 3.49747869e-01 3.77391976e+01 7.80098300e-04
   2.29132698e-03 2.03501363e-03 2.03501363e-03]
  [1.27970328e-05 3.44347959e-01 3.83587446e+01 7.80191728e-04
   2.29147808e-03 2.03519242e-03 2.03519242e-03]
  [1.10867722e-05 3.58369791e-01 3.79591866e+01 7.79965289e-04
   2.29212594e-03 2.03577181e-03 2.03577181e-03]
  [1.13355829e-05 3.37792490e-01 3.84096861e+01 7.80275782e-04
   2.29142228e-03 2.03514182e-03 2.03514182e-03]
  [1.11108560e-05 3.27731667e-01 3.84881979e+01 7.80455383e-04
   2.29126804e-03 2.03507827e-03 2.03507827e-03]
  [1.16008863e-05 3.52027210e-01 3.82652204e+01 7.80073010e-04
   2.29155303e-03 2.03523417e-03 2.03523417e-03]
  [1.22396205e-05 3.25263130e-01 3.88503791e+01 7.80490245e-04
   2.29099150e-03 2.03480723e-03 2.03480723e-03]
  [1.14164790e-05 3.22862828e-01 4.00247637e+01 7.80522707e-04
   2.29069391e-03 2.03449971e-03 2.03449971e-03]]

 [[1.07732392e-05 3.39639388e-01 3.82612272e+01 7.80274171e-04
   2.29143869e-03 2.03519490e-03 2.03519490e-03]
  [1.13864191e-05 3.19636351e-01 3.83184839e+01 7.80563738e-04
   2.29078507e-03 2.03459936e-03 2.03459936e-03]
  [1.20405367e-05 3.68633862e-01 3.80335770e+01 7.79807548e-04
   2.29245358e-03 2.03603937e-03 2.03603937e-03]
  [1.67297381e-04 2.56574174e-01 4.11487442e+01 7.96278771e-04
   2.01910686e-03 1.82938068e-03 1.82938068e-03]
  [1.22248104e-05 3.72946302e-01 3.87265896e+01 7.79731793e-04
   2.29175745e-03 2.03532263e-03 2.03532263e-03]
  [1.14881014e-05 3.27217325e-01 3.85427981e+01 7.80458331e-04
   2.29108108e-03 2.03489357e-03 2.03489357e-03]
  [1.22906673e-03 1.73286636e-01 4.35489533e+01 8.23372243e-04
   1.75081233e-03 1.62253841e-03 1.62253841e-03]
  [3.97496486e-04 5.22447099e-02 4.89120022e+01 8.31335894e-04
   1.35149503e-03 1.32605367e-03 1.32605367e-03]]

 [[1.19314420e-05 3.45773580e-01 3.81066349e+01 7.80153923e-04
   2.29157498e-03 2.03527169e-03 2.03527169e-03]
  [1.25565506e-05 3.42749669e-01 3.85339044e+01 7.80210515e-04
   2.29160830e-03 2.03532834e-03 2.03532834e-03]
  [1.04214161e-05 3.43714031e-01 3.84143085e+01 7.80190482e-04
   2.29141382e-03 2.03510759e-03 2.03510759e-03]
  [3.93515161e-04 5.19330074e-02 4.89597160e+01 8.27982463e-04
   1.48980652e-03 1.31214030e-03 1.46152991e-03]
  [1.14310955e-05 3.25592830e-01 3.87897518e+01 7.80483872e-04
   2.29105200e-03 2.03486539e-03 2.03486539e-03]
  [1.21746065e-05 3.24945505e-01 3.87151325e+01 7.80495294e-04
   2.29112132e-03 2.03493577e-03 2.03493577e-03]
  [9.89506727e-06 2.52959250e-01 4.36962283e+01 7.81625956e-04
   2.29081095e-03 2.03502413e-03 2.03502413e-03]
  [1.10273029e-05 3.59927811e-01 3.85897108e+01 7.79939619e-04
   2.29164644e-03 2.03527628e-03 2.03527628e-03]]]

Cumulative Reward: 11146.11781652744
