Scheduler Table:
[[[4.92380151e-05 1.63318591e-01 1.83335470e+02 3.35385978e-03
   9.27575790e-01 3.71858077e-02 3.71858077e-02]
  [5.23431664e-05 1.17993019e-01 2.28759554e+02 3.35108412e-03
   9.53112134e-01 3.74618954e-02 3.74618954e-02]
  [4.98675242e-05 1.63715135e-01 1.83110328e+02 3.35425529e-03
   9.20568418e-01 3.70865587e-02 3.70865587e-02]]

 [[4.86470516e-05 1.63124720e-01 1.83162031e+02 3.35375493e-03
   9.36180604e-01 3.71473904e-02 3.71473904e-02]
  [3.17265902e-05 1.45012341e-01 2.08370499e+02 3.35265938e-03
   9.46320191e-01 3.73352693e-02 3.73352693e-02]
  [5.22215632e-05 1.17986405e-01 2.28581147e+02 3.35101457e-03
   1.24818271e+00 3.72521038e-02 3.90048251e-02]]

 [[5.24650749e-05 1.17999767e-01 2.28462468e+02 3.35107664e-03
   9.55425114e-01 3.74513212e-02 3.74513212e-02]
  [4.91305534e-05 1.63411835e-01 1.83730924e+02 3.35419147e-03
   9.27368066e-01 3.70798275e-02 3.70798275e-02]
  [4.88865681e-05 1.63245926e-01 1.83810283e+02 3.35362963e-03
   9.42049469e-01 3.71659085e-02 3.71659085e-02]]]

Buffer Table:
[[[4.74886247e-05 1.63333837e-01 1.83377899e+02 3.35402235e-03
   9.28513717e-01 3.70722895e-02 3.70722895e-02]
  [4.77780644e-05 1.63484543e-01 1.83574053e+02 3.35401534e-03
   9.27949327e-01 3.70451537e-02 3.70451537e-02]
  [4.24573577e-05 1.56917228e-01 1.92610971e+02 3.35296566e-03
   9.56796809e-01 3.71013324e-02 3.71013324e-02]]

 [[4.66111074e-05 1.62742090e-01 1.84077108e+02 3.35388934e-03
   9.68015966e-01 3.70483807e-02 3.70483807e-02]
  [5.74692599e-05 1.33082507e-01 2.12209844e+02 3.35042139e-03
   1.26373312e+00 3.71208201e-02 3.88735415e-02]
  [4.57134862e-05 1.59931122e-01 1.89732101e+02 3.35325780e-03
   9.56950427e-01 3.70793407e-02 3.70793407e-02]]

 [[4.79703422e-05 1.63620304e-01 1.82783923e+02 3.35415804e-03
   9.22781629e-01 3.70309678e-02 3.70309678e-02]
  [4.24611999e-05 1.47675704e-01 2.00747080e+02 3.35213961e-03
   9.65402617e-01 3.72301531e-02 3.72301531e-02]
  [4.75168689e-05 1.63285697e-01 1.83727166e+02 3.35388051e-03
   9.26477486e-01 3.71199564e-02 3.71199564e-02]]]

Arbiter Table:
[[[4.04120507e-05 1.55291993e-01 1.93939578e+02 3.35314477e-03
   9.33250345e-01 3.73188244e-02 3.73188244e-02]
  [4.85679116e-05 1.63029314e-01 1.83610130e+02 3.35356754e-03
   9.43583028e-01 3.70719547e-02 3.70719547e-02]
  [5.58316995e-05 1.16833805e-01 2.28748392e+02 3.34964509e-03
   1.26736094e+00 3.73571843e-02 3.91099057e-02]]

 [[4.91150317e-05 1.63350548e-01 1.83253450e+02 3.35378524e-03
   9.41903703e-01 3.70896309e-02 3.70896309e-02]
  [4.99950773e-05 1.63927960e-01 1.82238743e+02 3.35373159e-03
   9.31308539e-01 3.70551413e-02 3.70551413e-02]
  [3.15407275e-05 1.46031722e-01 2.06907686e+02 3.35055475e-03
   1.01521019e+00 3.70950032e-02 3.70950032e-02]]

 [[5.60556679e-05 1.16840274e-01 2.28763074e+02 3.34972051e-03
   9.73569155e-01 3.75618550e-02 3.75618550e-02]
  [4.87876837e-05 1.63169432e-01 1.83797176e+02 3.35361358e-03
   9.42322020e-01 3.70525724e-02 3.70525724e-02]
  [4.94904579e-05 1.63553040e-01 1.83662235e+02 3.35393307e-03
   9.50632336e-01 3.71326178e-02 3.71326178e-02]]]

Page Table:
[[[5.52529574e-05 1.16448041e-01 2.28623670e+02 3.34890957e-03
   1.28242717e+00 3.73440578e-02 3.90967792e-02]
  [6.12843893e-05 2.30900391e-01 1.83179701e+02 3.33638265e-03
   9.59157343e-01 3.69255975e-02 3.69255975e-02]
  [6.15389000e-05 2.31271355e-01 1.82507264e+02 3.33614839e-03
   9.62413266e-01 3.68266251e-02 3.68266251e-02]
  [6.09578527e-05 2.30310356e-01 1.83165679e+02 3.33641301e-03
   9.55698686e-01 3.69094924e-02 3.69094924e-02]]

 [[4.89216739e-05 1.99821729e-01 1.96784012e+02 3.34020191e-03
   1.01510017e+00 3.71142373e-02 3.71142373e-02]
  [6.13946761e-05 2.31119871e-01 1.81931089e+02 3.33645071e-03
   9.40733432e-01 3.69180805e-02 3.69180805e-02]
  [6.16650889e-05 2.31569417e-01 1.81871710e+02 3.33641037e-03
   9.36875345e-01 3.68512552e-02 3.68512552e-02]
  [6.15539608e-05 2.31283185e-01 1.82340588e+02 3.33652078e-03
   9.38331913e-01 3.69368256e-02 3.69368256e-02]]

 [[6.23812214e-05 2.32717234e-01 1.82357349e+02 3.33615848e-03
   9.47202819e-01 3.68939528e-02 3.68939528e-02]
  [5.68707611e-05 2.16909934e-01 1.89863090e+02 3.33831262e-03
   9.61738500e-01 3.70469641e-02 3.70469641e-02]
  [6.20684831e-05 2.32205394e-01 1.82125999e+02 3.33625775e-03
   9.39837322e-01 3.67998342e-02 3.67998342e-02]
  [6.23147377e-05 2.32603763e-01 1.81600516e+02 3.33606790e-03
   9.43150998e-01 3.69534108e-02 3.69534108e-02]]

 [[5.33316616e-05 2.04637176e-01 1.94460748e+02 3.33924296e-03
   1.04632100e+00 3.71038606e-02 3.71038606e-02]
  [6.16415054e-05 2.31520314e-01 1.82657996e+02 3.33608015e-03
   9.55072589e-01 3.68719776e-02 3.68719776e-02]
  [6.17244224e-05 2.31754811e-01 1.82451246e+02 3.33631978e-03
   9.45695385e-01 3.67903283e-02 3.67903283e-02]
  [6.23081424e-05 2.32559581e-01 1.81766580e+02 3.33601132e-03
   9.45433206e-01 3.68945192e-02 3.68945192e-02]]]

Response Table:
[[[3.44424546e-05 1.48656176e-01 1.83307247e+02]
  [3.38663010e-05 1.48523945e-01 1.83929836e+02]]

 [[3.36347954e-05 1.48443097e-01 1.84391575e+02]
  [5.52328320e-05 1.16380749e-01 2.28652274e+02]]]

Refresh Table:
[[[5.52328359e-05 1.16380755e-01 2.28652263e+02]
  [2.81918486e-05 1.37485069e-01 2.09256254e+02]]

 [[2.83544915e-05 1.37745203e-01 2.09048402e+02]
  [3.59085180e-05 1.48887263e-01 1.84036055e+02]]]

Request Buffer Table:
[[[1.26671394e-04 7.49151371e-01 1.33279339e+02]
  [1.26213667e-04 7.44177621e-01 1.34348070e+02]
  [1.26632561e-04 7.46705459e-01 1.34030264e+02]
  [1.28112706e-04 7.52403049e-01 1.34111085e+02]
  [9.34084830e-05 5.34317975e-01 1.66050727e+02]
  [1.26362804e-04 7.44651456e-01 1.34579554e+02]
  [1.26745597e-04 7.43393686e-01 1.34851351e+02]
  [1.28170519e-04 7.48526305e-01 1.34527794e+02]]

 [[1.09771607e-04 6.49268757e-01 1.47905172e+02]
  [5.52343071e-05 1.16390344e-01 2.28650808e+02]
  [1.28380612e-04 7.52350175e-01 1.32932104e+02]
  [1.28433509e-04 7.52915446e-01 1.33066484e+02]
  [1.24727006e-04 7.36125710e-01 1.34290016e+02]
  [1.27692675e-04 7.51279974e-01 1.34093829e+02]
  [1.29295165e-04 7.50729002e-01 1.33562662e+02]
  [1.27295561e-04 7.47972433e-01 1.34101427e+02]]

 [[1.28519548e-04 7.50302173e-01 1.33277550e+02]
  [1.27976835e-04 7.49033149e-01 1.33825572e+02]
  [1.27558180e-04 7.48167891e-01 1.34125493e+02]
  [1.29873760e-04 7.58230393e-01 1.33490535e+02]
  [1.26964384e-04 7.44494202e-01 1.33375119e+02]
  [1.29929158e-04 7.59510797e-01 1.32968307e+02]
  [1.27636622e-04 7.48646022e-01 1.33633530e+02]
  [1.27600980e-04 7.48038940e-01 1.33893395e+02]]

 [[1.30567990e-04 7.62374226e-01 1.32526484e+02]
  [1.29700831e-04 7.53308362e-01 1.32836289e+02]
  [1.28143365e-04 7.50166865e-01 1.34427479e+02]
  [1.27136051e-04 7.45590659e-01 1.33697416e+02]
  [1.28492124e-04 7.46756815e-01 1.34378049e+02]
  [1.28341671e-04 7.52902111e-01 1.33763826e+02]
  [1.28917104e-04 7.50852439e-01 1.33569929e+02]
  [1.27235462e-04 7.47272253e-01 1.33981106e+02]]

 [[1.24993886e-04 7.37253914e-01 1.35175414e+02]
  [1.00322624e-04 6.11863644e-01 1.53338230e+02]
  [1.28548950e-04 7.52664332e-01 1.33194248e+02]
  [1.26879044e-04 7.42899613e-01 1.34680156e+02]
  [9.73254642e-05 5.53834246e-01 1.63031268e+02]
  [1.27451517e-04 7.48107046e-01 1.34405482e+02]
  [1.25811570e-04 7.40546058e-01 1.35115683e+02]
  [1.25964119e-04 7.42217651e-01 1.34654510e+02]]

 [[1.27934969e-04 7.54178655e-01 1.33182692e+02]
  [1.26414084e-04 7.45469257e-01 1.34078383e+02]
  [1.29897430e-04 7.55383426e-01 1.33369760e+02]
  [1.27973579e-04 7.48972628e-01 1.34142745e+02]
  [1.25318902e-04 7.37962064e-01 1.34882002e+02]
  [1.25736344e-04 7.40268549e-01 1.34876020e+02]
  [1.29246430e-04 7.51913452e-01 1.34233707e+02]
  [1.27427039e-04 7.44938071e-01 1.34159047e+02]]

 [[1.26237290e-04 7.44127676e-01 1.34284828e+02]
  [1.25286744e-04 7.38028181e-01 1.34964438e+02]
  [1.28820330e-04 7.60467228e-01 1.33459414e+02]
  [1.29205614e-04 7.53796845e-01 1.33451552e+02]
  [1.26814519e-04 7.46582960e-01 1.33859498e+02]
  [1.26664731e-04 7.46776920e-01 1.34323744e+02]
  [1.30804598e-04 7.61622665e-01 1.33171988e+02]
  [1.29817180e-04 7.67680733e-01 1.32615123e+02]]

 [[1.25617742e-04 7.36971696e-01 1.33937834e+02]
  [1.28743591e-04 7.54936663e-01 1.32828209e+02]
  [1.26026826e-04 7.42300848e-01 1.34967851e+02]
  [1.30943132e-04 7.62682531e-01 1.32231164e+02]
  [1.27256563e-04 7.46493322e-01 1.33497316e+02]
  [1.29345900e-04 7.60305913e-01 1.32995081e+02]
  [1.27159348e-04 7.46009549e-01 1.34423020e+02]
  [1.26974780e-04 7.45408836e-01 1.34088159e+02]]]

Ref Max Post Table:
[[[6.19026015e-05 2.33583297e-01 1.82225462e+02]
  [6.16606056e-05 2.33110323e-01 1.82802067e+02]
  [6.22047007e-05 2.33992411e-01 1.81984295e+02]
  [5.30479629e-05 2.07952827e-01 1.93694844e+02]]

 [[6.24859013e-05 2.34507454e-01 1.82199371e+02]
  [6.15184387e-05 2.32909755e-01 1.82721767e+02]
  [5.86630893e-05 2.28148495e-01 1.84846526e+02]
  [6.15771081e-05 2.33092577e-01 1.82870396e+02]]

 [[6.28451569e-05 2.35055835e-01 1.82729160e+02]
  [6.15703236e-05 2.32965699e-01 1.83014110e+02]
  [6.13856111e-05 2.32704201e-01 1.82783502e+02]
  [6.43109898e-05 1.93343973e-01 1.99060504e+02]]

 [[6.12752032e-05 2.32467715e-01 1.83181478e+02]
  [6.01665877e-05 2.30621996e-01 1.84044236e+02]
  [5.56834205e-05 2.15401725e-01 1.90033857e+02]
  [5.30671385e-05 1.25261234e-01 2.24973130e+02]]]

Ref Max Pull Table:
[[[6.04729580e-05 2.30594563e-01 1.82750021e+02]
  [6.29479424e-05 2.34700235e-01 1.83041673e+02]
  [6.29755477e-05 2.34536779e-01 1.82541479e+02]
  [5.67222927e-05 1.27570192e-01 2.24436920e+02]]

 [[5.09780639e-05 2.05065323e-01 1.93423274e+02]
  [6.18198153e-05 2.32731855e-01 1.82714751e+02]
  [6.13960764e-05 2.32040213e-01 1.83331227e+02]
  [6.13898826e-05 2.32010031e-01 1.82784843e+02]]

 [[6.03328639e-05 2.03681202e-01 1.94128246e+02]
  [6.13102101e-05 2.31947108e-01 1.82881743e+02]
  [6.21719025e-05 2.33296711e-01 1.82126539e+02]
  [6.28140955e-05 2.34266611e-01 1.81889261e+02]]

 [[5.64954708e-05 1.27517794e-01 2.24440756e+02]
  [6.11418718e-05 2.31535297e-01 1.83542045e+02]
  [6.06406581e-05 2.30711764e-01 1.83357855e+02]
  [6.28147285e-05 2.34382481e-01 1.82465566e+02]]]

Max Activate Table:
[[[1.26716629e-04 7.43177569e-01 1.33443626e+02 2.44882262e-03
   7.01441696e-01 2.70033160e-02 2.70033160e-02]
  [1.27863007e-04 7.48424552e-01 1.33252095e+02 2.44081464e-03
   7.02917558e-01 2.69851624e-02 2.69851624e-02]
  [1.25654772e-04 7.46278157e-01 1.33109689e+02 2.44396973e-03
   7.00380511e-01 2.69439362e-02 2.69439362e-02]
  [1.25759565e-04 7.46725465e-01 1.33175851e+02 2.44334911e-03
   6.99931668e-01 2.69951772e-02 2.69951772e-02]
  [1.24470937e-04 7.36215345e-01 1.35077530e+02 2.45950179e-03
   6.97268811e-01 2.72229867e-02 2.72229867e-02]
  [1.27739439e-04 7.50534026e-01 1.33606844e+02 2.43734809e-03
   7.04763730e-01 2.68628031e-02 2.68628031e-02]
  [7.12169710e-05 3.80167970e-01 1.89112206e+02 2.97672537e-03
   9.78894993e-01 3.32079598e-02 3.32079598e-02]
  [1.23110123e-04 7.30033877e-01 1.35627724e+02 2.46820769e-03
   7.01271540e-01 2.73212732e-02 2.73212732e-02]]

 [[1.27176907e-04 7.52989565e-01 1.32395572e+02 2.43399041e-03
   7.01024376e-01 2.68755857e-02 2.68755857e-02]
  [1.30043823e-04 7.53583092e-01 1.33264640e+02 2.43273788e-03
   7.05372142e-01 2.68153317e-02 2.68153317e-02]
  [1.26864953e-04 7.47584623e-01 1.34605963e+02 2.44200272e-03
   7.12988101e-01 2.69574325e-02 2.69574325e-02]
  [1.28162172e-04 7.61370009e-01 1.32878118e+02 2.42087073e-03
   7.08299789e-01 2.67299188e-02 2.67299188e-02]
  [1.25127966e-04 7.42067164e-01 1.34081722e+02 2.45015600e-03
   7.16598857e-01 2.70503867e-02 2.70503867e-02]
  [1.26810066e-04 7.46337909e-01 1.33561305e+02 2.44391492e-03
   6.99611266e-01 2.69906332e-02 2.69906332e-02]
  [1.26545498e-04 7.51317246e-01 1.33942895e+02 2.43631169e-03
   6.99305396e-01 2.69040652e-02 2.69040652e-02]
  [1.25521926e-04 7.44457377e-01 1.33564925e+02 2.44677389e-03
   7.02611067e-01 2.69863223e-02 2.69863223e-02]]

 [[1.27207285e-04 7.55982794e-01 1.32481166e+02 2.42973029e-03
   7.08252486e-01 2.67730319e-02 2.67730319e-02]
  [1.27064353e-04 7.49083770e-01 1.32944257e+02 2.44031128e-03
   7.05046986e-01 2.69075456e-02 2.69075456e-02]
  [1.24680241e-04 7.37685878e-01 1.34458730e+02 2.45685095e-03
   7.00141154e-01 2.71039584e-02 2.71039584e-02]
  [1.28209495e-04 7.60497832e-01 1.32936331e+02 2.42253015e-03
   7.13868380e-01 2.66982510e-02 2.66982510e-02]
  [1.25790030e-04 7.44022041e-01 1.33619047e+02 2.44730506e-03
   6.99698187e-01 2.70658643e-02 2.70658643e-02]
  [1.28033842e-04 7.42205604e-01 1.34705745e+02 2.45018154e-03
   7.35789865e-01 2.72794870e-02 2.72794870e-02]
  [1.23491960e-04 7.33400144e-01 1.35422868e+02 2.46331171e-03
   7.06651739e-01 2.72072736e-02 2.72072736e-02]
  [1.26002313e-04 7.49654323e-01 1.34009968e+02 2.43886915e-03
   7.06241696e-01 2.68697069e-02 2.68697069e-02]]

 [[1.25798429e-04 7.44095003e-01 1.33669218e+02 2.44712051e-03
   7.03026591e-01 2.70142843e-02 2.70142843e-02]
  [1.26895624e-04 7.47823294e-01 1.33106017e+02 2.44150042e-03
   7.09635505e-01 2.69446703e-02 2.69446703e-02]
  [1.24070952e-04 7.34621623e-01 1.35397329e+02 2.46155229e-03
   7.01333515e-01 2.71800609e-02 2.71800609e-02]
  [1.26107586e-04 7.39879198e-01 1.34704625e+02 2.45407364e-03
   6.99551070e-01 2.71014523e-02 2.71014523e-02]
  [1.24478049e-04 7.35706962e-01 1.34571272e+02 2.45987936e-03
   7.08827591e-01 2.72684697e-02 2.72684697e-02]
  [1.27757778e-04 7.57235408e-01 1.33219183e+02 2.42732082e-03
   6.99284519e-01 2.68023258e-02 2.68023258e-02]
  [1.25818386e-04 7.46152665e-01 1.33487737e+02 2.44431516e-03
   7.08900091e-01 2.70061506e-02 2.70061506e-02]
  [1.25790612e-04 7.39710701e-01 1.34041091e+02 2.45381567e-03
   7.00364235e-01 2.71224139e-02 2.71224139e-02]]

 [[1.12991231e-04 6.78066461e-01 1.43846780e+02 2.54597018e-03
   7.96143970e-01 2.84470044e-02 2.84470044e-02]
  [1.27733886e-04 7.50703241e-01 1.32796602e+02 2.43724484e-03
   6.97356205e-01 2.68759299e-02 2.68759299e-02]
  [1.24741240e-04 7.40618888e-01 1.34852677e+02 2.45230096e-03
   7.09512616e-01 2.70504450e-02 2.70504450e-02]
  [1.27966010e-04 7.52981360e-01 1.32261048e+02 2.43395593e-03
   7.02305351e-01 2.68432314e-02 2.68432314e-02]
  [1.27669614e-04 7.48800880e-01 1.33989485e+02 2.44038034e-03
   6.98367362e-01 2.69617723e-02 2.69617723e-02]
  [1.26216238e-04 7.41098930e-01 1.33815110e+02 2.45164218e-03
   7.05806058e-01 2.71280954e-02 2.71280954e-02]
  [1.26556979e-04 7.48148846e-01 1.32928735e+02 2.44104302e-03
   6.98754121e-01 2.70688094e-02 2.70688094e-02]
  [1.26096235e-04 7.39872732e-01 1.34492699e+02 2.45416007e-03
   6.98393004e-01 2.71020322e-02 2.71020322e-02]]

 [[1.28502199e-04 7.50662662e-01 1.32968136e+02 2.43708681e-03
   7.00281361e-01 2.70604632e-02 2.70604632e-02]
  [1.29597142e-04 7.60041670e-01 1.32180196e+02 2.42350403e-03
   7.00811802e-01 2.67360678e-02 2.67360678e-02]
  [1.26901885e-04 7.53550610e-01 1.32986016e+02 2.43319229e-03
   6.98807765e-01 2.68969527e-02 2.68969527e-02]
  [1.25437087e-04 7.43031564e-01 1.34456229e+02 2.44872634e-03
   7.05072346e-01 2.70235708e-02 2.70235708e-02]
  [1.28636784e-04 7.44127402e-01 1.33569441e+02 2.44703270e-03
   7.11749715e-01 2.70577085e-02 2.70577085e-02]
  [1.27594409e-04 7.47478196e-01 1.33402083e+02 2.44213020e-03
   6.99897778e-01 2.69962031e-02 2.69962031e-02]
  [1.27075476e-04 7.47352757e-01 1.33780935e+02 2.44217869e-03
   7.03437997e-01 2.69366368e-02 2.69366368e-02]
  [1.24546231e-04 7.34310714e-01 1.34917891e+02 2.46213463e-03
   6.99556993e-01 2.72678737e-02 2.72678737e-02]]

 [[7.02679064e-05 3.74196997e-01 1.89087585e+02 2.98543811e-03
   9.82818913e-01 3.32767527e-02 3.32767527e-02]
  [1.26323372e-04 7.43036272e-01 1.34665746e+02 2.44863418e-03
   7.12320865e-01 2.71268715e-02 2.71268715e-02]
  [1.26732286e-04 7.53458343e-01 1.32474138e+02 2.43371513e-03
   7.01734661e-01 2.67724837e-02 2.67724837e-02]
  [1.26939312e-04 7.41949122e-01 1.34114246e+02 2.45137676e-03
   6.98630155e-01 2.69453239e-02 2.69453239e-02]
  [1.29218819e-04 7.63132674e-01 1.32586716e+02 2.41902083e-03
   6.94262225e-01 2.66554553e-02 2.66554553e-02]
  [1.26580376e-04 7.41139010e-01 1.34146078e+02 2.45163264e-03
   7.05173842e-01 2.71175802e-02 2.71175802e-02]
  [5.52875694e-05 1.16806193e-01 2.28588946e+02 3.34830046e-03
   1.28229786e+00 3.73374936e-02 3.90902150e-02]
  [1.29331625e-04 7.48492511e-01 1.33707954e+02 2.44031652e-03
   7.09674692e-01 2.69836806e-02 2.69836806e-02]]

 [[1.27711661e-04 7.42169752e-01 1.33255879e+02 2.45005992e-03
   7.01285174e-01 2.70970089e-02 2.70970089e-02]
  [1.27819802e-04 7.40670839e-01 1.34147099e+02 2.45226156e-03
   7.04093835e-01 2.71152563e-02 2.71152563e-02]
  [1.26521254e-04 7.48776960e-01 1.33492714e+02 2.44015211e-03
   7.01696456e-01 2.68857662e-02 2.68857662e-02]
  [1.26142304e-04 7.40116650e-01 1.34451551e+02 2.45315476e-03
   7.00726974e-01 2.70664938e-02 2.70664938e-02]
  [1.26383479e-04 7.38570736e-01 1.33851293e+02 2.45569073e-03
   6.99781041e-01 2.70901903e-02 2.70901903e-02]
  [1.25442139e-04 7.43488684e-01 1.34499235e+02 2.44878596e-03
   6.99056310e-01 2.70007336e-02 2.70007336e-02]
  [1.26272305e-04 7.43584431e-01 1.33007306e+02 2.44804849e-03
   7.05538313e-01 2.71300542e-02 2.71300542e-02]
  [1.26534774e-04 7.50986023e-01 1.33696916e+02 2.43708018e-03
   7.07684273e-01 2.68481077e-02 2.68481077e-02]]]

Cumulative Reward: 8815.34116446747
