Scheduler Table:
[[[8.23884099e-07 1.17434426e-02 2.06375190e+01 4.99625648e-04
   1.00130024e-03 1.00130024e-03 1.00130024e-03]
  [5.37930011e-06 1.11511506e-02 2.25636181e+01 4.77235343e-04
   1.14094510e-03 1.09078178e-03 1.09078178e-03]
  [8.23267486e-07 1.16783284e-02 2.05634068e+01 4.99630271e-04
   1.00128167e-03 1.00128167e-03 1.00128167e-03]]

 [[6.34655692e-07 1.12853842e-02 2.17865307e+01 4.87749860e-04
   1.07676528e-03 1.05034071e-03 1.05034071e-03]
  [3.43577666e-04 9.38014591e-01 2.54904142e+01 4.25175416e-04
   1.54332471e-03 1.20489477e-03 1.34381916e-03]
  [8.59527690e-07 1.17436775e-02 2.05649987e+01 4.99628892e-04
   1.00128721e-03 1.00128721e-03 1.00128721e-03]]

 [[8.19254417e-07 1.17240935e-02 2.08209836e+01 4.99627688e-04
   1.00129205e-03 1.00129205e-03 1.00129205e-03]
  [9.17390590e-07 1.17433637e-02 2.11496316e+01 4.99620956e-04
   1.00131909e-03 1.00131909e-03 1.00131909e-03]
  [1.05524315e-06 1.15130623e-02 2.22696420e+01 4.99628279e-04
   1.00128967e-03 1.00128967e-03 1.00128967e-03]]]

Buffer Table:
[[[8.08147477e-07 1.16709053e-02 2.00851691e+01 4.99627495e-04
   1.00129282e-03 1.00129282e-03 1.00129282e-03]
  [8.41623418e-07 1.11412769e-02 2.24521731e+01 4.77960603e-04
   1.13629490e-03 1.08755325e-03 1.08755325e-03]
  [1.00277083e-06 1.18015775e-02 2.07190639e+01 4.99623178e-04
   1.00131016e-03 1.00131016e-03 1.00131016e-03]]

 [[8.97834711e-07 1.17544613e-02 2.13574405e+01 4.99625177e-04
   1.00130214e-03 1.00130214e-03 1.00130214e-03]
  [9.16447235e-07 1.17408835e-02 2.08182480e+01 4.99627816e-04
   1.00129153e-03 1.00129153e-03 1.00129153e-03]
  [7.15498093e-07 9.77586996e-03 2.54128922e+01 4.24608324e-04
   1.55299101e-03 1.23041787e-03 1.37979895e-03]]

 [[7.65758183e-07 1.15748757e-02 2.17817594e+01 4.94695339e-04
   1.03166619e-03 1.02053823e-03 1.02053823e-03]
  [3.43801362e-04 9.38016781e-01 2.54741190e+01 4.26240750e-04
   1.51156565e-03 1.22178885e-03 1.31589893e-03]
  [2.58172588e-05 1.08575313e-02 2.23198954e+01 4.66797664e-04
   1.20602992e-03 1.13241229e-03 1.13241229e-03]]]

Arbiter Table:
[[[5.05027452e-07 1.17382307e-02 2.11922534e+01 4.99626503e-04
   1.00129681e-03 1.00129681e-03 1.00129681e-03]
  [4.70050108e-07 1.12158315e-02 2.23555329e+01 4.94467733e-04
   1.03442568e-03 1.02302344e-03 1.02302344e-03]
  [5.22574109e-07 1.17829321e-02 2.07907812e+01 4.99623556e-04
   1.00130865e-03 1.00130865e-03 1.00130865e-03]]

 [[5.28120412e-07 1.16136923e-02 2.17670131e+01 4.99627553e-04
   1.00129259e-03 1.00129259e-03 1.00129259e-03]
  [3.43577666e-04 9.38014591e-01 2.54904142e+01 4.25175416e-04
   1.54332471e-03 1.20489477e-03 1.34381916e-03]
  [4.93378926e-07 1.14713250e-02 2.18021929e+01 4.99626054e-04
   1.00129861e-03 1.00129861e-03 1.00129861e-03]]

 [[4.97101415e-07 1.14102272e-02 2.27864604e+01 4.94721945e-04
   1.03130779e-03 1.02026323e-03 1.02026323e-03]
  [5.26013615e-07 1.17501226e-02 2.02378198e+01 4.99624870e-04
   1.00130337e-03 1.00130337e-03 1.00130337e-03]
  [2.57415318e-05 1.11701535e-02 2.14452254e+01 4.76138338e-04
   1.14776440e-03 1.09506464e-03 1.09506464e-03]]]

Page Table:
[[[3.77460262e-06 1.19147828e-02 2.17817647e+01 4.99630332e-04
   1.00128143e-03 1.00128143e-03 1.00128143e-03]
  [2.16001571e-06 1.11267105e-02 2.20468113e+01 4.77685908e-04
   1.13985158e-03 1.09085046e-03 1.09085046e-03]
  [2.69430607e-06 1.17305452e-02 2.08379581e+01 4.99625237e-04
   1.00130189e-03 1.00130189e-03 1.00130189e-03]
  [3.10335032e-06 1.17926852e-02 2.20375369e+01 4.99631625e-04
   1.00127624e-03 1.00127624e-03 1.00127624e-03]]

 [[3.03453690e-06 1.18243223e-02 2.07008299e+01 4.99622559e-04
   1.00131265e-03 1.00131265e-03 1.00131265e-03]
  [3.43577772e-04 9.38014661e-01 2.54902576e+01 4.25177937e-04
   1.54330888e-03 1.20488457e-03 1.34380897e-03]
  [2.82249035e-06 1.17180443e-02 2.00797818e+01 4.99627914e-04
   1.00129114e-03 1.00129114e-03 1.00129114e-03]
  [2.99446895e-06 1.15924464e-02 2.14789558e+01 4.94490112e-04
   1.03412430e-03 1.02280046e-03 1.02280046e-03]]

 [[3.52655370e-06 1.19110262e-02 2.07609763e+01 4.99627516e-04
   1.00129274e-03 1.00129274e-03 1.00129274e-03]
  [3.16003980e-06 1.17246800e-02 2.04870480e+01 4.99623725e-04
   1.00130797e-03 1.00130797e-03 1.00130797e-03]
  [3.24064449e-06 1.17751850e-02 2.02274825e+01 4.99625192e-04
   1.00130208e-03 1.00130208e-03 1.00130208e-03]
  [3.00038874e-06 1.17150249e-02 2.20000934e+01 4.99628303e-04
   1.00128958e-03 1.00128958e-03 1.00128958e-03]]

 [[2.35251545e-06 1.14317936e-02 2.30872496e+01 4.94616243e-04
   1.03251797e-03 1.02133186e-03 1.02133186e-03]
  [3.82153735e-06 1.18178599e-02 2.05130572e+01 4.99625859e-04
   1.00129939e-03 1.00129939e-03 1.00129939e-03]
  [3.47608766e-06 1.18951075e-02 2.02306257e+01 4.99624543e-04
   1.00130468e-03 1.00130468e-03 1.00130468e-03]
  [3.10848481e-06 1.17545341e-02 2.14527224e+01 4.99628196e-04
   1.00129001e-03 1.00129001e-03 1.00129001e-03]]]

Response Table:
[[[3.43577666e-04 9.38014591e-01 2.54904142e+01]
  [4.53554414e-07 1.17167707e-02 1.94869757e+01]]

 [[4.51175393e-07 1.16083706e-02 1.97155847e+01]
  [4.55124597e-07 1.16348665e-02 2.08315905e+01]]]

Refresh Table:
[[[4.57114654e-07 1.17139686e-02 1.99279132e+01]
  [3.30553394e-06 1.11793468e-02 2.22593712e+01]]

 [[4.42108062e-07 1.15927250e-02 2.08726062e+01]
  [3.43577666e-04 9.38014591e-01 2.54904142e+01]]]

Request Buffer Table:
[[[1.18230037e-04 1.24340525e-02 2.00197735e+01]
  [1.06493037e-04 1.24678283e-02 2.08798504e+01]
  [1.09603351e-04 1.23596480e-02 2.07065628e+01]
  [9.04736232e-05 1.24133942e-02 2.09655509e+01]
  [7.70837443e-05 1.22734954e-02 1.98132677e+01]
  [9.81950389e-05 1.24067929e-02 2.03860700e+01]
  [7.90102323e-05 1.22024396e-02 2.17495384e+01]
  [1.19856228e-04 1.25804807e-02 2.01370234e+01]]

 [[1.25327627e-04 1.24392643e-02 2.09631083e+01]
  [1.15591864e-04 1.23605386e-02 1.99948586e+01]
  [1.52023528e-06 9.78296468e-03 2.57033662e+01]
  [7.99139793e-05 1.22063726e-02 2.18573720e+01]
  [9.77641174e-05 1.24891582e-02 2.20662265e+01]
  [9.05518943e-05 1.24677961e-02 2.19028232e+01]
  [9.32234505e-05 1.23417942e-02 2.16530741e+01]
  [9.87993631e-05 1.23619352e-02 2.16793334e+01]]

 [[1.20988073e-04 1.24189157e-02 2.07351457e+01]
  [8.62492068e-05 1.22951987e-02 2.10527642e+01]
  [5.96104822e-05 1.14273874e-02 2.18537367e+01]
  [9.22895558e-05 1.22163595e-02 2.18713774e+01]
  [1.48405575e-06 9.78252185e-03 2.52647318e+01]
  [9.02213676e-05 1.23513542e-02 2.05102703e+01]
  [1.26144473e-04 1.25686311e-02 2.08943152e+01]
  [9.13915027e-05 1.23812257e-02 2.07388682e+01]]

 [[1.16481251e-04 1.24650154e-02 2.07280858e+01]
  [9.78856378e-05 1.24237428e-02 2.02490167e+01]
  [1.17137801e-04 1.26231878e-02 2.07634970e+01]
  [8.66756608e-05 1.22669855e-02 2.17086048e+01]
  [6.98887939e-05 1.15802725e-02 2.24900334e+01]
  [1.00646060e-04 1.23699539e-02 2.03476167e+01]
  [1.05328178e-04 1.24566436e-02 2.15238547e+01]
  [8.73934195e-05 1.22452644e-02 2.13304461e+01]]

 [[8.79445445e-05 1.23501103e-02 1.98721347e+01]
  [3.44554682e-04 9.38023391e-01 2.54825586e+01]
  [8.36381022e-05 1.23025887e-02 2.18170787e+01]
  [8.65633817e-05 1.23384077e-02 2.06210336e+01]
  [8.96654581e-05 1.23433042e-02 2.10140484e+01]
  [9.74197997e-05 1.23196793e-02 2.04061907e+01]
  [8.61541125e-05 1.23126031e-02 2.12815160e+01]
  [1.13831506e-04 1.24605150e-02 2.14217033e+01]]

 [[7.99329209e-05 1.22568041e-02 2.14561427e+01]
  [9.00154315e-05 1.25329621e-02 2.16854046e+01]
  [8.76108771e-05 1.23104058e-02 2.05227203e+01]
  [1.11566887e-04 1.24693278e-02 2.14155007e+01]
  [8.95865714e-05 1.23640240e-02 2.12401864e+01]
  [8.91079377e-05 1.23570609e-02 2.23980221e+01]
  [9.20384304e-05 1.23493373e-02 1.96374060e+01]
  [8.87559281e-05 1.24247421e-02 2.07970632e+01]]

 [[1.05712842e-04 1.25882483e-02 2.08318849e+01]
  [1.08255048e-04 1.24105778e-02 1.98948028e+01]
  [9.16071370e-05 1.22531029e-02 2.14282078e+01]
  [8.70489879e-05 1.22436436e-02 2.08657196e+01]
  [8.14427886e-05 1.23016632e-02 2.02313141e+01]
  [8.65076299e-05 1.22959737e-02 2.09593187e+01]
  [8.63440598e-05 1.23162571e-02 2.01318831e+01]
  [1.00256959e-04 1.23733547e-02 2.05658270e+01]]

 [[1.40468331e-04 1.26052447e-02 2.06142103e+01]
  [1.01334622e-04 1.24751266e-02 2.10820463e+01]
  [9.68754130e-05 1.23217797e-02 2.09524359e+01]
  [9.48318976e-05 1.23606944e-02 2.11081172e+01]
  [1.03561485e-04 1.23368215e-02 2.10783064e+01]
  [8.89823648e-05 1.24197702e-02 2.15232736e+01]
  [8.89802756e-05 1.22321164e-02 2.20399510e+01]
  [8.30221892e-05 1.21923216e-02 2.09471746e+01]]]

Ref Max Post Table:
[[[8.54480629e-07 1.11265204e-02 2.20303073e+01]
  [3.43801354e-04 9.38016730e-01 2.54742753e+01]
  [1.11861310e-06 1.16609376e-02 2.12175799e+01]
  [1.02033633e-06 1.10531561e-02 2.31641234e+01]]

 [[7.15489967e-07 9.77581620e-03 2.54130572e+01]
  [1.22395210e-06 1.18342010e-02 2.07600204e+01]
  [1.25278684e-06 1.18044755e-02 2.12560872e+01]
  [1.59580062e-06 1.18247087e-02 2.11780197e+01]]

 [[1.20829636e-06 1.17600360e-02 2.15693592e+01]
  [3.36986537e-06 1.10261648e-02 2.33061140e+01]
  [1.19214580e-06 1.17970349e-02 2.02618256e+01]
  [1.16936599e-06 1.17811035e-02 2.05280056e+01]]

 [[7.25652019e-07 1.03607599e-02 2.46207462e+01]
  [1.38111185e-06 1.18407106e-02 2.03764555e+01]
  [1.18941869e-06 1.18620823e-02 2.02178285e+01]
  [9.05881911e-07 1.04455376e-02 2.37197546e+01]]]

Ref Max Pull Table:
[[[3.11068775e-06 1.18608388e-02 2.07096324e+01]
  [2.76920880e-05 1.11603728e-02 2.21394089e+01]
  [2.88965168e-06 1.18228995e-02 1.98532626e+01]
  [3.20041849e-06 1.18184599e-02 2.13696016e+01]]

 [[3.68355452e-06 1.11496889e-02 2.20271278e+01]
  [3.43577666e-04 9.38014591e-01 2.54904142e+01]
  [2.46124650e-06 1.18165983e-02 1.94207576e+01]
  [2.77691948e-06 1.17141598e-02 2.13175959e+01]]

 [[3.07159768e-06 1.17707188e-02 2.10620322e+01]
  [2.73061048e-06 1.17568137e-02 2.17894913e+01]
  [3.22153290e-06 1.14967688e-02 2.28635822e+01]
  [2.65667089e-06 1.17310618e-02 2.01817889e+01]]

 [[3.00919867e-06 1.18604006e-02 2.13179849e+01]
  [2.02815942e-06 1.15395780e-02 2.20959008e+01]
  [2.76059012e-06 1.17846190e-02 2.13536135e+01]
  [1.75255799e-06 1.13840529e-02 2.30317234e+01]]]

Max Activate Table:
[[[1.84659087e-04 1.26869870e-02 2.08770978e+01 4.99165444e-04
   1.00428130e-03 1.00326643e-03 1.00326643e-03]
  [1.33702756e-04 1.23221349e-02 2.05568143e+01 4.99297960e-04
   1.00341511e-03 1.00269946e-03 1.00269946e-03]
  [2.01856525e-04 1.24290601e-02 2.11940768e+01 4.99253534e-04
   1.00370186e-03 1.00288916e-03 1.00288916e-03]
  [1.52449189e-04 1.23757512e-02 2.04378841e+01 4.99291165e-04
   1.00346919e-03 1.00272954e-03 1.00272954e-03]
  [2.26452675e-04 1.25084209e-02 2.11456533e+01 4.99168077e-04
   1.00426218e-03 1.00325497e-03 1.00325497e-03]
  [1.34799206e-04 1.23288769e-02 2.11985015e+01 4.99277754e-04
   1.00353639e-03 1.00278479e-03 1.00278479e-03]
  [1.93699397e-04 1.23024356e-02 2.07877836e+01 4.99282287e-04
   1.00351971e-03 1.00276674e-03 1.00276674e-03]
  [1.78773103e-04 1.23871953e-02 2.20601981e+01 4.99263812e-04
   1.00364459e-03 1.00284621e-03 1.00284621e-03]]

 [[1.16864868e-04 1.22814880e-02 2.06675777e+01 4.99315266e-04
   1.00330717e-03 1.00262595e-03 1.00262595e-03]
  [1.23670948e-04 1.23933430e-02 2.01331456e+01 4.99275500e-04
   1.00357502e-03 1.00279692e-03 1.00279692e-03]
  [1.09859814e-04 1.22748451e-02 1.98984038e+01 4.99323801e-04
   1.00325345e-03 1.00258965e-03 1.00258965e-03]
  [1.22030791e-04 1.23044930e-02 2.04511887e+01 4.99329486e-04
   1.00322435e-03 1.00256616e-03 1.00256616e-03]
  [1.18572106e-04 1.23074146e-02 2.09276596e+01 4.99336465e-04
   1.00317723e-03 1.00253615e-03 1.00253615e-03]
  [1.02069582e-04 1.21693813e-02 2.13888997e+01 4.94175918e-04
   1.03630044e-03 1.02426859e-03 1.02426859e-03]
  [1.81588820e-04 1.23105762e-02 2.17683874e+01 4.94215004e-04
   1.03536416e-03 1.02328740e-03 1.02328740e-03]
  [1.33435796e-04 1.23264281e-02 2.07687321e+01 4.99300366e-04
   1.00340654e-03 1.00268991e-03 1.00268991e-03]]

 [[1.05705134e-04 1.23139363e-02 2.11174610e+01 4.99324990e-04
   1.00324004e-03 1.00258398e-03 1.00258398e-03]
  [1.27257038e-04 1.23234547e-02 2.19321215e+01 4.99283366e-04
   1.00352032e-03 1.00276292e-03 1.00276292e-03]
  [1.07781007e-04 1.23217764e-02 2.04721412e+01 4.99311290e-04
   1.00334030e-03 1.00264371e-03 1.00264371e-03]
  [1.36597592e-04 1.25656038e-02 2.01282415e+01 4.99205204e-04
   1.00401997e-03 1.00309617e-03 1.00309617e-03]
  [1.56619538e-04 1.24376321e-02 2.18748401e+01 4.99287025e-04
   1.00349889e-03 1.00274752e-03 1.00274752e-03]
  [1.15894788e-04 1.23097347e-02 2.19760673e+01 4.99315103e-04
   1.00331504e-03 1.00262736e-03 1.00262736e-03]
  [1.10533837e-04 1.23030692e-02 2.23569289e+01 4.99323235e-04
   1.00323796e-03 1.00259008e-03 1.00259008e-03]
  [1.13070440e-04 1.24810454e-02 2.06844963e+01 4.99275636e-04
   1.00356490e-03 1.00279537e-03 1.00279537e-03]]

 [[1.24772620e-04 1.24898550e-02 2.07044459e+01 4.99279736e-04
   1.00355135e-03 1.00277921e-03 1.00277921e-03]
  [1.15558365e-04 1.25216370e-02 2.10110858e+01 4.99237679e-04
   1.00381624e-03 1.00295811e-03 1.00295811e-03]
  [1.11236644e-04 1.22925645e-02 2.09365842e+01 4.99329279e-04
   1.00322541e-03 1.00256702e-03 1.00256702e-03]
  [1.89502105e-04 1.24338605e-02 2.12175468e+01 4.99251201e-04
   1.00370583e-03 1.00289797e-03 1.00289797e-03]
  [1.16425794e-04 1.22827072e-02 2.23680506e+01 4.99335998e-04
   1.00315874e-03 1.00253591e-03 1.00253591e-03]
  [1.50712866e-04 1.24773776e-02 2.06317030e+01 4.99238693e-04
   1.00380620e-03 1.00295342e-03 1.00295342e-03]
  [1.54100027e-04 1.24107042e-02 2.09542945e+01 4.99278911e-04
   1.00354516e-03 1.00278154e-03 1.00278154e-03]
  [1.85346552e-04 1.23587546e-02 1.97505215e+01 4.99281728e-04
   1.00352822e-03 1.00276964e-03 1.00276964e-03]]

 [[1.20877598e-04 1.23734310e-02 2.01652634e+01 4.99293278e-04
   1.00343625e-03 1.00271851e-03 1.00271851e-03]
  [1.30543249e-04 1.21927005e-02 2.11908815e+01 4.92765118e-04
   1.04453748e-03 1.02922231e-03 1.02922231e-03]
  [1.09789427e-04 1.24943299e-02 2.13131961e+01 4.99240214e-04
   1.00378231e-03 1.00294546e-03 1.00294546e-03]
  [1.76414685e-04 1.25008495e-02 2.11637668e+01 4.99254887e-04
   1.00369529e-03 1.00288361e-03 1.00288361e-03]
  [3.43577666e-04 9.38014591e-01 2.54904142e+01 4.25175416e-04
   1.54332471e-03 1.20489477e-03 1.34381916e-03]
  [1.19999980e-04 1.24113047e-02 1.99093884e+01 4.99324846e-04
   1.00324650e-03 1.00258517e-03 1.00258517e-03]
  [1.16316017e-04 1.23668665e-02 1.95207400e+01 4.99296699e-04
   1.00342938e-03 1.00270548e-03 1.00270548e-03]
  [1.93955143e-04 1.24116259e-02 2.05045968e+01 4.99311965e-04
   1.00332878e-03 1.00264008e-03 1.00264008e-03]]

 [[1.97747490e-04 1.23816774e-02 2.06066302e+01 4.99233401e-04
   1.00384196e-03 1.00297618e-03 1.00297618e-03]
  [1.44764957e-04 1.24787428e-02 2.09813710e+01 4.99268556e-04
   1.00362129e-03 1.00282672e-03 1.00282672e-03]
  [1.07876167e-04 1.22346674e-02 2.14608174e+01 4.99340570e-04
   1.00315188e-03 1.00251874e-03 1.00251874e-03]
  [1.29751705e-04 1.23806959e-02 2.02640356e+01 4.99268255e-04
   1.00360035e-03 1.00282563e-03 1.00282563e-03]
  [1.13149353e-04 1.21233736e-02 2.24107661e+01 4.91194397e-04
   1.05384056e-03 1.03497623e-03 1.03497623e-03]
  [1.38570785e-04 1.22912474e-02 2.12734516e+01 4.99317503e-04
   1.00329099e-03 1.00261622e-03 1.00261622e-03]
  [1.28402003e-04 1.22884539e-02 2.11049572e+01 4.99295586e-04
   1.00343433e-03 1.00271000e-03 1.00271000e-03]
  [1.91165025e-04 1.23523221e-02 2.05128466e+01 4.99277494e-04
   1.00356288e-03 1.00278848e-03 1.00278848e-03]]

 [[1.11245749e-04 1.23212178e-02 2.05294579e+01 4.99332165e-04
   1.00320963e-03 1.00255499e-03 1.00255499e-03]
  [1.33933311e-04 1.23598484e-02 2.09678853e+01 4.99313347e-04
   1.00332148e-03 1.00263435e-03 1.00263435e-03]
  [1.31313191e-04 1.23083225e-02 2.06951819e+01 4.99339660e-04
   1.00314003e-03 1.00252078e-03 1.00252078e-03]
  [1.30407539e-04 1.23611493e-02 2.05459265e+01 4.99283242e-04
   1.00350626e-03 1.00276191e-03 1.00276191e-03]
  [1.22028192e-04 1.23650081e-02 2.09495496e+01 4.99308271e-04
   1.00334580e-03 1.00265515e-03 1.00265515e-03]
  [1.42879626e-04 1.22871464e-02 2.10175910e+01 4.99293900e-04
   1.00344187e-03 1.00271685e-03 1.00271685e-03]
  [1.65813541e-04 1.22909737e-02 2.10140514e+01 4.99309059e-04
   1.00335288e-03 1.00265304e-03 1.00265304e-03]
  [1.41373529e-04 1.21983924e-02 2.24814788e+01 4.94270952e-04
   1.03497515e-03 1.02299441e-03 1.02299441e-03]]

 [[1.33899689e-04 1.23030811e-02 2.00866423e+01 4.99318509e-04
   1.00329055e-03 1.00261255e-03 1.00261255e-03]
  [1.52062375e-04 1.23685244e-02 2.03253940e+01 4.99305703e-04
   1.00336376e-03 1.00266625e-03 1.00266625e-03]
  [1.16724563e-04 1.23410469e-02 2.12014213e+01 4.99305916e-04
   1.00337233e-03 1.00266637e-03 1.00266637e-03]
  [1.23961710e-04 1.26257602e-02 1.98236683e+01 4.99130795e-04
   1.00449836e-03 1.00341370e-03 1.00341370e-03]
  [1.46836776e-04 1.17538034e-02 2.21968960e+01 4.79635813e-04
   1.12579099e-03 1.08089109e-03 1.08089109e-03]
  [1.34230528e-04 1.22927227e-02 2.05845330e+01 4.99300221e-04
   1.00339823e-03 1.00268957e-03 1.00268957e-03]
  [1.23347758e-04 1.24298027e-02 2.04589312e+01 4.99292060e-04
   1.00345972e-03 1.00272533e-03 1.00272533e-03]
  [1.35412648e-04 1.23346934e-02 2.13671449e+01 4.99325842e-04
   1.00323860e-03 1.00258076e-03 1.00258076e-03]]]

Cumulative Reward: 6291.29022184772
