Scheduler Table:
[[[1.00704688e-04 2.36572936e+01 1.60339584e+02 3.05762571e-03
   9.46206930e-03 8.40696750e-03 8.40696750e-03]
  [1.00037484e-04 2.34432224e+01 1.61026912e+02 3.06552593e-03
   9.47992883e-03 8.42282795e-03 8.42282795e-03]
  [1.00641000e-04 2.36444986e+01 1.60442886e+02 3.05809226e-03
   9.46320275e-03 8.40796011e-03 8.40796011e-03]]

 [[1.01006835e-04 2.36175399e+01 1.60256196e+02 3.05909618e-03
   9.46547227e-03 8.40999658e-03 8.40999658e-03]
  [3.01899072e-05 5.48910613e-01 2.61062473e+02 4.19405992e-03
   8.29165714e-03 7.69385137e-03 7.72372929e-03]
  [1.00008249e-04 2.35521359e+01 1.60909110e+02 3.06150764e-03
   9.47084770e-03 8.41475430e-03 8.41475430e-03]]

 [[1.00225857e-04 2.36331803e+01 1.60433617e+02 3.05851383e-03
   9.46403691e-03 8.40869524e-03 8.40869524e-03]
  [1.00388303e-04 2.34867278e+01 1.61169566e+02 3.06391755e-03
   9.47630086e-03 8.41959309e-03 8.41959309e-03]
  [1.00498571e-04 2.37454371e+01 1.60331037e+02 3.05438016e-03
   9.45480880e-03 8.40052753e-03 8.40052753e-03]]]

Buffer Table:
[[[1.00876212e-04 2.35058900e+01 1.60817582e+02 3.06218870e-03
   9.47523214e-03 8.41869653e-03 8.41869653e-03]
  [1.00656727e-04 2.34476610e+01 1.60935900e+02 3.06434392e-03
   9.48014893e-03 8.42307856e-03 8.42307856e-03]
  [1.00322806e-04 2.31392781e+01 1.62630061e+02 3.07612662e-03
   9.50044530e-03 8.44177558e-03 8.44177558e-03]]

 [[1.00898955e-04 2.34824861e+01 1.60952558e+02 3.06327760e-03
   9.47199275e-03 8.41650531e-03 8.41650531e-03]
  [3.62999467e-05 2.57196776e+00 2.51433426e+02 4.09608005e-03
   8.33889970e-03 7.71315247e-03 7.74303039e-03]
  [1.00617160e-04 2.32781968e+01 1.61695515e+02 3.07060644e-03
   9.49413871e-03 8.43549487e-03 8.43549487e-03]]

 [[1.01875601e-04 2.35241420e+01 1.61012495e+02 3.06151336e-03
   9.47363335e-03 8.41727196e-03 8.41727196e-03]
  [8.84229548e-05 1.91960594e+01 1.83383262e+02 3.24761823e-03
   9.59615902e-03 8.55120460e-03 8.55120460e-03]
  [1.01241215e-04 2.34525446e+01 1.60664724e+02 3.06415154e-03
   9.47948342e-03 8.42244437e-03 8.42244437e-03]]]

Arbiter Table:
[[[3.15204535e-05 1.04815477e+00 2.58110557e+02 4.17555284e-03
   8.24959698e-03 7.65643916e-03 7.68631709e-03]
  [1.00444685e-04 2.32929859e+01 1.61897816e+02 3.06914046e-03
   9.48845437e-03 8.43042428e-03 8.43042428e-03]
  [1.00630496e-04 2.33260992e+01 1.61545928e+02 3.06792111e-03
   9.48596782e-03 8.42825157e-03 8.42825157e-03]]

 [[9.37550180e-05 2.05684584e+01 1.77934101e+02 3.16993704e-03
   9.71762603e-03 8.63426357e-03 8.63426357e-03]
  [1.01512470e-04 2.37001114e+01 1.59955347e+02 3.05407653e-03
   9.45447451e-03 8.40022416e-03 8.40022416e-03]
  [1.01286611e-04 2.36060975e+01 1.60232963e+02 3.05756005e-03
   9.46227729e-03 8.40716032e-03 8.40716032e-03]]

 [[9.45615258e-05 2.08381315e+01 1.76270428e+02 3.15997379e-03
   9.69511755e-03 8.61426960e-03 8.61426960e-03]
  [1.01433491e-04 2.36126912e+01 1.60442262e+02 3.05730919e-03
   9.46173964e-03 8.40666929e-03 8.40666929e-03]
  [1.01463140e-04 2.36334010e+01 1.60134078e+02 3.05654771e-03
   9.45997318e-03 8.40510937e-03 8.40510937e-03]]]

Page Table:
[[[8.83401232e-05 2.44458504e+01 1.30030792e+02 2.35063649e-03
   7.33703816e-03 6.51944417e-03 6.51944417e-03]
  [4.03690190e-05 4.49056151e+00 2.46310664e+02 3.82820996e-03
   8.75212121e-03 7.96846516e-03 7.99834308e-03]
  [9.08826151e-05 2.60755158e+01 1.16880122e+02 2.24504724e-03
   7.06162723e-03 6.27457444e-03 6.27457444e-03]
  [9.06261882e-05 2.58879962e+01 1.19042662e+02 2.25718785e-03
   7.09322566e-03 6.30262275e-03 6.30262275e-03]]

 [[4.30924530e-05 4.49286535e+00 2.46374953e+02 3.82870675e-03
   8.72548468e-03 7.97192808e-03 7.97192808e-03]
  [9.03623181e-05 2.58614087e+01 1.18590480e+02 2.25892328e-03
   7.09762098e-03 6.30653648e-03 6.30653648e-03]
  [9.06312317e-05 2.59248084e+01 1.17407105e+02 2.25480595e-03
   7.08709268e-03 6.29718997e-03 6.29718997e-03]
  [9.00042750e-05 2.55720368e+01 1.20521903e+02 2.27766638e-03
   7.14648333e-03 6.34997057e-03 6.34997057e-03]]

 [[9.04215342e-05 2.60524735e+01 1.18174199e+02 2.24653070e-03
   7.06547708e-03 6.27797152e-03 6.27797152e-03]
  [9.03717928e-05 2.60029894e+01 1.18070330e+02 2.24973972e-03
   7.07386738e-03 6.28543564e-03 6.28543564e-03]
  [9.29409240e-05 2.60743902e+01 1.16946763e+02 2.24511381e-03
   7.06178465e-03 6.27469306e-03 6.27469306e-03]
  [9.01406116e-05 2.56601207e+01 1.20118487e+02 2.27196353e-03
   7.13166922e-03 6.33680729e-03 6.33680729e-03]]

 [[9.05250103e-05 2.58435204e+01 1.18922997e+02 2.26007312e-03
   7.10074189e-03 6.30931241e-03 6.30931241e-03]
  [8.23619435e-05 2.18850366e+01 1.46449916e+02 2.51658645e-03
   7.76855649e-03 6.90297081e-03 6.90297081e-03]
  [9.17466759e-05 2.60676692e+01 1.16926868e+02 2.24555029e-03
   7.06313684e-03 6.27591680e-03 6.27591680e-03]
  [9.08903223e-05 2.58925066e+01 1.18571145e+02 2.25690330e-03
   7.09258568e-03 6.30209215e-03 6.30209215e-03]]]

Response Table:
[[[7.56303514e-05 7.10312843e+00 1.98435669e+02]
  [7.50859856e-05 7.03133470e+00 1.98682946e+02]]

 [[7.51077038e-05 7.04204869e+00 1.98782437e+02]
  [2.97328907e-05 2.48117338e-01 2.61758316e+02]]]

Refresh Table:
[[[2.97243157e-05 2.63767414e-01 2.61753193e+02]
  [7.48629907e-05 7.88848854e+00 1.98683171e+02]]

 [[7.47335998e-05 7.90153396e+00 1.98715509e+02]
  [7.48412466e-05 7.87832983e+00 1.98559856e+02]]]

Request Buffer Table:
[[[3.64683015e-05 1.23113433e+01 3.90672660e+01]
  [3.72982730e-05 1.23209812e+01 3.89329806e+01]
  [3.85741070e-05 1.22956735e+01 3.96049723e+01]
  [3.66662888e-05 1.22990053e+01 3.97754320e+01]
  [3.67451837e-05 1.23209090e+01 3.94680731e+01]
  [3.69979214e-05 1.23011509e+01 3.99361065e+01]
  [3.72033606e-05 1.05972968e+01 7.47666210e+01]
  [3.61941807e-05 1.23388915e+01 3.93166648e+01]]

 [[3.68000703e-05 1.22851997e+01 3.93669595e+01]
  [3.62908383e-05 1.23775434e+01 3.82348110e+01]
  [3.99855970e-05 1.23586795e+01 3.85635418e+01]
  [3.68768936e-05 1.23206243e+01 3.93735347e+01]
  [3.66632223e-05 1.23405525e+01 3.90746246e+01]
  [3.64985442e-05 1.23189773e+01 3.93702496e+01]
  [3.90141791e-05 1.12678259e+01 6.03113396e+01]
  [3.62358068e-05 1.23570015e+01 3.86773551e+01]]

 [[3.70594117e-05 1.24074645e+01 3.79444708e+01]
  [3.71479187e-05 1.23317137e+01 3.88158583e+01]
  [3.64613409e-05 1.23417590e+01 3.91254626e+01]
  [3.62106484e-05 1.24348372e+01 3.77400410e+01]
  [3.66833335e-05 1.22951842e+01 3.99989024e+01]
  [3.61972423e-05 1.23963965e+01 3.82140242e+01]
  [3.70543481e-05 1.21445737e+01 4.19664461e+01]
  [3.66382064e-05 1.22843101e+01 4.01359819e+01]]

 [[3.66361745e-05 1.23105947e+01 3.92405288e+01]
  [3.62860213e-05 1.23475237e+01 3.84858501e+01]
  [3.64733176e-05 1.23847134e+01 3.84983047e+01]
  [3.88663969e-05 1.23768197e+01 3.84906047e+01]
  [3.65075144e-05 1.23130934e+01 4.00448599e+01]
  [3.61498954e-05 1.23705548e+01 3.86212027e+01]
  [3.70437922e-05 1.21300626e+01 4.19096225e+01]
  [3.64825203e-05 1.23406525e+01 3.92546484e+01]]

 [[3.77228045e-05 1.22983022e+01 3.91659173e+01]
  [3.73218055e-05 1.22757069e+01 3.96339848e+01]
  [3.64813742e-05 1.23341962e+01 3.87950014e+01]
  [3.63386254e-05 1.22810452e+01 4.01255460e+01]
  [3.63867212e-05 1.23392429e+01 3.95596608e+01]
  [3.80357849e-05 1.23648015e+01 3.88617239e+01]
  [3.72344735e-05 1.20995504e+01 4.26197023e+01]
  [3.64394043e-05 1.23267281e+01 3.96714131e+01]]

 [[3.62856475e-05 1.23224936e+01 3.89405548e+01]
  [3.69943891e-05 1.23295342e+01 3.87142524e+01]
  [3.67007998e-05 1.23465942e+01 3.87309035e+01]
  [3.63351251e-05 1.23282516e+01 3.94426471e+01]
  [3.69865671e-05 1.23522646e+01 3.90264812e+01]
  [3.63592398e-05 1.23401898e+01 3.95189310e+01]
  [3.56825992e-05 1.11019650e+01 6.09880018e+01]
  [3.92439233e-05 1.23381282e+01 3.93185742e+01]]

 [[4.09990264e-05 1.21014774e+01 4.28416612e+01]
  [4.00758507e-05 1.21403663e+01 4.16433303e+01]
  [3.65885034e-05 1.22393313e+01 4.05036051e+01]
  [3.70984758e-05 1.22441072e+01 4.03989652e+01]
  [3.66974444e-05 1.22186627e+01 4.06711784e+01]
  [3.69261788e-05 1.22206158e+01 4.07283227e+01]
  [2.96261849e-05 1.73493463e+00 2.32369288e+02]
  [3.79592927e-05 1.22399579e+01 4.02904362e+01]]

 [[3.68625885e-05 1.22981305e+01 3.90609760e+01]
  [3.67441010e-05 1.23710944e+01 3.80143251e+01]
  [3.63189876e-05 1.23253225e+01 3.91417602e+01]
  [3.62573268e-05 1.23985322e+01 3.83765971e+01]
  [3.70122603e-05 1.23117751e+01 3.94454419e+01]
  [3.61896636e-05 1.23603041e+01 3.90950285e+01]
  [3.69570411e-05 1.21282431e+01 4.22278800e+01]
  [3.62246422e-05 1.23294146e+01 3.93456557e+01]]]

Ref Max Post Table:
[[[8.75401828e-05 2.40676061e+01 1.30354259e+02]
  [4.04715083e-05 4.38978786e+00 2.47215512e+02]
  [9.07025583e-05 2.59840172e+01 1.18040407e+02]
  [9.09923676e-05 2.57998994e+01 1.18587262e+02]]

 [[4.31949963e-05 4.39203865e+00 2.47280278e+02]
  [9.13629811e-05 2.56169805e+01 1.19234384e+02]
  [9.04460988e-05 2.59183116e+01 1.18344142e+02]
  [9.10267316e-05 2.58508681e+01 1.18577686e+02]]

 [[9.04778174e-05 2.58486306e+01 1.18279637e+02]
  [8.72687184e-05 2.39476651e+01 1.30880298e+02]
  [9.05952929e-05 2.60045807e+01 1.17871468e+02]
  [9.12713471e-05 2.59983385e+01 1.17902692e+02]]

 [[8.91870582e-05 2.51885945e+01 1.22498241e+02]
  [9.15715170e-05 2.58670867e+01 1.18314808e+02]
  [9.07310406e-05 2.61305803e+01 1.17539064e+02]
  [9.07458318e-05 2.57320928e+01 1.18925612e+02]]]

Ref Max Pull Table:
[[[9.10200117e-05 2.58801888e+01 1.18281178e+02]
  [9.10495241e-05 2.59608553e+01 1.18202267e+02]
  [8.00546808e-05 2.06760246e+01 1.53968074e+02]
  [9.08897603e-05 2.59796975e+01 1.18135259e+02]]

 [[9.07034705e-05 2.60267086e+01 1.18125227e+02]
  [9.13859999e-05 2.60389660e+01 1.17808826e+02]
  [9.36615504e-05 2.59030871e+01 1.18112886e+02]
  [8.65443689e-05 2.39922787e+01 1.31425853e+02]]

 [[8.91599590e-05 2.52926165e+01 1.22277188e+02]
  [9.04309831e-05 2.59690312e+01 1.18393141e+02]
  [8.57654620e-05 2.38168599e+01 1.30591077e+02]
  [4.43856289e-05 6.42526744e+00 2.33517688e+02]]

 [[9.08355777e-05 2.58692638e+01 1.18572654e+02]
  [9.08051255e-05 2.59672425e+01 1.18535631e+02]
  [4.71111775e-05 6.42858983e+00 2.33575242e+02]
  [9.08196006e-05 2.59337470e+01 1.18410467e+02]]]

Max Activate Table:
[[[3.91965559e-05 1.23558421e+01 3.82398773e+01 7.35827908e-04
   2.35879538e-03 2.09598804e-03 2.09598804e-03]
  [3.60982912e-05 1.22703787e+01 3.93884613e+01 7.58142777e-04
   2.42202564e-03 2.15214672e-03 2.15214672e-03]
  [3.64768337e-05 1.24021017e+01 3.79205235e+01 7.23771242e-04
   2.32456798e-03 2.06557722e-03 2.06557722e-03]
  [3.66671351e-05 1.23073547e+01 3.89850421e+01 7.48483006e-04
   2.39478650e-03 2.12797995e-03 2.12797995e-03]
  [3.68408983e-05 1.23856186e+01 3.82925204e+01 7.28046789e-04
   2.33648867e-03 2.07613228e-03 2.07613228e-03]
  [3.66523369e-05 1.22855492e+01 3.98777394e+01 7.54178309e-04
   2.41062642e-03 2.14199062e-03 2.14199062e-03]
  [3.63245346e-05 1.20963090e+01 4.21824156e+01 8.03623410e-04
   2.55134890e-03 2.26706078e-03 2.26706078e-03]
  [3.61449219e-05 1.23291594e+01 3.90640580e+01 7.42741225e-04
   2.37854476e-03 2.11355784e-03 2.11355784e-03]]

 [[3.70738888e-05 1.23539617e+01 3.80727762e+01 7.36316503e-04
   2.36022522e-03 2.09726078e-03 2.09726078e-03]
  [3.61937219e-05 1.23836515e+01 3.81759178e+01 7.28570361e-04
   2.33801578e-03 2.07751553e-03 2.07751553e-03]
  [3.66080315e-05 1.24255379e+01 3.77277811e+01 7.17601150e-04
   2.30708710e-03 2.05007428e-03 2.05007428e-03]
  [3.61644708e-05 1.24180622e+01 3.77504149e+01 7.19507309e-04
   2.31225394e-03 2.05464993e-03 2.05464993e-03]
  [3.63195289e-05 1.22627792e+01 3.98622153e+01 7.60104153e-04
   2.42768500e-03 2.15716913e-03 2.15716913e-03]
  [3.60658569e-05 1.22441242e+01 4.01269321e+01 7.65003002e-04
   2.44146471e-03 2.16940512e-03 2.16940512e-03]
  [3.59978655e-05 1.20931272e+01 4.25436946e+01 8.04457851e-04
   2.55356452e-03 2.26900411e-03 2.26900411e-03]
  [3.61195014e-05 1.23224446e+01 3.92178556e+01 7.44535659e-04
   2.38353133e-03 2.11796871e-03 2.11796871e-03]]

 [[3.60483745e-05 1.23661013e+01 3.82619679e+01 7.33131419e-04
   2.35092402e-03 2.08895362e-03 2.08895362e-03]
  [3.68761374e-05 1.23291369e+01 3.88174220e+01 7.42798665e-04
   2.37838689e-03 2.11335798e-03 2.11335798e-03]
  [3.67336875e-05 1.22962136e+01 3.92045441e+01 7.51420405e-04
   2.40314618e-03 2.13539544e-03 2.13539544e-03]
  [3.61469200e-05 1.23295915e+01 3.88447695e+01 7.42644938e-04
   2.37797514e-03 2.11298524e-03 2.11298524e-03]
  [3.62471133e-05 1.22819987e+01 3.96937296e+01 7.55113681e-04
   2.41373809e-03 2.14483060e-03 2.14483060e-03]
  [3.59299840e-05 1.23006863e+01 3.93425328e+01 7.50224243e-04
   2.39942851e-03 2.13203858e-03 2.13203858e-03]
  [3.69240672e-05 1.20941520e+01 4.24538666e+01 8.04179214e-04
   2.55283670e-03 2.26835620e-03 2.26835620e-03]
  [3.59965091e-05 1.23931666e+01 3.81284365e+01 7.26037710e-04
   2.33093989e-03 2.07123759e-03 2.07123759e-03]]

 [[3.59502180e-05 1.23336646e+01 3.83199215e+01 7.41602264e-04
   2.37531356e-03 2.11067622e-03 2.11067622e-03]
  [3.63198147e-05 1.22870877e+01 3.91856689e+01 7.53775660e-04
   2.40970442e-03 2.14122290e-03 2.14122290e-03]
  [3.68019522e-05 1.22421771e+01 4.01884640e+01 7.65509834e-04
   2.44296741e-03 2.17073828e-03 2.17073828e-03]
  [3.68860943e-05 1.23645820e+01 3.82490421e+01 7.33513486e-04
   2.35233041e-03 2.09027265e-03 2.09027265e-03]
  [3.68960175e-05 1.22534680e+01 4.03208581e+01 7.62584892e-04
   2.43497693e-03 2.16370509e-03 2.16370509e-03]
  [4.03134415e-05 1.22900266e+01 3.99350912e+01 7.53018543e-04
   2.40738918e-03 2.13912678e-03 2.13912678e-03]
  [3.52091602e-05 1.10659152e+01 6.15876326e+01 1.09819826e-03
   3.03845414e-03 2.73070580e-03 2.73070580e-03]
  [3.65631905e-05 1.23215186e+01 3.93586493e+01 7.44774779e-04
   2.38429992e-03 2.11865531e-03 2.11865531e-03]]

 [[3.66010581e-05 1.23127485e+01 3.90249916e+01 7.47083265e-04
   2.39057472e-03 2.12418712e-03 2.12418712e-03]
  [3.63739180e-05 1.23610054e+01 3.81370506e+01 7.34473689e-04
   2.35503188e-03 2.09265360e-03 2.09265360e-03]
  [3.65324332e-05 1.22827618e+01 3.95275098e+01 7.54931492e-04
   2.41279833e-03 2.14392076e-03 2.14392076e-03]
  [3.69946777e-05 1.23134713e+01 3.91566105e+01 7.46847122e-04
   2.38992658e-03 2.12363420e-03 2.12363420e-03]
  [4.02342166e-05 1.23412066e+01 3.87582765e+01 7.39657205e-04
   2.36942729e-03 2.10540099e-03 2.10540099e-03]
  [3.61193297e-05 1.22779859e+01 3.98071592e+01 7.56136508e-04
   2.41632298e-03 2.14709185e-03 2.14709185e-03]
  [3.69583412e-05 1.20666542e+01 4.31471091e+01 8.11374759e-04
   2.57346325e-03 2.28673663e-03 2.28673663e-03]
  [3.85469279e-05 1.23228385e+01 3.94427973e+01 7.44448133e-04
   2.38320000e-03 2.11766606e-03 2.11766606e-03]]

 [[3.60253582e-05 1.22929051e+01 3.89824231e+01 7.52278390e-04
   2.40521500e-03 2.13718623e-03 2.13718623e-03]
  [3.69301959e-05 1.23255009e+01 3.85213279e+01 7.43736645e-04
   2.38113570e-03 2.11580914e-03 2.11580914e-03]
  [3.65934431e-05 1.22919025e+01 3.94887228e+01 7.52532449e-04
   2.40613795e-03 2.13801775e-03 2.13801775e-03]
  [4.07610538e-05 1.22746696e+01 3.98208536e+01 7.57019211e-04
   2.41885391e-03 2.14930896e-03 2.14930896e-03]
  [3.65559446e-05 1.23141022e+01 3.93430698e+01 7.46725985e-04
   2.38958464e-03 2.12333501e-03 2.12333501e-03]
  [3.61956529e-05 1.22921982e+01 3.95295439e+01 7.52444564e-04
   2.40580970e-03 2.13772276e-03 2.13772276e-03]
  [3.60684881e-05 1.20789980e+01 4.26027373e+01 8.08137752e-04
   2.56400866e-03 2.27827889e-03 2.27827889e-03]
  [3.60563700e-05 1.23167214e+01 3.94042231e+01 7.46021636e-04
   2.38780974e-03 2.12177921e-03 2.12177921e-03]]

 [[3.59355249e-05 1.21791114e+01 4.04958037e+01 7.81985666e-04
   2.48993046e-03 2.21249410e-03 2.21249410e-03]
  [3.59989504e-05 1.21808845e+01 4.10654037e+01 7.81515549e-04
   2.48846176e-03 2.21116831e-03 2.21116831e-03]
  [3.66833916e-05 1.21888835e+01 4.06250340e+01 7.79443736e-04
   2.48270677e-03 2.20606411e-03 2.20606411e-03]
  [3.94745069e-05 1.22029720e+01 4.05626175e+01 7.75918995e-04
   2.46751093e-03 2.19333015e-03 2.19333015e-03]
  [3.68614578e-05 1.22049866e+01 4.09257880e+01 7.75229640e-04
   2.47060413e-03 2.19531445e-03 2.19531445e-03]
  [3.61797971e-05 1.21504939e+01 4.13590847e+01 7.89460179e-04
   2.51093509e-03 2.23111393e-03 2.23111393e-03]
  [3.03477804e-05 1.47100186e+00 2.38020096e+02 3.83062285e-03
   7.61942898e-03 7.06374841e-03 7.09362633e-03]
  [3.63939207e-05 1.22156144e+01 4.08810685e+01 7.72436799e-04
   2.46277197e-03 2.18836170e-03 2.18836170e-03]]

 [[3.62636834e-05 1.22546730e+01 3.96437350e+01 7.62243723e-04
   2.43380414e-03 2.16261414e-03 2.16261414e-03]
  [3.61416942e-05 1.23401784e+01 3.84180169e+01 7.39890020e-04
   2.37029450e-03 2.10619784e-03 2.10619784e-03]
  [3.67317528e-05 1.23443772e+01 3.88394069e+01 7.38812251e-04
   2.36736595e-03 2.10360302e-03 2.10360302e-03]
  [3.63220310e-05 1.22991400e+01 3.94177977e+01 7.50600965e-04
   2.40067889e-03 2.13319415e-03 2.13319415e-03]
  [3.70708725e-05 1.22854434e+01 3.98066830e+01 7.54208130e-04
   2.41070472e-03 2.14207075e-03 2.14207075e-03]
  [3.65965518e-05 1.23114119e+01 3.94225719e+01 7.47423471e-04
   2.39162352e-03 2.12514055e-03 2.12514055e-03]
  [3.60778888e-05 1.21325708e+01 4.17203338e+01 7.94162265e-04
   2.52435850e-03 2.24305449e-03 2.24305449e-03]
  [4.16329145e-05 1.23422718e+01 3.90567380e+01 7.39371785e-04
   2.36877310e-03 2.10483461e-03 2.10483461e-03]]]

Cumulative Reward: 11431.508060020215
