Scheduler Table:
[[[1.81130447e-06 1.42553641e-02 1.84296917e+01 3.92564168e-04
   1.14263872e-03 1.01529980e-03 1.01529980e-03]
  [1.71635179e-06 1.42445684e-02 1.91450387e+01 3.92551611e-04
   1.14275396e-03 1.01537210e-03 1.01537210e-03]
  [1.88552983e-06 1.42471434e-02 1.88302008e+01 3.92536489e-04
   1.14282186e-03 1.01542431e-03 1.01542431e-03]]

 [[1.65241650e-06 1.43101580e-02 1.86652638e+01 3.92562165e-04
   1.14300686e-03 1.01565114e-03 1.01565114e-03]
  [3.73600221e-07 1.05776409e-02 2.63425068e+01 4.09576388e-04
   7.70931608e-04 6.18451770e-04 7.67841376e-04]
  [9.26792653e-06 1.11214716e-02 2.42480129e+01 4.74203591e-04
   5.63128957e-04 5.51880589e-04 5.51880589e-04]]

 [[1.97381250e-06 1.43266819e-02 1.87425761e+01 3.92552885e-04
   1.14278717e-03 1.01539427e-03 1.01539427e-03]
  [7.17078513e-06 1.10995961e-02 2.44684454e+01 4.76030917e-04
   5.59275646e-04 5.48944945e-04 5.48944945e-04]
  [1.83544675e-06 1.43010569e-02 1.87614488e+01 3.92552885e-04
   1.14285535e-03 1.01546781e-03 1.01546781e-03]]]

Buffer Table:
[[[3.73600221e-07 1.05776409e-02 2.63425068e+01 4.09576388e-04
   7.70931608e-04 6.18451770e-04 7.67841376e-04]
  [1.89179126e-06 1.42883988e-02 1.89166214e+01 3.92557555e-04
   1.14253009e-03 1.01517721e-03 1.01517721e-03]
  [1.68762621e-06 1.41412068e-02 2.05783826e+01 3.92557628e-04
   1.14300665e-03 1.01563146e-03 1.01563146e-03]]

 [[1.77223128e-06 1.34701838e-02 2.49303319e+01 3.92567187e-04
   1.14279987e-03 1.01544560e-03 1.01544560e-03]
  [1.88992447e-06 1.42604355e-02 1.89525919e+01 3.92564600e-04
   1.14260140e-03 1.01526748e-03 1.01526748e-03]
  [2.04223044e-06 1.43210192e-02 1.80612158e+01 3.92572103e-04
   1.14264079e-03 1.01530879e-03 1.01530879e-03]]

 [[1.92492269e-06 1.42777670e-02 1.81272189e+01 3.92565103e-04
   1.14281758e-03 1.01546277e-03 1.01546277e-03]
  [1.67013452e-06 1.40166900e-02 2.12666535e+01 3.92543933e-04
   1.14285981e-03 1.01546597e-03 1.01546597e-03]
  [1.83000677e-06 1.42070906e-02 1.87580698e+01 3.92542830e-04
   1.14254978e-03 1.01516367e-03 1.01516367e-03]]]

Arbiter Table:
[[[3.73600221e-07 1.05776409e-02 2.63425068e+01 4.09576388e-04
   7.70931608e-04 6.18451770e-04 7.67841376e-04]
  [1.46450293e-06 1.38564491e-02 2.12715256e+01 3.92554611e-04
   1.14314656e-03 1.01577878e-03 1.01577878e-03]
  [1.63158427e-06 1.39098371e-02 2.09143924e+01 3.92573778e-04
   1.14309163e-03 1.01575665e-03 1.01575665e-03]]

 [[1.14344542e-06 1.33156681e-02 2.50419214e+01 3.92579840e-04
   1.14398502e-03 1.01666130e-03 1.01666130e-03]
  [2.26761024e-06 1.43923372e-02 1.80075629e+01 3.92565158e-04
   1.14274443e-03 1.01539363e-03 1.01539363e-03]
  [1.95043984e-06 1.42368124e-02 1.84472430e+01 3.92563915e-04
   1.14269604e-03 1.01532878e-03 1.01532878e-03]]

 [[5.10407697e-06 1.35250411e-02 2.43819427e+01 3.92591182e-04
   1.14414505e-03 1.01683123e-03 1.01683123e-03]
  [1.98207569e-06 1.42519308e-02 1.89747490e+01 3.92560304e-04
   1.14261973e-03 1.01525647e-03 1.01525647e-03]
  [2.02959684e-06 1.42451805e-02 1.86662051e+01 3.92550233e-04
   1.14252717e-03 1.01514484e-03 1.01514484e-03]]]

Page Table:
[[[3.73600221e-07 1.05776409e-02 2.63425068e+01 4.09576388e-04
   7.70931608e-04 6.18451770e-04 7.67841376e-04]
  [3.16866465e-06 1.44183264e-02 1.96518656e+01 3.92554679e-04
   1.14259631e-03 1.01521952e-03 1.01521952e-03]
  [2.99079383e-06 1.42725683e-02 1.87384575e+01 3.92552253e-04
   1.14270443e-03 1.01534085e-03 1.01534085e-03]
  [3.01772008e-06 1.42452413e-02 1.97889956e+01 3.92541922e-04
   1.14258747e-03 1.01519003e-03 1.01519003e-03]]

 [[2.17674995e-06 1.35010850e-02 2.43201271e+01 3.92580687e-04
   1.14302497e-03 1.01568859e-03 1.01568859e-03]
  [3.08094668e-06 1.44463735e-02 1.87086889e+01 3.92558310e-04
   1.14250775e-03 1.01513998e-03 1.01513998e-03]
  [3.18875498e-06 1.44963018e-02 1.84114535e+01 3.92556416e-04
   1.14264744e-03 1.01528800e-03 1.01528800e-03]
  [3.12870093e-06 1.44051539e-02 1.85424750e+01 3.92535986e-04
   1.14237064e-03 1.01500871e-03 1.01500871e-03]]

 [[3.64788314e-06 1.44761853e-02 1.87790708e+01 3.92553533e-04
   1.14219834e-03 1.01483797e-03 1.01483797e-03]
  [2.76036361e-06 1.40566584e-02 2.19724623e+01 3.92561490e-04
   1.14298327e-03 1.01560604e-03 1.01560604e-03]
  [3.41256923e-06 1.44749598e-02 1.85314052e+01 3.92559026e-04
   1.14237725e-03 1.01502125e-03 1.01502125e-03]
  [3.46294096e-06 1.44179046e-02 1.84341461e+01 3.92546132e-04
   1.14265940e-03 1.01526799e-03 1.01526799e-03]]

 [[2.34979645e-06 1.35040898e-02 2.31371904e+01 3.92573241e-04
   1.14313743e-03 1.01579046e-03 1.01579046e-03]
  [3.12990898e-06 1.44351041e-02 1.89727292e+01 3.92552236e-04
   1.14265701e-03 1.01527938e-03 1.01527938e-03]
  [3.24189696e-06 1.44384728e-02 1.86243238e+01 3.92539898e-04
   1.14264306e-03 1.01524159e-03 1.01524159e-03]
  [3.28251192e-06 1.44912493e-02 1.82034793e+01 3.92561218e-04
   1.14272469e-03 1.01537843e-03 1.01537843e-03]]]

Response Table:
[[[6.09851043e-07 1.41666827e-02 1.83678212e+01]
  [5.81969003e-07 1.41549807e-02 1.87902131e+01]]

 [[5.77076278e-07 1.41363661e-02 1.90772114e+01]
  [3.73600221e-07 1.05776409e-02 2.63425068e+01]]]

Refresh Table:
[[[5.78780110e-07 1.42124140e-02 1.88474912e+01]
  [3.09755269e-06 1.31321620e-02 2.45626529e+01]]

 [[6.40160080e-07 1.38112011e-02 2.21771608e+01]
  [3.73600221e-07 1.05776409e-02 2.63425068e+01]]]

Request Buffer Table:
[[[5.43342213e-06 1.69116474e-02 1.85925703e+01]
  [5.95050039e-06 1.67757606e-02 1.88852291e+01]
  [5.48670514e-06 1.68666338e-02 1.93833173e+01]
  [5.29498253e-06 1.71539421e-02 1.88201460e+01]
  [6.29113473e-06 1.68776147e-02 1.92951195e+01]
  [5.14547768e-06 1.67964172e-02 1.94993641e+01]
  [5.26335515e-06 1.68094343e-02 1.92630265e+01]
  [4.73818548e-06 1.48233226e-02 2.45053051e+01]]

 [[6.05115627e-06 1.69182878e-02 1.85958370e+01]
  [4.76036538e-06 1.72117654e-02 1.88676649e+01]
  [8.07148712e-06 1.70891875e-02 1.87360070e+01]
  [5.28256772e-06 1.70255967e-02 1.91542685e+01]
  [5.09845509e-06 1.67575075e-02 1.93756290e+01]
  [5.42983451e-06 1.68033065e-02 1.86584418e+01]
  [5.70739333e-06 1.63999247e-02 2.08447876e+01]
  [5.38563735e-06 1.65807392e-02 1.87581622e+01]]

 [[6.13861076e-06 1.73458156e-02 1.85577953e+01]
  [6.02743923e-06 1.69627078e-02 1.88276737e+01]
  [5.36251649e-06 1.70194527e-02 1.93954453e+01]
  [5.77404764e-06 1.75179333e-02 1.92679126e+01]
  [6.20183128e-06 1.68601034e-02 1.93409273e+01]
  [4.86277771e-06 1.73730313e-02 1.90466147e+01]
  [5.48927692e-06 1.69126911e-02 1.90241643e+01]
  [5.05272875e-06 1.66169752e-02 2.02582858e+01]]

 [[6.15341136e-06 1.75970760e-02 1.93062235e+01]
  [5.87499223e-06 1.70611331e-02 1.89826244e+01]
  [4.85566168e-06 1.68300343e-02 1.98700815e+01]
  [5.47879750e-06 1.70907409e-02 1.91833996e+01]
  [7.38992450e-06 1.68903917e-02 1.96509512e+01]
  [5.47271673e-06 1.72317523e-02 1.93914088e+01]
  [4.60320520e-06 1.70925614e-02 1.90553972e+01]
  [5.75252454e-06 1.70993441e-02 1.92992203e+01]]

 [[5.63053849e-06 1.69662991e-02 1.83894926e+01]
  [5.50152018e-06 1.65496123e-02 1.93922975e+01]
  [6.17253347e-06 1.69845421e-02 1.85730947e+01]
  [5.22903603e-06 1.69791363e-02 1.96430132e+01]
  [5.80936976e-06 1.70467890e-02 1.92472702e+01]
  [5.99873819e-06 1.68513099e-02 1.95725889e+01]
  [7.76020068e-06 1.68721908e-02 1.92728945e+01]
  [5.10102046e-06 1.67475482e-02 2.04266140e+01]]

 [[4.74461373e-06 1.60295954e-02 2.07725203e+01]
  [6.83092464e-06 1.67695941e-02 1.86731122e+01]
  [5.58578546e-06 1.71875976e-02 1.91348316e+01]
  [5.60885569e-06 1.72788696e-02 1.94811917e+01]
  [5.05703065e-06 1.66435092e-02 1.90569095e+01]
  [3.73600221e-07 1.05776409e-02 2.63425068e+01]
  [4.97868836e-06 1.70246823e-02 1.96566618e+01]
  [5.15756021e-06 1.67814120e-02 1.94424332e+01]]

 [[5.16357722e-06 1.68131635e-02 1.91692874e+01]
  [7.11986532e-06 1.67829039e-02 1.93371627e+01]
  [5.20929088e-06 1.66331007e-02 1.91964284e+01]
  [5.41090078e-06 1.71947339e-02 1.90205959e+01]
  [4.93360365e-06 1.67062302e-02 1.87688442e+01]
  [5.03565240e-06 1.52317802e-02 2.28720928e+01]
  [5.29146557e-06 1.67819581e-02 1.90505282e+01]
  [1.98575132e-05 1.79777657e-02 1.93330927e+01]]

 [[4.90598728e-06 1.66089009e-02 1.88791422e+01]
  [6.18351812e-06 1.64872913e-02 1.93880652e+01]
  [4.64426443e-06 1.67460902e-02 1.94885239e+01]
  [8.09494857e-06 1.77603845e-02 1.91297560e+01]
  [4.90402290e-06 1.67602954e-02 1.92531053e+01]
  [6.60754726e-06 1.75747152e-02 1.86674698e+01]
  [6.22480523e-06 1.66540030e-02 2.01123619e+01]
  [1.08891955e-05 1.40458751e-02 2.58126345e+01]]]

Ref Max Post Table:
[[[3.23364482e-06 1.44292433e-02 1.86292182e+01]
  [3.58914420e-06 1.44033478e-02 1.86490849e+01]
  [4.75482671e-06 1.45769546e-02 1.88151226e+01]
  [2.40644272e-06 1.36592355e-02 2.27181402e+01]]

 [[3.80201178e-06 1.44702328e-02 1.83700526e+01]
  [3.50816594e-06 1.45154465e-02 1.83696990e+01]
  [2.70322445e-06 1.41807010e-02 2.14462401e+01]
  [3.78124928e-06 1.44972435e-02 1.84061891e+01]]

 [[4.41026806e-06 1.45042692e-02 1.91391907e+01]
  [3.65092279e-06 1.44715886e-02 1.98008370e+01]
  [3.87791278e-06 1.44802260e-02 1.83799916e+01]
  [4.09246565e-07 1.05835456e-02 2.62916098e+01]]

 [[3.22530198e-06 1.42937247e-02 2.00558177e+01]
  [2.93113606e-06 1.42443400e-02 2.04498043e+01]
  [4.10567760e-07 1.05840141e-02 2.61846563e+01]
  [7.84642923e-06 1.24877904e-02 2.17268081e+01]]]

Ref Max Pull Table:
[[[3.73602622e-07 1.05776414e-02 2.63425064e+01]
  [1.24307010e-06 1.15392924e-02 2.44095615e+01]
  [4.06782532e-06 1.44681229e-02 1.87990485e+01]
  [3.27208756e-06 1.44381228e-02 1.84916228e+01]]

 [[2.69581034e-06 1.16452583e-02 2.43938854e+01]
  [3.71360821e-06 1.44122434e-02 1.86625764e+01]
  [3.54932841e-06 1.43979496e-02 1.85314101e+01]
  [1.77365481e-06 1.24227558e-02 2.25368503e+01]]

 [[3.44881490e-06 1.44569011e-02 1.87767627e+01]
  [3.18435710e-06 1.39055938e-02 2.10445782e+01]
  [3.67015244e-06 1.44890165e-02 1.85478908e+01]
  [3.86637470e-06 1.44684184e-02 1.81964165e+01]]

 [[5.20782479e-07 1.07774346e-02 2.49710092e+01]
  [3.10753909e-06 1.34929596e-02 2.29919018e+01]
  [3.20285541e-06 1.42726749e-02 1.95621189e+01]
  [4.20462467e-06 1.45734168e-02 1.83702926e+01]]]

Max Activate Table:
[[[5.84195604e-06 1.73914635e-02 1.87381359e+01 3.92420294e-04
   1.14051878e-03 1.01292615e-03 1.01292615e-03]
  [5.48835063e-06 1.70066923e-02 1.87710116e+01 3.92436240e-04
   1.14044795e-03 1.01290821e-03 1.01290821e-03]
  [5.38552261e-06 1.71816992e-02 1.90811900e+01 3.92418671e-04
   1.14038637e-03 1.01280238e-03 1.01280238e-03]
  [6.59546156e-06 1.70995937e-02 1.87552701e+01 3.92438859e-04
   1.14081213e-03 1.01325999e-03 1.01325999e-03]
  [7.83069279e-06 1.73434329e-02 1.92864110e+01 3.92433518e-04
   1.14064414e-03 1.01307147e-03 1.01307147e-03]
  [6.42906680e-06 1.72878393e-02 1.89495473e+01 3.92429576e-04
   1.14026589e-03 1.01269188e-03 1.01269188e-03]
  [5.07181116e-06 1.68396365e-02 1.98787174e+01 3.92442546e-04
   1.14063958e-03 1.01311043e-03 1.01311043e-03]
  [5.58158503e-06 1.67980447e-02 1.91940920e+01 3.92446018e-04
   1.14051205e-03 1.01297934e-03 1.01297934e-03]]

 [[5.21055880e-06 1.76946689e-02 1.83875670e+01 3.92404538e-04
   1.14015231e-03 1.01254241e-03 1.01254241e-03]
  [5.77256060e-06 1.77663284e-02 1.94356813e+01 3.92387834e-04
   1.14001984e-03 1.01237817e-03 1.01237817e-03]
  [5.34919229e-06 1.71110795e-02 1.92411542e+01 3.92403726e-04
   1.14025586e-03 1.01264877e-03 1.01264877e-03]
  [4.77697737e-06 1.70222959e-02 1.97781301e+01 3.92429495e-04
   1.14049908e-03 1.01293676e-03 1.01293676e-03]
  [6.46415841e-06 1.67754847e-02 1.86238202e+01 3.92435498e-04
   1.14095349e-03 1.01338256e-03 1.01338256e-03]
  [5.44137610e-06 1.69263452e-02 1.93102396e+01 3.92430563e-04
   1.14080444e-03 1.01322471e-03 1.01322471e-03]
  [5.55528948e-06 1.71874664e-02 1.94666923e+01 3.92412914e-04
   1.14058716e-03 1.01297592e-03 1.01297592e-03]
  [5.85277567e-06 1.69405201e-02 1.92183249e+01 3.92429565e-04
   1.14039739e-03 1.01282626e-03 1.01282626e-03]]

 [[5.50713384e-06 1.70241574e-02 1.92942284e+01 3.92436046e-04
   1.14065774e-03 1.01309252e-03 1.01309252e-03]
  [6.41271931e-06 1.75117831e-02 1.87044813e+01 3.92398669e-04
   1.14041879e-03 1.01279763e-03 1.01279763e-03]
  [5.68248840e-06 1.68583940e-02 1.91695559e+01 3.92447830e-04
   1.14088944e-03 1.01335283e-03 1.01335283e-03]
  [5.08862739e-06 1.74135163e-02 1.91230657e+01 3.92392467e-04
   1.14030763e-03 1.01266404e-03 1.01266404e-03]
  [6.09470731e-06 1.70598388e-02 1.88804982e+01 3.92450967e-04
   1.14085881e-03 1.01332981e-03 1.01332981e-03]
  [5.88621158e-06 1.67688221e-02 1.95464132e+01 3.92436998e-04
   1.14073562e-03 1.01317024e-03 1.01317024e-03]
  [5.44399971e-06 1.68861307e-02 1.98118332e+01 3.92440209e-04
   1.14074005e-03 1.01318971e-03 1.01318971e-03]
  [5.50636268e-06 1.67898642e-02 1.94217302e+01 3.92433189e-04
   1.14029235e-03 1.01272354e-03 1.01272354e-03]]

 [[5.69490158e-06 1.69487986e-02 1.86557161e+01 3.92438219e-04
   1.14041699e-03 1.01286146e-03 1.01286146e-03]
  [6.19628398e-06 1.71192929e-02 1.82134548e+01 3.92455971e-04
   1.14094905e-03 1.01342935e-03 1.01342935e-03]
  [6.22818687e-06 1.70102136e-02 1.90055473e+01 3.92418383e-04
   1.14079279e-03 1.01319860e-03 1.01319860e-03]
  [5.00539919e-06 1.75151872e-02 1.85229842e+01 3.92424836e-04
   1.14083771e-03 1.01325067e-03 1.01325067e-03]
  [4.38998907e-06 1.37128919e-02 2.30047387e+01 4.04507468e-04
   9.09533405e-04 8.38883154e-04 8.38883154e-04]
  [8.12944762e-06 1.74057891e-02 1.94546538e+01 3.92421666e-04
   1.14020098e-03 1.01262181e-03 1.01262181e-03]
  [5.10278869e-06 1.68089392e-02 1.96468330e+01 3.92428484e-04
   1.14050683e-03 1.01293459e-03 1.01293459e-03]
  [5.67278587e-06 1.70347213e-02 1.93266741e+01 3.92419335e-04
   1.14069517e-03 1.01309970e-03 1.01309970e-03]]

 [[5.54780728e-06 1.70335664e-02 1.91399607e+01 3.92439515e-04
   1.14077575e-03 1.01322157e-03 1.01322157e-03]
  [4.87549188e-06 1.74707423e-02 1.84685776e+01 3.92412735e-04
   1.14049396e-03 1.01288418e-03 1.01288418e-03]
  [6.05537775e-06 1.69316659e-02 1.92525264e+01 3.92435794e-04
   1.14077191e-03 1.01321187e-03 1.01321187e-03]
  [6.05074295e-06 1.54850436e-02 2.09088166e+01 3.97438432e-04
   1.04648155e-03 9.42407998e-04 9.42407998e-04]
  [7.29735503e-07 1.09387808e-02 2.59219143e+01 4.08208237e-04
   7.99479747e-04 6.39980916e-04 7.89370522e-04]
  [5.84979085e-06 1.68275900e-02 1.91526904e+01 3.92446444e-04
   1.14079623e-03 1.01324991e-03 1.01324991e-03]
  [5.29150811e-06 1.62910558e-02 2.04211776e+01 3.95471660e-04
   1.11265044e-03 9.91483290e-04 9.91483290e-04]
  [6.81574667e-06 1.70550097e-02 2.00751048e+01 3.92432325e-04
   1.14057834e-03 1.01300914e-03 1.01300914e-03]]

 [[5.35521208e-06 1.71455922e-02 1.86234145e+01 3.92409997e-04
   1.14054487e-03 1.01294827e-03 1.01294827e-03]
  [6.03100546e-06 1.69118776e-02 2.10100986e+01 3.92439720e-04
   1.14033324e-03 1.01277563e-03 1.01277563e-03]
  [5.21425476e-06 1.72723402e-02 1.86396479e+01 3.92411171e-04
   1.14091680e-03 1.01331881e-03 1.01331881e-03]
  [8.03398753e-06 1.72658711e-02 1.93479684e+01 3.92418323e-04
   1.14062122e-03 1.01302738e-03 1.01302738e-03]
  [5.65612324e-06 1.69846648e-02 1.90436059e+01 3.92439986e-04
   1.14058149e-03 1.01302827e-03 1.01302827e-03]
  [5.73241918e-06 1.73554479e-02 1.90988000e+01 3.92410541e-04
   1.14020082e-03 1.01259494e-03 1.01259494e-03]
  [5.48814172e-06 1.68155904e-02 1.94437605e+01 3.92449708e-04
   1.14123314e-03 1.01369583e-03 1.01369583e-03]
  [5.44489147e-06 1.69274997e-02 1.91323354e+01 3.92438412e-04
   1.14079317e-03 1.01323816e-03 1.01323816e-03]]

 [[5.47990832e-06 1.69631201e-02 1.89747313e+01 3.92444234e-04
   1.14081495e-03 1.01326939e-03 1.01326939e-03]
  [5.92893646e-06 1.67177637e-02 1.86664972e+01 3.92427535e-04
   1.14066245e-03 1.01308107e-03 1.01308107e-03]
  [5.58529600e-06 1.71481688e-02 1.89194253e+01 3.92427163e-04
   1.14103037e-03 1.01344643e-03 1.01344643e-03]
  [5.12397926e-06 1.56795016e-02 2.22360588e+01 3.93994170e-04
   1.11576534e-03 9.94630902e-04 9.94630902e-04]
  [6.73714262e-06 1.77118417e-02 1.95040847e+01 3.92384870e-04
   1.13987665e-03 1.01224535e-03 1.01224535e-03]
  [6.31248047e-06 1.66926337e-02 1.93045774e+01 3.92442553e-04
   1.14074193e-03 1.01320148e-03 1.01320148e-03]
  [4.77130789e-06 1.67377209e-02 1.94265706e+01 3.92447783e-04
   1.14090005e-03 1.01336727e-03 1.01336727e-03]
  [5.44871901e-06 1.71377964e-02 1.95225877e+01 3.92413785e-04
   1.14077561e-03 1.01317697e-03 1.01317697e-03]]

 [[5.50209594e-06 1.71496417e-02 1.89318057e+01 3.92402250e-04
   1.14064236e-03 1.01304155e-03 1.01304155e-03]
  [5.38138042e-06 1.73348805e-02 1.90447595e+01 3.92410626e-04
   1.14040319e-03 1.01282087e-03 1.01282087e-03]
  [5.60248326e-06 1.69004586e-02 1.91700679e+01 3.92425934e-04
   1.14061893e-03 1.01303096e-03 1.01303096e-03]
  [5.81301739e-06 1.69654505e-02 1.95528934e+01 3.92438679e-04
   1.14062804e-03 1.01309297e-03 1.01309297e-03]
  [7.92082461e-06 1.70848558e-02 1.86426550e+01 3.92428016e-04
   1.14069042e-03 1.01311150e-03 1.01311150e-03]
  [6.25139728e-06 1.69975284e-02 1.98452345e+01 3.92422333e-04
   1.14036016e-03 1.01276848e-03 1.01276848e-03]
  [4.79395767e-06 1.70714361e-02 1.85234224e+01 3.92413329e-04
   1.14056524e-03 1.01296789e-03 1.01296789e-03]
  [6.53292952e-06 1.72412924e-02 1.94033875e+01 3.92413941e-04
   1.14041035e-03 1.01281735e-03 1.01281735e-03]]]

Cumulative Reward: 11984.540421676522
