Scheduler Table:
[[[1.12592098e-03 1.30202912e-01 2.11410902e+02 4.97211328e-03
   1.01675245e-02 1.01147229e-02 1.01147229e-02]
  [8.77846535e-04 1.25060379e-01 2.24416150e+02 4.97771053e-03
   1.01317029e-02 1.00911407e-02 1.00911407e-02]
  [1.15014842e-03 1.30496469e-01 2.10602992e+02 4.97159827e-03
   1.01708327e-02 1.01168937e-02 1.01168937e-02]]

 [[1.13654911e-03 1.30312666e-01 2.11897129e+02 4.97187606e-03
   1.01690326e-02 1.01157215e-02 1.01157215e-02]
  [3.00786098e-04 9.20152496e-01 2.50076571e+02 4.27942600e-03
   1.45589166e-02 1.27951538e-02 1.29224265e-02]
  [1.14447600e-03 1.30455946e-01 2.10385348e+02 4.97171606e-03
   1.01700788e-02 1.01163974e-02 1.01163974e-02]]

 [[1.14045045e-03 1.30451093e-01 2.10973714e+02 4.97180467e-03
   1.01695071e-02 1.01160237e-02 1.01160237e-02]
  [1.14652722e-03 1.30550149e-01 2.10772323e+02 4.97167446e-03
   1.01703374e-02 1.01165721e-02 1.01165721e-02]
  [1.14709385e-03 1.30467857e-01 2.11185295e+02 4.97166035e-03
   1.01704302e-02 1.01166317e-02 1.01166317e-02]]]

Buffer Table:
[[[1.12428143e-03 1.30171544e-01 2.11337805e+02 4.97210830e-03
   1.01675739e-02 1.01147434e-02 1.01147434e-02]
  [4.03035134e-04 1.13219800e-01 2.43692077e+02 4.81189434e-03
   1.11658398e-02 1.07526753e-02 1.07526753e-02]
  [1.17271130e-03 1.30850014e-01 2.11016009e+02 4.97106001e-03
   1.01742765e-02 1.01191594e-02 1.01191594e-02]]

 [[5.27278307e-04 1.17688615e-01 2.41541283e+02 4.98121108e-03
   1.01082845e-02 1.00750764e-02 1.00750764e-02]
  [4.18458611e-04 9.24417165e-01 2.48044674e+02 4.44253226e-03
   1.35402544e-02 1.21424726e-02 1.22697453e-02]
  [1.12642657e-03 1.30229109e-01 2.11755401e+02 4.97205587e-03
   1.01679032e-02 1.01149637e-02 1.01149637e-02]]

 [[1.11544746e-03 1.30037464e-01 2.12389848e+02 4.97229109e-03
   1.01663933e-02 1.01139724e-02 1.01139724e-02]
  [1.14596286e-03 1.30560541e-01 2.10965054e+02 4.97160996e-03
   1.01707591e-02 1.01168426e-02 1.01168426e-02]
  [1.12948732e-03 1.30245659e-01 2.10967381e+02 4.97199195e-03
   1.01683235e-02 1.01152339e-02 1.01152339e-02]]]

Arbiter Table:
[[[6.76342891e-04 1.20335759e-01 2.36627407e+02 4.98178109e-03
   1.01056774e-02 1.00740035e-02 1.00740035e-02]
  [1.12574133e-03 1.30297568e-01 2.10881144e+02 4.97172315e-03
   1.01700640e-02 1.01163882e-02 1.01163882e-02]
  [1.11783812e-03 1.30165321e-01 2.11333460e+02 4.97188233e-03
   1.01690374e-02 1.01157168e-02 1.01157168e-02]]

 [[1.10870490e-03 1.30125291e-01 2.11615778e+02 4.97209289e-03
   1.01677014e-02 1.01148305e-02 1.01148305e-02]
  [1.14132275e-03 1.30477303e-01 2.10812332e+02 4.97141627e-03
   1.01720373e-02 1.01176822e-02 1.01176822e-02]
  [1.11124747e-03 1.30143127e-01 2.10427954e+02 4.97203291e-03
   1.01680747e-02 1.01150824e-02 1.01150824e-02]]

 [[1.11326759e-03 1.30236518e-01 2.10145792e+02 4.97199815e-03
   1.01683028e-02 1.01152293e-02 1.01152293e-02]
  [1.11645201e-03 1.30203968e-01 2.10555349e+02 4.97192838e-03
   1.01687551e-02 1.01155238e-02 1.01155238e-02]
  [3.01150494e-04 9.20160681e-01 2.50055480e+02 4.27941783e-03
   1.45589689e-02 1.27951882e-02 1.29224609e-02]]]

Page Table:
[[[1.01953187e-03 2.01761416e-01 2.08661976e+02 4.90233508e-03
   1.05377411e-02 1.03513083e-02 1.03513083e-02]
  [1.00323488e-03 2.00204813e-01 2.09506909e+02 4.90390710e-03
   1.05289510e-02 1.03456477e-02 1.03456477e-02]
  [9.90044458e-04 1.99008428e-01 2.07394535e+02 4.90523547e-03
   1.05215300e-02 1.03408628e-02 1.03408628e-02]
  [1.00922869e-03 2.00672312e-01 2.08569153e+02 4.90344166e-03
   1.05315569e-02 1.03473228e-02 1.03473228e-02]]

 [[1.00186507e-03 2.00033837e-01 2.08026437e+02 4.90416095e-03
   1.05275303e-02 1.03447340e-02 1.03447340e-02]
  [1.01719798e-03 2.01238707e-01 2.07706552e+02 4.90275048e-03
   1.05354163e-02 1.03498131e-02 1.03498131e-02]
  [9.95396232e-04 1.99497901e-01 2.06975861e+02 4.90472842e-03
   1.05243630e-02 1.03426892e-02 1.03426892e-02]
  [1.01025980e-03 2.00827333e-01 2.06545508e+02 4.90329403e-03
   1.05323781e-02 1.03478556e-02 1.03478556e-02]]

 [[1.01280926e-03 2.01062394e-01 2.07221565e+02 4.90309827e-03
   1.05334729e-02 1.03485604e-02 1.03485604e-02]
  [1.00539832e-03 2.00295783e-01 2.06654819e+02 4.90377821e-03
   1.05296690e-02 1.03461126e-02 1.03461126e-02]
  [1.00636632e-03 2.00424516e-01 2.06739510e+02 4.90370678e-03
   1.05300718e-02 1.03463689e-02 1.03463689e-02]
  [7.85198099e-04 1.79478450e-01 2.20443757e+02 4.92517932e-03
   1.04101065e-02 1.02690241e-02 1.02690241e-02]]

 [[1.00647864e-03 2.00533612e-01 2.08393175e+02 4.90361888e-03
   1.05305637e-02 1.03466853e-02 1.03466853e-02]
  [1.01625716e-03 2.01270885e-01 2.07215825e+02 4.90279076e-03
   1.05351904e-02 1.03496682e-02 1.03496682e-02]
  [9.94110515e-04 1.99390006e-01 2.06861320e+02 4.90483063e-03
   1.05237975e-02 1.03423196e-02 1.03423196e-02]
  [3.00772642e-04 9.20152428e-01 2.50077197e+02 4.27942610e-03
   1.45589157e-02 1.27951532e-02 1.29224259e-02]]]

Response Table:
[[[7.00034353e-04 1.21407392e-01 2.10941240e+02]
  [5.39073077e-04 1.17617292e-01 2.27355540e+02]]

 [[7.00525706e-04 1.21378476e-01 2.12394807e+02]
  [3.00900081e-04 9.20155202e-01 2.50065295e+02]]]

Refresh Table:
[[[7.44772952e-04 1.21630846e-01 2.11163560e+02]
  [5.68266952e-04 1.16586805e-01 2.21442181e+02]]

 [[7.31528639e-04 1.21431276e-01 2.12150325e+02]
  [3.12368379e-04 9.20492540e-01 2.49412314e+02]]]

Request Buffer Table:
[[[4.66855175e-04 1.66819581e+00 1.61652594e+02]
  [4.80719394e-04 1.74401566e+00 1.60497915e+02]
  [4.83008162e-04 1.72800107e+00 1.61450622e+02]
  [4.65432550e-04 1.68352351e+00 1.62457103e+02]
  [4.66623823e-04 1.67237830e+00 1.64136091e+02]
  [4.88497283e-04 1.71937506e+00 1.60728553e+02]
  [4.83845063e-04 1.73682652e+00 1.62121436e+02]
  [5.09225541e-04 1.73257776e+00 1.60822394e+02]]

 [[4.79066091e-04 1.70032262e+00 1.61666540e+02]
  [4.67815811e-04 1.70140441e+00 1.62473785e+02]
  [4.77549495e-04 1.70646833e+00 1.62617536e+02]
  [4.64334157e-04 1.66828207e+00 1.65024826e+02]
  [4.64203611e-04 1.68810101e+00 1.62564539e+02]
  [4.84966371e-04 1.69821511e+00 1.63072168e+02]
  [4.77976537e-04 1.69570733e+00 1.63189615e+02]
  [4.69609520e-04 1.67238495e+00 1.62840073e+02]]

 [[4.77666919e-04 1.70407331e+00 1.61572095e+02]
  [4.62375627e-04 1.68173917e+00 1.62402537e+02]
  [2.96402932e-04 1.06967086e+00 1.96390934e+02]
  [4.59717032e-04 1.65413542e+00 1.64210875e+02]
  [4.10937383e-04 1.47883330e+00 1.76622359e+02]
  [4.71879251e-04 1.68321195e+00 1.63252900e+02]
  [4.69596755e-04 1.67361241e+00 1.63268567e+02]
  [4.78193366e-04 1.70770823e+00 1.61345950e+02]]

 [[4.87694508e-04 1.72063926e+00 1.60157187e+02]
  [4.60961575e-04 1.69979350e+00 1.62419966e+02]
  [4.82583083e-04 1.74323522e+00 1.61133714e+02]
  [4.62487854e-04 1.68489594e+00 1.63130039e+02]
  [4.65193827e-04 1.71126091e+00 1.62767659e+02]
  [4.77924017e-04 1.68954348e+00 1.63566756e+02]
  [4.78109742e-04 1.71275876e+00 1.61589419e+02]
  [4.65862438e-04 1.66173565e+00 1.64240213e+02]]

 [[4.63744874e-04 1.66004820e+00 1.62317278e+02]
  [4.77103383e-04 1.71940322e+00 1.62208750e+02]
  [3.29079925e-04 1.16048940e+00 1.94013662e+02]
  [4.65348620e-04 1.67708135e+00 1.62650526e+02]
  [4.68300094e-04 1.69647274e+00 1.62277418e+02]
  [4.69594107e-04 1.68791779e+00 1.63222513e+02]
  [4.73384053e-04 1.68440590e+00 1.62077810e+02]
  [4.78750708e-04 1.70028551e+00 1.62893223e+02]]

 [[4.63753956e-04 1.65689264e+00 1.63506621e+02]
  [4.74287852e-04 1.68515026e+00 1.62722621e+02]
  [4.63456799e-04 1.69586840e+00 1.61932352e+02]
  [4.75677229e-04 1.72108731e+00 1.61786944e+02]
  [4.70374304e-04 1.69772322e+00 1.62691409e+02]
  [3.47622112e-04 1.08653574e+00 2.41019492e+02]
  [4.85155308e-04 1.70661698e+00 1.61427890e+02]
  [4.80898837e-04 1.71106321e+00 1.62148615e+02]]

 [[4.75941843e-04 1.72141595e+00 1.61176424e+02]
  [4.70887201e-04 1.68760947e+00 1.62798556e+02]
  [4.75161705e-04 1.68703519e+00 1.62161930e+02]
  [4.65024108e-04 1.67032057e+00 1.62421017e+02]
  [4.66445829e-04 1.68132086e+00 1.62121053e+02]
  [4.68704786e-04 1.71157462e+00 1.60962229e+02]
  [4.74968927e-04 1.69928462e+00 1.63364887e+02]
  [4.78199534e-04 1.69599878e+00 1.62062273e+02]]

 [[4.75313639e-04 1.70767678e+00 1.61856975e+02]
  [4.75685660e-04 1.69917087e+00 1.62438884e+02]
  [4.68248248e-04 1.70145037e+00 1.61874020e+02]
  [4.70606686e-04 1.67574664e+00 1.62967117e+02]
  [4.71547968e-04 1.67835217e+00 1.63142351e+02]
  [4.71134353e-04 1.67538356e+00 1.64058979e+02]
  [4.87973932e-04 1.71836195e+00 1.61501326e+02]
  [4.71918040e-04 1.68646817e+00 1.62516329e+02]]]

Ref Max Post Table:
[[[2.86337171e-04 1.63332316e-01 2.23316210e+02]
  [3.98667209e-04 9.44585710e-01 2.41188787e+02]
  [4.23614707e-04 1.98187281e-01 2.08702679e+02]
  [3.12415501e-04 1.70765258e-01 2.22470956e+02]]

 [[1.17374303e-04 1.23052906e-01 2.41174495e+02]
  [4.26156264e-04 1.98988103e-01 2.08039759e+02]
  [4.28670847e-04 1.99518728e-01 2.08055751e+02]
  [4.33994677e-04 2.00599764e-01 2.07871889e+02]]

 [[4.32596068e-04 2.00126577e-01 2.08727637e+02]
  [2.93210836e-04 1.66236570e-01 2.23843401e+02]
  [4.29387452e-04 1.99722547e-01 2.08537411e+02]
  [4.27273763e-04 1.99366266e-01 2.07939535e+02]]

 [[1.96150321e-04 1.42919812e-01 2.34447273e+02]
  [4.37140085e-04 2.01023957e-01 2.07419619e+02]
  [4.25437940e-04 1.98938857e-01 2.07887901e+02]
  [2.55756820e-04 1.56805198e-01 2.29019950e+02]]]

Ref Max Pull Table:
[[[1.02264872e-03 1.99648364e-01 2.08533881e+02]
  [2.17233182e-05 9.88907490e-02 2.50254576e+02]
  [1.01594978e-03 1.98926043e-01 2.08867499e+02]
  [1.02063173e-03 1.98947112e-01 2.08764303e+02]]

 [[3.03425654e-04 9.20526978e-01 2.50230001e+02]
  [1.03618294e-03 2.00697957e-01 2.08456035e+02]
  [1.00560489e-03 1.98106467e-01 2.07330860e+02]
  [1.02543234e-03 1.99657293e-01 2.06521557e+02]]

 [[1.03346116e-03 2.00314990e-01 2.08526043e+02]
  [8.95331107e-04 1.87067332e-01 2.16479040e+02]
  [6.65865556e-04 1.66700963e-01 2.28357994e+02]
  [1.01475341e-03 1.98868060e-01 2.07179651e+02]]

 [[1.03052174e-03 1.99895278e-01 2.08420990e+02]
  [1.00655379e-03 1.98143249e-01 2.07372695e+02]
  [8.29447799e-04 1.82498618e-01 2.18967756e+02]
  [1.01599900e-03 1.98890498e-01 2.08211226e+02]]]

Max Activate Table:
[[[4.83165203e-04 1.67388847e+00 1.61619851e+02 3.82962728e-03
   8.97808901e-03 8.63620719e-03 8.63620719e-03]
  [4.69626923e-04 1.68524368e+00 1.61296567e+02 3.82110359e-03
   8.97055738e-03 8.62617947e-03 8.62617947e-03]
  [4.79448858e-04 1.70034467e+00 1.62291400e+02 3.80980771e-03
   8.96051916e-03 8.61282993e-03 8.61282993e-03]
  [4.66264688e-04 1.69615347e+00 1.62441105e+02 3.81294659e-03
   8.96330595e-03 8.61653671e-03 8.61653671e-03]
  [5.41639209e-04 1.71329897e+00 1.61745428e+02 3.80004709e-03
   8.95187004e-03 8.60132101e-03 8.60132101e-03]
  [4.58543997e-04 1.67317783e+00 1.63109994e+02 3.83014993e-03
   8.97855663e-03 8.63682822e-03 8.63682822e-03]
  [4.70243809e-04 1.68144790e+00 1.61485423e+02 3.82391572e-03
   8.97303492e-03 8.62948008e-03 8.62948008e-03]
  [4.23590407e-04 1.74903687e+00 1.60966276e+02 3.77325145e-03
   8.92810012e-03 8.56969862e-03 8.56969862e-03]]

 [[4.81432664e-04 1.71221894e+00 1.62237929e+02 3.80092778e-03
   8.95264390e-03 8.60235251e-03 8.60235251e-03]
  [4.89820000e-04 1.69470417e+00 1.61617969e+02 3.81402317e-03
   8.96425153e-03 8.61779721e-03 8.61779721e-03]
  [4.82591567e-04 1.67506693e+00 1.62139820e+02 3.82871548e-03
   8.97730558e-03 8.63515808e-03 8.63515808e-03]
  [4.63071200e-04 1.69626465e+00 1.61775329e+02 3.81281811e-03
   8.96319887e-03 8.61639238e-03 8.61639238e-03]
  [6.79700562e-04 1.81239661e+00 1.58308624e+02 3.72572709e-03
   8.88592269e-03 8.51359301e-03 8.51359301e-03]
  [4.58049161e-04 1.65950980e+00 1.63645605e+02 3.84036478e-03
   8.98763872e-03 8.64890501e-03 8.64890501e-03]
  [4.65106076e-04 1.68211308e+00 1.63518589e+02 3.82342925e-03
   8.97261250e-03 8.62891564e-03 8.62891564e-03]
  [4.69452876e-04 1.68508617e+00 1.62235683e+02 3.82122047e-03
   8.97064949e-03 8.62630514e-03 8.62630514e-03]]

 [[4.82337031e-04 1.66341533e+00 1.63346769e+02 3.83747893e-03
   8.98509377e-03 8.64551525e-03 8.64551525e-03]
  [4.67495079e-04 1.68886437e+00 1.62713521e+02 3.81834414e-03
   8.96809034e-03 8.62290262e-03 8.62290262e-03]
  [5.16070153e-04 1.70011433e+00 1.62005302e+02 3.80992182e-03
   8.96063936e-03 8.61298470e-03 8.61298470e-03]
  [4.81134519e-04 1.71947633e+00 1.60375098e+02 3.79545150e-03
   8.94778870e-03 8.59589265e-03 8.59589265e-03]
  [4.80476950e-04 1.68984804e+00 1.63511948e+02 3.81763448e-03
   8.96746588e-03 8.62207050e-03 8.62207050e-03]
  [4.71576269e-04 1.71645402e+00 1.61851231e+02 3.79774726e-03
   8.94981545e-03 8.59859159e-03 8.59859159e-03]
  [4.96207689e-04 1.65911202e+00 1.64003198e+02 3.84070424e-03
   8.98796633e-03 8.64933368e-03 8.64933368e-03]
  [4.69894471e-04 1.71812237e+00 1.61120602e+02 3.79644063e-03
   8.94867763e-03 8.59707213e-03 8.59707213e-03]]

 [[4.87389057e-04 1.68461639e+00 1.61880925e+02 3.82158119e-03
   8.97096138e-03 8.62672225e-03 8.62672225e-03]
  [5.08640223e-04 1.71736256e+00 1.61609032e+02 3.79705028e-03
   8.94920229e-03 8.59777448e-03 8.59777448e-03]
  [4.66195940e-04 1.67675788e+00 1.62883096e+02 3.82745224e-03
   8.97617957e-03 8.63366156e-03 8.63366156e-03]
  [5.20873545e-04 1.71229311e+00 1.61997846e+02 3.80080281e-03
   8.95255434e-03 8.60222761e-03 8.60222761e-03]
  [4.89373946e-04 1.68295920e+00 1.63795142e+02 3.82282538e-03
   8.97211394e-03 8.62824234e-03 8.62824234e-03]
  [4.98973131e-04 1.70445506e+00 1.61562733e+02 3.80674931e-03
   8.95780922e-03 8.60922390e-03 8.60922390e-03]
  [4.37683449e-04 1.73564174e+00 1.61185629e+02 3.78328821e-03
   8.93701013e-03 8.58155029e-03 8.58155029e-03]
  [4.62116752e-04 1.67615906e+00 1.61502270e+02 3.82789186e-03
   8.97656239e-03 8.63417278e-03 8.63417278e-03]]

 [[5.09129484e-04 1.70725886e+00 1.62662255e+02 3.80463625e-03
   8.95592868e-03 8.60672377e-03 8.60672377e-03]
  [4.88021219e-04 1.70264056e+00 1.61985049e+02 3.80809366e-03
   8.95900845e-03 8.61081750e-03 8.61081750e-03]
  [4.82122185e-04 1.66008777e+00 1.64766166e+02 3.83993454e-03
   8.98726435e-03 8.64840499e-03 8.64840499e-03]
  [4.66604707e-04 1.70429970e+00 1.62075150e+02 3.80679375e-03
   8.95784462e-03 8.60927209e-03 8.60927209e-03]
  [4.85182976e-04 1.68799578e+00 1.62280542e+02 3.81907539e-03
   8.96873145e-03 8.62375758e-03 8.62375758e-03]
  [4.50550580e-04 1.69295779e+00 1.61331462e+02 3.81537411e-03
   8.96547143e-03 8.61941429e-03 8.61941429e-03]
  [4.78225797e-04 1.68832757e+00 1.62722597e+02 3.81876932e-03
   8.96848645e-03 8.62342446e-03 8.62342446e-03]
  [4.80967094e-04 1.70131026e+00 1.61807035e+02 3.80904873e-03
   8.95984611e-03 8.61193447e-03 8.61193447e-03]]

 [[4.67314152e-04 1.68735821e+00 1.63258105e+02 3.81951355e-03
   8.96912801e-03 8.62428301e-03 8.62428301e-03]
  [4.92188426e-04 1.69769236e+00 1.61947225e+02 3.81181468e-03
   8.96229320e-03 8.61519173e-03 8.61519173e-03]
  [4.79644059e-04 1.66953161e+00 1.62903410e+02 3.83287366e-03
   8.98096914e-03 8.64003869e-03 8.64003869e-03]
  [4.63137136e-04 1.68633415e+00 1.61967235e+02 3.82026028e-03
   8.96981221e-03 8.62518734e-03 8.62518734e-03]
  [4.76050934e-04 1.67001617e+00 1.63972949e+02 3.83247903e-03
   8.98062999e-03 8.63958455e-03 8.63958455e-03]
  [3.00770600e-04 9.20155035e-01 2.50077172e+02 4.27942423e-03
   1.45589124e-02 1.27951497e-02 1.29224224e-02]
  [4.86349422e-04 1.69262841e+00 1.63290193e+02 3.81554071e-03
   8.96560591e-03 8.61959679e-03 8.61959679e-03]
  [4.71327944e-04 1.67021804e+00 1.62853316e+02 3.83242170e-03
   8.98057508e-03 8.63951260e-03 8.63951260e-03]]

 [[4.91568121e-04 1.67936144e+00 1.61498319e+02 3.82556721e-03
   8.97449372e-03 8.63142248e-03 8.63142248e-03]
  [4.65036747e-04 1.65928837e+00 1.62962230e+02 3.84052177e-03
   8.98778664e-03 8.64909945e-03 8.64909945e-03]
  [4.80512129e-04 1.68673930e+00 1.61776254e+02 3.81999397e-03
   8.96955683e-03 8.62485277e-03 8.62485277e-03]
  [4.85043036e-04 1.69777208e+00 1.61463891e+02 3.81167898e-03
   8.96218879e-03 8.61504851e-03 8.61504851e-03]
  [4.84631331e-04 1.69285497e+00 1.62710519e+02 3.81544040e-03
   8.96555553e-03 8.61951933e-03 8.61951933e-03]
  [3.70941774e-04 1.33751127e+00 1.84948376e+02 4.08063418e-03
   9.20077001e-03 8.93244682e-03 8.93244682e-03]
  [4.78618718e-04 1.67604656e+00 1.62718571e+02 3.82798166e-03
   8.97664401e-03 8.63428083e-03 8.63428083e-03]
  [4.26424383e-04 1.75171902e+00 1.60826475e+02 3.77117203e-03
   8.92628183e-03 8.56727253e-03 8.56727253e-03]]

 [[4.73955284e-04 1.67565323e+00 1.62338128e+02 3.82833312e-03
   8.97695894e-03 8.63469895e-03 8.63469895e-03]
  [4.90900611e-04 1.69004472e+00 1.61491200e+02 3.81753833e-03
   8.96738884e-03 8.62196577e-03 8.62196577e-03]
  [4.78716154e-04 1.65772999e+00 1.64411008e+02 3.84174367e-03
   8.98886560e-03 8.65053620e-03 8.65053620e-03]
  [5.13439212e-04 1.74561384e+00 1.59803417e+02 3.77580992e-03
   8.93037633e-03 8.57272499e-03 8.57272499e-03]
  [4.68386602e-04 1.70058682e+00 1.62484200e+02 3.80957148e-03
   8.96033174e-03 8.61257459e-03 8.61257459e-03]
  [4.54162425e-04 1.68752098e+00 1.61875676e+02 3.81935009e-03
   8.96897974e-03 8.62408664e-03 8.62408664e-03]
  [4.58419391e-04 1.67600871e+00 1.61985289e+02 3.82807380e-03
   8.97671404e-03 8.63437716e-03 8.63437716e-03]
  [4.70200587e-04 1.68195084e+00 1.63127958e+02 3.82360439e-03
   8.97274110e-03 8.62909397e-03 8.62909397e-03]]]

Cumulative Reward: 6408.163902180261
