Scheduler Table:
[[[3.77977806e-06 1.44106460e-02 1.54279870e+01 9.14081190e-04
   2.64402934e-02 3.42540898e-04 3.42540898e-04]
  [3.79213295e-06 1.44247378e-02 1.58133642e+01 8.91800247e-04
   2.31318710e-02 3.42756094e-04 3.42756094e-04]
  [4.32940997e-06 1.44679009e-02 1.61945871e+01 9.39871572e-04
   2.15675357e-02 3.42574481e-04 3.42574481e-04]]

 [[3.36716211e-06 1.44407840e-02 1.53522518e+01 9.03212184e-04
   3.32751680e-02 3.42336381e-04 3.42336381e-04]
  [3.82320848e-06 1.43948290e-02 1.57132905e+01 8.92497779e-04
   2.39229868e-02 3.43033450e-04 3.43033450e-04]
  [7.49412058e-05 1.37017275e-02 2.69211834e+01 1.07355963e-03
   1.16492622e-02 3.41370234e-04 3.41370234e-04]]

 [[6.70558327e-06 1.44596918e-02 1.56580773e+01 9.33051119e-04
   1.56869650e-02 3.43047979e-04 3.43047979e-04]
  [3.09560569e-05 1.42786792e-02 1.94423513e+01 9.64653199e-04
   2.15281977e-02 3.42159957e-04 3.42159957e-04]
  [2.07262849e-06 1.17478075e-02 4.47395730e+01 1.42806886e-03
   5.21349072e-04 3.38154631e-04 3.67126631e-04]]]

Buffer Table:
[[[5.48207996e-06 1.44222499e-02 1.60278275e+01 9.30149899e-04
   2.49448645e-02 3.42241911e-04 3.42241911e-04]
  [5.71980184e-06 1.44389470e-02 1.60277913e+01 9.28681062e-04
   2.51915653e-02 3.42429558e-04 3.42429558e-04]
  [3.35204669e-06 1.17852193e-02 4.28192348e+01 1.34795104e-03
   5.56191844e-04 3.38450904e-04 3.67422905e-04]]

 [[3.38532651e-06 1.17858461e-02 4.48882621e+01 1.33421848e-03
   4.56413678e-04 3.38520136e-04 3.38520136e-04]
  [3.79800712e-06 1.44174997e-02 1.56444001e+01 9.27013250e-04
   2.16985361e-02 3.42523383e-04 3.42523383e-04]
  [4.18740568e-06 1.44814562e-02 1.58005293e+01 9.19299358e-04
   2.60811039e-02 3.42428324e-04 3.42428324e-04]]

 [[5.42872306e-06 1.44198605e-02 1.57797895e+01 9.12344382e-04
   2.48386373e-02 3.43235258e-04 3.43235258e-04]
  [3.41904409e-06 1.17864651e-02 4.25075538e+01 1.37727721e-03
   4.57513689e-04 3.38559894e-04 3.38559894e-04]
  [4.63039912e-06 1.44001904e-02 1.57155160e+01 9.09130760e-04
   2.38173045e-02 3.42780782e-04 3.42780782e-04]]]

Arbiter Table:
[[[2.07284155e-06 1.17476437e-02 4.47411570e+01 1.42809090e-03
   5.19699831e-04 3.38154496e-04 3.67126496e-04]
  [4.55347799e-06 1.43197799e-02 1.87449999e+01 9.23588851e-04
   1.86163445e-02 3.42239103e-04 3.42239103e-04]
  [8.10745518e-05 1.43146735e-02 1.80129941e+01 9.38152483e-04
   2.25270571e-02 3.41547339e-04 3.41547339e-04]]

 [[4.31717909e-06 1.39886711e-02 2.43657378e+01 9.36249518e-04
   1.30166676e-02 3.41830159e-04 3.41830159e-04]
  [3.98520755e-06 1.44528988e-02 1.56031571e+01 9.47839151e-04
   2.29936536e-02 3.42919697e-04 3.42919697e-04]
  [4.70876959e-06 1.44144872e-02 1.54702250e+01 9.01828518e-04
   2.40583900e-02 3.42985256e-04 3.42985256e-04]]

 [[3.24126767e-04 1.40800100e-02 2.76708933e+01 1.04036582e-03
   1.56718875e-02 3.40643966e-04 3.40643966e-04]
  [4.49800519e-06 1.44398827e-02 1.57525796e+01 9.28838222e-04
   2.38255675e-02 3.42412193e-04 3.42412193e-04]
  [5.10546396e-06 1.44332309e-02 1.58937400e+01 9.32987397e-04
   2.66710449e-02 3.41980358e-04 3.41980358e-04]]]

Page Table:
[[[5.41735040e-06 1.37754351e-02 2.46486243e+01 9.41780062e-04
   3.03043843e-02 3.42453278e-04 3.42453278e-04]
  [2.84765554e-06 1.17639039e-02 4.44886163e+01 1.40118749e-03
   4.30558158e-04 3.38468995e-04 3.38468995e-04]
  [4.62939894e-06 1.47048768e-02 1.63601295e+01 9.93153472e-04
   1.73610400e-02 3.41795988e-04 3.41795988e-04]
  [5.54070971e-06 1.46715664e-02 1.64307333e+01 9.73952967e-04
   2.31592076e-02 3.41977001e-04 3.41977001e-04]]

 [[2.80441886e-06 1.17633169e-02 4.35141921e+01 1.36423975e-03
   5.31731751e-04 3.38362776e-04 3.67334776e-04]
  [4.24460104e-06 1.47504780e-02 1.60407518e+01 9.93157963e-04
   1.76131116e-02 3.42339818e-04 3.42339818e-04]
  [4.13006345e-06 1.46512380e-02 1.78558324e+01 1.03938444e-03
   1.92572477e-02 3.41785808e-04 3.41785808e-04]
  [6.28206715e-06 1.46187257e-02 1.63062936e+01 9.52187016e-04
   2.10258518e-02 3.41642331e-04 3.41642331e-04]]

 [[4.91751902e-06 1.47401291e-02 1.69119370e+01 1.01787296e-03
   3.60059045e-02 3.42242826e-04 3.42242826e-04]
  [1.46677248e-05 1.35762296e-02 3.07093316e+01 9.98703472e-04
   1.63951903e-02 3.41511365e-04 3.41511365e-04]
  [4.35822672e-06 1.47660017e-02 1.65626429e+01 1.00146918e-03
   2.23528857e-02 3.41780841e-04 3.41780841e-04]
  [5.55934279e-06 1.47605000e-02 1.65022218e+01 1.01474465e-03
   1.91315424e-02 3.41527164e-04 3.41527164e-04]]

 [[6.87085527e-06 1.46213654e-02 1.63549686e+01 9.81565038e-04
   2.87938039e-02 3.41780090e-04 3.41780090e-04]
  [4.31270953e-06 1.47472196e-02 1.62394522e+01 9.89942575e-04
   1.80687473e-02 3.41934511e-04 3.41934511e-04]
  [8.09403442e-06 1.44759741e-02 1.98855028e+01 1.00776172e-03
   1.61456547e-02 3.41255256e-04 3.41255256e-04]
  [7.95331163e-06 1.46843412e-02 1.61051760e+01 9.66661991e-04
   2.47581560e-02 3.42040083e-04 3.42040083e-04]]]

Response Table:
[[[4.46768838e-06 1.42406635e-02 1.48078542e+01]
  [3.89288018e-06 1.42292380e-02 1.50997821e+01]]

 [[3.85586580e-06 1.42107592e-02 1.48685472e+01]
  [2.07284155e-06 1.17476437e-02 4.47411570e+01]]]

Refresh Table:
[[[2.07284155e-06 1.17476437e-02 4.47411570e+01]
  [4.80667277e-06 1.41887947e-02 1.46613501e+01]]

 [[4.99170213e-06 1.43356945e-02 1.46839070e+01]
  [4.51638131e-06 1.41720915e-02 1.52112281e+01]]]

Request Buffer Table:
[[[6.36922983e-06 1.88084983e-02 1.64445916e+01]
  [5.97431338e-06 1.87645160e-02 1.63201028e+01]
  [6.78781283e-06 1.89249631e-02 1.64317337e+01]
  [6.35821053e-06 1.89232424e-02 1.64594393e+01]
  [7.80705762e-06 1.91062844e-02 1.64565371e+01]
  [8.70516762e-06 1.85302545e-02 1.66578501e+01]
  [6.47566964e-06 1.88286678e-02 1.68161190e+01]
  [5.63562656e-06 1.63067942e-02 2.48950962e+01]]

 [[6.20616902e-06 1.88307763e-02 1.60516936e+01]
  [1.07137746e-05 1.91472322e-02 1.62702607e+01]
  [7.25264418e-06 1.92498611e-02 1.65843537e+01]
  [8.13670192e-06 1.94129601e-02 1.65099602e+01]
  [6.18955839e-06 1.90379315e-02 1.65864680e+01]
  [8.66094165e-06 1.86426905e-02 1.65729654e+01]
  [6.35449226e-06 1.87287121e-02 1.65952635e+01]
  [7.36628202e-06 1.72102590e-02 1.92629666e+01]]

 [[6.94326308e-06 2.00690742e-02 1.63738710e+01]
  [7.28350298e-06 1.90277302e-02 1.64079408e+01]
  [7.18226041e-06 1.92930147e-02 1.65804332e+01]
  [6.72872175e-06 1.98793194e-02 1.62407414e+01]
  [5.99982404e-06 1.88883175e-02 1.67422104e+01]
  [7.11280395e-06 1.96233200e-02 1.64340304e+01]
  [6.67201200e-06 1.89163435e-02 1.65586466e+01]
  [5.94598581e-06 1.85920453e-02 1.75631243e+01]]

 [[6.94217306e-06 1.94054715e-02 1.63103076e+01]
  [6.49616699e-06 1.92049192e-02 1.62324526e+01]
  [5.58250918e-06 1.88619011e-02 1.68185851e+01]
  [8.07816659e-06 1.92904733e-02 1.63115205e+01]
  [6.27422166e-06 1.87401243e-02 1.70312941e+01]
  [9.13548422e-06 1.91735360e-02 1.65901307e+01]
  [7.21607611e-06 1.95015620e-02 1.63527550e+01]
  [6.27525739e-06 1.88042785e-02 1.67204055e+01]]

 [[6.84324589e-06 1.91658301e-02 1.61669745e+01]
  [8.41190593e-06 1.86186120e-02 1.65666092e+01]
  [6.91688652e-06 1.91695379e-02 1.62721663e+01]
  [5.69913453e-06 1.89877609e-02 1.69089962e+01]
  [6.44877542e-06 1.90200951e-02 1.65841238e+01]
  [5.92496107e-06 1.92566794e-02 1.63564477e+01]
  [7.09989277e-06 1.85639870e-02 1.75981301e+01]
  [6.25158846e-06 1.88560164e-02 1.66318733e+01]]

 [[6.63958562e-06 1.90912036e-02 1.63370528e+01]
  [8.07140104e-06 1.88185077e-02 1.61092082e+01]
  [5.92699758e-06 1.88646918e-02 1.66312262e+01]
  [8.43275756e-06 1.91612332e-02 1.67994125e+01]
  [6.55370340e-06 1.88837329e-02 1.64806389e+01]
  [1.30603744e-05 1.85583024e-02 1.67498571e+01]
  [7.22065541e-06 1.86516755e-02 1.70945721e+01]
  [6.06949915e-06 1.87382657e-02 1.69621467e+01]]

 [[6.00760250e-06 1.89326941e-02 1.61531513e+01]
  [7.61223941e-06 1.83819325e-02 1.62988005e+01]
  [7.34485900e-06 1.91591930e-02 1.64479057e+01]
  [1.82420893e-05 1.90532255e-02 1.63582035e+01]
  [6.57762219e-06 1.87441633e-02 1.62044361e+01]
  [6.12862939e-06 1.87971656e-02 1.63062141e+01]
  [8.75741473e-06 1.88722204e-02 1.65156487e+01]
  [2.80441865e-06 1.17633168e-02 4.35141930e+01]]

 [[5.56982077e-06 1.81763895e-02 1.79047758e+01]
  [6.07062128e-06 1.90041872e-02 1.62687952e+01]
  [6.43499276e-06 1.88857842e-02 1.65265692e+01]
  [6.24413540e-06 1.93500411e-02 1.64371272e+01]
  [6.82176332e-06 1.88586378e-02 1.64270637e+01]
  [6.16624611e-06 1.89399073e-02 1.67925325e+01]
  [2.84765533e-06 1.17639038e-02 4.44886172e+01]
  [5.90049220e-06 1.87536846e-02 1.67720796e+01]]]

Ref Max Post Table:
[[[4.61286023e-06 1.47701614e-02 1.66611548e+01]
  [4.09297106e-06 1.47214047e-02 1.64119005e+01]
  [5.17420536e-06 1.47632430e-02 1.64808353e+01]
  [1.16629908e-05 1.35871946e-02 2.79998806e+01]]

 [[3.99649044e-06 1.46781999e-02 1.89204408e+01]
  [4.27311079e-06 1.47303858e-02 1.62664275e+01]
  [4.39232778e-06 1.46542208e-02 1.63877273e+01]
  [5.44087977e-06 1.47550072e-02 1.63949817e+01]]

 [[7.04557842e-06 1.44309030e-02 1.88761189e+01]
  [4.63985944e-06 1.47442284e-02 1.64600494e+01]
  [9.48285669e-06 1.47116834e-02 1.63306564e+01]
  [4.67245630e-06 1.46530857e-02 1.63232347e+01]]

 [[8.76937998e-06 1.45816407e-02 1.81766711e+01]
  [3.95561636e-06 1.46697018e-02 1.79351093e+01]
  [4.90243650e-06 1.46034754e-02 1.68298503e+01]
  [2.14482148e-06 1.20035918e-02 4.28149684e+01]]]

Ref Max Pull Table:
[[[4.08991935e-06 1.46511073e-02 1.63555958e+01]
  [4.86312801e-06 1.33934856e-02 2.77618341e+01]
  [4.12604154e-06 1.47610795e-02 1.66539306e+01]
  [4.64826818e-06 1.46846232e-02 1.59698366e+01]]

 [[3.63076996e-06 1.41883049e-02 2.19030144e+01]
  [2.07045634e-06 1.17487977e-02 4.47341560e+01]
  [4.79202209e-06 1.46444671e-02 1.62982040e+01]
  [4.49859427e-06 1.47569024e-02 1.67834687e+01]]

 [[4.74766449e-06 1.47640883e-02 1.63764256e+01]
  [4.47166258e-06 1.46901102e-02 1.63845247e+01]
  [4.26798415e-06 1.46992643e-02 1.64815165e+01]
  [4.42481831e-06 1.47546942e-02 1.65112858e+01]]

 [[4.39989464e-06 1.46841150e-02 1.61171182e+01]
  [4.74326669e-06 1.47792122e-02 1.77519770e+01]
  [4.26996920e-06 1.47102394e-02 1.64901590e+01]
  [1.12068867e-05 1.47988898e-02 1.63402266e+01]]]

Max Activate Table:
[[[6.63151073e-06 1.89956780e-02 1.61944792e+01 9.85610990e-04
   2.50213037e-02 3.41619178e-04 3.41619178e-04]
  [6.38305652e-06 1.87098460e-02 1.62177426e+01 9.98869640e-04
   3.75308070e-02 3.41935355e-04 3.41935355e-04]
  [6.24770145e-06 1.91039416e-02 1.66816362e+01 1.01051994e-03
   1.92906415e-02 3.41369091e-04 3.41369091e-04]
  [6.47028400e-06 1.89705350e-02 1.62710644e+01 9.99421240e-04
   3.75582363e-02 3.41854736e-04 3.41854736e-04]
  [7.15283653e-06 1.97378851e-02 1.63764923e+01 9.95729133e-04
   2.02571158e-02 3.41950900e-04 3.41950900e-04]
  [7.01338563e-06 1.89011246e-02 1.69484239e+01 1.02719697e-03
   1.73036186e-02 3.41396431e-04 3.41396431e-04]
  [5.75795647e-06 1.83874213e-02 1.67885233e+01 9.87209589e-04
   1.89434326e-02 3.41722306e-04 3.41722306e-04]
  [6.70624547e-06 1.86399435e-02 1.64824548e+01 9.78977982e-04
   2.07188160e-02 3.41851489e-04 3.41851489e-04]]

 [[6.73290541e-06 1.91510856e-02 1.63473523e+01 1.06837311e-03
   2.27175099e-02 3.41295880e-04 3.41295880e-04]
  [6.07918181e-06 1.90805144e-02 1.71405552e+01 1.02220130e-03
   1.84075278e-02 3.41164302e-04 3.41164302e-04]
  [7.30127426e-06 1.92896881e-02 1.63994031e+01 1.03110632e-03
   3.67511837e-02 3.41574589e-04 3.41574589e-04]
  [6.92648318e-06 1.93856869e-02 1.72906027e+01 1.02591945e-03
   1.81243842e-02 3.40977834e-04 3.40977834e-04]
  [6.41148235e-06 1.86933990e-02 1.62485756e+01 9.78049916e-04
   4.52342251e-02 3.42093429e-04 3.42093429e-04]
  [6.54026454e-06 1.88461127e-02 1.63141612e+01 9.97078686e-04
   4.63407749e-02 3.42046062e-04 3.42046062e-04]
  [5.82944048e-06 1.85429297e-02 1.79741504e+01 1.00211959e-03
   1.90472348e-02 3.40997669e-04 3.40997669e-04]
  [6.33947208e-06 1.87181614e-02 1.61805516e+01 1.00206194e-03
   1.98056883e-02 3.41869469e-04 3.41869469e-04]]

 [[6.84534941e-06 1.91603801e-02 1.68006785e+01 9.68701664e-04
   1.88493921e-02 3.41805069e-04 3.41805069e-04]
  [6.49036684e-06 1.95407792e-02 1.66647205e+01 1.02205079e-03
   2.09377012e-02 3.41212698e-04 3.41212698e-04]
  [9.79509357e-06 1.87885182e-02 1.64103337e+01 9.96289837e-04
   2.03517692e-02 3.42094549e-04 3.42094549e-04]
  [6.44738420e-06 1.95415407e-02 1.63566593e+01 1.03969442e-03
   2.27366734e-02 3.41519391e-04 3.41519391e-04]
  [6.69935758e-06 1.89796832e-02 1.63908175e+01 1.00302769e-03
   1.73650980e-02 3.42094571e-04 3.42094571e-04]
  [6.08936266e-06 1.91216816e-02 1.66765811e+01 1.04896957e-03
   1.78111110e-02 3.41305076e-04 3.41305076e-04]
  [5.83986360e-06 1.84924699e-02 1.67574164e+01 9.80732783e-04
   1.86985607e-02 3.41525943e-04 3.41525943e-04]
  [2.07652747e-05 1.86238092e-02 1.68350036e+01 9.84660629e-04
   2.12892907e-02 3.41849662e-04 3.41849662e-04]]

 [[7.25944993e-06 1.88701560e-02 1.65587261e+01 1.01399360e-03
   2.67754318e-02 3.41707765e-04 3.41707765e-04]
  [6.32153109e-06 1.89087957e-02 1.62255933e+01 1.01635603e-03
   2.77781614e-02 3.41068552e-04 3.41068552e-04]
  [6.99345329e-06 1.85889254e-02 1.66617420e+01 1.00045993e-03
   5.41412521e-02 3.41611463e-04 3.41611463e-04]
  [7.45543746e-06 1.92144177e-02 1.64454006e+01 1.00700085e-03
   1.84017249e-02 3.42051009e-04 3.42051009e-04]
  [8.42833585e-06 1.87223139e-02 1.64525581e+01 1.00231395e-03
   2.06026850e-02 3.41312867e-04 3.41312867e-04]
  [4.37826408e-06 1.73160294e-02 2.01832027e+01 8.87577521e-04
   3.46751125e-02 3.42534464e-04 3.42534464e-04]
  [6.33029519e-06 1.92272187e-02 1.68614854e+01 1.00619439e-03
   2.10854836e-02 3.41618714e-04 3.41618714e-04]
  [6.09848162e-06 1.87336842e-02 1.67855707e+01 1.00781864e-03
   1.87098893e-02 3.41341113e-04 3.41341113e-04]]

 [[6.33769546e-06 1.89974898e-02 1.64602084e+01 9.93073179e-04
   1.74901780e-02 3.41526967e-04 3.41526967e-04]
  [7.20032902e-06 1.89086226e-02 1.61844350e+01 1.01937953e-03
   2.79934558e-02 3.41545582e-04 3.41545582e-04]
  [6.88286594e-06 1.91325662e-02 1.65746311e+01 1.01997917e-03
   2.05676618e-02 3.42089136e-04 3.42089136e-04]
  [6.40664424e-06 1.89369469e-02 1.63969985e+01 1.00081840e-03
   1.71647905e-02 3.41264807e-04 3.41264807e-04]
  [7.95385182e-06 1.93313977e-02 1.65174244e+01 1.02124168e-03
   1.79000738e-02 3.41290475e-04 3.41290475e-04]
  [6.37576302e-06 1.88152050e-02 1.65443739e+01 9.82835862e-04
   4.06153717e-02 3.41682091e-04 3.41682091e-04]
  [6.18038602e-06 1.88338369e-02 1.65921314e+01 1.01406941e-03
   1.69403530e-02 3.41044844e-04 3.41044844e-04]
  [9.21861091e-06 1.84867472e-02 1.73308223e+01 9.87687529e-04
   1.80878671e-02 3.41898261e-04 3.41898261e-04]]

 [[6.67149028e-06 1.90236318e-02 1.65536739e+01 1.01472399e-03
   1.74536046e-02 3.41751522e-04 3.41751522e-04]
  [6.97663759e-06 1.93375707e-02 1.63487415e+01 1.08513691e-03
   1.84350089e-02 3.41271104e-04 3.41271104e-04]
  [9.09373738e-06 1.92945357e-02 1.62475387e+01 1.02293717e-03
   2.07625276e-02 3.41836302e-04 3.41836302e-04]
  [3.37424906e-06 1.66919832e-02 2.16642692e+01 8.40667186e-04
   4.14020416e-02 3.42721098e-04 3.42721098e-04]
  [8.02513469e-06 1.88441008e-02 1.72847480e+01 1.00198118e-03
   1.77652205e-02 3.42133612e-04 3.42133612e-04]
  [6.12860154e-06 1.87957193e-02 1.63598212e+01 9.91658494e-04
   3.08476327e-02 3.42086698e-04 3.42086698e-04]
  [5.93878275e-06 1.85921718e-02 1.63344758e+01 9.76966122e-04
   3.13319542e-02 3.41814397e-04 3.41814397e-04]
  [6.90419247e-06 1.86154154e-02 1.65584726e+01 1.00246906e-03
   2.20253510e-02 3.41397369e-04 3.41397369e-04]]

 [[6.58545563e-06 1.87565870e-02 1.62383666e+01 9.88286604e-04
   1.77947484e-02 3.41719403e-04 3.41719403e-04]
  [6.07302915e-06 1.84653443e-02 1.63942297e+01 9.85636620e-04
   3.55496334e-02 3.41522866e-04 3.41522866e-04]
  [1.05320957e-05 1.91522526e-02 1.63409899e+01 9.84247597e-04
   1.98978070e-02 3.41664696e-04 3.41664696e-04]
  [7.30154242e-06 1.86576738e-02 1.66428395e+01 9.97305052e-04
   3.04992951e-02 3.41358496e-04 3.41358496e-04]
  [8.69922538e-06 1.93130551e-02 1.65849511e+01 9.84680935e-04
   1.91184009e-02 3.41651640e-04 3.41651640e-04]
  [6.37934320e-06 1.86197771e-02 1.64666084e+01 1.01698044e-03
   1.64353749e-02 3.41087806e-04 3.41087806e-04]
  [5.89402509e-06 1.83966104e-02 1.64007599e+01 9.69974123e-04
   1.90808302e-02 3.41868868e-04 3.41868868e-04]
  [4.92698908e-06 1.73052112e-02 2.36528772e+01 1.12361442e-03
   2.42197662e-02 3.41971950e-04 3.41971950e-04]]

 [[6.13112098e-06 1.86246595e-02 1.65927139e+01 9.68851734e-04
   2.15504635e-02 3.42103241e-04 3.42103241e-04]
  [6.49019092e-06 1.88334771e-02 1.66190699e+01 1.00299331e-03
   1.81125244e-02 3.41348076e-04 3.41348076e-04]
  [7.97156111e-06 1.91513968e-02 1.63690220e+01 9.85644296e-04
   1.96645097e-02 3.41350258e-04 3.41350258e-04]
  [6.20894269e-06 1.86254913e-02 1.66058259e+01 1.00365151e-03
   3.07612953e-02 3.42116904e-04 3.42116904e-04]
  [8.76065451e-06 1.88594756e-02 1.65596819e+01 1.03630583e-03
   1.80411645e-02 3.41474870e-04 3.41474870e-04]
  [7.33242929e-06 1.88985989e-02 1.65670016e+01 9.94450899e-04
   1.93476921e-02 3.42041214e-04 3.42041214e-04]
  [5.86019950e-06 1.86773330e-02 1.66817742e+01 1.04345132e-03
   1.68209736e-02 3.40817855e-04 3.40817855e-04]
  [2.07284155e-06 1.17476437e-02 4.47411570e+01 1.42809090e-03
   5.19699831e-04 3.38154496e-04 3.67126496e-04]]]

Cumulative Reward: 12905.801817406691
