Scheduler Table:
[[[6.77274034e-06 1.24045757e-02 1.64469922e+01 2.68269245e+00
   3.02306222e+00 3.33323193e-04 3.33323193e-04]
  [5.11182876e-06 1.19237532e-02 3.08072655e+01 1.84043655e+00
   2.41369806e+00 3.33323181e-04 3.33323181e-04]
  [6.55091005e-06 1.25990261e-02 1.66672941e+01 2.76836097e+00
   3.34654140e+00 3.33323252e-04 3.33323252e-04]]

 [[6.74554019e-06 1.24566871e-02 1.65064537e+01 2.82477893e+00
   3.06309732e+00 3.33323253e-04 3.33323253e-04]
  [1.78544538e-04 7.49574459e-01 3.43876622e+01 4.91963129e-04
   4.06311479e-04 3.60731879e-04 3.77836129e-04]
  [7.13696528e-06 1.24867977e-02 1.65863105e+01 2.90595894e+00
   3.26444662e+00 3.33323294e-04 3.33323294e-04]]

 [[6.92970637e-06 1.25125178e-02 1.69805688e+01 2.47159123e+00
   3.52403344e+00 3.33323118e-04 3.33323118e-04]
  [6.16291623e-06 1.25311023e-02 1.70333697e+01 2.54326029e+00
   3.48110267e+00 3.33323157e-04 3.33323157e-04]
  [7.99895951e-06 1.25845545e-02 1.69222782e+01 2.60302529e+00
   3.44540681e+00 3.33323179e-04 3.33323179e-04]]]

Buffer Table:
[[[4.93667289e-06 1.25872998e-02 1.70997766e+01 2.23858423e+00
   3.66503179e+00 3.33323041e-04 3.33323041e-04]
  [2.32197258e-06 1.03156817e-02 3.46935497e+01 5.68265818e-01
   8.40831916e-01 3.34226510e-04 3.52230984e-04]
  [7.55220441e-06 9.46392213e-03 3.38653519e+01 5.00046782e-04
   3.33323003e-04 3.33322223e-04 3.33322223e-04]]

 [[5.72558223e-06 1.25655709e-02 1.68223611e+01 2.45556942e+00
   3.53561640e+00 3.33323124e-04 3.33323124e-04]
  [8.08682097e-06 1.24662119e-02 1.65054363e+01 2.78347558e+00
   3.34005880e+00 3.33323245e-04 3.33323245e-04]
  [1.79905409e-04 7.50437803e-01 3.27813074e+01 5.56872144e-01
   8.23992429e-01 3.60029424e-04 3.60029424e-04]]

 [[2.36287627e-06 1.03338209e-02 3.39460556e+01 5.79929409e-01
   8.58055686e-01 3.33405029e-04 3.33405029e-04]
  [7.08604978e-06 1.23168565e-02 1.89807735e+01 2.20890090e+00
   3.17285060e+00 3.33323032e-04 3.33323032e-04]
  [3.62745242e-06 1.01907335e-02 2.87187881e+01 5.26918283e-01
   7.52698401e-01 3.33514167e-04 3.33514167e-04]]]

Arbiter Table:
[[[2.27753360e-06 1.04572401e-02 2.85183770e+01 2.22972544e-01
   9.73186181e-01 3.34594885e-04 3.34594885e-04]
  [1.59447553e-06 9.43949916e-03 3.47809599e+01 4.94998051e-04
   3.52357647e-04 3.34145356e-04 3.52149829e-04]
  [4.35571986e-06 1.20593714e-02 2.34834728e+01 2.00299908e+00
   2.42189474e+00 3.33322631e-04 3.33322631e-04]]

 [[1.79176186e-04 7.49579100e-01 3.36785319e+01 4.94474224e-04
   3.96793767e-04 3.60320313e-04 3.68422326e-04]
  [7.06102355e-06 1.25942284e-02 1.67063226e+01 2.91414358e+00
   3.24888987e+00 3.33322816e-04 3.33322816e-04]
  [7.19746936e-06 1.24828210e-02 1.66908764e+01 2.61389473e+00
   3.17940493e+00 3.33322754e-04 3.33322754e-04]]

 [[5.97581920e-06 1.25777697e-02 1.66674066e+01 2.80609087e+00
   3.31382465e+00 3.33322795e-04 3.33322795e-04]
  [3.10567842e-06 1.12904067e-02 3.00705988e+01 7.36096435e-01
   1.87901375e+00 3.33322375e-04 3.33322375e-04]
  [8.02590900e-06 1.25542578e-02 1.68230542e+01 2.70109448e+00
   3.37698886e+00 3.33322771e-04 3.33322771e-04]]]

Page Table:
[[[5.77491894e-06 1.26640612e-02 1.79622781e+01 3.37578022e+00
   2.38390378e+00 3.33322853e-04 3.33322853e-04]
  [4.14238793e-06 1.20425354e-02 2.09290777e+01 2.24201975e+00
   3.25977071e+00 3.33322698e-04 3.33322698e-04]
  [6.13745993e-06 1.26104127e-02 1.79764556e+01 3.71388996e+00
   2.11246276e+00 3.33322857e-04 3.33322857e-04]
  [5.98079216e-06 1.26179519e-02 1.78747610e+01 3.38361991e+00
   2.35908008e+00 3.33322920e-04 3.33322920e-04]]

 [[7.08066905e-06 1.26864064e-02 1.82327741e+01 3.56501316e+00
   2.23184078e+00 3.33322946e-04 3.33322946e-04]
  [5.30004943e-06 1.26646595e-02 1.81790882e+01 3.32370201e+00
   2.41617004e+00 3.33322900e-04 3.33322900e-04]
  [5.44720348e-06 1.26047088e-02 1.79400931e+01 3.37334444e+00
   2.38435437e+00 3.33322901e-04 3.33322901e-04]
  [1.79176186e-04 7.49579100e-01 3.36785319e+01 4.94474224e-04
   3.96793767e-04 3.60320313e-04 3.68422326e-04]]

 [[5.03205874e-06 1.24947217e-02 1.86135364e+01 2.95076815e+00
   2.70848900e+00 3.33322833e-04 3.33322833e-04]
  [5.92671034e-06 1.26459695e-02 1.77594985e+01 3.55148248e+00
   2.24988055e+00 3.33322973e-04 3.33322973e-04]
  [6.79307475e-06 1.26467074e-02 1.77893576e+01 3.43742930e+00
   2.31728951e+00 3.33322880e-04 3.33322880e-04]
  [9.43916999e-06 1.26524130e-02 1.81215203e+01 3.53483509e+00
   2.25724608e+00 3.33322929e-04 3.33322929e-04]]

 [[6.06432782e-06 1.26697950e-02 1.80572037e+01 3.25615604e+00
   2.47959098e+00 3.33322914e-04 3.33322914e-04]
  [1.59447553e-06 9.43949916e-03 3.47809599e+01 4.94998051e-04
   3.52357647e-04 3.34145356e-04 3.52149829e-04]
  [5.83867570e-06 1.25351436e-02 1.78783120e+01 3.06003833e+00
   2.61795000e+00 3.33322853e-04 3.33322853e-04]
  [6.83318460e-06 1.26610569e-02 1.80057957e+01 2.89396742e+00
   2.74692993e+00 3.33322836e-04 3.33322836e-04]]]

Response Table:
[[[8.45290797e-06 1.25185792e-02 1.45528656e+01]
  [1.59447553e-06 9.43949916e-03 3.47809599e+01]]

 [[1.79176186e-04 7.49579100e-01 3.36785319e+01]
  [3.05214635e-06 1.19548597e-02 2.22997451e+01]]]

Refresh Table:
[[[4.20801742e-06 1.25910579e-02 1.46697347e+01]
  [6.97929642e-06 1.16676779e-02 2.38715202e+01]]

 [[5.02149181e-06 1.23606712e-02 1.47381338e+01]
  [1.78544538e-04 7.49574459e-01 3.43876622e+01]]]

Request Buffer Table:
[[[2.41033455e-06 1.36681893e-02 1.88898057e+01]
  [4.04199298e-06 1.33761640e-02 1.90332830e+01]
  [3.47526567e-06 1.35113724e-02 1.85541984e+01]
  [2.27651503e-06 1.36910384e-02 1.91533914e+01]
  [2.97354465e-06 1.36855818e-02 1.89913732e+01]
  [3.99218505e-06 1.36431822e-02 1.88008416e+01]
  [2.47205485e-06 1.35708679e-02 1.79598722e+01]
  [2.79577099e-06 1.38357560e-02 1.86466517e+01]]

 [[2.31762251e-06 1.36414878e-02 1.88010180e+01]
  [7.10568475e-06 1.36034782e-02 1.89441648e+01]
  [2.31735539e-06 1.35523727e-02 1.85656517e+01]
  [4.37196087e-06 1.36602103e-02 1.90644621e+01]
  [1.54042818e-06 1.15237261e-02 3.02791542e+01]
  [9.65183430e-06 1.36341340e-02 1.85304095e+01]
  [2.60020200e-06 1.35479454e-02 1.89732979e+01]
  [9.98265132e-06 1.34962565e-02 1.91249933e+01]]

 [[2.61101204e-06 1.37009807e-02 1.86477532e+01]
  [3.52581897e-06 1.36125726e-02 1.91400711e+01]
  [2.30989370e-06 1.36540969e-02 1.87454427e+01]
  [2.61322309e-06 1.37127323e-02 1.87190093e+01]
  [1.59447553e-06 9.43949916e-03 3.47809599e+01]
  [3.59625447e-06 1.35081651e-02 1.85215798e+01]
  [2.37837732e-06 1.35449260e-02 1.90938305e+01]
  [2.47403200e-06 1.37888564e-02 1.90422840e+01]]

 [[9.02730286e-06 1.35573872e-02 1.87685699e+01]
  [2.84277774e-06 1.33166860e-02 1.91669332e+01]
  [2.31885677e-06 1.34910875e-02 1.86795377e+01]
  [3.42077040e-06 1.36194150e-02 1.83375774e+01]
  [2.54672379e-06 1.35675503e-02 1.85493768e+01]
  [8.29070977e-06 1.35881056e-02 1.86230305e+01]
  [2.39526751e-06 1.34647752e-02 1.87583783e+01]
  [2.74440957e-06 1.37323695e-02 1.87422363e+01]]

 [[4.72893309e-06 1.34444344e-02 1.85961344e+01]
  [2.36640480e-06 1.35156641e-02 1.87188499e+01]
  [1.79176186e-04 7.49579100e-01 3.36785319e+01]
  [2.80234973e-06 1.34639276e-02 1.84047886e+01]
  [5.14931303e-06 1.35986745e-02 1.86297350e+01]
  [3.55843785e-06 1.35849552e-02 1.85123201e+01]
  [3.49788498e-06 1.34227226e-02 1.85875765e+01]
  [6.93906050e-06 1.35433531e-02 1.87408695e+01]]

 [[2.97683635e-06 1.37521428e-02 1.86477210e+01]
  [4.68306454e-06 1.34975905e-02 1.87917171e+01]
  [2.64617472e-06 1.36091370e-02 1.85163908e+01]
  [5.34586027e-06 1.34658754e-02 1.85822107e+01]
  [3.86783468e-06 1.35901709e-02 1.81560515e+01]
  [2.61341924e-06 1.36403522e-02 1.86142744e+01]
  [3.58173080e-06 1.34939055e-02 1.84188968e+01]
  [3.19097632e-06 1.37224894e-02 1.86315610e+01]]

 [[3.77450468e-06 1.36072993e-02 1.86753907e+01]
  [2.48488793e-06 1.37645415e-02 1.81625313e+01]
  [2.28706177e-06 1.34404361e-02 1.83371828e+01]
  [3.19188917e-06 1.36382601e-02 1.88259383e+01]
  [3.07661125e-06 1.35408781e-02 1.86793540e+01]
  [5.02075217e-06 1.35442159e-02 1.91148867e+01]
  [2.69492683e-06 1.35137317e-02 1.84760374e+01]
  [8.68708277e-06 1.28813589e-02 2.34962627e+01]]

 [[1.30211533e-05 1.36071258e-02 1.87898529e+01]
  [6.71083751e-06 1.36495177e-02 1.85319912e+01]
  [2.29416862e-06 1.35213658e-02 1.84917986e+01]
  [7.70448693e-06 1.37866667e-02 1.86803962e+01]
  [3.20989629e-06 1.33969275e-02 1.97422553e+01]
  [1.53609528e-05 1.36302377e-02 1.97548458e+01]
  [2.64910690e-06 1.36610992e-02 1.90755460e+01]
  [8.76258298e-06 1.15944369e-02 4.39482886e+01]]]

Ref Max Post Table:
[[[3.43686798e-06 1.09650688e-02 2.73953315e+01]
  [4.39784641e-06 1.17598116e-02 2.24995448e+01]
  [9.14049466e-06 1.24914489e-02 2.02985899e+01]
  [5.36595940e-06 1.20969958e-02 2.23593552e+01]]

 [[6.31383381e-06 1.26795214e-02 1.82409262e+01]
  [1.78544539e-04 7.49574460e-01 3.43876607e+01]
  [6.26321833e-06 1.26247981e-02 1.81820588e+01]
  [5.22554119e-06 1.24031875e-02 2.01459044e+01]]

 [[8.00795211e-06 1.26161375e-02 1.84219923e+01]
  [4.18371604e-06 1.19176040e-02 3.02884780e+01]
  [5.26523677e-06 1.26462076e-02 1.79382843e+01]
  [4.66117308e-06 1.26783944e-02 1.83056533e+01]]

 [[4.26021447e-06 1.13232306e-02 2.60699700e+01]
  [5.54812615e-06 1.26437938e-02 1.81385678e+01]
  [5.30244015e-06 1.26825197e-02 1.81829184e+01]
  [6.09149936e-06 1.26366390e-02 1.79384081e+01]]]

Ref Max Pull Table:
[[[5.67622134e-06 1.26449862e-02 1.82528634e+01]
  [4.62634337e-06 1.00917845e-02 3.24809998e+01]
  [4.37077647e-06 1.26516643e-02 1.82585603e+01]
  [4.79706865e-06 1.25878755e-02 1.81632950e+01]]

 [[3.56076688e-06 9.45242375e-03 3.10660086e+01]
  [1.79341666e-04 7.49913824e-01 3.43803239e+01]
  [3.65714797e-06 1.15912946e-02 2.28910876e+01]
  [6.82202378e-06 1.26660767e-02 1.83155211e+01]]

 [[4.45223696e-06 1.26466839e-02 1.81580810e+01]
  [8.74881509e-07 1.07854439e-02 2.83433587e+01]
  [5.56231484e-06 1.26685144e-02 1.81358760e+01]
  [7.24949605e-06 1.24805735e-02 1.92870887e+01]]

 [[5.25544119e-06 1.26331161e-02 1.80992983e+01]
  [4.48408902e-06 1.16639808e-02 2.23146928e+01]
  [6.79729514e-06 1.26514612e-02 1.80508520e+01]
  [6.41587875e-06 1.26732712e-02 1.81713094e+01]]]

Max Activate Table:
[[[4.16558016e-06 1.36750353e-02 1.83574173e+01 2.34726409e+00
   9.92672674e-01 3.34490567e-04 3.34490567e-04]
  [3.84238912e-06 1.36156698e-02 1.84324988e+01 3.13128214e+00
   9.24273386e-01 3.34373706e-04 3.34373706e-04]
  [4.41405085e-06 1.35307805e-02 1.82905942e+01 2.57208861e+00
   1.29970067e+00 3.34337909e-04 3.34337909e-04]
  [2.52846161e-06 1.37146927e-02 1.95346578e+01 2.54885019e+00
   5.88320185e-01 3.34532830e-04 3.34532830e-04]
  [3.52170168e-06 1.35785712e-02 1.87067110e+01 2.60749966e+00
   1.19111714e+00 3.34356971e-04 3.34356971e-04]
  [3.17999603e-06 1.36408918e-02 1.88444123e+01 2.82892409e+00
   1.01445114e+00 3.34402355e-04 3.34402355e-04]
  [4.47359095e-06 1.35422078e-02 1.89087419e+01 2.74752729e+00
   1.15751301e+00 3.34359446e-04 3.34359446e-04]
  [2.60338256e-06 1.34487105e-02 2.12334183e+01 2.18798486e+00
   1.10802608e+00 3.34380153e-04 3.34380153e-04]]

 [[4.70670519e-06 1.36545527e-02 1.84036030e+01 2.30614934e+00
   9.94634088e-01 3.34481772e-04 3.34481772e-04]
  [2.78039364e-06 1.39049496e-02 1.78069304e+01 1.66893454e+00
   9.63117224e-01 3.34661968e-04 3.34661968e-04]
  [3.60100129e-06 1.34147986e-02 1.87844830e+01 2.64267301e+00
   1.40385258e+00 3.34246109e-04 3.34246109e-04]
  [4.02507734e-06 1.30030820e-02 2.29349977e+01 1.86800092e+00
   7.16706901e-01 3.34140757e-04 3.34140757e-04]
  [2.14479827e-06 1.36412801e-02 1.93952799e+01 2.52674174e+00
   9.18326033e-01 3.34446005e-04 3.34446005e-04]
  [2.12739371e-06 9.45324624e-03 3.47591475e+01 3.70188661e-03
   1.98437791e-03 3.34146552e-04 3.52151025e-04]
  [4.41564485e-06 1.34535507e-02 1.99112673e+01 2.44270954e+00
   1.12747818e+00 3.34320988e-04 3.34320988e-04]
  [2.44257265e-06 1.36669968e-02 1.89369931e+01 2.60622111e+00
   1.01597551e+00 3.34480522e-04 3.34480522e-04]]

 [[3.00222329e-06 1.36546438e-02 1.85117668e+01 2.79575449e+00
   8.60078737e-01 3.34472939e-04 3.34472939e-04]
  [2.60976094e-06 1.37939594e-02 1.75398292e+01 1.61661361e+00
   1.24654213e+00 3.34555175e-04 3.34555175e-04]
  [2.19307249e-06 1.37141948e-02 1.84650115e+01 2.41483127e+00
   8.36904365e-01 3.34558079e-04 3.34558079e-04]
  [3.31550517e-06 1.34944319e-02 1.83172311e+01 2.60987489e+00
   1.50440492e+00 3.34234926e-04 3.34234926e-04]
  [3.50305578e-06 1.33559005e-02 1.92786950e+01 2.53347437e+00
   1.59930628e+00 3.34197688e-04 3.34197688e-04]
  [2.69100954e-06 1.35945980e-02 1.83795992e+01 2.43849944e+00
   1.12028371e+00 3.34414252e-04 3.34414252e-04]
  [2.66635849e-06 1.32484634e-02 1.82763150e+01 2.06229443e+00
   2.17893002e+00 3.34067750e-04 3.34067750e-04]
  [3.26958365e-06 1.34995155e-02 1.88402110e+01 2.42052164e+00
   1.46188958e+00 3.34304679e-04 3.34304679e-04]]

 [[3.38301110e-06 1.37743021e-02 1.87373356e+01 2.40212852e+00
   4.92077413e-01 3.34629935e-04 3.34629935e-04]
  [4.69535207e-06 1.18398139e-02 2.80527961e+01 7.11000074e-01
   1.37826376e-01 3.33654680e-04 3.33654680e-04]
  [3.19126223e-06 1.34876293e-02 1.84463409e+01 2.38187203e+00
   1.63274975e+00 3.34233217e-04 3.34233217e-04]
  [1.36532133e-05 1.36786077e-02 1.89925969e+01 2.45851854e+00
   8.41871784e-01 3.34539268e-04 3.34539268e-04]
  [3.03800981e-06 1.35572702e-02 1.81638480e+01 2.80081323e+00
   1.24664368e+00 3.34309786e-04 3.34309786e-04]
  [2.75152693e-06 1.35443421e-02 1.83701869e+01 2.46607985e+00
   1.36504763e+00 3.34316624e-04 3.34316624e-04]
  [5.19667608e-06 1.38170536e-02 1.82829054e+01 2.21663655e+00
   1.02372364e+00 3.34571274e-04 3.34571274e-04]
  [4.49163969e-06 1.36465796e-02 1.90067967e+01 2.36442340e+00
   9.72904243e-01 3.34499519e-04 3.34499519e-04]]

 [[3.89719872e-06 1.36178643e-02 1.84518494e+01 2.74377292e+00
   1.13161296e+00 3.34366480e-04 3.34366480e-04]
  [2.16421149e-06 9.45369808e-03 3.40132402e+01 3.77260111e-03
   1.99878325e-03 3.33323443e-04 3.33323443e-04]
  [2.30748168e-05 1.37077913e-02 1.83414023e+01 2.45109912e+00
   8.30966836e-01 3.34512949e-04 3.34512949e-04]
  [1.32725740e-05 1.37322818e-02 1.90656974e+01 2.24833623e+00
   9.63688699e-01 3.34563648e-04 3.34563648e-04]
  [4.47376319e-06 1.36522647e-02 1.89582172e+01 2.55845570e+00
   1.11145047e+00 3.34387628e-04 3.34387628e-04]
  [3.42463995e-06 1.35383890e-02 1.85411668e+01 2.85905521e+00
   1.13255503e+00 3.34340541e-04 3.34340541e-04]
  [2.89972226e-06 1.33186307e-02 1.85394733e+01 2.35082923e+00
   1.82189724e+00 3.34149629e-04 3.34149629e-04]
  [2.11973671e-06 1.36076144e-02 1.84106622e+01 2.74806110e+00
   1.06078764e+00 3.34404852e-04 3.34404852e-04]]

 [[3.00580456e-06 1.34500690e-02 1.99898896e+01 2.32147305e+00
   1.01048815e+00 3.34399083e-04 3.34399083e-04]
  [4.92219059e-06 1.35253095e-02 1.82870462e+01 2.82097145e+00
   1.09405684e+00 3.34353186e-04 3.34353186e-04]
  [2.39354838e-06 1.36060051e-02 1.82042925e+01 2.61398943e+00
   9.81255492e-01 3.34448601e-04 3.34448601e-04]
  [2.81274825e-06 1.35204730e-02 1.86827585e+01 2.31364828e+00
   1.52389824e+00 3.34282914e-04 3.34282914e-04]
  [1.79714682e-04 7.49592686e-01 3.28457016e+01 3.63922336e-03
   1.98747879e-03 3.59951075e-04 3.59951075e-04]
  [2.22852436e-06 1.39145651e-02 1.96264722e+01 2.52028718e+00
   5.37054918e-01 3.34723416e-04 3.34723416e-04]
  [2.94854953e-06 1.36728300e-02 1.90075208e+01 2.46434451e+00
   9.98223690e-01 3.34478989e-04 3.34478989e-04]
  [3.33024709e-06 1.35517537e-02 1.84543380e+01 2.47535751e+00
   1.34091734e+00 3.34339015e-04 3.34339015e-04]]

 [[3.92695121e-06 1.36413401e-02 2.05114559e+01 2.56986291e+00
   7.32779080e-01 3.34468349e-04 3.34468349e-04]
  [3.79899899e-06 1.35075862e-02 1.83892611e+01 2.59041968e+00
   1.28672364e+00 3.34314113e-04 3.34314113e-04]
  [2.60414655e-06 1.34038576e-02 1.83949918e+01 2.35325673e+00
   1.75800043e+00 3.34167892e-04 3.34167892e-04]
  [2.80014422e-06 1.34976675e-02 1.84947080e+01 2.70917459e+00
   1.29704745e+00 3.34306893e-04 3.34306893e-04]
  [3.39236582e-06 1.34512416e-02 1.82711314e+01 2.39493805e+00
   1.57976702e+00 3.34253456e-04 3.34253456e-04]
  [2.38731807e-06 1.35676575e-02 1.86879556e+01 2.41222407e+00
   1.34081492e+00 3.34341884e-04 3.34341884e-04]
  [3.59194325e-06 1.34710749e-02 1.86133926e+01 2.40883646e+00
   1.59913065e+00 3.34239339e-04 3.34239339e-04]
  [2.68662483e-06 1.38183916e-02 1.86793043e+01 2.21283342e+00
   9.99565786e-01 3.34596301e-04 3.34596301e-04]]

 [[3.81777216e-06 1.36794712e-02 1.82306358e+01 2.24671041e+00
   1.09581183e+00 3.34447282e-04 3.34447282e-04]
  [2.48152241e-06 1.36550051e-02 1.89149738e+01 2.72572639e+00
   9.55445509e-01 3.34453968e-04 3.34453968e-04]
  [2.60057257e-06 1.39528329e-02 1.94746848e+01 2.50267733e+00
   5.44996599e-01 3.34739228e-04 3.34739228e-04]
  [2.36999940e-06 1.37145300e-02 1.90094456e+01 2.90497849e+00
   7.09114328e-01 3.34519438e-04 3.34519438e-04]
  [2.15203963e-06 1.15130000e-02 2.65165797e+01 1.20109818e+00
   8.16431854e-01 3.33777179e-04 3.33777179e-04]
  [2.30644744e-06 1.37305370e-02 1.83607127e+01 2.56888368e+00
   8.45545897e-01 3.34548289e-04 3.34548289e-04]
  [3.95615854e-06 1.34840260e-02 1.88885625e+01 2.42930027e+00
   1.54599940e+00 3.34258879e-04 3.34258879e-04]
  [3.30977570e-06 1.34943985e-02 1.87898668e+01 2.39532662e+00
   1.53176336e+00 3.34269239e-04 3.34269239e-04]]]

Cumulative Reward: 16822.316993538796
