Scheduler Table:
[[[1.78889624e-04 8.19679697e-01 1.09421895e+02 3.81142962e-03
   4.81398872e-02 5.80602152e-03 5.80602152e-03]
  [1.79983978e-04 8.21329800e-01 1.09465461e+02 3.80955033e-03
   4.84885569e-02 5.80074215e-03 5.80074215e-03]
  [6.28030801e-05 2.36683829e-01 1.48584381e+02 4.66383509e-03
   6.60464590e-02 7.07608765e-03 7.09765417e-03]]

 [[1.80392084e-04 8.23531358e-01 1.09286127e+02 3.80619855e-03
   4.79687011e-02 5.79751247e-03 5.79751247e-03]
  [1.81388324e-04 8.26644645e-01 1.09265099e+02 3.80273189e-03
   4.74947875e-02 5.78910677e-03 5.78910677e-03]
  [1.62556342e-04 7.34152004e-01 1.15429691e+02 3.93748552e-03
   4.91739277e-02 5.99542438e-03 5.99542438e-03]]

 [[6.28348040e-05 2.36794535e-01 1.48569915e+02 4.66458249e-03
   4.94207763e-02 7.07801904e-03 7.07801904e-03]
  [1.80819281e-04 8.24313179e-01 1.09448821e+02 3.80431695e-03
   4.74142141e-02 5.79328124e-03 5.79328124e-03]
  [1.79270393e-04 8.22900505e-01 1.09377388e+02 3.80590170e-03
   4.77228480e-02 5.79673272e-03 5.79673272e-03]]]

Buffer Table:
[[[1.68173270e-04 7.66663438e-01 1.13402713e+02 3.89696445e-03
   4.84128222e-02 5.93138055e-03 5.93138055e-03]
  [1.81686892e-04 8.30754237e-01 1.09199651e+02 3.79806162e-03
   4.73072262e-02 5.78779157e-03 5.78779157e-03]
  [6.50678281e-05 2.47934201e-01 1.47878606e+02 4.64768757e-03
   6.59579877e-02 7.05315507e-03 7.07472159e-03]]

 [[1.83249473e-04 8.30626589e-01 1.09295163e+02 3.80163063e-03
   4.71833837e-02 5.79145875e-03 5.79145875e-03]
  [1.82678646e-04 8.33462163e-01 1.09190473e+02 3.79314521e-03
   4.73775746e-02 5.77959861e-03 5.77959861e-03]
  [1.79826069e-04 8.24212630e-01 1.09392936e+02 3.80986646e-03
   4.79298407e-02 5.80362420e-03 5.80362420e-03]]

 [[6.51008130e-05 2.48051175e-01 1.47863745e+02 4.64842596e-03
   4.93322568e-02 7.05507361e-03 7.05507361e-03]
  [1.81684135e-04 8.27776010e-01 1.09422000e+02 3.80635063e-03
   4.75566649e-02 5.79580672e-03 5.79580672e-03]
  [1.68530074e-04 7.69700343e-01 1.13143210e+02 3.89564362e-03
   5.04755782e-02 5.92616925e-03 5.92616925e-03]]]

Arbiter Table:
[[[4.50207180e-05 1.47446766e-01 1.54175596e+02 4.79001981e-03
   6.12481711e-02 7.25141014e-03 7.27297666e-03]
  [1.79509112e-04 8.14186160e-01 1.09781773e+02 3.81695866e-03
   4.79406882e-02 5.81086171e-03 5.81086171e-03]
  [1.79805907e-04 8.15171856e-01 1.09697636e+02 3.81183197e-03
   4.81172445e-02 5.81082069e-03 5.81082069e-03]]

 [[1.64033079e-04 7.33987432e-01 1.15302963e+02 3.93374420e-03
   4.96749042e-02 5.99264872e-03 5.99264872e-03]
  [1.81979001e-04 8.26085267e-01 1.09042963e+02 3.80072380e-03
   4.75145291e-02 5.78435691e-03 5.78435691e-03]
  [1.81507085e-04 8.23342813e-01 1.09178543e+02 3.80265315e-03
   4.75370722e-02 5.79155210e-03 5.79155210e-03]]

 [[1.65936422e-04 7.42034253e-01 1.14778869e+02 3.92237520e-03
   4.92114583e-02 5.97552123e-03 5.97552123e-03]
  [1.81385439e-04 8.23539973e-01 1.09174374e+02 3.80350681e-03
   4.78991325e-02 5.78801947e-03 5.78801947e-03]
  [1.82227977e-04 8.24139493e-01 1.09114275e+02 3.80036844e-03
   4.76284390e-02 5.78997373e-03 5.78997373e-03]]]

Page Table:
[[[1.83185980e-04 8.52307416e-01 7.94749438e+01 2.76859183e-03
   3.54162365e-02 4.21219070e-03 4.21219070e-03]
  [1.64143611e-04 7.56239279e-01 8.94149783e+01 3.04041218e-03
   3.90403728e-02 4.63100389e-03 4.63100389e-03]
  [1.82585265e-04 8.46489702e-01 7.95967827e+01 2.78602822e-03
   3.55306234e-02 4.23840569e-03 4.23840569e-03]
  [1.80424003e-04 8.36083196e-01 8.08756220e+01 2.81174044e-03
   3.59308945e-02 4.28279990e-03 4.28279990e-03]]

 [[1.81017149e-04 8.39956604e-01 8.06111464e+01 2.80262948e-03
   3.54593392e-02 4.26577623e-03 4.26577623e-03]
  [1.83081504e-04 8.37124570e-01 8.07735445e+01 2.80667430e-03
   3.55716582e-02 4.27730923e-03 4.27730923e-03]
  [1.80628634e-04 8.37973522e-01 8.03479599e+01 2.80730057e-03
   3.57938610e-02 4.27500376e-03 4.27500376e-03]
  [6.30002608e-05 2.38383600e-01 1.43859322e+02 4.49772941e-03
   6.38097977e-02 6.82544696e-03 6.84701347e-03]]

 [[1.81491137e-04 8.41912061e-01 8.03453656e+01 2.79503324e-03
   3.68189449e-02 4.25808809e-03 4.25808809e-03]
  [1.81415167e-04 8.37659433e-01 8.07030497e+01 2.80940107e-03
   3.54537938e-02 4.27667350e-03 4.27667350e-03]
  [1.81245617e-04 8.40832695e-01 8.01125639e+01 2.80006880e-03
   3.58998011e-02 4.26333598e-03 4.26333598e-03]
  [1.66949755e-04 7.63938101e-01 8.85774044e+01 3.02071996e-03
   3.85701593e-02 4.59956279e-03 4.59956279e-03]]

 [[1.79256074e-04 8.30258789e-01 8.15152815e+01 2.82582429e-03
   3.59675071e-02 4.31002168e-03 4.31002168e-03]
  [6.30320885e-05 2.38495201e-01 1.43842368e+02 4.49838935e-03
   4.71829375e-02 6.82724639e-03 6.82724639e-03]
  [1.79505477e-04 8.31913972e-01 8.09070833e+01 2.82715660e-03
   3.58810973e-02 4.30305916e-03 4.30305916e-03]
  [1.78859125e-04 8.29656364e-01 8.12689150e+01 2.82853834e-03
   3.69559474e-02 4.31328929e-03 4.31328929e-03]]]

Response Table:
[[[9.81819461e-05 4.09771366e-01 1.34774001e+02]
  [9.74747399e-05 4.06999446e-01 1.34917074e+02]]

 [[9.75160797e-05 4.07269689e-01 1.34907860e+02]
  [4.01360812e-05 1.22845166e-01 1.55807874e+02]]]

Refresh Table:
[[[8.82269911e-05 3.76390615e-01 1.37337985e+02]
  [4.79765719e-05 1.63083804e-01 1.53159952e+02]]

 [[4.80004902e-05 1.63155762e-01 1.53147895e+02]
  [9.45253402e-05 4.05897851e-01 1.34838524e+02]]]

Request Buffer Table:
[[[8.01761834e-05 3.82798936e-01 2.68912902e+01]
  [8.10448329e-05 3.82973541e-01 2.68809935e+01]
  [7.98445705e-05 3.82484128e-01 2.72297423e+01]
  [8.13536378e-05 3.82604527e-01 2.71888315e+01]
  [8.01779892e-05 3.82993556e-01 2.69957263e+01]
  [8.02162943e-05 3.82649378e-01 2.71625102e+01]
  [7.46739497e-05 3.47735676e-01 4.50391172e+01]
  [8.03235162e-05 3.83325284e-01 2.68879099e+01]]

 [[8.01452169e-05 3.82245379e-01 2.71915032e+01]
  [8.05548408e-05 3.84095074e-01 2.63901265e+01]
  [8.01248140e-05 3.83734976e-01 2.65626000e+01]
  [8.03727747e-05 3.83023148e-01 2.69903687e+01]
  [8.19560599e-05 3.83342257e-01 2.67737313e+01]
  [8.03701141e-05 3.83061239e-01 2.69443709e+01]
  [7.64776485e-05 3.61278521e-01 3.78625308e+01]
  [8.02690370e-05 3.83664007e-01 2.65529435e+01]]

 [[8.48308948e-05 3.84523934e-01 2.61766544e+01]
  [8.03086014e-05 3.83169998e-01 2.68015605e+01]
  [8.01796818e-05 3.83477312e-01 2.68405485e+01]
  [8.07875221e-05 3.85202975e-01 2.58483525e+01]
  [8.04908652e-05 3.82477351e-01 2.73032426e+01]
  [8.03985580e-05 3.84519970e-01 2.62224183e+01]
  [7.99594907e-05 3.79602251e-01 2.85950768e+01]
  [8.01676024e-05 3.82274594e-01 2.73527302e+01]]

 [[8.03545778e-05 3.82811712e-01 2.69183637e+01]
  [8.02574783e-05 3.83482629e-01 2.66366842e+01]
  [8.03342566e-05 3.84246734e-01 2.63182794e+01]
  [8.36926551e-05 3.84103597e-01 2.64036520e+01]
  [8.12300442e-05 3.82802440e-01 2.70928194e+01]
  [8.03353815e-05 3.84030825e-01 2.64527656e+01]
  [8.00641418e-05 3.79329272e-01 2.87329118e+01]
  [8.41183795e-05 3.83385609e-01 2.67307377e+01]]

 [[8.03615142e-05 3.82523916e-01 2.70797350e+01]
  [8.11115620e-05 3.82114763e-01 2.73589651e+01]
  [8.39466115e-05 3.83213431e-01 2.67917419e+01]
  [8.03046490e-05 3.82275935e-01 2.74009937e+01]
  [8.08088052e-05 3.83261252e-01 2.68646578e+01]
  [8.02780547e-05 3.83888161e-01 2.65235617e+01]
  [7.96588469e-05 3.78708886e-01 2.91072404e+01]
  [8.02511694e-05 3.83104357e-01 2.69698758e+01]]

 [[7.99698413e-05 3.83079466e-01 2.68165393e+01]
  [7.99662964e-05 3.83153800e-01 2.68071496e+01]
  [8.16609884e-05 3.83532396e-01 2.66209803e+01]
  [8.03446291e-05 3.83155476e-01 2.69562829e+01]
  [8.06771877e-05 3.83617730e-01 2.66949325e+01]
  [8.05089599e-05 3.83405338e-01 2.68349569e+01]
  [8.04287844e-05 3.79441341e-01 2.87547651e+01]
  [8.01630789e-05 3.83357096e-01 2.68223344e+01]]

 [[7.97644036e-05 3.78628405e-01 2.89834979e+01]
  [8.00438411e-05 3.79512232e-01 2.86428373e+01]
  [7.96786033e-05 3.81403248e-01 2.77261016e+01]
  [8.11187551e-05 3.81513754e-01 2.76312393e+01]
  [8.01315391e-05 3.80956023e-01 2.79489423e+01]
  [7.99680164e-05 3.81511710e-01 2.76205256e+01]
  [4.10993600e-05 1.29294232e-01 1.50060590e+02]
  [8.16605393e-05 3.81428214e-01 2.77735979e+01]]

 [[8.06303884e-05 3.82502922e-01 2.70403452e+01]
  [8.05878789e-05 3.83915862e-01 2.64069331e+01]
  [7.99180311e-05 3.83087782e-01 2.69607198e+01]
  [8.03441782e-05 3.84536901e-01 2.62994325e+01]
  [8.05552325e-05 3.82834240e-01 2.70219022e+01]
  [8.08286975e-05 3.83869522e-01 2.65880171e+01]
  [7.98853129e-05 3.79286351e-01 2.87767794e+01]
  [8.02602468e-05 3.83131207e-01 2.69737706e+01]]]

Ref Max Post Table:
[[[5.19816149e-05 1.84610194e-01 1.49113394e+02]
  [1.79830966e-04 8.38557813e-01 8.10601732e+01]
  [1.80667102e-04 8.44633329e-01 8.05150882e+01]
  [1.80597599e-04 8.40037587e-01 8.10159991e+01]]

 [[1.69186820e-04 7.86091243e-01 8.66207772e+01]
  [1.80226262e-04 8.42283925e-01 8.06826747e+01]
  [1.83098921e-04 8.48153746e-01 8.02093931e+01]
  [1.81988080e-04 8.46958305e-01 8.03015127e+01]]

 [[1.67957775e-04 7.78384426e-01 8.73683894e+01]
  [1.81554725e-04 8.46057860e-01 8.03863114e+01]
  [1.81219780e-04 8.47992250e-01 8.02277187e+01]
  [1.81771816e-04 8.47744739e-01 8.03139124e+01]]

 [[1.76574107e-04 8.16219971e-01 8.34084867e+01]
  [1.81103464e-04 8.44947419e-01 8.05007461e+01]
  [1.81852618e-04 8.50584360e-01 8.00183086e+01]
  [1.80903069e-04 8.39443135e-01 8.10577553e+01]]]

Ref Max Pull Table:
[[[5.86803659e-05 2.17811822e-01 1.45659942e+02]
  [1.80345823e-04 8.41156453e-01 8.09860814e+01]
  [1.82300642e-04 8.44220628e-01 8.06928252e+01]
  [1.81549666e-04 8.40511939e-01 8.11032592e+01]]

 [[1.68060606e-04 7.76945567e-01 8.76647985e+01]
  [1.81409428e-04 8.47020629e-01 8.04841415e+01]
  [1.81698664e-04 8.46579904e-01 8.04620426e+01]
  [1.81129687e-04 8.42808686e-01 8.08257501e+01]]

 [[1.68710380e-04 7.77598180e-01 8.75195628e+01]
  [1.82122885e-04 8.48906718e-01 8.03117790e+01]
  [1.82437640e-04 8.51485708e-01 8.00703509e+01]
  [1.82421648e-04 8.48079603e-01 8.04414429e+01]]

 [[1.80041180e-04 8.35321175e-01 8.14716413e+01]
  [1.82828696e-04 8.49749112e-01 8.03095977e+01]
  [1.82463439e-04 8.47729972e-01 8.05193102e+01]
  [1.82376880e-04 8.49558507e-01 8.02628188e+01]]]

Max Activate Table:
[[[8.04177453e-05 3.84031922e-01 2.57607448e+01 8.96692424e-04
   1.08739777e-02 1.37023784e-03 1.37023784e-03]
  [8.02648312e-05 3.80897208e-01 2.72614346e+01 9.54162825e-04
   1.19320803e-02 1.45262191e-03 1.45262191e-03]
  [7.95159585e-05 3.77457452e-01 2.90018289e+01 1.00729200e-03
   1.27174319e-02 1.53988600e-03 1.53988600e-03]
  [8.07637686e-05 3.81532065e-01 2.71225356e+01 9.41521459e-04
   1.16273083e-02 1.43653042e-03 1.43653042e-03]
  [8.11968813e-05 3.83447785e-01 2.62367833e+01 9.09328347e-04
   3.06256102e-02 1.38817504e-03 1.38817504e-03]
  [8.05389833e-05 3.81395062e-01 2.72907962e+01 9.47867686e-04
   1.14329938e-02 1.44113236e-03 1.44113236e-03]
  [8.04667948e-05 3.82586786e-01 2.65962196e+01 9.21388537e-04
   1.11491777e-02 1.40867192e-03 1.40867192e-03]
  [8.09557861e-05 3.82350853e-01 2.66797041e+01 9.29867223e-04
   1.27552502e-02 1.41559393e-03 1.41559393e-03]]

 [[8.02031390e-05 3.82420188e-01 2.64916913e+01 9.27394069e-04
   1.15211229e-02 1.41395212e-03 1.41395212e-03]
  [8.06161521e-05 3.83556990e-01 2.59843561e+01 9.14009133e-04
   1.11669187e-02 1.38439887e-03 1.38439887e-03]
  [7.98634323e-05 3.78695132e-01 2.85026705e+01 9.91780949e-04
   1.20299791e-02 1.51089126e-03 1.51089126e-03]
  [8.05612254e-05 3.83427572e-01 2.61896022e+01 9.13074021e-04
   1.25623457e-02 1.38935586e-03 1.38935586e-03]
  [8.05118187e-05 3.80568360e-01 2.75803383e+01 9.58076316e-04
   1.19153096e-02 1.45967386e-03 1.45967386e-03]
  [8.06396983e-05 3.81578762e-01 2.70339540e+01 9.42427759e-04
   1.17894007e-02 1.43491478e-03 1.43491478e-03]
  [8.29535892e-05 3.81860393e-01 2.70241165e+01 9.37075763e-04
   1.12349490e-02 1.42815231e-03 1.42815231e-03]
  [8.15852271e-05 3.82561461e-01 2.66026051e+01 9.26523243e-04
   1.20278202e-02 1.40934401e-03 1.40934401e-03]]

 [[7.96744624e-05 3.79489944e-01 2.79273931e+01 9.77021780e-04
   1.32421782e-02 1.48755806e-03 1.48755806e-03]
  [7.98742232e-05 3.79520742e-01 2.80270329e+01 9.77711828e-04
   1.17911130e-02 1.48896494e-03 1.48896494e-03]
  [4.46797393e-05 1.53568139e-01 1.38213712e+02 4.29288876e-03
   5.63524536e-02 6.49739631e-03 6.51896283e-03]
  [8.21627867e-05 3.80443997e-01 2.76245221e+01 9.61183988e-04
   1.20982803e-02 1.46449374e-03 1.46449374e-03]
  [8.09840818e-05 3.79686948e-01 2.79686534e+01 9.71367060e-04
   1.17270181e-02 1.48155437e-03 1.48155437e-03]
  [8.04002779e-05 3.79365483e-01 2.81076309e+01 9.77374225e-04
   1.24971511e-02 1.49157660e-03 1.49157660e-03]
  [7.97509329e-05 3.77115487e-01 2.92834841e+01 1.01496674e-03
   1.22295672e-02 1.54244543e-03 1.54244543e-03]
  [8.10799700e-05 3.80322380e-01 2.76902968e+01 9.59699356e-04
   1.47832689e-02 1.46783198e-03 1.46783198e-03]]

 [[8.01737063e-05 3.82053854e-01 2.66343520e+01 9.31334210e-04
   1.53649827e-02 1.42177565e-03 1.42177565e-03]
  [8.05218336e-05 3.82112290e-01 2.66859508e+01 9.33886659e-04
   1.17189231e-02 1.42134283e-03 1.42134283e-03]
  [7.94535768e-05 3.77617354e-01 2.89501292e+01 1.00469311e-03
   1.27067182e-02 1.53404414e-03 1.53404414e-03]
  [8.08234051e-05 3.83009292e-01 2.63581047e+01 9.20175718e-04
   1.21597092e-02 1.39831518e-03 1.39831518e-03]
  [8.03868075e-05 3.81280036e-01 2.72945914e+01 9.46620299e-04
   1.18810331e-02 1.43976051e-03 1.43976051e-03]
  [8.07857493e-05 3.81442689e-01 2.72746930e+01 9.46824215e-04
   1.15913894e-02 1.43940474e-03 1.43940474e-03]
  [8.44763655e-05 3.82953328e-01 2.64533608e+01 9.21394145e-04
   1.12204348e-02 1.40065179e-03 1.40065179e-03]
  [8.06533034e-05 3.81734275e-01 2.70356398e+01 9.42944549e-04
   1.26285803e-02 1.43246222e-03 1.43246222e-03]]

 [[8.08491414e-05 3.82919378e-01 2.63704339e+01 9.18895876e-04
   1.22448542e-02 1.40071530e-03 1.40071530e-03]
  [8.29426360e-05 3.82908016e-01 2.62497847e+01 9.21442926e-04
   1.14455659e-02 1.40042648e-03 1.40042648e-03]
  [7.97479192e-05 3.76977367e-01 2.93610721e+01 1.01948217e-03
   1.29150747e-02 1.55156543e-03 1.55156543e-03]
  [8.04229212e-05 3.82058342e-01 2.68610648e+01 9.32063686e-04
   1.19997770e-02 1.42208973e-03 1.42208973e-03]
  [8.13106164e-05 3.83183097e-01 2.62517667e+01 9.12784915e-04
   1.15576056e-02 1.39395979e-03 1.39395979e-03]
  [8.01945647e-05 3.82014069e-01 2.68842743e+01 9.36612388e-04
   1.13443398e-02 1.42234628e-03 1.42234628e-03]
  [8.23261873e-05 3.80616384e-01 2.74190492e+01 9.54591511e-04
   1.23483686e-02 1.45717198e-03 1.45717198e-03]
  [8.08579212e-05 3.82693646e-01 2.65992390e+01 9.22681203e-04
   1.09430094e-02 1.40789644e-03 1.40789644e-03]]

 [[8.00013814e-05 3.81775134e-01 2.68630870e+01 9.43255520e-04
   1.24154758e-02 1.43230788e-03 1.43230788e-03]
  [8.03108644e-05 3.82729121e-01 2.63444368e+01 9.23279972e-04
   1.18728770e-02 1.40546499e-03 1.40546499e-03]
  [8.01196054e-05 3.77932294e-01 2.87343324e+01 1.00524649e-03
   1.26987651e-02 1.52681340e-03 1.52681340e-03]
  [8.01694854e-05 3.81727865e-01 2.70526507e+01 9.40880646e-04
   1.16508104e-02 1.43173177e-03 1.43173177e-03]
  [8.18871100e-05 3.82814689e-01 2.64955281e+01 9.23708322e-04
   1.13510335e-02 1.40340213e-03 1.40340213e-03]
  [8.03163351e-05 3.82025976e-01 2.68479077e+01 9.35322383e-04
   1.23576573e-02 1.42481803e-03 1.42481803e-03]
  [8.06211390e-05 3.81588926e-01 2.71197833e+01 9.40713188e-04
   1.11423070e-02 1.43273533e-03 1.43273533e-03]
  [8.14117272e-05 3.82185346e-01 2.68431473e+01 9.31362169e-04
   1.18033337e-02 1.41878315e-03 1.41878315e-03]]

 [[8.05048191e-05 3.81509335e-01 2.69443332e+01 9.45329831e-04
   1.14530725e-02 1.43755578e-03 1.43755578e-03]
  [8.05173491e-05 3.81465379e-01 2.70363577e+01 9.41105026e-04
   1.20016920e-02 1.43737741e-03 1.43737741e-03]
  [7.32475082e-05 3.36747448e-01 4.92397407e+01 1.61292532e-03
   1.88307510e-02 2.45821249e-03 2.45821249e-03]
  [8.03178204e-05 3.81463541e-01 2.70945037e+01 9.44130265e-04
   1.22336473e-02 1.43535822e-03 1.43535822e-03]
  [8.11117839e-05 3.85076770e-01 2.53144169e+01 8.80505454e-04
   1.10885057e-02 1.34280411e-03 1.34280411e-03]
  [8.04155371e-05 3.80669011e-01 2.75724360e+01 9.57877777e-04
   1.17862407e-02 1.45826421e-03 1.45826421e-03]
  [8.35632416e-05 3.82755130e-01 2.64972368e+01 9.18703067e-04
   1.18911944e-02 1.40450620e-03 1.40450620e-03]
  [8.04365126e-05 3.81561415e-01 2.71710861e+01 9.45531023e-04
   1.14816564e-02 1.43749466e-03 1.43749466e-03]]

 [[8.18396245e-05 3.81482063e-01 2.69754561e+01 9.39852121e-04
   1.60917502e-02 1.43680194e-03 1.43680194e-03]
  [8.07653643e-05 3.82733845e-01 2.64201952e+01 9.25001478e-04
   1.14119849e-02 1.40708155e-03 1.40708155e-03]
  [7.97799798e-05 3.78473281e-01 2.85677932e+01 9.94402337e-04
   1.26717842e-02 1.51613738e-03 1.51613738e-03]
  [8.11502395e-05 3.81582635e-01 2.70668406e+01 9.40084305e-04
   1.25327678e-02 1.43461052e-03 1.43461052e-03]
  [8.16561464e-05 3.81840644e-01 2.69851371e+01 9.33385335e-04
   1.13428914e-02 1.42911662e-03 1.42911662e-03]
  [8.39447092e-05 3.81982973e-01 2.69651214e+01 9.40792101e-04
   1.15788632e-02 1.42599018e-03 1.42599018e-03]
  [8.50955041e-05 3.81587199e-01 2.71543383e+01 9.40216300e-04
   1.12751677e-02 1.43658185e-03 1.43658185e-03]
  [8.09177526e-05 3.82641850e-01 2.66686776e+01 9.28014001e-04
   1.15919338e-02 1.41078007e-03 1.41078007e-03]]]

Cumulative Reward: 6104.6788776934445
