Scheduler Table:
[[[8.89939985e-06 2.95838885e-02 2.79353737e+01 9.64106935e-04
   1.08874378e-02 1.47695019e-03 1.47695019e-03]
  [8.94112203e-06 2.95867075e-02 2.80148164e+01 9.63487334e-04
   1.22119337e-02 1.47392502e-03 1.47392502e-03]
  [9.16650781e-06 2.96225870e-02 2.81022711e+01 9.65657711e-04
   9.65998776e-03 1.47685111e-03 1.47685111e-03]]

 [[8.84846591e-06 2.96087688e-02 2.79751829e+01 9.61509059e-04
   1.15904184e-02 1.47700581e-03 1.47700581e-03]
  [8.82870726e-06 2.95565727e-02 2.80374375e+01 9.64115493e-04
   1.05234570e-02 1.47248674e-03 1.47248674e-03]
  [8.07950203e-06 2.75337576e-02 2.91934866e+01 9.63431437e-04
   8.65767744e-03 1.47404841e-03 1.47404841e-03]]

 [[9.01726945e-06 2.95836140e-02 2.80334162e+01 9.63677139e-04
   1.05982188e-02 1.47458604e-03 1.47458604e-03]
  [8.37153123e-06 2.92358847e-02 2.83736310e+01 9.63735743e-04
   9.56770701e-03 1.47647894e-03 1.47647894e-03]
  [1.61606707e-06 2.22065930e-02 3.03680287e+01 9.74245385e-04
   5.42645935e-02 1.40135591e-03 1.46605546e-03]]]

Buffer Table:
[[[8.16861633e-06 2.95736421e-02 2.79414953e+01 9.64009921e-04
   1.15034376e-02 1.47154574e-03 1.47154574e-03]
  [7.91120109e-06 2.79931838e-02 2.87408746e+01 9.67965490e-04
   9.36966787e-03 1.46999399e-03 1.46999399e-03]
  [7.86616398e-06 2.95731099e-02 2.80803652e+01 9.62483335e-04
   1.07968796e-02 1.47659351e-03 1.47659351e-03]]

 [[8.07019655e-06 2.94514370e-02 2.81807763e+01 9.63302629e-04
   1.03168611e-02 1.47657222e-03 1.47657222e-03]
  [1.75126234e-06 2.25710911e-02 3.02236310e+01 9.72490882e-04
   5.44148969e-02 1.40269579e-03 1.46739534e-03]
  [8.06090448e-06 2.93761942e-02 2.80771813e+01 9.66951101e-04
   1.19765644e-02 1.47717599e-03 1.47717599e-03]]

 [[8.32976862e-06 2.95663970e-02 2.79775109e+01 9.61112875e-04
   1.06979807e-02 1.47252101e-03 1.47252101e-03]
  [1.06282841e-05 2.83813928e-02 2.87010383e+01 9.63316281e-04
   1.38579694e-02 1.47702696e-03 1.47702696e-03]
  [8.04180717e-06 2.95589896e-02 2.80483534e+01 9.67777913e-04
   1.10224154e-02 1.47681734e-03 1.47681734e-03]]]

Arbiter Table:
[[[6.31789627e-06 2.86800338e-02 2.86223067e+01 9.61159227e-04
   9.98370442e-03 1.47487576e-03 1.47487576e-03]
  [2.83275723e-06 2.22494783e-02 3.05253046e+01 9.72365811e-04
   5.53998487e-02 1.41699185e-03 1.48169140e-03]
  [8.06525035e-06 2.93018718e-02 2.81988813e+01 9.61246629e-04
   1.07584469e-02 1.47672798e-03 1.47672798e-03]]

 [[2.85127272e-06 2.22958769e-02 3.05562018e+01 9.75384979e-04
   5.47277200e-03 1.42389457e-03 1.42389457e-03]
  [8.54045268e-06 2.83826053e-02 2.84531872e+01 9.65756643e-04
   1.03476653e-02 1.47693933e-03 1.47693933e-03]
  [8.35107196e-06 2.95254988e-02 2.80600916e+01 9.66557151e-04
   1.04741470e-02 1.47609013e-03 1.47609013e-03]]

 [[6.82482321e-06 2.80531216e-02 2.91998329e+01 9.63846682e-04
   9.20242288e-03 1.47549429e-03 1.47549429e-03]
  [8.48241980e-06 2.95787324e-02 2.80205081e+01 9.67346887e-04
   1.15748538e-02 1.47067298e-03 1.47067298e-03]
  [8.63698747e-06 2.95901558e-02 2.80325629e+01 9.64926107e-04
   1.02581990e-02 1.47398610e-03 1.47398610e-03]]]

Page Table:
[[[6.42347402e-06 2.90539007e-02 2.90735431e+01 9.70802915e-04
   1.18078839e-02 1.47659180e-03 1.47659180e-03]
  [8.33406048e-06 3.07963293e-02 2.81846281e+01 9.67333529e-04
   1.09240422e-02 1.47079216e-03 1.47079216e-03]
  [7.94948013e-06 3.08970331e-02 2.77510860e+01 9.71218835e-04
   1.07800336e-02 1.47589042e-03 1.47589042e-03]
  [4.08188160e-06 2.23470537e-02 3.06422771e+01 9.68908705e-04
   5.63452817e-02 1.42916112e-03 1.49386067e-03]]

 [[4.10053322e-06 2.23669084e-02 3.06492386e+01 9.72136319e-04
   6.41377775e-03 1.43508324e-03 1.43508324e-03]
  [8.08253538e-06 3.07563453e-02 2.81208348e+01 9.60935460e-04
   1.07883451e-02 1.47440066e-03 1.47440066e-03]
  [8.23804591e-06 3.09298864e-02 2.78501759e+01 9.62844404e-04
   1.12013219e-02 1.47095841e-03 1.47095841e-03]
  [8.01590040e-06 3.08146226e-02 2.80181515e+01 9.59036832e-04
   1.24645826e-02 1.47472165e-03 1.47472165e-03]]

 [[8.87732617e-06 3.09725466e-02 2.80447969e+01 9.62128828e-04
   1.29781123e-02 1.47143772e-03 1.47143772e-03]
  [7.71138256e-06 2.86565956e-02 2.90862179e+01 9.68633496e-04
   8.98918179e-03 1.47322721e-03 1.47322721e-03]
  [8.73617502e-06 3.09922689e-02 2.78400407e+01 9.65711081e-04
   1.18258255e-02 1.47439562e-03 1.47439562e-03]
  [8.01513603e-06 3.10108864e-02 2.80785047e+01 9.67071488e-04
   1.06891557e-02 1.47436594e-03 1.47436594e-03]]

 [[1.10384680e-05 2.97120387e-02 2.85245535e+01 9.67783506e-04
   1.07008842e-02 1.47603171e-03 1.47603171e-03]
  [4.11929110e-06 2.23495167e-02 3.07243138e+01 9.74519273e-04
   6.41795841e-03 1.43921776e-03 1.43921776e-03]
  [8.33783726e-06 3.05952246e-02 2.79993012e+01 9.69720683e-04
   1.05651434e-02 1.47410432e-03 1.47410432e-03]
  [8.01768756e-06 3.08705040e-02 2.78754898e+01 9.57039125e-04
   1.33958310e-02 1.47438047e-03 1.47438047e-03]]]

Response Table:
[[[8.20723494e-06 2.87562030e-02 2.80581537e+01]
  [8.37928645e-06 2.87505152e-02 2.80967982e+01]]

 [[8.37599138e-06 2.87538694e-02 2.80553477e+01]
  [1.61608186e-06 2.22063902e-02 3.03681138e+01]]]

Refresh Table:
[[[6.61137975e-06 2.68834248e-02 2.94129405e+01]
  [2.83275779e-06 2.22494786e-02 3.05253044e+01]]

 [[2.85127328e-06 2.22958773e-02 3.05562015e+01]
  [8.22996158e-06 2.87351799e-02 2.79991265e+01]]]

Request Buffer Table:
[[[2.08297648e-05 9.05428746e-02 2.67041759e+01]
  [2.05414528e-05 8.85848280e-02 2.68656506e+01]
  [2.08461288e-05 8.98656814e-02 2.70263325e+01]
  [2.44999993e-05 8.95240905e-02 2.70107584e+01]
  [2.04884090e-05 8.92649994e-02 2.70824397e+01]
  [2.06093970e-05 8.95933398e-02 2.70117560e+01]
  [1.98864691e-05 8.56590573e-02 2.72462858e+01]
  [2.01960066e-05 8.72728259e-02 2.69896128e+01]]

 [[2.05379661e-05 8.89242156e-02 2.68849189e+01]
  [2.24318994e-05 9.30560594e-02 2.69267969e+01]
  [2.11964128e-05 9.01932109e-02 2.69619117e+01]
  [2.10843453e-05 8.97027624e-02 2.68577313e+01]
  [2.11615287e-05 7.49235604e-02 2.77492625e+01]
  [2.09826497e-05 9.06328343e-02 2.69732081e+01]
  [2.05773520e-05 8.86909687e-02 2.69851628e+01]
  [2.08621775e-05 8.91258696e-02 2.69455796e+01]]

 [[2.10424312e-05 9.15685314e-02 2.69652083e+01]
  [2.12116513e-05 8.97997339e-02 2.69054267e+01]
  [2.21613002e-05 9.01326571e-02 2.70933077e+01]
  [2.55998363e-05 9.15564088e-02 2.68761657e+01]
  [1.17373266e-05 5.44005145e-02 2.86268673e+01]
  [2.14189165e-05 9.24499012e-02 2.70078713e+01]
  [2.07318340e-05 9.05855015e-02 2.69704942e+01]
  [2.07403856e-05 8.92556736e-02 2.70827174e+01]]

 [[2.02998566e-05 8.84778567e-02 2.69026893e+01]
  [2.07789615e-05 8.88390298e-02 2.69812708e+01]
  [2.13196656e-05 9.14960156e-02 2.69827011e+01]
  [2.98707201e-05 8.96916666e-02 2.68441055e+01]
  [2.85127277e-06 2.22958781e-02 3.05562017e+01]
  [3.12179468e-05 9.06863253e-02 2.69009562e+01]
  [2.29172540e-05 9.23376929e-02 2.68118679e+01]
  [2.81214516e-05 9.07941505e-02 2.68622223e+01]]

 [[2.08264320e-05 8.83011825e-02 2.69124695e+01]
  [2.08415451e-05 8.79329117e-02 2.71186877e+01]
  [2.64764296e-05 9.08334123e-02 2.68408715e+01]
  [2.83275729e-06 2.22494795e-02 3.05253046e+01]
  [2.57301309e-05 8.79008949e-02 2.69411171e+01]
  [2.10998841e-05 9.02154139e-02 2.68684943e+01]
  [2.03353010e-05 8.68670080e-02 2.72086509e+01]
  [2.03082218e-05 8.82785444e-02 2.69885121e+01]]

 [[2.10794345e-05 9.11927488e-02 2.69745456e+01]
  [2.11158098e-05 9.00185808e-02 2.68586954e+01]
  [2.08114218e-05 8.98640768e-02 2.69544678e+01]
  [2.10750643e-05 8.86835910e-02 2.70703712e+01]
  [2.00069996e-05 8.67523569e-02 2.70972810e+01]
  [2.04518978e-05 8.85418211e-02 2.72094295e+01]
  [2.12913451e-05 9.13164160e-02 2.70133128e+01]
  [2.02554421e-05 8.80923919e-02 2.71242974e+01]]

 [[2.09310212e-05 9.10606314e-02 2.68067173e+01]
  [2.15213317e-05 9.36651728e-02 2.69449175e+01]
  [1.76105271e-05 7.51744198e-02 2.76670095e+01]
  [2.65133617e-05 8.89484249e-02 2.68626238e+01]
  [2.00583582e-05 8.66259177e-02 2.70242767e+01]
  [2.06837538e-05 8.97850837e-02 2.70027743e+01]
  [2.03186427e-05 8.73921796e-02 2.70415331e+01]
  [2.19003399e-05 9.27189359e-02 2.69841071e+01]]

 [[2.05282983e-05 8.84584923e-02 2.68004839e+01]
  [2.09803358e-05 8.87751925e-02 2.68512762e+01]
  [2.17631291e-05 8.88658397e-02 2.70488279e+01]
  [2.18545237e-05 9.47244013e-02 2.69042880e+01]
  [2.11847197e-05 8.92715553e-02 2.70257803e+01]
  [2.16167774e-05 9.30146979e-02 2.68064266e+01]
  [2.03980660e-05 8.84913317e-02 2.70845678e+01]
  [2.05831642e-05 8.87824301e-02 2.70527882e+01]]]

Ref Max Post Table:
[[[8.63293789e-06 3.10162857e-02 2.80034047e+01]
  [8.09394588e-06 3.09745616e-02 2.79356569e+01]
  [1.02934697e-05 3.12590405e-02 2.79816919e+01]
  [8.64144166e-06 2.94545851e-02 2.87226722e+01]]

 [[8.23662078e-06 3.08526326e-02 2.79888894e+01]
  [8.55892568e-06 3.07797030e-02 2.80189074e+01]
  [7.90931675e-06 3.05847810e-02 2.82560173e+01]
  [1.09044120e-05 3.09259345e-02 2.80368518e+01]]

 [[9.75403616e-06 3.09899035e-02 2.80318115e+01]
  [9.15549436e-06 3.10015638e-02 2.80807779e+01]
  [8.11523741e-06 3.09726639e-02 2.79808229e+01]
  [8.33600151e-06 2.81443395e-02 2.92541257e+01]]

 [[9.22335384e-06 3.07712834e-02 2.81386657e+01]
  [8.08765793e-06 3.06894897e-02 2.80818191e+01]
  [8.69594423e-06 3.03679312e-02 2.83041910e+01]
  [1.62108297e-06 2.22152684e-02 3.03646529e+01]]]

Ref Max Pull Table:
[[[8.13290892e-06 3.07071726e-02 2.79931823e+01]
  [8.56022821e-06 3.08988494e-02 2.80733105e+01]
  [8.55103667e-06 3.09612212e-02 2.80156554e+01]
  [7.63170467e-06 2.64730981e-02 2.98162013e+01]]

 [[8.25980544e-06 3.01883872e-02 2.83728313e+01]
  [8.36402469e-06 3.09667789e-02 2.80451132e+01]
  [8.51358485e-06 3.08935748e-02 2.79747455e+01]
  [2.93187789e-06 2.24566497e-02 3.04512015e+01]]

 [[8.60329577e-06 3.08369062e-02 2.80590503e+01]
  [7.33977069e-06 2.91204207e-02 2.87245703e+01]
  [8.76934691e-06 3.09266623e-02 2.79480272e+01]
  [8.91200504e-06 3.09376513e-02 2.79679044e+01]]

 [[8.13022814e-06 2.97662209e-02 2.85601488e+01]
  [2.95127252e-06 2.25048858e-02 3.04814414e+01]
  [7.97699830e-06 3.08025077e-02 2.81527412e+01]
  [9.14288220e-06 3.10228451e-02 2.80864155e+01]]]

Max Activate Table:
[[[2.22122049e-05 9.23658681e-02 2.68684494e+01 9.21609076e-04
   1.08099521e-02 1.41010191e-03 1.41010191e-03]
  [2.18512231e-05 8.85916865e-02 2.68724542e+01 9.29832177e-04
   1.09474827e-02 1.41605947e-03 1.41605947e-03]
  [2.32197321e-05 9.48500552e-02 2.68498858e+01 9.20322085e-04
   1.16683037e-02 1.40797019e-03 1.40797019e-03]
  [2.27092645e-05 8.89138041e-02 2.69585847e+01 9.23195209e-04
   1.14228597e-02 1.41163709e-03 1.41163709e-03]
  [2.18994356e-05 8.79898033e-02 2.71136457e+01 9.24928594e-04
   1.33168787e-02 1.41826117e-03 1.41826117e-03]
  [2.16061750e-05 8.93827411e-02 2.69549723e+01 9.34831574e-04
   1.07621712e-02 1.41301148e-03 1.41301148e-03]
  [2.09034334e-05 8.76238783e-02 2.70925845e+01 9.32987522e-04
   1.06630146e-02 1.41563543e-03 1.41563543e-03]
  [2.30550162e-05 8.75380118e-02 2.69340512e+01 9.26284212e-04
   1.23789418e-02 1.41756327e-03 1.41756327e-03]]

 [[2.22354664e-05 9.26684693e-02 2.67064819e+01 9.24584795e-04
   1.12671175e-02 1.41081401e-03 1.41081401e-03]
  [2.23477935e-05 9.50565642e-02 2.68973809e+01 9.34267703e-04
   1.03366287e-02 1.40925270e-03 1.40925270e-03]
  [2.33833614e-05 9.27045781e-02 2.70594284e+01 9.23865191e-04
   1.11820932e-02 1.41244025e-03 1.41244025e-03]
  [2.25654328e-05 9.42516838e-02 2.69680268e+01 9.31650609e-04
   1.20698011e-02 1.41007932e-03 1.41007932e-03]
  [2.02884904e-05 8.60158003e-02 2.71121775e+01 9.30267870e-04
   1.09619718e-02 1.41665706e-03 1.41665706e-03]
  [2.18351650e-05 8.78139919e-02 2.69960268e+01 9.32084516e-04
   1.12315000e-02 1.41647490e-03 1.41647490e-03]
  [4.91587655e-06 2.24190108e-02 3.07069335e+01 9.66489456e-04
   5.68799510e-02 1.43660394e-03 1.50130349e-03]
  [2.17442217e-05 8.92725181e-02 2.68776742e+01 9.24756564e-04
   1.31859288e-02 1.41569471e-03 1.41569471e-03]]

 [[2.19317625e-05 9.23779147e-02 2.68852634e+01 9.32513574e-04
   1.33544172e-02 1.41230825e-03 1.41230825e-03]
  [2.28670111e-05 9.37007477e-02 2.67233330e+01 9.25260739e-04
   1.13138808e-02 1.41005416e-03 1.41005416e-03]
  [1.45078841e-05 6.77897339e-02 2.78943750e+01 9.27091422e-04
   1.39020732e-02 1.44853125e-03 1.44853125e-03]
  [2.25675363e-05 9.29208067e-02 2.69557856e+01 9.26809951e-04
   1.22521806e-02 1.41165623e-03 1.41165623e-03]
  [2.15270253e-05 8.66357309e-02 2.70905198e+01 9.30084042e-04
   1.08694112e-02 1.41903271e-03 1.41903271e-03]
  [2.17084676e-05 8.87593726e-02 2.70120729e+01 9.25245114e-04
   1.11073909e-02 1.40982484e-03 1.40982484e-03]
  [2.22527172e-05 8.63320668e-02 2.70383151e+01 9.25044427e-04
   1.16249169e-02 1.41235351e-03 1.41235351e-03]
  [2.36880291e-05 9.02567850e-02 2.69814609e+01 9.19282183e-04
   1.77453413e-02 1.41346048e-03 1.41346048e-03]]

 [[2.12356168e-05 8.89349060e-02 2.68068494e+01 9.21712238e-04
   1.19815320e-02 1.41187079e-03 1.41187079e-03]
  [2.10457355e-05 8.97535462e-02 2.68526028e+01 9.27950052e-04
   1.07240706e-02 1.41389213e-03 1.41389213e-03]
  [2.09800847e-05 8.59907374e-02 2.71873824e+01 9.24633301e-04
   1.16488034e-02 1.41678997e-03 1.41678997e-03]
  [2.13055843e-05 8.97560520e-02 2.68992993e+01 9.34784538e-04
   1.12990251e-02 1.41515690e-03 1.41515690e-03]
  [2.17496580e-05 8.78118557e-02 2.70085222e+01 9.24091305e-04
   1.09723979e-02 1.41549888e-03 1.41549888e-03]
  [2.12083506e-05 8.99278468e-02 2.71004932e+01 9.25529320e-04
   1.11996804e-02 1.41315644e-03 1.41315644e-03]
  [3.02220951e-05 9.09694073e-02 2.70671054e+01 9.29541411e-04
   1.15771628e-02 1.41296557e-03 1.41296557e-03]
  [2.37227301e-05 8.89289554e-02 2.69544675e+01 9.35669192e-04
   1.19219163e-02 1.41280105e-03 1.41280105e-03]]

 [[2.12341072e-05 8.95471190e-02 2.70382741e+01 9.28224267e-04
   1.14930078e-02 1.41465799e-03 1.41465799e-03]
  [2.23671837e-05 9.10371717e-02 2.68401351e+01 9.25078961e-04
   1.09964206e-02 1.41348347e-03 1.41348347e-03]
  [2.09958258e-05 8.75046202e-02 2.71396177e+01 9.29241676e-04
   1.15359469e-02 1.41701708e-03 1.41701708e-03]
  [2.06302698e-05 8.87421337e-02 2.69187607e+01 9.24968988e-04
   1.10651713e-02 1.41317164e-03 1.41317164e-03]
  [2.14103387e-05 9.08619867e-02 2.68529950e+01 9.26718699e-04
   1.03783344e-02 1.40826256e-03 1.40826256e-03]
  [2.20781911e-05 8.85187039e-02 2.69957843e+01 9.31744497e-04
   1.04634178e-02 1.41584632e-03 1.41584632e-03]
  [2.06879731e-05 8.64916194e-02 2.69487053e+01 9.31614861e-04
   1.16180803e-02 1.41409465e-03 1.41409465e-03]
  [2.35998160e-05 8.63169829e-02 2.71938832e+01 9.34700884e-04
   1.09220537e-02 1.42058002e-03 1.42058002e-03]]

 [[2.13563969e-05 8.95523088e-02 2.67851312e+01 9.35064515e-04
   1.10748478e-02 1.41505762e-03 1.41505762e-03]
  [2.18965367e-05 9.27051079e-02 2.67051675e+01 9.23462531e-04
   1.19830964e-02 1.40956841e-03 1.40956841e-03]
  [2.17058255e-05 9.07192091e-02 2.69217276e+01 9.27071370e-04
   1.15890460e-02 1.41300026e-03 1.41300026e-03]
  [2.11848764e-05 8.89657529e-02 2.70138718e+01 9.29172005e-04
   1.10973830e-02 1.41204675e-03 1.41204675e-03]
  [2.11514135e-05 8.68784316e-02 2.69679136e+01 9.34132302e-04
   1.11388325e-02 1.41504670e-03 1.41504670e-03]
  [2.13764880e-05 9.01768345e-02 2.69459114e+01 9.29827981e-04
   1.16060245e-02 1.41409617e-03 1.41409617e-03]
  [2.13497135e-05 8.66385171e-02 2.69667721e+01 9.26212178e-04
   1.11723249e-02 1.41783375e-03 1.41783375e-03]
  [4.94999175e-06 2.24214527e-02 3.07736786e+01 9.73269619e-04
   6.91955993e-03 1.44568145e-03 1.44568145e-03]]

 [[2.38155410e-05 8.83239235e-02 2.68317560e+01 9.28923562e-04
   1.10290632e-02 1.41529363e-03 1.41529363e-03]
  [2.07153443e-05 8.62283578e-02 2.70529295e+01 9.24491731e-04
   1.18584782e-02 1.41788776e-03 1.41788776e-03]
  [2.14446779e-05 9.03458896e-02 2.69667102e+01 9.23979971e-04
   1.20737751e-02 1.41522962e-03 1.41522962e-03]
  [2.10378033e-05 8.66073513e-02 2.70853323e+01 9.24086457e-04
   1.10068247e-02 1.41089758e-03 1.41089758e-03]
  [2.19573290e-05 9.48913709e-02 2.68205160e+01 9.19557429e-04
   1.09370204e-02 1.40716135e-03 1.40716135e-03]
  [4.96714562e-06 2.24679917e-02 3.07807892e+01 9.74159058e-04
   6.95011725e-03 1.44548598e-03 1.44548598e-03]
  [2.15209890e-05 8.57588014e-02 2.70056629e+01 9.26008288e-04
   1.26636741e-02 1.41840838e-03 1.41840838e-03]
  [2.33817059e-05 8.89593652e-02 2.69802701e+01 9.31578354e-04
   1.10782145e-02 1.41682318e-03 1.41682318e-03]]

 [[2.13979785e-05 8.97137136e-02 2.68744564e+01 9.22780919e-04
   1.30462021e-02 1.41594274e-03 1.41594274e-03]
  [4.93290088e-06 2.24654402e-02 3.07226261e+01 9.67731897e-04
   6.94492764e-03 1.44272722e-03 1.44272722e-03]
  [2.20704267e-05 9.09880649e-02 2.68072616e+01 9.21761007e-04
   1.10223382e-02 1.41343802e-03 1.41343802e-03]
  [2.27640030e-05 8.74301654e-02 2.70404160e+01 9.31422330e-04
   1.18952563e-02 1.41308409e-03 1.41308409e-03]
  [2.17242989e-05 8.83629225e-02 2.68914672e+01 9.28032166e-04
   1.08368515e-02 1.41186609e-03 1.41186609e-03]
  [2.24466959e-05 8.78620485e-02 2.70550665e+01 9.32510156e-04
   1.16065783e-02 1.41670000e-03 1.41670000e-03]
  [2.57430772e-05 8.75393125e-02 2.69292733e+01 9.30658910e-04
   1.16320033e-02 1.41678599e-03 1.41678599e-03]
  [2.26311365e-05 9.15843777e-02 2.69986996e+01 9.27432766e-04
   1.36070301e-02 1.41240291e-03 1.41240291e-03]]]

Cumulative Reward: 5937.216803534153
