Scheduler Table:
[[[5.41439942e-06 1.41850936e-02 1.38682354e+01 4.88101292e-04
   4.47661377e-03 7.41006324e-04 7.41006324e-04]
  [4.72319235e-06 1.42324655e-02 1.38901140e+01 4.80547250e-04
   7.17164131e-03 7.37337154e-04 7.37337154e-04]
  [5.96829771e-06 1.42054786e-02 1.40185259e+01 4.81910317e-04
   4.03296377e-03 7.41518877e-04 7.41518877e-04]]

 [[4.54208039e-06 1.42206259e-02 1.38118794e+01 4.80848929e-04
   6.46280243e-03 7.39928080e-04 7.39928080e-04]
  [4.67594126e-06 1.42369639e-02 1.38377943e+01 4.72596482e-04
   5.55001587e-03 7.33755012e-04 7.33755012e-04]
  [1.67025671e-06 1.22441333e-02 1.42951103e+01 4.60950893e-04
   7.31690914e-03 7.23626462e-04 7.23626462e-04]]

 [[5.02911086e-06 1.41975956e-02 1.38489261e+01 4.72892130e-04
   6.85817942e-03 7.38476343e-04 7.38476343e-04]
  [3.81785839e-07 1.13611170e-02 1.41950586e+01 4.44708873e-04
   1.18126164e-02 7.37319929e-04 7.37319929e-04]
  [3.46986852e-06 1.06337835e-02 1.48229548e+01 4.76042022e-04
   1.01022688e-01 6.70555522e-04 7.99954622e-04]]]

Buffer Table:
[[[8.76526464e-06 1.21212752e-02 1.47606670e+01 4.93991027e-04
   4.97754032e-03 7.32296122e-04 7.32296122e-04]
  [4.39290573e-06 1.42564422e-02 1.39514426e+01 4.72683933e-04
   4.42058121e-03 7.41522007e-04 7.41522007e-04]
  [4.94557175e-06 1.06888879e-02 1.49379954e+01 4.81857091e-04
   1.01600770e-01 6.82568064e-04 8.11967164e-04]]

 [[5.06359708e-06 1.06903350e-02 1.50018696e+01 4.85922526e-04
   1.71322429e-03 6.93616504e-04 6.93616504e-04]
  [5.59216716e-06 1.41911776e-02 1.39767091e+01 4.84792403e-04
   5.14301407e-03 7.42598789e-04 7.42598789e-04]
  [5.89869558e-06 1.42984217e-02 1.35592675e+01 4.77451822e-04
   7.41490009e-03 7.38635918e-04 7.38635918e-04]]

 [[4.19246263e-06 1.42685557e-02 1.36213156e+01 4.77975247e-04
   4.30691331e-03 7.33493315e-04 7.33493315e-04]
  [5.18462958e-06 1.06920959e-02 1.51341039e+01 4.92166899e-04
   1.69376986e-03 7.02397997e-04 7.02397997e-04]
  [5.36723515e-06 1.41383773e-02 1.38971825e+01 4.84483433e-04
   5.78636928e-03 7.39646016e-04 7.39646016e-04]]]

Arbiter Table:
[[[3.46986852e-06 1.06337835e-02 1.48229548e+01 4.76042022e-04
   1.01022688e-01 6.70555522e-04 7.99954622e-04]
  [3.81785839e-07 1.13611170e-02 1.41950586e+01 4.44708873e-04
   1.18126164e-02 7.37319929e-04 7.37319929e-04]
  [4.80306333e-06 1.38560775e-02 1.41720029e+01 4.81328205e-04
   6.20461950e-03 7.38763968e-04 7.38763968e-04]]

 [[1.27957794e-06 1.20888124e-02 1.43131726e+01 4.57501406e-04
   7.81367559e-03 7.22458287e-04 7.22458287e-04]
  [4.17937810e-06 1.42791635e-02 1.39192514e+01 4.72972455e-04
   5.02343844e-03 7.39111196e-04 7.39111196e-04]
  [4.39255268e-06 1.42103170e-02 1.38486764e+01 4.79533938e-04
   5.93234684e-03 7.38811477e-04 7.38811477e-04]]

 [[4.46374034e-06 1.42962177e-02 1.39817310e+01 4.73084060e-04
   7.47789730e-03 7.43651778e-04 7.43651778e-04]
  [4.36671449e-06 1.35323345e-02 1.44842141e+01 4.79714618e-04
   6.00573722e-03 7.37768297e-04 7.37768297e-04]
  [5.74204213e-06 1.42334090e-02 1.38624076e+01 4.79726273e-04
   5.74691535e-03 7.40196890e-04 7.40196890e-04]]]

Page Table:
[[[3.14270927e-06 1.31779909e-02 1.41743755e+01 4.78172268e-04
   6.37816310e-03 7.08607709e-04 7.08607709e-04]
  [4.35244255e-06 1.06377796e-02 1.48638109e+01 4.78870890e-04
   1.01192211e-01 6.73967699e-04 8.03366799e-04]
  [3.49256973e-06 1.41858484e-02 1.39022376e+01 4.85214949e-04
   3.51443628e-03 7.41369038e-04 7.41369038e-04]
  [2.84628167e-06 1.43455597e-02 1.40440456e+01 4.79669082e-04
   6.52671606e-03 7.44799297e-04 7.44799297e-04]]

 [[4.52832592e-06 1.06381835e-02 1.50059718e+01 4.86071181e-04
   1.27829394e-03 6.89460420e-04 6.89460420e-04]
  [3.58203224e-06 1.43495509e-02 1.39171449e+01 4.75668501e-04
   3.85065947e-03 7.36606030e-04 7.36606030e-04]
  [2.81024467e-06 1.43884966e-02 1.37963771e+01 4.79987942e-04
   3.76464539e-03 7.33362938e-04 7.33362938e-04]
  [5.36799708e-06 1.41271395e-02 1.40409863e+01 4.84131583e-04
   5.80116400e-03 7.40207632e-04 7.40207632e-04]]

 [[5.02542043e-06 1.44060888e-02 1.37158141e+01 4.85515143e-04
   5.87602502e-03 7.27334417e-04 7.27334417e-04]
  [4.18451395e-06 1.39293183e-02 1.45210039e+01 4.84040622e-04
   3.20143925e-03 7.37266920e-04 7.37266920e-04]
  [2.70734581e-06 1.44214192e-02 1.37509800e+01 4.84837374e-04
   5.36070447e-03 7.39559600e-04 7.39559600e-04]
  [2.94637115e-06 1.43480073e-02 1.36244249e+01 4.85887249e-04
   4.97071818e-03 7.38783702e-04 7.38783702e-04]]

 [[4.12615153e-06 1.36092651e-02 1.42621094e+01 4.84403592e-04
   5.59408520e-03 7.43042975e-04 7.43042975e-04]
  [4.08134648e-06 1.43901192e-02 1.40364005e+01 4.82463555e-04
   5.61129038e-03 7.43547780e-04 7.43547780e-04]
  [2.60583299e-06 1.44758243e-02 1.38061937e+01 4.89020167e-04
   4.72728176e-03 7.38943325e-04 7.38943325e-04]
  [4.13940660e-06 1.43607948e-02 1.35234122e+01 4.74789102e-04
   7.98172887e-03 7.38683125e-04 7.38683125e-04]]]

Response Table:
[[[3.08117959e-06 1.40228843e-02 1.37589012e+01]
  [4.35244259e-06 1.06377797e-02 1.48638109e+01]]

 [[4.52832596e-06 1.06381836e-02 1.50059718e+01]
  [1.45360006e-06 1.27908056e-02 1.41031914e+01]]]

Refresh Table:
[[[3.95057480e-06 1.41724269e-02 1.40641926e+01]
  [7.73729773e-07 1.17754081e-02 1.43925171e+01]]

 [[3.81785839e-07 1.13611170e-02 1.41950586e+01]
  [3.46986852e-06 1.06337835e-02 1.48229548e+01]]]

Request Buffer Table:
[[[2.82037155e-05 1.54560997e-02 1.35689597e+01]
  [2.48183088e-05 1.53111598e-02 1.38406296e+01]
  [2.56180603e-05 1.53220194e-02 1.40955110e+01]
  [2.66581930e-05 1.54652171e-02 1.38401446e+01]
  [2.78549581e-05 1.54570816e-02 1.40947318e+01]
  [2.54946366e-05 1.53789959e-02 1.40649711e+01]
  [1.30629670e-05 1.32349971e-02 1.48358470e+01]
  [2.97454149e-05 1.55769174e-02 1.41174230e+01]]

 [[2.71521773e-05 1.53953763e-02 1.36187183e+01]
  [2.49236483e-05 1.53231807e-02 1.41038029e+01]
  [2.37890082e-05 1.52892598e-02 1.38587832e+01]
  [3.24444205e-05 1.54995253e-02 1.40389045e+01]
  [3.03444617e-05 1.53798012e-02 1.40334217e+01]
  [5.34341516e-06 1.06592913e-02 1.52055165e+01]
  [2.99212884e-05 1.55714304e-02 1.40305250e+01]
  [2.67253741e-05 1.53854911e-02 1.39660815e+01]]

 [[2.85693353e-05 1.55502277e-02 1.39385339e+01]
  [2.55930618e-05 1.54716435e-02 1.38769185e+01]
  [2.84749141e-05 1.54615244e-02 1.42021252e+01]
  [3.33351168e-05 1.57145396e-02 1.38860452e+01]
  [3.79417358e-05 1.53201451e-02 1.39850117e+01]
  [2.66463958e-05 1.53802806e-02 1.40828929e+01]
  [2.72297764e-05 1.54817981e-02 1.38785032e+01]
  [2.82840951e-05 1.55583672e-02 1.40538316e+01]]

 [[3.88751121e-05 1.57890174e-02 1.35389093e+01]
  [3.00877519e-05 1.56758457e-02 1.37834666e+01]
  [3.13737272e-05 1.55069755e-02 1.39319003e+01]
  [4.54994971e-05 1.55488588e-02 1.37281358e+01]
  [2.61453911e-05 1.53292414e-02 1.40200760e+01]
  [3.24881226e-05 1.54592813e-02 1.41440506e+01]
  [2.84055684e-05 1.55472339e-02 1.37725263e+01]
  [2.56299444e-05 1.53461694e-02 1.37822457e+01]]

 [[3.79864036e-05 1.53849561e-02 1.36140512e+01]
  [5.16704947e-06 1.06576007e-02 1.49730004e+01]
  [2.93546188e-05 1.54385918e-02 1.38451167e+01]
  [3.33321048e-05 1.54733691e-02 1.41666812e+01]
  [3.69122001e-05 1.53417929e-02 1.36985371e+01]
  [2.75871614e-05 1.54702294e-02 1.39438844e+01]
  [2.75383654e-05 1.55122419e-02 1.38558203e+01]
  [2.59809206e-05 1.53717368e-02 1.39699738e+01]]

 [[2.51161906e-05 1.51984125e-02 1.39777837e+01]
  [1.29789306e-06 1.15269418e-02 1.43308468e+01]
  [2.86735626e-05 1.55736527e-02 1.39226401e+01]
  [2.91453451e-05 1.54687613e-02 1.40675171e+01]
  [2.90367618e-05 1.53816624e-02 1.38851060e+01]
  [2.50389059e-06 1.19669865e-02 1.43319811e+01]
  [5.35348873e-06 1.06586868e-02 1.52080885e+01]
  [2.53850365e-05 1.53795222e-02 1.40930929e+01]]

 [[2.46427421e-05 1.50630102e-02 1.40252343e+01]
  [3.11004953e-05 1.56472619e-02 1.40565650e+01]
  [2.95633995e-05 1.53717775e-02 1.40576600e+01]
  [3.08422733e-05 1.55892336e-02 1.36997561e+01]
  [5.37567535e-06 1.06579964e-02 1.50279739e+01]
  [2.72891995e-05 1.53913921e-02 1.38873346e+01]
  [3.42103919e-05 1.57244700e-02 1.39732878e+01]
  [3.47319808e-05 1.57715197e-02 1.39793062e+01]]

 [[2.41243215e-05 1.52766437e-02 1.36161494e+01]
  [3.10321236e-05 1.56057927e-02 1.37876681e+01]
  [2.90053974e-05 1.53940821e-02 1.41514906e+01]
  [3.43208701e-05 1.56078855e-02 1.38256556e+01]
  [2.58588939e-05 1.53311141e-02 1.40075481e+01]
  [3.18525059e-05 1.57445124e-02 1.38477795e+01]
  [2.79336598e-05 1.55684105e-02 1.39806290e+01]
  [2.70858292e-05 1.53522056e-02 1.40785740e+01]]]

Ref Max Post Table:
[[[4.02145400e-06 1.44188479e-02 1.38588865e+01]
  [5.81530048e-06 1.43570458e-02 1.38666726e+01]
  [8.14450047e-06 1.43900277e-02 1.38116655e+01]
  [2.69248165e-06 1.36174997e-02 1.44423306e+01]]

 [[3.93572846e-06 1.44050013e-02 1.37188136e+01]
  [6.69718280e-06 1.43344471e-02 1.38766548e+01]
  [5.11195931e-06 1.06475897e-02 1.50228242e+01]
  [7.33680668e-06 1.44631049e-02 1.36460608e+01]]

 [[4.51770085e-06 1.43827180e-02 1.40197924e+01]
  [7.31193497e-06 1.44086015e-02 1.39610489e+01]
  [3.18873256e-06 1.43591266e-02 1.37590767e+01]
  [4.99271741e-06 1.06472178e-02 1.49584230e+01]]

 [[3.49684987e-06 1.42529345e-02 1.41220035e+01]
  [5.23423979e-06 1.06482476e-02 1.51555993e+01]
  [4.73124359e-06 1.44234734e-02 1.39398159e+01]
  [3.41437233e-06 1.31521086e-02 1.42293448e+01]]]

Ref Max Pull Table:
[[[2.68940537e-06 1.44049211e-02 1.37709606e+01]
  [1.36461338e-06 1.22970982e-02 1.44134799e+01]
  [5.34089473e-06 1.44222359e-02 1.38075502e+01]
  [2.82551346e-06 1.43286929e-02 1.38570324e+01]]

 [[7.85318526e-07 1.15810419e-02 1.44175966e+01]
  [2.38170341e-06 1.23766793e-02 1.44116539e+01]
  [5.29810207e-06 1.43753194e-02 1.39815303e+01]
  [4.35258627e-06 1.06379860e-02 1.48637260e+01]]

 [[5.29124868e-06 1.43843125e-02 1.37434702e+01]
  [4.67304912e-06 1.32642109e-02 1.45504956e+01]
  [1.04012012e-05 1.44506103e-02 1.37777538e+01]
  [3.65642159e-06 1.43538222e-02 1.36986214e+01]]

 [[2.68331849e-06 1.30288358e-02 1.46554216e+01]
  [4.52847599e-06 1.06383991e-02 1.50058831e+01]
  [4.94848542e-06 1.41677568e-02 1.41916581e+01]
  [3.13916317e-06 1.45231562e-02 1.37477143e+01]]]

Max Activate Table:
[[[4.01717649e-05 1.56019695e-02 1.38487236e+01 4.76901684e-04
   7.96822913e-03 7.30826718e-04 7.30826718e-04]
  [3.45245537e-05 1.53996528e-02 1.39315107e+01 4.86603676e-04
   4.79985755e-03 7.37313774e-04 7.37313774e-04]
  [5.77839623e-06 1.07492800e-02 1.49198533e+01 4.80757420e-04
   1.01669745e-01 6.82498635e-04 8.11897735e-04]
  [3.64522447e-05 1.54977174e-02 1.38319548e+01 4.78551459e-04
   6.75814066e-03 7.28160364e-04 7.28160364e-04]
  [3.96705834e-05 1.56801356e-02 1.39075912e+01 4.74768866e-04
   6.27600555e-03 7.33255280e-04 7.33255280e-04]
  [4.01881220e-05 1.55399993e-02 1.39867138e+01 4.88923383e-04
   4.55749891e-03 7.36109493e-04 7.36109493e-04]
  [3.55143182e-05 1.53899524e-02 1.41100602e+01 4.69717177e-04
   7.17068212e-03 7.37232665e-04 7.37232665e-04]
  [3.37511363e-05 1.52400627e-02 1.39828989e+01 4.76559360e-04
   7.71021660e-03 7.37743637e-04 7.37743637e-04]]

 [[4.08353610e-05 1.56525228e-02 1.36836013e+01 4.79918394e-04
   5.17525828e-03 7.38426275e-04 7.38426275e-04]
  [4.31882179e-05 1.56890676e-02 1.38184506e+01 4.90211902e-04
   5.61540872e-03 7.38697959e-04 7.38697959e-04]
  [3.83139525e-05 1.54917004e-02 1.39621005e+01 4.68005303e-04
   5.40553031e-03 7.41437680e-04 7.41437680e-04]
  [3.78632634e-05 1.55198640e-02 1.42036708e+01 4.76158297e-04
   5.12095898e-03 7.36682182e-04 7.36682182e-04]
  [3.69819584e-05 1.54583048e-02 1.38661056e+01 4.89380592e-04
   5.20798045e-03 7.37531822e-04 7.37531822e-04]
  [3.48933230e-05 1.53943703e-02 1.39894495e+01 4.78158334e-04
   5.83882964e-03 7.38530990e-04 7.38530990e-04]
  [3.35500107e-05 1.53472339e-02 1.40483585e+01 4.74659475e-04
   5.06119764e-03 7.35315432e-04 7.35315432e-04]
  [3.45130643e-05 1.53240427e-02 1.37668252e+01 4.76048562e-04
   7.75178849e-03 7.37124436e-04 7.37124436e-04]]

 [[3.79501798e-05 1.54919870e-02 1.39775006e+01 4.86286184e-04
   4.52676365e-03 7.39946900e-04 7.39946900e-04]
  [4.62110335e-05 1.57486821e-02 1.38418508e+01 4.86460551e-04
   6.20933281e-03 7.37673820e-04 7.37673820e-04]
  [3.31105049e-05 1.53217236e-02 1.39962769e+01 4.83467202e-04
   4.96290762e-03 7.38784345e-04 7.38784345e-04]
  [5.06450032e-05 1.54376127e-02 1.40235291e+01 4.90125301e-04
   4.90364172e-03 7.39435900e-04 7.39435900e-04]
  [6.06099004e-06 1.07556451e-02 1.51150135e+01 4.91009743e-04
   1.76635104e-03 7.02324938e-04 7.02324938e-04]
  [3.74624963e-05 1.53995252e-02 1.38346935e+01 4.82443396e-04
   5.81455748e-03 7.25532052e-04 7.25532052e-04]
  [3.21622549e-05 1.53514092e-02 1.40439934e+01 4.73883050e-04
   7.34533610e-03 7.42595674e-04 7.42595674e-04]
  [4.21209736e-05 1.54108578e-02 1.39587472e+01 4.75012434e-04
   9.59610939e-03 7.29270173e-04 7.29270173e-04]]

 [[4.03275461e-05 1.53842964e-02 1.38250991e+01 4.73286035e-04
   5.19183602e-03 7.37818718e-04 7.37818718e-04]
  [3.60259214e-05 1.53574250e-02 1.37901742e+01 4.81807256e-04
   4.95557591e-03 7.36988277e-04 7.36988277e-04]
  [1.88495417e-05 1.33131065e-02 1.46924270e+01 4.85746887e-04
   4.60622397e-03 7.34488990e-04 7.34488990e-04]
  [4.20078540e-05 1.56257663e-02 1.39478413e+01 4.94526204e-04
   4.70068906e-03 7.37465955e-04 7.37465955e-04]
  [3.21135634e-05 1.52775250e-02 1.37732661e+01 4.84867859e-04
   4.53162793e-03 7.33172295e-04 7.33172295e-04]
  [3.31610505e-05 1.54048036e-02 1.40428825e+01 4.82383508e-04
   4.65623358e-03 7.27587879e-04 7.27587879e-04]
  [3.75895854e-05 1.53953624e-02 1.41322441e+01 4.79087187e-04
   6.29875218e-03 7.41668228e-04 7.41668228e-04]
  [4.05016822e-05 1.55065554e-02 1.39681889e+01 4.89547390e-04
   4.72622806e-03 7.32530426e-04 7.32530426e-04]]

 [[5.91791226e-06 1.07522855e-02 1.49832593e+01 4.84794479e-04
   1.78397965e-03 6.93545284e-04 6.93545284e-04]
  [3.44465517e-05 1.52843317e-02 1.42408079e+01 4.82797712e-04
   4.37923947e-03 7.38870026e-04 7.38870026e-04]
  [3.45449990e-05 1.54107825e-02 1.39890432e+01 4.88136498e-04
   4.77641067e-03 7.41757041e-04 7.41757041e-04]
  [3.97039335e-05 1.54895736e-02 1.36256026e+01 4.78778585e-04
   4.69127676e-03 7.39257286e-04 7.39257286e-04]
  [4.93646613e-07 1.16443377e-02 1.43130821e+01 4.46419315e-04
   4.50858801e-03 6.92015243e-04 6.92015243e-04]
  [3.76263639e-05 1.54569053e-02 1.38135688e+01 4.74359553e-04
   6.53820359e-03 7.36918263e-04 7.36918263e-04]
  [3.19673699e-05 1.48423248e-02 1.42889462e+01 4.93910293e-04
   5.03300892e-03 7.37840809e-04 7.37840809e-04]
  [3.75186688e-05 1.55274512e-02 1.40800336e+01 4.84517593e-04
   4.34069206e-03 7.38427633e-04 7.38427633e-04]]

 [[3.84113246e-05 1.55893809e-02 1.38180389e+01 4.93156844e-04
   4.82383554e-03 7.39319376e-04 7.39319376e-04]
  [4.24078837e-05 1.57491217e-02 1.37039252e+01 4.79814404e-04
   7.27018119e-03 7.36005302e-04 7.36005302e-04]
  [3.87151066e-05 1.55543021e-02 1.38728076e+01 4.75632159e-04
   5.79503953e-03 7.37033871e-04 7.37033871e-04]
  [3.17830673e-05 1.52954290e-02 1.41394218e+01 4.83647257e-04
   5.65549275e-03 7.31993426e-04 7.31993426e-04]
  [3.91502371e-05 1.54232785e-02 1.38911492e+01 4.89402428e-04
   4.76501752e-03 7.36521899e-04 7.36521899e-04]
  [3.74351840e-05 1.55686843e-02 1.38633825e+01 4.89957281e-04
   5.64682270e-03 7.37461842e-04 7.37461842e-04]
  [3.24197790e-05 1.53007927e-02 1.41556811e+01 4.84976938e-04
   6.08252571e-03 7.34739207e-04 7.34739207e-04]
  [3.79817935e-05 1.54375469e-02 1.38081466e+01 4.77861495e-04
   7.13705063e-03 7.36860312e-04 7.36860312e-04]]

 [[3.71808338e-05 1.54345306e-02 1.38971784e+01 4.86720880e-04
   6.12386550e-03 7.38743938e-04 7.38743938e-04]
  [3.12113557e-05 1.52546076e-02 1.40026783e+01 4.76831472e-04
   6.84467822e-03 7.32948488e-04 7.32948488e-04]
  [3.75816803e-05 1.54689814e-02 1.38196175e+01 4.69498851e-04
   8.46716109e-03 7.34787611e-04 7.34787611e-04]
  [2.42586596e-05 1.42744646e-02 1.45266566e+01 4.81810588e-04
   4.81726663e-03 7.40026220e-04 7.40026220e-04]
  [3.95052747e-05 1.55555633e-02 1.40010132e+01 4.83265630e-04
   4.88518036e-03 7.38519036e-04 7.38519036e-04]
  [3.34959765e-05 1.52257830e-02 1.39691088e+01 4.83821907e-04
   5.15343040e-03 7.40090614e-04 7.40090614e-04]
  [3.34452294e-05 1.53216832e-02 1.38670378e+01 4.81981846e-04
   6.54976860e-03 7.40926319e-04 7.40926319e-04]
  [3.66227197e-05 1.54703167e-02 1.40595343e+01 4.91364280e-04
   4.63359300e-03 7.37369206e-04 7.37369206e-04]]

 [[3.69077512e-05 1.54772926e-02 1.38697135e+01 4.73871534e-04
   6.31924972e-03 7.38304944e-04 7.38304944e-04]
  [3.51377473e-05 1.54500308e-02 1.40107695e+01 4.90212436e-04
   4.73952650e-03 7.37952394e-04 7.37952394e-04]
  [4.40815919e-05 1.57549895e-02 1.40851432e+01 4.78366337e-04
   6.06058878e-03 7.38111232e-04 7.38111232e-04]
  [4.18971264e-05 1.54672325e-02 1.40235723e+01 4.87738027e-04
   5.33625683e-03 7.29815273e-04 7.29815273e-04]
  [4.19844782e-05 1.55923930e-02 1.36130028e+01 4.81014625e-04
   5.64454688e-03 7.36604805e-04 7.36604805e-04]
  [3.80643567e-05 1.54506051e-02 1.41653005e+01 4.93916460e-04
   5.01656978e-03 7.34205289e-04 7.34205289e-04]
  [3.99862954e-05 1.54661478e-02 1.36517837e+01 4.81807163e-04
   6.28024691e-03 7.39645948e-04 7.39645948e-04]
  [4.06960860e-05 1.56247959e-02 1.39296386e+01 4.84010527e-04
   5.68682176e-03 7.34982602e-04 7.34982602e-04]]]

Cumulative Reward: 6045.023637365332
