Scheduler Table:
[[[2.27835015e-04 2.76705522e-02 4.38147923e+01 9.90907044e-04
   2.05532292e-03 2.03721683e-03 2.03721683e-03]
  [2.06411015e-04 2.72415310e-02 4.43688085e+01 9.91710167e-04
   2.05024705e-03 2.03388497e-03 2.03388497e-03]
  [2.26434086e-04 2.76485545e-02 4.35295396e+01 9.90959980e-04
   2.05498702e-03 2.03699714e-03 2.03699714e-03]]

 [[2.14082166e-04 2.73927325e-02 4.39093388e+01 9.91424592e-04
   2.05205179e-03 2.03506971e-03 2.03506971e-03]
  [1.98287677e-04 2.70328108e-02 4.45295050e+01 9.88047529e-04
   2.07305517e-03 2.04844780e-03 2.04844780e-03]
  [8.89536362e-05 1.51192918e-01 5.62825556e+01 8.78879915e-04
   2.75511464e-03 2.47900005e-03 2.48102737e-03]]

 [[2.20491578e-04 2.75050808e-02 4.37535734e+01 9.91182719e-04
   2.05357849e-03 2.03607303e-03 2.03607303e-03]
  [3.56450828e-05 2.16433011e-02 5.70273193e+01 8.78395102e-04
   2.76924266e-03 2.47615315e-03 2.49749331e-03]
  [2.73339205e-05 2.18894277e-02 4.41969233e+01 8.89728984e-04
   2.68523646e-03 2.43937561e-03 2.43937561e-03]]]

Buffer Table:
[[[5.65354438e-05 1.50070684e-01 5.83218919e+01 8.56447885e-04
   2.90590863e-03 2.55957360e-03 2.58080705e-03]
  [1.90139244e-04 2.72807717e-02 4.40618415e+01 9.91614154e-04
   2.05087469e-03 2.03429891e-03 2.03429891e-03]
  [2.03925240e-04 2.75688307e-02 4.37349384e+01 9.91053117e-04
   2.05441730e-03 2.03662732e-03 2.03662732e-03]]

 [[1.78108027e-04 2.69380134e-02 4.61713250e+01 9.92123815e-04
   2.04765565e-03 2.03218368e-03 2.03218368e-03]
  [2.02995050e-04 2.75610179e-02 4.39375507e+01 9.91086240e-04
   2.05420986e-03 2.03648995e-03 2.03648995e-03]
  [1.97552704e-04 2.74281373e-02 4.39818953e+01 9.91322944e-04
   2.05271282e-03 2.03550745e-03 2.03550745e-03]]

 [[1.96108271e-04 2.74017749e-02 4.41133232e+01 9.91368051e-04
   2.05243043e-03 2.03532039e-03 2.03532039e-03]
  [1.97160245e-04 2.74349766e-02 4.38640470e+01 9.91331010e-04
   2.05266211e-03 2.03547399e-03 2.03547399e-03]
  [1.99168082e-04 2.74545518e-02 4.37175137e+01 9.91266767e-04
   2.05307181e-03 2.03574084e-03 2.03574084e-03]]]

Arbiter Table:
[[[5.71022141e-05 1.50104793e-01 5.88445943e+01 8.59513403e-04
   2.88679333e-03 2.54733911e-03 2.56857257e-03]
  [2.13645962e-04 2.74633981e-02 4.41471434e+01 9.91231067e-04
   2.05327672e-03 2.03587352e-03 2.03587352e-03]
  [2.00022921e-04 2.71728750e-02 4.41408981e+01 9.91769290e-04
   2.04987286e-03 2.03364046e-03 2.03364046e-03]]

 [[2.11214524e-04 2.73951978e-02 4.40079882e+01 9.91327297e-04
   2.05266802e-03 2.03547426e-03 2.03547426e-03]
  [2.20941720e-04 2.76307216e-02 4.37457670e+01 9.90942141e-04
   2.05510341e-03 2.03707224e-03 2.03707224e-03]
  [2.17810256e-04 2.75386005e-02 4.39248757e+01 9.91078706e-04
   2.05423657e-03 2.03650545e-03 2.03650545e-03]]

 [[1.90741064e-04 2.68966843e-02 4.57994986e+01 9.91388308e-04
   2.05223716e-03 2.03512927e-03 2.03512927e-03]
  [2.18170038e-04 2.75528796e-02 4.36126986e+01 9.91071626e-04
   2.05428199e-03 2.03653486e-03 2.03653486e-03]
  [2.79940875e-05 2.20414724e-02 4.38675517e+01 8.93725270e-04
   2.66073832e-03 2.42398969e-03 2.42398969e-03]]]

Page Table:
[[[6.49701711e-05 1.51759098e-01 5.76253130e+01 8.62042162e-04
   2.86902813e-03 2.53582406e-03 2.55705751e-03]
  [1.89393173e-04 5.67683732e-02 4.36214057e+01 9.72905318e-04
   2.12668874e-03 2.08038734e-03 2.08038734e-03]
  [1.89782131e-04 5.64146992e-02 4.21559269e+01 9.73176141e-04
   2.12541299e-03 2.07958801e-03 2.07958801e-03]
  [1.78571878e-04 5.53856095e-02 4.37936227e+01 9.73237610e-04
   2.12635830e-03 2.08031016e-03 2.08031016e-03]]

 [[1.92853421e-04 5.71238151e-02 4.33509712e+01 9.72616456e-04
   2.12804958e-03 2.08123972e-03 2.08123972e-03]
  [1.88546273e-04 5.61732435e-02 4.33844250e+01 9.73352577e-04
   2.12458197e-03 2.07906712e-03 2.07906712e-03]
  [1.92347955e-04 5.66789244e-02 4.21052614e+01 9.72961945e-04
   2.12642225e-03 2.08021981e-03 2.08021981e-03]
  [1.82513023e-04 5.57876522e-02 4.34879191e+01 9.73679753e-04
   2.12304254e-03 2.07809874e-03 2.07809874e-03]]

 [[2.00032122e-04 5.84207735e-02 4.30842411e+01 9.71585087e-04
   2.13290708e-03 2.08428516e-03 2.08428516e-03]
  [1.88857186e-04 5.62508195e-02 4.32651706e+01 9.73301123e-04
   2.12482302e-03 2.07922103e-03 2.07922103e-03]
  [1.98032501e-04 5.71439632e-02 4.18312233e+01 9.72586781e-04
   2.12818960e-03 2.08132696e-03 2.08132696e-03]
  [1.78596200e-04 5.53134932e-02 4.38893691e+01 9.74053022e-04
   2.12128378e-03 2.07699771e-03 2.07699771e-03]]

 [[1.52966273e-04 5.02167028e-02 4.62530788e+01 9.64962045e-04
   2.18390770e-03 2.11738231e-03 2.11738231e-03]
  [1.84659565e-04 5.58143105e-02 4.36285857e+01 9.73660154e-04
   2.12313426e-03 2.07815751e-03 2.07815751e-03]
  [1.91756784e-04 5.69491248e-02 4.19948967e+01 9.72745457e-04
   2.12744190e-03 2.08085899e-03 2.08085899e-03]
  [1.79520330e-04 5.54111221e-02 4.37124499e+01 9.73970169e-04
   2.12167373e-03 2.07724276e-03 2.07724276e-03]]]

Response Table:
[[[1.65563637e-04 2.46644834e-02 4.42238024e+01]
  [1.43530583e-04 2.43829427e-02 4.62845746e+01]]

 [[1.59911889e-04 2.46204757e-02 4.40883797e+01]
  [5.65491642e-05 1.50070854e-01 5.83197646e+01]]]

Refresh Table:
[[[1.63977536e-04 2.46816494e-02 4.40005750e+01]
  [4.88241846e-06 2.07387630e-02 5.75089604e+01]]

 [[5.82718253e-05 1.50290758e-01 5.67629308e+01]
  [1.66366040e-04 2.45873465e-02 4.41327872e+01]]]

Request Buffer Table:
[[[7.43044372e-05 3.47736169e-01 3.05838567e+01]
  [3.46335451e-05 3.64712613e-01 3.02954614e+01]
  [5.72852333e-05 3.58180573e-01 3.08241457e+01]
  [2.55883198e-04 3.58960090e-01 3.09866834e+01]
  [4.55720822e-05 3.57605396e-01 3.07630136e+01]
  [4.65193784e-05 3.56855756e-01 3.10787295e+01]
  [7.70950949e-05 3.28661118e-01 3.21678244e+01]
  [2.89932816e-05 3.70090098e-01 3.06815399e+01]]

 [[4.81324972e-05 3.54909274e-01 3.05399508e+01]
  [3.57911322e-05 3.62233973e-01 3.03706448e+01]
  [4.92374829e-05 3.64848295e-01 3.02803706e+01]
  [5.00077196e-05 3.61599236e-01 3.08220510e+01]
  [5.17971501e-05 3.66650245e-01 3.04508293e+01]
  [5.69088247e-05 3.74369893e-01 3.05638033e+01]
  [9.57553980e-05 3.31348938e-01 3.22658352e+01]
  [3.53981305e-05 3.62901372e-01 3.09034211e+01]]

 [[3.09772502e-05 3.62139142e-01 3.01241506e+01]
  [3.87637788e-05 3.61026870e-01 3.01976334e+01]
  [8.41661757e-05 3.63315171e-01 3.06339034e+01]
  [2.68570061e-04 3.61288439e-01 3.03491728e+01]
  [6.57319950e-05 3.54503962e-01 3.10578133e+01]
  [4.58852648e-05 3.64785661e-01 3.06566793e+01]
  [8.47158381e-05 3.30039391e-01 3.21459774e+01]
  [3.61654456e-05 3.54469322e-01 3.08901638e+01]]

 [[4.52850434e-05 3.63572829e-01 2.99453714e+01]
  [6.59842352e-04 3.58491724e-01 3.05750950e+01]
  [5.07040217e-05 3.53233557e-01 3.10150908e+01]
  [5.55330058e-05 3.75564707e-01 3.01435097e+01]
  [4.34889320e-05 3.55365594e-01 3.10140936e+01]
  [5.35350954e-05 3.56099691e-01 3.11547376e+01]
  [7.79267757e-05 3.00834201e-01 3.42497892e+01]
  [1.16276406e-04 3.61978470e-01 3.06804195e+01]]

 [[5.24838861e-05 3.49449964e-01 3.05309005e+01]
  [4.25800808e-05 3.64640419e-01 3.04771536e+01]
  [5.57547668e-05 3.55106136e-01 3.11236428e+01]
  [1.42062365e-04 3.51636797e-01 3.11650016e+01]
  [6.35490260e-05 3.51539936e-01 3.12079022e+01]
  [5.98158988e-05 3.56436465e-01 3.13251289e+01]
  [9.75678898e-05 2.82895903e-01 3.45013249e+01]
  [1.49000124e-04 3.62979897e-01 3.07753116e+01]]

 [[3.54441930e-05 3.60589850e-01 3.01251269e+01]
  [4.85211749e-05 3.64918783e-01 3.04496200e+01]
  [6.72382843e-05 3.63334607e-01 3.07653586e+01]
  [2.35458264e-04 3.57480376e-01 3.11445901e+01]
  [3.16964322e-05 3.57601300e-01 3.10748024e+01]
  [5.15117453e-05 3.61113129e-01 3.11060107e+01]
  [9.92427689e-05 3.31012440e-01 3.22286936e+01]
  [5.08234675e-05 3.58355830e-01 3.06193007e+01]]

 [[5.90355198e-05 3.42404597e-01 3.10515344e+01]
  [5.11609179e-05 3.50106827e-01 3.09141706e+01]
  [6.19715809e-05 3.41152091e-01 3.14963098e+01]
  [1.82731853e-04 3.37919916e-01 3.18111602e+01]
  [6.44781290e-05 3.36954512e-01 3.19295571e+01]
  [7.04362232e-05 3.46905917e-01 3.11801238e+01]
  [5.93695909e-05 1.55320317e-01 5.79554560e+01]
  [5.68842095e-05 3.43648195e-01 3.15668751e+01]]

 [[3.35163054e-05 3.68583684e-01 2.99586687e+01]
  [4.03018136e-05 3.72583631e-01 3.00832469e+01]
  [5.61987154e-05 3.56577250e-01 3.11321876e+01]
  [2.77663118e-04 3.59255564e-01 3.06124761e+01]
  [4.58862524e-05 3.55437826e-01 3.11628880e+01]
  [5.61225775e-05 3.57657006e-01 3.10162665e+01]
  [6.57212338e-05 3.31753875e-01 3.17998683e+01]
  [6.05864408e-05 3.64278750e-01 3.07586169e+01]]]

Ref Max Post Table:
[[[1.65073223e-04 5.53485622e-02 4.32586818e+01]
  [1.15519312e-04 4.49670499e-02 4.73631528e+01]
  [1.65886286e-04 5.58526371e-02 4.33029415e+01]
  [1.67115419e-04 5.62168527e-02 4.32051537e+01]]

 [[1.64163658e-04 5.52486347e-02 4.33269225e+01]
  [6.57189715e-05 1.52084926e-01 5.75624484e+01]
  [1.61554112e-04 5.50345023e-02 4.30010936e+01]
  [1.62228048e-04 5.50833398e-02 4.34647889e+01]]

 [[1.65515678e-04 5.56177121e-02 4.32357489e+01]
  [1.50593141e-04 5.24991703e-02 4.44273141e+01]
  [1.67286000e-04 5.64869660e-02 4.32013932e+01]
  [1.61971033e-04 5.50634524e-02 4.31600615e+01]]

 [[1.55230012e-04 5.34693389e-02 4.42830408e+01]
  [1.64229534e-04 5.54372488e-02 4.29162837e+01]
  [1.64727032e-04 5.56612320e-02 4.32879012e+01]
  [1.66877436e-04 5.61719301e-02 4.35182910e+01]]]

Ref Max Pull Table:
[[[1.77032806e-04 5.53202731e-02 4.33280128e+01]
  [1.79784916e-04 5.55902834e-02 4.36191849e+01]
  [1.75896745e-04 5.51323334e-02 4.34066882e+01]
  [1.35248512e-05 2.26056434e-02 5.63643814e+01]]

 [[1.35356689e-05 2.26502027e-02 5.55126920e+01]
  [1.72188763e-04 5.41486834e-02 4.44413189e+01]
  [1.76734132e-04 5.53311743e-02 4.31086094e+01]
  [1.85839286e-04 5.66301475e-02 4.29567934e+01]]

 [[1.77584095e-04 5.54284044e-02 4.30592822e+01]
  [1.35497606e-05 2.26114966e-02 5.62791548e+01]
  [1.78742944e-04 5.56985862e-02 4.31721899e+01]
  [1.70373367e-04 5.40261009e-02 4.35431912e+01]]

 [[1.80385865e-04 5.58531182e-02 4.30556409e+01]
  [1.78023900e-04 5.54646029e-02 4.30429859e+01]
  [6.69062251e-05 1.52155817e-01 5.55602308e+01]
  [1.78144176e-04 5.54636232e-02 4.32565745e+01]]]

Max Activate Table:
[[[2.25039160e-05 3.76285518e-01 2.95960289e+01 6.76659246e-04
   1.62411023e-03 1.55379280e-03 1.55379280e-03]
  [4.16106882e-05 3.55146945e-01 3.01891078e+01 6.96034049e-04
   1.64679071e-03 1.58070643e-03 1.58070643e-03]
  [4.53643846e-05 3.57130787e-01 3.05940952e+01 6.94177151e-04
   1.64506326e-03 1.57845694e-03 1.57845694e-03]
  [3.29989558e-05 3.84228620e-01 2.96730178e+01 6.69152255e-04
   1.61635285e-03 1.54412502e-03 1.54412502e-03]
  [4.97386902e-05 3.60215051e-01 3.09234347e+01 6.91305323e-04
   1.64168681e-03 1.57445987e-03 1.57445987e-03]
  [1.08796019e-03 3.68120828e-01 3.04393401e+01 6.84065004e-04
   1.63329461e-03 1.56446110e-03 1.56446110e-03]
  [6.18634765e-05 3.34605625e-01 3.16125979e+01 7.14847535e-04
   1.66920458e-03 1.60713306e-03 1.60713306e-03]
  [6.72885573e-05 3.42961537e-01 3.17470871e+01 7.07172792e-04
   1.66016364e-03 1.59642978e-03 1.59642978e-03]]

 [[1.75669497e-04 3.78826341e-01 2.95555755e+01 6.74266836e-04
   1.62142659e-03 1.55055122e-03 1.55055122e-03]
  [5.05173415e-05 3.59904911e-01 3.01523380e+01 6.91614156e-04
   1.64176232e-03 1.57467663e-03 1.57467663e-03]
  [7.68551560e-05 3.63848892e-01 3.03336122e+01 6.88014420e-04
   1.63758776e-03 1.56970129e-03 1.56970129e-03]
  [3.20310223e-05 3.68493972e-01 3.03584919e+01 6.83791238e-04
   1.63264369e-03 1.56383515e-03 1.56383515e-03]
  [2.17460319e-05 3.86938544e-01 2.96358305e+01 6.66764302e-04
   1.61337911e-03 1.54067506e-03 1.54067506e-03]
  [5.34441266e-05 3.54200954e-01 3.12982004e+01 6.96818099e-04
   1.64846420e-03 1.58235878e-03 1.58235878e-03]
  [6.52029031e-05 3.28409587e-01 3.20917070e+01 7.20478346e-04
   1.67584415e-03 1.61499218e-03 1.61499218e-03]
  [5.25778651e-05 3.49397487e-01 3.13636337e+01 7.01280530e-04
   1.65319179e-03 1.58818623e-03 1.58818623e-03]]

 [[1.81646578e-04 3.50846664e-01 3.05753535e+01 6.99949743e-04
   1.65161031e-03 1.58632390e-03 1.58632390e-03]
  [4.67435227e-05 3.63416733e-01 3.03619792e+01 6.88393787e-04
   1.63810783e-03 1.57028693e-03 1.57028693e-03]
  [6.20223980e-05 3.58372882e-01 3.03309253e+01 6.93004246e-04
   1.64395492e-03 1.57702543e-03 1.57702543e-03]
  [3.00394872e-05 3.71003833e-01 2.99325286e+01 6.81419084e-04
   1.63008616e-03 1.56070456e-03 1.56070456e-03]
  [3.15277504e-05 3.58122138e-01 3.08865388e+01 6.93289418e-04
   1.64390236e-03 1.57713516e-03 1.57713516e-03]
  [7.53605837e-05 3.54292541e-01 3.13896869e+01 6.96683575e-04
   1.64869924e-03 1.58246160e-03 1.58246160e-03]
  [8.14981987e-05 3.28214031e-01 3.23939167e+01 7.20667167e-04
   1.67605491e-03 1.61524912e-03 1.61524912e-03]
  [5.56358189e-05 3.57884274e-01 3.08183163e+01 6.93526603e-04
   1.64396934e-03 1.57730638e-03 1.57730638e-03]]

 [[3.62699475e-05 3.61981931e-01 3.01390082e+01 6.89762340e-04
   1.63931408e-03 1.57189332e-03 1.57189332e-03]
  [3.90963064e-05 3.63142842e-01 3.02145458e+01 6.88689495e-04
   1.63829114e-03 1.57057763e-03 1.57057763e-03]
  [5.27120068e-05 3.58720189e-01 3.05030566e+01 6.92662815e-04
   1.64365051e-03 1.57662223e-03 1.57662223e-03]
  [4.62670902e-05 3.59238059e-01 3.08372718e+01 6.92229834e-04
   1.64274363e-03 1.57572379e-03 1.57572379e-03]
  [4.80994080e-05 3.49474066e-01 3.12703059e+01 7.01145618e-04
   1.65341974e-03 1.58828952e-03 1.58828952e-03]
  [7.48999480e-05 3.59659635e-01 3.09062366e+01 6.91841201e-04
   1.64263866e-03 1.57544583e-03 1.57544583e-03]
  [6.09011328e-05 3.31875840e-01 3.20088368e+01 7.17337383e-04
   1.67213582e-03 1.61060543e-03 1.61060543e-03]
  [9.52048176e-05 3.55613026e-01 3.03600506e+01 6.95625737e-04
   1.64614237e-03 1.58001740e-03 1.58001740e-03]]

 [[2.22475143e-04 3.64777099e-01 3.00477628e+01 6.87163471e-04
   1.63663861e-03 1.56855768e-03 1.56855768e-03]
  [5.28638580e-05 3.57355840e-01 3.04113666e+01 6.93983701e-04
   1.64463137e-03 1.57803639e-03 1.57803639e-03]
  [4.29660797e-05 3.60131054e-01 3.03968566e+01 6.91407786e-04
   1.64184667e-03 1.57463017e-03 1.57463017e-03]
  [3.66685685e-05 3.54032983e-01 3.06701508e+01 6.97025272e-04
   1.64824899e-03 1.58230635e-03 1.58230635e-03]
  [3.97762636e-05 3.49042560e-01 3.09627668e+01 7.01596094e-04
   1.65374989e-03 1.58876845e-03 1.58876845e-03]
  [4.84063914e-05 3.52211357e-01 3.11123971e+01 6.98657265e-04
   1.65045608e-03 1.58479328e-03 1.58479328e-03]
  [5.77972535e-05 3.04614408e-01 3.41913963e+01 7.42199851e-04
   1.70133199e-03 1.64521494e-03 1.64521494e-03]
  [3.84594168e-05 3.45692956e-01 3.14780419e+01 7.04683038e-04
   1.65722190e-03 1.59295110e-03 1.59295110e-03]]

 [[4.21032395e-04 3.68808521e-01 3.00079165e+01 6.83451449e-04
   1.63244224e-03 1.56351058e-03 1.56351058e-03]
  [4.70167666e-05 3.63288594e-01 3.04562325e+01 6.88545750e-04
   1.63818430e-03 1.57042296e-03 1.57042296e-03]
  [3.83100347e-05 3.68377724e-01 3.04580884e+01 6.83859579e-04
   1.63288387e-03 1.56404864e-03 1.56404864e-03]
  [4.63678046e-05 3.56613710e-01 3.09131320e+01 6.94603078e-04
   1.64584918e-03 1.57926421e-03 1.57926421e-03]
  [4.29235653e-05 3.49246037e-01 3.11413879e+01 7.01379562e-04
   1.65358958e-03 1.58853470e-03 1.58853470e-03]
  [3.59044043e-05 3.56223682e-01 3.12390275e+01 6.94979244e-04
   1.64627135e-03 1.57977432e-03 1.57977432e-03]
  [6.45872630e-05 3.32505596e-01 3.20306947e+01 7.16720284e-04
   1.67145484e-03 1.60977868e-03 1.60977868e-03]
  [7.34099709e-05 3.53183738e-01 3.11552278e+01 6.97834996e-04
   1.64900137e-03 1.58328621e-03 1.58328621e-03]]

 [[1.69795587e-04 3.44502755e-01 3.09090592e+01 7.05753278e-04
   1.65853213e-03 1.59447999e-03 1.59447999e-03]
  [4.42906435e-05 3.39997451e-01 3.12831195e+01 7.09862517e-04
   1.66328934e-03 1.60014834e-03 1.60014834e-03]
  [7.15325852e-05 3.38711912e-01 3.13807697e+01 7.11015918e-04
   1.66483558e-03 1.60189690e-03 1.60189690e-03]
  [5.12786321e-05 3.45189681e-01 3.10636877e+01 7.05093889e-04
   1.65775803e-03 1.59356391e-03 1.59356391e-03]
  [5.39478362e-05 3.30137778e-01 3.21040234e+01 7.18913503e-04
   1.67400813e-03 1.61281709e-03 1.61281709e-03]
  [8.72951228e-05 3.45545835e-01 3.13480819e+01 7.04770307e-04
   1.65748764e-03 1.59319490e-03 1.59319490e-03]
  [5.65304559e-05 1.50072438e-01 5.83223262e+01 8.56446380e-04
   2.90590519e-03 2.55957027e-03 2.58080372e-03]
  [5.03626723e-05 3.34175283e-01 3.18364759e+01 7.15206562e-04
   1.66965048e-03 1.60765265e-03 1.60765265e-03]]

 [[1.83613169e-04 3.55026396e-01 3.02379197e+01 6.96122637e-04
   1.64716483e-03 1.58103124e-03 1.58103124e-03]
  [3.86715856e-05 3.49333974e-01 3.07125445e+01 7.01324407e-04
   1.65318995e-03 1.58820954e-03 1.58820954e-03]
  [8.30446596e-05 3.49557722e-01 3.07603971e+01 7.01146640e-04
   1.65309028e-03 1.58804324e-03 1.58804324e-03]
  [4.52561506e-05 3.53626729e-01 3.06470089e+01 6.97417938e-04
   1.64861018e-03 1.58277899e-03 1.58277899e-03]
  [5.33203703e-05 3.42637702e-01 3.14988375e+01 7.07446209e-04
   1.66062485e-03 1.59691437e-03 1.59691437e-03]
  [3.47599507e-05 3.66900306e-01 3.04038890e+01 6.85175596e-04
   1.63474206e-03 1.56611335e-03 1.56611335e-03]
  [6.90325621e-05 3.25831746e-01 3.21746175e+01 7.22840251e-04
   1.67860363e-03 1.61826958e-03 1.61826958e-03]
  [3.68181197e-05 3.56589938e-01 3.09697273e+01 6.94737426e-04
   1.64534929e-03 1.57896119e-03 1.57896119e-03]]]

Cumulative Reward: 7109.995507250511
