Scheduler Table:
[[[4.33076990e-06 1.51875448e-02 1.40051047e+01 4.81371134e-04
   5.66668445e-03 7.38194463e-04 7.38194463e-04]
  [4.30518102e-06 1.51638934e-02 1.40668438e+01 4.82202869e-04
   5.98248367e-03 7.36256659e-04 7.36256659e-04]
  [3.35771886e-06 1.35599234e-02 1.55392826e+01 4.86154719e-04
   3.23951764e-03 7.38089699e-04 7.38089699e-04]]

 [[4.67661940e-06 1.52195699e-02 1.40191791e+01 4.80942051e-04
   5.51156117e-03 7.37519275e-04 7.37519275e-04]
  [6.71678427e-07 1.15716596e-02 1.53638464e+01 4.87010148e-04
   1.92383412e-02 7.07793611e-04 7.29360128e-04]
  [3.96028612e-06 1.52169726e-02 1.40979960e+01 4.80019952e-04
   6.08871993e-03 7.35998615e-04 7.35998615e-04]]

 [[3.43393498e-06 1.37053631e-02 1.54005101e+01 4.86198478e-04
   3.48776456e-03 7.37863027e-04 7.37863027e-04]
  [4.07128407e-06 1.52296403e-02 1.40625045e+01 4.82790476e-04
   5.24646189e-03 7.34831424e-04 7.34831424e-04]
  [4.19629149e-06 1.52596041e-02 1.40818350e+01 4.83213725e-04
   5.51241183e-03 7.36900304e-04 7.36900304e-04]]]

Buffer Table:
[[[3.83877817e-06 1.51871130e-02 1.39918162e+01 4.83897701e-04
   6.14841405e-03 7.35223472e-04 7.35223472e-04]
  [4.23226520e-06 1.52304063e-02 1.40709725e+01 4.80628701e-04
   5.09510711e-03 7.36568275e-04 7.36568275e-04]
  [3.96291383e-06 1.51278652e-02 1.41407644e+01 4.83486975e-04
   5.62581388e-03 7.38123151e-04 7.38123151e-04]]

 [[3.80080706e-06 1.51646429e-02 1.41193173e+01 4.84157019e-04
   5.28970682e-03 7.39420365e-04 7.39420365e-04]
  [7.52556707e-07 1.16750385e-02 1.53141501e+01 4.86786836e-04
   1.92996815e-02 7.08115058e-04 7.29681575e-04]
  [4.42690988e-06 1.52039861e-02 1.40654397e+01 4.82065084e-04
   6.02796401e-03 7.36482080e-04 7.36482080e-04]]

 [[3.83400502e-06 1.51865420e-02 1.40604827e+01 4.82558232e-04
   5.62139845e-03 7.37675017e-04 7.37675017e-04]
  [4.04612555e-06 1.46654262e-02 1.44987182e+01 4.82736472e-04
   6.26252510e-03 7.36464465e-04 7.36464465e-04]
  [4.18166112e-06 1.52099061e-02 1.40058149e+01 4.84283610e-04
   5.82185424e-03 7.37328974e-04 7.37328974e-04]]]

Arbiter Table:
[[[6.71678427e-07 1.15716596e-02 1.53638464e+01 4.87010148e-04
   1.92383412e-02 7.07793611e-04 7.29360128e-04]
  [3.76123393e-06 1.51542657e-02 1.41041849e+01 4.82909536e-04
   5.71930683e-03 7.35956698e-04 7.35956698e-04]
  [4.30329487e-06 1.51679809e-02 1.40835153e+01 4.78969214e-04
   6.29826824e-03 7.38858585e-04 7.38858585e-04]]

 [[3.60800370e-06 1.48565647e-02 1.43580181e+01 4.80831458e-04
   5.77371515e-03 7.35650655e-04 7.35650655e-04]
  [4.08453353e-06 1.53004757e-02 1.39874317e+01 4.84817738e-04
   5.56295140e-03 7.36706402e-04 7.36706402e-04]
  [4.65565821e-06 1.52447153e-02 1.40128113e+01 4.82979987e-04
   5.52844151e-03 7.38140947e-04 7.38140947e-04]]

 [[3.82952101e-06 1.49085896e-02 1.43349542e+01 4.80326255e-04
   5.60872359e-03 7.38376896e-04 7.38376896e-04]
  [4.13374924e-06 1.52473812e-02 1.40290982e+01 4.83750824e-04
   5.89610570e-03 7.34636337e-04 7.34636337e-04]
  [5.86128190e-06 1.52504303e-02 1.39856854e+01 4.81984382e-04
   5.59817176e-03 7.38418625e-04 7.38418625e-04]]]

Page Table:
[[[4.02686896e-06 1.60359514e-02 1.44295078e+01 4.86230514e-04
   5.29809196e-03 7.36909390e-04 7.36909390e-04]
  [1.21415128e-06 1.16320440e-02 1.54581563e+01 4.85247432e-04
   1.98991124e-02 7.16853741e-04 7.38420258e-04]
  [4.38270046e-06 1.68508820e-02 1.37771467e+01 4.85577465e-04
   5.36571020e-03 7.36940801e-04 7.36940801e-04]
  [4.22961584e-06 1.67316586e-02 1.41756229e+01 4.83414527e-04
   5.78937376e-03 7.35643124e-04 7.35643124e-04]]

 [[1.21859271e-06 1.16326575e-02 1.54635232e+01 4.86075757e-04
   3.26524640e-03 7.18834118e-04 7.18834118e-04]
  [5.67766264e-06 1.65952888e-02 1.40879233e+01 4.82188000e-04
   5.17781502e-03 7.35444310e-04 7.35444310e-04]
  [4.23199287e-06 1.66944243e-02 1.37748266e+01 4.83068412e-04
   5.72781401e-03 7.37067994e-04 7.37067994e-04]
  [8.13891822e-06 1.66205035e-02 1.40632590e+01 4.79819291e-04
   6.18718250e-03 7.35224626e-04 7.35224626e-04]]

 [[5.11793342e-06 1.67371666e-02 1.40998729e+01 4.82052970e-04
   6.57328490e-03 7.36906317e-04 7.36906317e-04]
  [4.10331144e-06 1.60726457e-02 1.44431907e+01 4.84470525e-04
   4.73556016e-03 7.36518615e-04 7.36518615e-04]
  [4.37474426e-06 1.68163324e-02 1.37922977e+01 4.84009330e-04
   5.76205635e-03 7.37068646e-04 7.37068646e-04]
  [4.14710750e-06 1.68688150e-02 1.41095284e+01 4.83539202e-04
   5.65191588e-03 7.36941786e-04 7.36941786e-04]]

 [[4.56674107e-06 1.62385434e-02 1.43121652e+01 4.82490736e-04
   5.43892147e-03 7.37871552e-04 7.37871552e-04]
  [4.49334757e-06 1.66055561e-02 1.41435303e+01 4.79871869e-04
   6.57673261e-03 7.33168329e-04 7.33168329e-04]
  [4.29258934e-06 1.68766809e-02 1.37710084e+01 4.85109709e-04
   5.53552918e-03 7.36683109e-04 7.36683109e-04]
  [4.23014100e-06 1.67608145e-02 1.40066597e+01 4.78003925e-04
   6.79948451e-03 7.37409727e-04 7.37409727e-04]]]

Response Table:
[[[3.92963937e-06 1.45793552e-02 1.39765092e+01]
  [3.49784974e-06 1.45418188e-02 1.40738068e+01]]

 [[3.56332501e-06 1.45378993e-02 1.40662229e+01]
  [6.71678427e-07 1.15716596e-02 1.53638464e+01]]]

Refresh Table:
[[[6.71678427e-07 1.15716596e-02 1.53638464e+01]
  [3.61631726e-06 1.44991767e-02 1.40485547e+01]]

 [[3.68186778e-06 1.46276908e-02 1.40726607e+01]
  [3.58567666e-06 1.44987493e-02 1.40202294e+01]]]

Request Buffer Table:
[[[1.44234715e-05 6.90701722e-02 1.21854961e+01]
  [1.48317516e-05 6.99975136e-02 1.22368184e+01]
  [1.44187392e-05 6.85541841e-02 1.23931876e+01]
  [1.52251691e-05 6.88372436e-02 1.23904176e+01]
  [1.47078763e-05 6.99507578e-02 1.23397035e+01]
  [1.45001908e-05 6.80968740e-02 1.24119466e+01]
  [1.10961188e-05 5.24722144e-02 1.30974346e+01]
  [1.50829684e-05 7.05905664e-02 1.23987315e+01]]

 [[1.42256319e-05 6.82592359e-02 1.23042290e+01]
  [1.54203597e-05 7.29709487e-02 1.22012988e+01]
  [1.51244012e-05 7.15403239e-02 1.22359802e+01]
  [1.51203772e-05 7.01381855e-02 1.23468443e+01]
  [1.66047571e-05 7.08206536e-02 1.22798279e+01]
  [1.41821431e-05 6.65840006e-02 1.24046471e+01]
  [1.25484167e-05 5.71459392e-02 1.28163986e+01]
  [1.51602786e-05 7.15436828e-02 1.22108319e+01]]

 [[1.57136391e-05 7.37453454e-02 1.21612938e+01]
  [1.49340944e-05 7.03191255e-02 1.22636517e+01]
  [1.57964971e-05 7.06937303e-02 1.24001557e+01]
  [1.58987139e-05 7.50700272e-02 1.21342647e+01]
  [1.44006321e-05 6.88350675e-02 1.24730419e+01]
  [1.51689970e-05 7.21417052e-02 1.22546767e+01]
  [1.35895298e-05 6.21716393e-02 1.25766002e+01]
  [1.54773164e-05 6.85129548e-02 1.24299146e+01]]

 [[1.47113545e-05 6.92323891e-02 1.22135962e+01]
  [1.48468343e-05 7.11253635e-02 1.22064047e+01]
  [1.80641935e-05 7.26270267e-02 1.22043284e+01]
  [1.92421475e-05 7.21516320e-02 1.22433238e+01]
  [1.58085663e-05 6.95691619e-02 1.24147417e+01]
  [1.94069589e-05 7.07804188e-02 1.22995676e+01]
  [1.41271622e-05 6.15980893e-02 1.25851146e+01]
  [1.49966186e-05 7.07326430e-02 1.22657779e+01]]

 [[1.43759795e-05 6.88085983e-02 1.22465066e+01]
  [1.52110598e-05 6.83749982e-02 1.23787733e+01]
  [1.51404079e-05 7.02073926e-02 1.22549352e+01]
  [1.50638070e-05 6.83066740e-02 1.24639843e+01]
  [1.48814860e-05 7.11367213e-02 1.23603156e+01]
  [1.50019116e-05 7.04438011e-02 1.23138203e+01]
  [1.30935505e-05 6.04517806e-02 1.27055192e+01]
  [1.47391927e-05 7.03206042e-02 1.23737441e+01]]

 [[1.41417618e-05 6.79771686e-02 1.23186791e+01]
  [1.44887979e-05 6.99060907e-02 1.22415791e+01]
  [1.53021215e-05 6.94561436e-02 1.22825155e+01]
  [1.51280948e-05 6.94610591e-02 1.24281953e+01]
  [1.47329421e-05 6.98555876e-02 1.23573605e+01]
  [1.48044147e-05 6.85100281e-02 1.24462490e+01]
  [1.36199566e-05 6.16250508e-02 1.26638467e+01]
  [1.48856100e-05 6.91041284e-02 1.24048188e+01]]

 [[1.30630510e-05 6.27660119e-02 1.25181758e+01]
  [1.35898157e-05 6.29228139e-02 1.25434883e+01]
  [1.40657630e-05 6.64337133e-02 1.24702029e+01]
  [1.48288298e-05 6.62850702e-02 1.24049233e+01]
  [1.38331344e-05 6.53164479e-02 1.25000116e+01]
  [1.46357040e-05 6.49202568e-02 1.24316026e+01]
  [6.71678446e-07 1.15716597e-02 1.53638464e+01]
  [1.75026235e-05 6.61868561e-02 1.25080438e+01]]

 [[1.47416672e-05 6.86522851e-02 1.22407244e+01]
  [1.53601363e-05 7.22677577e-02 1.21651248e+01]
  [1.49045104e-05 7.00809663e-02 1.23788621e+01]
  [1.53525183e-05 7.33956368e-02 1.22693761e+01]
  [1.48196978e-05 6.96244841e-02 1.23216284e+01]
  [1.60110613e-05 6.97764052e-02 1.23617023e+01]
  [1.35488483e-05 6.11843162e-02 1.26351334e+01]
  [1.47855152e-05 6.97928504e-02 1.24380804e+01]]]

Ref Max Post Table:
[[[3.87824247e-06 1.67747753e-02 1.40517443e+01]
  [4.83276894e-06 1.66804892e-02 1.40312308e+01]
  [4.58691489e-06 1.69468617e-02 1.40240474e+01]
  [3.90923470e-06 1.62470137e-02 1.42097153e+01]]

 [[4.03899625e-06 1.67362878e-02 1.40302899e+01]
  [4.27339983e-06 1.65614665e-02 1.40623095e+01]
  [5.10100020e-06 1.66440997e-02 1.40266147e+01]
  [3.92086444e-06 1.63330428e-02 1.42847688e+01]]

 [[6.54208696e-06 1.68843589e-02 1.39515951e+01]
  [4.34252015e-06 1.66710800e-02 1.40221060e+01]
  [4.54820853e-06 1.67369609e-02 1.40240416e+01]
  [4.14864352e-06 1.62205890e-02 1.42508384e+01]]

 [[3.97596863e-06 1.65663612e-02 1.41267123e+01]
  [4.68146662e-06 1.65275702e-02 1.41195941e+01]
  [4.61291194e-06 1.67837981e-02 1.40724293e+01]
  [6.78719771e-07 1.15827952e-02 1.53599810e+01]]]

Ref Max Pull Table:
[[[4.19678279e-06 1.66052058e-02 1.40239684e+01]
  [4.62461908e-06 1.66544552e-02 1.40597532e+01]
  [4.27581273e-06 1.68158187e-02 1.40743977e+01]
  [4.18441945e-06 1.54187983e-02 1.44939571e+01]]

 [[4.19921322e-06 1.65850103e-02 1.40864792e+01]
  [4.37408547e-06 1.67595298e-02 1.40553349e+01]
  [4.11674689e-06 1.67765306e-02 1.40061610e+01]
  [1.26260670e-06 1.17377966e-02 1.54286187e+01]]

 [[4.26434995e-06 1.67964851e-02 1.39747191e+01]
  [4.43036445e-06 1.69071243e-02 1.40334974e+01]
  [4.06850977e-06 1.68519036e-02 1.40398265e+01]
  [4.46237527e-06 1.60736592e-02 1.42571354e+01]]

 [[4.14897123e-06 1.63848604e-02 1.41551518e+01]
  [1.25793420e-06 1.17366311e-02 1.54234351e+01]
  [4.27904433e-06 1.66677262e-02 1.41067651e+01]
  [5.78299476e-06 1.65943956e-02 1.40515400e+01]]]

Max Activate Table:
[[[1.60820290e-05 7.59616830e-02 1.20317291e+01 4.13705174e-04
   4.29481549e-03 6.33659116e-04 6.33659116e-04]
  [1.43821945e-05 6.76026752e-02 1.22574095e+01 4.26501607e-04
   4.96980372e-03 6.48873433e-04 6.48873433e-04]
  [1.46624857e-05 6.71966858e-02 1.23975389e+01 4.24326025e-04
   4.65009324e-03 6.49576600e-04 6.49576600e-04]
  [1.52843773e-05 6.92196149e-02 1.23597838e+01 4.22451458e-04
   4.72011103e-03 6.45984008e-04 6.45984008e-04]
  [1.60674548e-05 7.44849827e-02 1.22312364e+01 4.16373465e-04
   2.40731611e-02 6.36461655e-04 6.36461655e-04]
  [1.36110898e-05 6.27758147e-02 1.25293323e+01 4.29645827e-04
   5.12517110e-03 6.56904390e-04 6.56904390e-04]
  [1.57151647e-05 7.22420449e-02 1.23007211e+01 4.18264496e-04
   4.34321256e-03 6.41125227e-04 6.41125227e-04]
  [1.50865264e-05 6.97928988e-02 1.23489108e+01 4.25695015e-04
   5.62510262e-03 6.46390551e-04 6.46390551e-04]]

 [[1.69115484e-05 7.19767087e-02 1.20592448e+01 4.20310880e-04
   4.70254677e-03 6.41417259e-04 6.41417259e-04]
  [1.60002769e-05 7.47075376e-02 1.20916352e+01 4.23477537e-04
   4.62315798e-03 6.36852917e-04 6.36852917e-04]
  [1.35825968e-05 6.32746919e-02 1.25562263e+01 4.31566805e-04
   4.73609105e-03 6.57571230e-04 6.57571230e-04]
  [1.57173296e-05 7.36470005e-02 1.22147551e+01 4.20815750e-04
   5.83891623e-03 6.39397495e-04 6.39397495e-04]
  [1.48666086e-05 6.78702157e-02 1.24371936e+01 4.24960419e-04
   4.80136754e-03 6.48860246e-04 6.48860246e-04]
  [1.48930382e-05 6.84195515e-02 1.23302828e+01 4.25169967e-04
   4.96521898e-03 6.47475541e-04 6.47475541e-04]
  [1.55168747e-05 6.97465468e-02 1.24088311e+01 4.22506767e-04
   4.43220357e-03 6.44717680e-04 6.44717680e-04]
  [1.47973182e-05 6.81720359e-02 1.23954613e+01 4.26593639e-04
   5.24818079e-03 6.47590016e-04 6.47590016e-04]]

 [[1.41587997e-05 6.66427992e-02 1.23180168e+01 4.25432373e-04
   6.32380345e-03 6.49701140e-04 6.49701140e-04]
  [1.42931503e-05 6.67287379e-02 1.23617259e+01 4.28170401e-04
   4.63223687e-03 6.50980480e-04 6.50980480e-04]
  [1.41099250e-06 1.44180332e-02 1.52020211e+01 4.83020027e-04
   1.93270084e-02 7.03886812e-04 7.25453329e-04]
  [1.47779657e-05 6.80280032e-02 1.24227304e+01 4.25311855e-04
   5.33929925e-03 6.49116728e-04 6.49116728e-04]
  [1.53878460e-05 6.61039595e-02 1.24373910e+01 4.24725409e-04
   4.68906784e-03 6.49524521e-04 6.49524521e-04]
  [1.44950718e-05 6.61601240e-02 1.24608817e+01 4.26266286e-04
   4.74387802e-03 6.50270093e-04 6.50270093e-04]
  [1.46482443e-05 6.52729701e-02 1.25533709e+01 4.32419437e-04
   4.52690819e-03 6.53571647e-04 6.53571647e-04]
  [1.42068418e-05 6.51859347e-02 1.25208585e+01 4.25284517e-04
   7.49093031e-03 6.54293478e-04 6.54293478e-04]]

 [[1.50308491e-05 7.09616755e-02 1.21028964e+01 4.19896457e-04
   8.19323235e-03 6.41936862e-04 6.41936862e-04]
  [1.54954317e-05 7.04505534e-02 1.21989007e+01 4.23981866e-04
   4.92374807e-03 6.44731326e-04 6.44731326e-04]
  [1.31000157e-05 6.14823675e-02 1.25563543e+01 4.28170185e-04
   5.30516421e-03 6.56868873e-04 6.56868873e-04]
  [1.53420113e-05 7.28573568e-02 1.22311751e+01 4.22930448e-04
   5.34755645e-03 6.40270125e-04 6.40270125e-04]
  [1.47609158e-05 6.90862764e-02 1.24483856e+01 4.24480215e-04
   5.02443002e-03 6.42692752e-04 6.42692752e-04]
  [1.71447213e-05 6.84816378e-02 1.24726496e+01 4.26338246e-04
   4.58013151e-03 6.46673059e-04 6.46673059e-04]
  [2.01261479e-05 7.26017187e-02 1.22902531e+01 4.22680016e-04
   4.53088726e-03 6.41142362e-04 6.41142362e-04]
  [1.44718516e-05 6.78944630e-02 1.24383160e+01 4.29585198e-04
   5.31951207e-03 6.48847936e-04 6.48847936e-04]]

 [[1.55263179e-05 7.27331871e-02 1.21860272e+01 4.19804475e-04
   5.41895618e-03 6.40140376e-04 6.40140376e-04]
  [1.81565971e-05 7.24732545e-02 1.20848474e+01 4.21923847e-04
   4.78422077e-03 6.39620608e-04 6.39620608e-04]
  [1.40144456e-05 6.58698566e-02 1.24594372e+01 4.24418062e-04
   5.07344048e-03 6.52825993e-04 6.52825993e-04]
  [1.56637911e-05 7.04020982e-02 1.23467891e+01 4.21294062e-04
   5.12915110e-03 6.43993149e-04 6.43993149e-04]
  [1.63408269e-05 7.40728009e-02 1.21409137e+01 4.16175440e-04
   4.86342764e-03 6.37086510e-04 6.37086510e-04]
  [1.47819915e-05 6.93499371e-02 1.23955527e+01 4.26065844e-04
   4.51871935e-03 6.45004178e-04 6.45004178e-04]
  [1.70249050e-05 6.80516866e-02 1.22835869e+01 4.21881828e-04
   5.31803183e-03 6.44970343e-04 6.44970343e-04]
  [1.41172347e-05 6.36144813e-02 1.26628033e+01 4.31664703e-04
   5.00854958e-03 6.55310788e-04 6.55310788e-04]]

 [[1.45552685e-05 6.80084033e-02 1.22038820e+01 4.30095957e-04
   5.12630578e-03 6.48540776e-04 6.48540776e-04]
  [1.51667099e-05 6.98054901e-02 1.21939559e+01 4.23075706e-04
   5.04119125e-03 6.45048461e-04 6.45048461e-04]
  [1.33891695e-05 6.16689947e-02 1.25659723e+01 4.34554621e-04
   5.15027420e-03 6.57691424e-04 6.57691424e-04]
  [1.46555907e-05 6.89152829e-02 1.23754209e+01 4.26177854e-04
   4.73329658e-03 6.46340122e-04 6.46340122e-04]
  [1.64234068e-05 7.11532575e-02 1.23287583e+01 4.24723526e-04
   4.79200227e-03 6.42885943e-04 6.42885943e-04]
  [1.48390938e-05 6.91295092e-02 1.23413171e+01 4.23900955e-04
   5.39770642e-03 6.46765260e-04 6.46765260e-04]
  [1.47965793e-05 6.73174406e-02 1.24193121e+01 4.23783879e-04
   4.67158582e-03 6.48069937e-04 6.48069937e-04]
  [1.48287106e-05 6.72331242e-02 1.24491435e+01 4.26647088e-04
   4.61307772e-03 6.49684143e-04 6.49684143e-04]]

 [[1.82438042e-05 6.88178463e-02 1.22107042e+01 4.27062166e-04
   4.44923020e-03 6.47849603e-04 6.47849603e-04]
  [1.47251663e-05 6.78607759e-02 1.22891264e+01 4.22755325e-04
   5.11582250e-03 6.48444510e-04 6.48444510e-04]
  [1.36893298e-05 6.41299200e-02 1.24714042e+01 4.24226932e-04
   5.13587050e-03 6.53508602e-04 6.53508602e-04]
  [1.49044007e-05 6.89965666e-02 1.23112065e+01 4.24324014e-04
   5.29908395e-03 6.43049369e-04 6.43049369e-04]
  [1.70911922e-05 7.98350710e-02 1.19759584e+01 4.10520588e-04
   4.73445972e-03 6.26852946e-04 6.26852946e-04]
  [1.44927822e-05 6.62914406e-02 1.24859959e+01 4.28095277e-04
   4.67186813e-03 6.50970001e-04 6.50970001e-04]
  [1.88456210e-05 7.17958618e-02 1.22656404e+01 4.17884177e-04
   5.19584598e-03 6.41731761e-04 6.41731761e-04]
  [1.37946861e-05 6.28452097e-02 1.26735362e+01 4.33299353e-04
   4.53594583e-03 6.57572710e-04 6.57572710e-04]]

 [[1.43748178e-05 6.76886808e-02 1.22569229e+01 4.24080021e-04
   7.91467100e-03 6.48452955e-04 6.48452955e-04]
  [1.81062413e-05 7.00293128e-02 1.22556188e+01 4.26258371e-04
   4.64290010e-03 6.45486052e-04 6.45486052e-04]
  [1.17612003e-05 5.36010579e-02 1.31654724e+01 4.38301071e-04
   4.79531754e-03 6.71666074e-04 6.71666074e-04]
  [1.46409108e-05 6.67582709e-02 1.24340676e+01 4.24834728e-04
   5.36826294e-03 6.49576743e-04 6.49576743e-04]
  [1.53333839e-05 6.63000370e-02 1.25141598e+01 4.25167403e-04
   4.58114896e-03 6.50917543e-04 6.50917543e-04]
  [1.46612193e-05 6.68398806e-02 1.24663350e+01 4.30582087e-04
   4.98068482e-03 6.50670702e-04 6.50670702e-04]
  [1.49401729e-05 6.74108594e-02 1.24474409e+01 4.25323482e-04
   4.41281722e-03 6.49677825e-04 6.49677825e-04]
  [1.41414187e-05 6.37558556e-02 1.25209334e+01 4.33150788e-04
   5.44645402e-03 6.56064961e-04 6.56064961e-04]]]

Cumulative Reward: 6075.529542540163
