Scheduler Table:
[[[3.03357253e-06 1.41669584e-02 1.37583966e+01 4.85728870e-04
   5.10662659e-03 7.41096195e-04 7.41096195e-04]
  [3.05562251e-06 1.41962334e-02 1.39780003e+01 4.79447322e-04
   7.56412457e-03 7.40163693e-04 7.40163693e-04]
  [2.92752481e-06 1.41285735e-02 1.39909161e+01 4.77763992e-04
   4.81142388e-03 7.42236766e-04 7.42236766e-04]]

 [[3.14416977e-06 1.42011457e-02 1.38823042e+01 4.82275453e-04
   6.23354833e-03 7.41908561e-04 7.41908561e-04]
  [2.98060200e-06 1.42088128e-02 1.39535554e+01 4.77440984e-04
   5.23001755e-03 7.34374659e-04 7.34374659e-04]
  [1.14136214e-06 1.15186829e-02 1.50864090e+01 4.75757825e-04
   1.17725951e-01 6.68744823e-04 8.19710440e-04]]

 [[3.85670867e-06 1.42206471e-02 1.38993224e+01 4.84379007e-04
   4.18550035e-03 7.39516634e-04 7.39516634e-04]
  [1.18452358e-06 1.15190354e-02 1.51935173e+01 4.84699822e-04
   1.14971840e-03 6.87671210e-04 6.87671210e-04]
  [1.97954935e-06 1.36761880e-02 1.37264744e+01 4.49280617e-04
   8.77177189e-03 6.97666929e-04 6.97666929e-04]]]

Buffer Table:
[[[3.32242263e-06 1.42094144e-02 1.37398645e+01 4.82721180e-04
   6.86579983e-03 7.42987257e-04 7.42987257e-04]
  [4.60902885e-07 1.28120656e-02 1.41794370e+01 4.37048760e-04
   9.85571649e-03 6.95742535e-04 6.95742535e-04]
  [2.37643624e-06 1.15273540e-02 1.52074243e+01 4.80623348e-04
   1.18058682e-01 6.77337088e-04 8.28302706e-04]]

 [[2.43993974e-06 1.15276450e-02 1.51856397e+01 4.85303278e-04
   1.51797614e-03 6.90155295e-04 6.90155295e-04]
  [3.18004705e-06 1.41310423e-02 1.38852371e+01 4.84137258e-04
   5.82687485e-03 7.43351445e-04 7.43351445e-04]
  [3.43559818e-06 1.43134232e-02 1.35537444e+01 4.73371723e-04
   8.26238693e-03 7.39131250e-04 7.39131250e-04]]

 [[3.65849282e-06 1.42300662e-02 1.35232462e+01 4.78066330e-04
   4.04703761e-03 7.31796815e-04 7.31796815e-04]
  [2.50546132e-06 1.15283954e-02 1.54059783e+01 4.92213423e-04
   1.49028113e-03 7.00211651e-04 7.00211651e-04]
  [4.55705509e-06 1.17911678e-02 1.49104332e+01 4.42943043e-04
   8.69146905e-03 7.05365169e-04 7.05365169e-04]]]

Arbiter Table:
[[[2.05387586e-06 1.31708123e-02 1.44494180e+01 4.63666463e-04
   7.65970217e-03 6.90999720e-04 6.90999720e-04]
  [1.18452358e-06 1.15190354e-02 1.51935173e+01 4.84699822e-04
   1.14971840e-03 6.87671210e-04 6.87671210e-04]
  [1.85161165e-06 1.37396770e-02 1.43667604e+01 4.76916653e-04
   7.24120521e-03 7.24909762e-04 7.24909762e-04]]

 [[1.14136214e-06 1.15186829e-02 1.50864090e+01 4.75757825e-04
   1.17725951e-01 6.68744823e-04 8.19710440e-04]
  [3.55798145e-06 1.43103644e-02 1.33107311e+01 4.92294433e-04
   5.04852573e-03 7.31036031e-04 7.31036031e-04]
  [3.11734650e-06 1.41660818e-02 1.39067680e+01 4.82187886e-04
   5.97027588e-03 7.40523299e-04 7.40523299e-04]]

 [[2.65603605e-06 1.42671003e-02 1.40051984e+01 4.68879373e-04
   8.46922170e-03 7.45971239e-04 7.45971239e-04]
  [1.39698237e-06 1.36331887e-02 1.44582567e+01 4.76857847e-04
   7.07763122e-03 7.26692935e-04 7.26692935e-04]
  [2.58388620e-06 1.41841759e-02 1.38674582e+01 4.78480382e-04
   6.24516143e-03 7.40643512e-04 7.40643512e-04]]]

Page Table:
[[[7.13405571e-07 1.15159028e-02 1.50538239e+01 4.73517818e-04
   1.17629434e-01 6.67086971e-04 8.18052588e-04]
  [4.60237671e-07 1.28106554e-02 1.39963491e+01 4.31923265e-04
   1.00462905e-02 6.79021410e-04 6.79021410e-04]
  [2.12242500e-06 1.39046346e-02 1.38849271e+01 4.87267753e-04
   5.12491295e-03 7.24471875e-04 7.24471875e-04]
  [2.04794435e-06 1.41496268e-02 1.42411069e+01 4.85620623e-04
   5.31211324e-03 7.40762229e-04 7.40762229e-04]]

 [[2.64785785e-06 1.38598751e-02 1.46508939e+01 4.92224900e-04
   4.04780127e-03 7.37254734e-04 7.37254734e-04]
  [2.54461675e-06 1.42956574e-02 1.38640459e+01 4.74266160e-04
   3.72364826e-03 7.35881811e-04 7.35881811e-04]
  [2.70098351e-06 1.43324975e-02 1.37378078e+01 4.81829069e-04
   3.43839649e-03 7.31816394e-04 7.31816394e-04]
  [2.17600432e-06 1.42042474e-02 1.36809243e+01 4.69069877e-04
   8.43362391e-03 7.43971246e-04 7.43971246e-04]]

 [[2.29603833e-06 1.43231183e-02 1.36479599e+01 4.88986458e-04
   5.53775383e-03 7.23883808e-04 7.23883808e-04]
  [2.60791587e-06 1.37911074e-02 1.45490910e+01 4.90282056e-04
   4.66376970e-03 7.19353516e-04 7.19353516e-04]
  [3.04329282e-06 1.43596583e-02 1.37932469e+01 4.88260231e-04
   4.78651008e-03 7.39201202e-04 7.39201202e-04]
  [3.83477775e-06 1.43526997e-02 1.37631888e+01 4.84023051e-04
   4.17837932e-03 7.39509336e-04 7.39509336e-04]]

 [[4.44966035e-06 1.36955069e-02 1.45581181e+01 4.85257589e-04
   5.81675334e-03 7.44746695e-04 7.44746695e-04]
  [2.27566314e-06 1.43352045e-02 1.40432592e+01 4.81263375e-04
   5.71084551e-03 7.44002349e-04 7.44002349e-04]
  [2.77815568e-06 1.44462791e-02 1.38834454e+01 4.91100798e-04
   4.26232504e-03 7.38525798e-04 7.38525798e-04]
  [2.63105969e-06 1.43482744e-02 1.34954847e+01 4.72531422e-04
   7.82206380e-03 7.36167327e-04 7.36167327e-04]]]

Response Table:
[[[1.53058318e-06 1.40527255e-02 1.36627853e+01]
  [7.86935608e-07 1.34409061e-02 1.40497037e+01]]

 [[4.60237661e-07 1.28106554e-02 1.39963491e+01]
  [7.13405571e-07 1.15159028e-02 1.50538239e+01]]]

Refresh Table:
[[[7.13405571e-07 1.15159028e-02 1.50538239e+01]
  [1.27855513e-06 1.39933270e-02 1.41024895e+01]]

 [[1.27809896e-06 1.41161620e-02 1.42138974e+01]
  [1.08765363e-06 1.36807509e-02 1.37653221e+01]]]

Request Buffer Table:
[[[1.78577962e-05 1.52660571e-02 1.34640819e+01]
  [1.76869994e-05 1.50665138e-02 1.39034080e+01]
  [2.58335879e-05 1.52369847e-02 1.40762107e+01]
  [1.64377781e-05 1.52794517e-02 1.37929433e+01]
  [1.65113474e-05 1.52302497e-02 1.41369110e+01]
  [1.55938878e-05 1.51573987e-02 1.40466952e+01]
  [1.54134073e-05 1.44248172e-02 1.44962642e+01]
  [1.94958894e-05 1.53722986e-02 1.42007218e+01]]

 [[1.80569283e-05 1.51314576e-02 1.37657320e+01]
  [1.79025086e-05 1.52683787e-02 1.37927401e+01]
  [1.57574699e-05 1.51530113e-02 1.37576113e+01]
  [2.38547697e-05 1.52346695e-02 1.39651028e+01]
  [1.14527275e-05 1.44399313e-02 1.40066621e+01]
  [5.10504849e-06 1.35336565e-02 1.48749316e+01]
  [1.69454748e-05 1.52263280e-02 1.39249859e+01]
  [1.60290933e-05 1.50830507e-02 1.40108234e+01]]

 [[1.93056088e-05 1.54014225e-02 1.39271689e+01]
  [1.63864052e-05 1.52501314e-02 1.38853343e+01]
  [2.27380592e-05 1.54644175e-02 1.40118912e+01]
  [2.18798082e-05 1.53840218e-02 1.38742839e+01]
  [1.96651549e-05 1.49469182e-02 1.38942760e+01]
  [1.93508786e-05 1.54282136e-02 1.40997611e+01]
  [1.51367640e-05 1.51632851e-02 1.39171990e+01]
  [1.77350718e-05 1.52970716e-02 1.40195609e+01]]

 [[2.61639447e-05 1.56321937e-02 1.35547607e+01]
  [1.69234899e-05 1.52296619e-02 1.39758332e+01]
  [1.83338093e-05 1.50152577e-02 1.40866685e+01]
  [2.44998175e-05 1.53012087e-02 1.38770961e+01]
  [1.57026384e-05 1.49892747e-02 1.42746233e+01]
  [1.50445009e-05 1.49892580e-02 1.39333417e+01]
  [2.24597566e-05 1.55217721e-02 1.36008088e+01]
  [1.66283945e-05 1.51354005e-02 1.37534272e+01]]

 [[1.66380425e-05 1.51586216e-02 1.35513300e+01]
  [4.60237655e-07 1.28106554e-02 1.39963491e+01]
  [1.58348242e-05 1.50648547e-02 1.39007482e+01]
  [1.72904171e-05 1.52234784e-02 1.40446577e+01]
  [1.79852278e-05 1.50603009e-02 1.35227086e+01]
  [1.58924810e-05 1.49954177e-02 1.42024704e+01]
  [3.53244124e-05 1.54853908e-02 1.40447614e+01]
  [1.84616281e-05 1.51570025e-02 1.40662287e+01]]

 [[1.54246343e-05 1.49620544e-02 1.42449264e+01]
  [1.49160808e-05 1.50449302e-02 1.40889507e+01]
  [1.82101563e-05 1.53648025e-02 1.41338175e+01]
  [1.75247077e-05 1.51497744e-02 1.42127670e+01]
  [1.53877736e-05 1.50784446e-02 1.39011858e+01]
  [1.01675703e-05 1.42422783e-02 1.44396706e+01]
  [1.14136214e-06 1.15186829e-02 1.50864090e+01]
  [1.60826693e-05 1.51559430e-02 1.39376111e+01]]

 [[1.95121947e-05 1.53333684e-02 1.36299140e+01]
  [1.94791527e-05 1.50988341e-02 1.37599467e+01]
  [2.26355421e-05 1.53460403e-02 1.38619394e+01]
  [2.24444906e-05 1.54391009e-02 1.36688789e+01]
  [1.54284616e-05 1.49794594e-02 1.39478415e+01]
  [1.18452358e-06 1.15190354e-02 1.51935173e+01]
  [1.79363477e-05 1.53297578e-02 1.39519001e+01]
  [2.59558772e-05 1.56495290e-02 1.39606371e+01]]

 [[2.03466689e-05 1.50288017e-02 1.35766938e+01]
  [1.74930003e-05 1.51059484e-02 1.38929917e+01]
  [1.97409167e-05 1.51730741e-02 1.42325130e+01]
  [2.05250758e-05 1.54215620e-02 1.39385463e+01]
  [2.01405696e-05 1.53858993e-02 1.39964336e+01]
  [1.96214550e-05 1.54130240e-02 1.39069264e+01]
  [1.59566939e-05 1.51034760e-02 1.41829584e+01]
  [1.76388671e-05 1.51395560e-02 1.39933964e+01]]]

Ref Max Post Table:
[[[2.74721987e-06 1.43693538e-02 1.38479206e+01]
  [3.11050462e-06 1.15359815e-02 1.52070315e+01]
  [1.18393115e-05 1.43597122e-02 1.36774758e+01]
  [2.37532469e-06 1.38071168e-02 1.45231182e+01]]

 [[3.52372940e-06 1.44297549e-02 1.36311032e+01]
  [1.08696236e-05 1.39729961e-02 1.43683037e+01]
  [2.66084025e-06 1.42999543e-02 1.38151372e+01]
  [3.29508174e-06 1.15376673e-02 1.53767218e+01]]

 [[3.17147982e-06 1.15362877e-02 1.52218686e+01]
  [8.99530138e-06 1.43722382e-02 1.38725036e+01]
  [3.02359425e-06 1.43263669e-02 1.38386009e+01]
  [4.59618093e-07 1.28842791e-02 1.39198006e+01]]

 [[2.34216485e-06 1.40183135e-02 1.45306384e+01]
  [3.81346940e-06 1.42004827e-02 1.39527701e+01]
  [3.23125919e-06 1.15370536e-02 1.54297654e+01]
  [3.46525587e-06 1.43666945e-02 1.39851641e+01]]]

Ref Max Pull Table:
[[[2.42462889e-06 1.44056633e-02 1.37278132e+01]
  [2.37836099e-06 1.15305114e-02 1.52056112e+01]
  [2.89889297e-06 1.43780674e-02 1.38508461e+01]
  [3.37315656e-06 1.42821339e-02 1.38520876e+01]]

 [[2.56635136e-06 1.42150842e-02 1.42409242e+01]
  [2.99800079e-06 1.43092833e-02 1.40255174e+01]
  [2.82588926e-06 1.43154160e-02 1.39751953e+01]
  [2.50750999e-06 1.15317561e-02 1.54040484e+01]]

 [[1.70646771e-06 1.34856996e-02 1.49291324e+01]
  [1.18050102e-06 1.16473403e-02 1.56308881e+01]
  [2.00732843e-06 1.24640361e-02 1.50815474e+01]
  [5.04629817e-06 1.43224792e-02 1.35392082e+01]]

 [[2.44192548e-06 1.15309025e-02 1.51837691e+01]
  [1.92730340e-06 1.29491237e-02 1.44721583e+01]
  [2.90643652e-06 1.33621308e-02 1.44452086e+01]
  [3.02962285e-06 1.44471047e-02 1.38677921e+01]]]

Max Activate Table:
[[[2.39017143e-05 1.51562077e-02 1.40012683e+01 4.76482063e-04
   5.50983641e-03 7.30940230e-04 7.30940230e-04]
  [1.96627384e-05 1.51377409e-02 1.39349401e+01 4.85939484e-04
   4.72273549e-03 7.36585328e-04 7.36585328e-04]
  [2.31985277e-05 1.52914005e-02 1.40799070e+01 4.71155728e-04
   4.82358677e-03 7.33230996e-04 7.33230996e-04]
  [2.14078293e-05 1.52513795e-02 1.38586069e+01 4.83392566e-04
   4.68522865e-03 7.29163704e-04 7.29163704e-04]
  [1.52121405e-05 1.44206445e-02 1.40571697e+01 4.89890156e-04
   5.74833135e-03 7.05721410e-04 7.05721410e-04]
  [2.39676676e-05 1.52158783e-02 1.39873965e+01 4.89695500e-04
   4.58049490e-03 7.37412355e-04 7.37412355e-04]
  [1.85225222e-05 1.49889349e-02 1.41190151e+01 4.69851338e-04
   7.40402357e-03 7.37023464e-04 7.37023464e-04]
  [2.05829038e-05 1.49703089e-02 1.40100438e+01 4.72157842e-04
   8.00073688e-03 7.41057607e-04 7.41057607e-04]]

 [[2.32084864e-05 1.53556300e-02 1.36607776e+01 4.75344237e-04
   4.99802917e-03 7.39157760e-04 7.39157760e-04]
  [2.81311146e-05 1.54713549e-02 1.40567600e+01 4.83986886e-04
   4.78868547e-03 7.38544150e-04 7.38544150e-04]
  [2.15893791e-05 1.52320782e-02 1.41198807e+01 4.80011558e-04
   4.37168775e-03 7.40453248e-04 7.40453248e-04]
  [2.82666622e-05 1.52570705e-02 1.43948759e+01 4.83873332e-04
   4.26251841e-03 7.41983387e-04 7.41983387e-04]
  [1.94463933e-05 1.51930951e-02 1.38265345e+01 4.93115205e-04
   4.94937926e-03 7.38358433e-04 7.38358433e-04]
  [2.22552039e-05 1.51398981e-02 1.38577996e+01 4.78484737e-04
   4.93194828e-03 7.38064927e-04 7.38064927e-04]
  [2.00111017e-05 1.51538537e-02 1.39386132e+01 4.73114186e-04
   5.31827035e-03 7.37167483e-04 7.37167483e-04]
  [2.12383991e-05 1.51075349e-02 1.37034006e+01 4.75289741e-04
   8.20530067e-03 7.40818719e-04 7.40818719e-04]]

 [[2.67073078e-05 1.55667831e-02 1.38531279e+01 4.96928062e-04
   4.42291288e-03 7.31698811e-04 7.31698811e-04]
  [2.77636788e-05 1.54461188e-02 1.38702710e+01 4.90189572e-04
   5.95029418e-03 7.38030135e-04 7.38030135e-04]
  [2.25661246e-05 1.52093462e-02 1.38957929e+01 4.77935735e-04
   5.25326036e-03 7.31643101e-04 7.31643101e-04]
  [5.68138582e-06 1.16790217e-02 1.52680322e+01 4.82031233e-04
   2.36323744e-03 7.04901894e-04 7.04901894e-04]
  [2.33976048e-05 1.53559657e-02 1.39170895e+01 4.76148044e-04
   5.29839349e-03 7.37128680e-04 7.37128680e-04]
  [2.15604096e-05 1.51862656e-02 1.38543713e+01 4.83217143e-04
   5.47098100e-03 7.23839432e-04 7.23839432e-04]
  [2.00976403e-05 1.52119933e-02 1.39956674e+01 4.75394835e-04
   7.97685351e-03 7.42248952e-04 7.42248952e-04]
  [2.63054981e-05 1.51855310e-02 1.40377880e+01 4.74506737e-04
   1.34349983e-02 7.36022369e-04 7.36022369e-04]]

 [[2.03053762e-05 1.50418983e-02 1.38643837e+01 4.72998712e-04
   4.53459128e-03 7.34053806e-04 7.34053806e-04]
  [1.92005532e-05 1.49538707e-02 1.39078039e+01 4.85702466e-04
   4.00776548e-03 7.36298839e-04 7.36298839e-04]
  [2.25365841e-05 1.53613976e-02 1.38990039e+01 4.89929615e-04
   4.99230781e-03 7.39340758e-04 7.39340758e-04]
  [2.57973205e-05 1.53789461e-02 1.36970545e+01 4.86382009e-04
   5.82119103e-03 7.36840112e-04 7.36840112e-04]
  [1.84865520e-05 1.50062556e-02 1.37528107e+01 4.86844767e-04
   4.10105489e-03 7.31971747e-04 7.31971747e-04]
  [2.02974615e-05 1.51766846e-02 1.39938655e+01 4.83760089e-04
   4.29177353e-03 7.23769118e-04 7.23769118e-04]
  [5.32098569e-06 1.17377085e-02 1.53023316e+01 4.89669857e-04
   2.41504816e-03 7.05408900e-04 7.05408900e-04]
  [2.21942767e-05 1.52946803e-02 1.39877188e+01 4.93418981e-04
   4.75413283e-03 7.39031595e-04 7.39031595e-04]]

 [[4.60237655e-07 1.28106554e-02 1.39963491e+01 4.31923265e-04
   1.00462906e-02 6.79021410e-04 6.79021410e-04]
  [2.34914108e-05 1.52778259e-02 1.38805870e+01 4.84606582e-04
   4.48516176e-03 7.38052476e-04 7.38052476e-04]
  [2.25151150e-05 1.50855517e-02 1.40953403e+01 4.94238429e-04
   5.17992681e-03 7.41807163e-04 7.41807163e-04]
  [2.21667004e-05 1.50635120e-02 1.38658500e+01 4.83333921e-04
   4.12547865e-03 7.38557296e-04 7.38557296e-04]
  [2.21922222e-05 1.54057087e-02 1.37409795e+01 4.74544664e-04
   5.59796375e-03 7.33381363e-04 7.33381363e-04]
  [2.92619169e-05 1.52557232e-02 1.37259590e+01 4.85554190e-04
   4.84624441e-03 7.39960198e-04 7.39960198e-04]
  [1.88650447e-05 1.52056825e-02 1.38526669e+01 4.83187043e-04
   7.09775302e-03 7.33537046e-04 7.33537046e-04]
  [4.23632641e-06 1.17836761e-02 1.52328540e+01 4.82771633e-04
   1.18858044e-01 6.90707275e-04 8.41672892e-04]]

 [[2.54413064e-05 1.53241613e-02 1.37349354e+01 4.87275461e-04
   5.02097680e-03 7.39551177e-04 7.39551177e-04]
  [2.35831074e-05 1.54519438e-02 1.37807929e+01 4.80719951e-04
   7.22562480e-03 7.36273599e-04 7.36273599e-04]
  [5.20171526e-06 1.17024882e-02 1.54027582e+01 4.86551269e-04
   2.29910281e-03 7.12139059e-04 7.12139059e-04]
  [2.00996699e-05 1.50792179e-02 1.41220280e+01 4.75024992e-04
   5.79472180e-03 7.35330115e-04 7.35330115e-04]
  [1.86917989e-05 1.50895973e-02 1.35643453e+01 4.83107827e-04
   7.45375696e-03 7.23102779e-04 7.23102779e-04]
  [2.33807571e-05 1.53780373e-02 1.38695279e+01 4.93977911e-04
   5.32743548e-03 7.38350826e-04 7.38350826e-04]
  [8.01003436e-06 1.26272451e-02 1.50245171e+01 4.84963784e-04
   4.21329768e-03 7.29988929e-04 7.29988929e-04]
  [2.32690334e-05 1.52316821e-02 1.37550162e+01 4.68046205e-04
   7.83895606e-03 7.37801878e-04 7.37801878e-04]]

 [[2.54231852e-05 1.51861990e-02 1.39712343e+01 4.81448129e-04
   6.26408051e-03 7.42131958e-04 7.42131958e-04]
  [1.78694871e-05 1.49987841e-02 1.40008404e+01 4.84036147e-04
   4.83989758e-03 7.36660797e-04 7.36660797e-04]
  [2.32623720e-05 1.52221275e-02 1.38111214e+01 4.67942337e-04
   1.42498732e-02 7.42062265e-04 7.42062265e-04]
  [2.22410753e-05 1.53486065e-02 1.38530846e+01 4.78280549e-04
   4.54935918e-03 7.37776391e-04 7.37776391e-04]
  [4.54609462e-06 1.17975047e-02 1.51744513e+01 4.88871335e-04
   2.39895016e-03 6.99530785e-04 6.99530785e-04]
  [2.10324383e-05 1.51795488e-02 1.39782455e+01 4.74737360e-04
   5.87271952e-03 7.39312443e-04 7.39312443e-04]
  [2.07606696e-05 1.50650802e-02 1.38528191e+01 4.85202794e-04
   6.08613764e-03 7.41121483e-04 7.41121483e-04]
  [2.59687477e-05 1.53417717e-02 1.40473861e+01 4.89037458e-04
   4.66230728e-03 7.39567255e-04 7.39567255e-04]]

 [[2.21390798e-05 1.51947260e-02 1.39895909e+01 4.66769249e-04
   5.78804717e-03 7.29834032e-04 7.29834032e-04]
  [2.17022882e-05 1.52405539e-02 1.39595052e+01 4.89178923e-04
   4.51427305e-03 7.37179670e-04 7.37179670e-04]
  [2.77598583e-05 1.55371837e-02 1.39952752e+01 4.78579787e-04
   6.29483653e-03 7.40163380e-04 7.40163380e-04]
  [2.33655510e-05 1.52519116e-02 1.39861185e+01 4.88848680e-04
   5.38641731e-03 7.33806469e-04 7.33806469e-04]
  [2.30751380e-05 1.53383528e-02 1.37302327e+01 4.81259359e-04
   6.65612189e-03 7.38924254e-04 7.38924254e-04]
  [4.50500075e-06 1.17889004e-02 1.54252909e+01 4.93335555e-04
   2.32271641e-03 7.15834753e-04 7.15834753e-04]
  [2.40339207e-05 1.50737220e-02 1.35721246e+01 4.80914536e-04
   5.64143141e-03 7.38410858e-04 7.38410858e-04]
  [2.61406439e-05 1.55568814e-02 1.39233433e+01 4.92210620e-04
   4.82090832e-03 7.37095323e-04 7.37095323e-04]]]

Cumulative Reward: 6110.116381705326
