Scheduler Table:
[[[8.09238725e-06 3.48543325e-02 2.80207380e+01 9.63437656e-04
   1.17359622e-02 1.47273867e-03 1.47273867e-03]
  [8.30019911e-06 3.48216904e-02 2.80459676e+01 9.64673558e-04
   1.22391631e-02 1.47133637e-03 1.47133637e-03]
  [7.96049660e-06 3.49570023e-02 2.80597969e+01 9.64778119e-04
   1.11561862e-02 1.47263552e-03 1.47263552e-03]]

 [[8.58768640e-06 3.50045391e-02 2.80160877e+01 9.63476904e-04
   1.15995026e-02 1.47218886e-03 1.47218886e-03]
  [2.55049887e-06 2.32765757e-02 3.09349124e+01 9.71051784e-04
   2.32496569e-02 1.43694633e-03 1.45851285e-03]
  [7.87931384e-06 3.49021451e-02 2.81009079e+01 9.62798289e-04
   1.22216463e-02 1.47079544e-03 1.47079544e-03]]

 [[8.23500015e-06 3.49486316e-02 2.80826703e+01 9.66467062e-04
   1.13251348e-02 1.47377996e-03 1.47377996e-03]
  [7.97208036e-06 3.48602511e-02 2.81116957e+01 9.64723398e-04
   1.12276098e-02 1.47027788e-03 1.47027788e-03]
  [8.14120936e-06 3.50528213e-02 2.80778718e+01 9.65835872e-04
   1.17191843e-02 1.47202005e-03 1.47202005e-03]]]

Buffer Table:
[[[7.77272271e-06 3.48703863e-02 2.80093172e+01 9.66854556e-04
   1.21264618e-02 1.47030490e-03 1.47030490e-03]
  [8.22989132e-06 3.50109546e-02 2.80636168e+01 9.63445491e-04
   1.10590207e-02 1.47150016e-03 1.47150016e-03]
  [7.97871736e-06 3.46621376e-02 2.81784829e+01 9.66463418e-04
   1.16773154e-02 1.47314113e-03 1.47314113e-03]]

 [[7.77939087e-06 3.48451456e-02 2.81393522e+01 9.67124941e-04
   1.12836675e-02 1.47450032e-03 1.47450032e-03]
  [2.78299672e-06 2.38978503e-02 3.07573257e+01 9.70659732e-04
   2.34421870e-02 1.43763541e-03 1.45920192e-03]
  [8.41483116e-06 3.48857660e-02 2.80694046e+01 9.64938545e-04
   1.20892809e-02 1.47137994e-03 1.47137994e-03]]

 [[7.80766059e-06 3.48888777e-02 2.80679881e+01 9.65546452e-04
   1.16119739e-02 1.47274713e-03 1.47274713e-03]
  [7.71545264e-06 3.27914153e-02 2.88755604e+01 9.65719680e-04
   1.27194308e-02 1.47092547e-03 1.47092547e-03]
  [8.20397851e-06 3.49498552e-02 2.80188897e+01 9.67202632e-04
   1.18130916e-02 1.47234816e-03 1.47234816e-03]]]

Arbiter Table:
[[[2.55050215e-06 2.32766024e-02 3.09349024e+01 9.71051770e-04
   2.32496664e-02 1.43694630e-03 1.45851282e-03]
  [7.72707617e-06 3.47881331e-02 2.81297609e+01 9.65929440e-04
   1.17661475e-02 1.47083711e-03 1.47083711e-03]
  [8.29965153e-06 3.48274669e-02 2.81205648e+01 9.63136621e-04
   1.19109566e-02 1.47410407e-03 1.47410407e-03]]

 [[7.60536567e-06 3.34648224e-02 2.86435895e+01 9.63542129e-04
   1.16323927e-02 1.47098816e-03 1.47098816e-03]
  [8.08316212e-06 3.52456374e-02 2.79948673e+01 9.67702954e-04
   1.16273231e-02 1.47151284e-03 1.47151284e-03]
  [8.63313936e-06 3.51038319e-02 2.80152277e+01 9.66025752e-04
   1.15633439e-02 1.47309056e-03 1.47309056e-03]]

 [[7.91240713e-06 3.36626303e-02 2.86345312e+01 9.64358648e-04
   1.10699308e-02 1.47356225e-03 1.47356225e-03]
  [8.13214260e-06 3.51131579e-02 2.80123564e+01 9.66731332e-04
   1.19628452e-02 1.46947641e-03 1.46947641e-03]
  [9.80599566e-06 3.51366243e-02 2.79862828e+01 9.64931143e-04
   1.16678778e-02 1.47334604e-03 1.47334604e-03]]]

Page Table:
[[[1.27507871e-05 5.62776351e-02 2.84361315e+01 9.56371582e-04
   1.15362230e-02 1.45680619e-03 1.45680619e-03]
  [4.18478420e-06 2.36416543e-02 3.10668175e+01 9.68046573e-04
   2.41637054e-02 1.45090806e-03 1.47247457e-03]
  [1.42860207e-05 6.25200250e-02 2.73925917e+01 9.55199760e-04
   1.15518315e-02 1.45285480e-03 1.45285480e-03]
  [1.33294428e-05 6.08736169e-02 2.77888119e+01 9.54683663e-04
   1.16593776e-02 1.45190607e-03 1.45190607e-03]]

 [[4.19384822e-06 2.36432620e-02 3.10725726e+01 9.68879055e-04
   7.53210661e-03 1.45293360e-03 1.45293360e-03]
  [1.62882350e-05 6.04545278e-02 2.77473746e+01 9.52535974e-04
   1.10370155e-02 1.45187252e-03 1.45187252e-03]
  [1.35619719e-05 6.08295392e-02 2.74724333e+01 9.54351099e-04
   1.12856703e-02 1.45287128e-03 1.45287128e-03]
  [1.71692440e-05 6.05237229e-02 2.77174222e+01 9.50489059e-04
   1.19748311e-02 1.45173961e-03 1.45173961e-03]]

 [[1.41759819e-05 6.11098603e-02 2.77543297e+01 9.53533806e-04
   1.23091132e-02 1.45299411e-03 1.45299411e-03]
  [1.28289776e-05 5.47570182e-02 2.84517681e+01 9.57502439e-04
   1.04719047e-02 1.45658027e-03 1.45658027e-03]
  [1.40007795e-05 6.17050037e-02 2.74401686e+01 9.54735697e-04
   1.15960384e-02 1.45295963e-03 1.45295963e-03]
  [1.35823249e-05 6.20585820e-02 2.77497707e+01 9.53577646e-04
   1.15081028e-02 1.45252940e-03 1.45252940e-03]]

 [[1.32599675e-05 5.75477962e-02 2.81384853e+01 9.53210510e-04
   1.12685625e-02 1.45551780e-03 1.45551780e-03]
  [1.35842986e-05 6.01947281e-02 2.77538237e+01 9.52792197e-04
   1.21222051e-02 1.45119754e-03 1.45119754e-03]
  [1.38856689e-05 6.18584417e-02 2.73930590e+01 9.56006814e-04
   1.13121269e-02 1.45254195e-03 1.45254195e-03]
  [1.34218739e-05 6.12594975e-02 2.76451262e+01 9.48249424e-04
   1.26534801e-02 1.45333670e-03 1.45333670e-03]]]

Response Table:
[[[6.98238835e-06 3.01933430e-02 2.79978183e+01]
  [6.59231824e-06 3.00986866e-02 2.80866193e+01]]

 [[6.65278290e-06 3.01008579e-02 2.80812912e+01]
  [2.55049887e-06 2.32765757e-02 3.09349124e+01]]]

Refresh Table:
[[[2.55049887e-06 2.32765757e-02 3.09349124e+01]
  [6.70246778e-06 3.00828885e-02 2.80568898e+01]]

 [[6.73376623e-06 3.02156312e-02 2.80798507e+01]
  [6.67494954e-06 3.00779609e-02 2.80454584e+01]]]

Request Buffer Table:
[[[3.61368582e-05 1.72920998e-01 1.82688965e+01]
  [3.59742175e-05 1.73582151e-01 1.82969863e+01]
  [3.55635354e-05 1.72061602e-01 1.85152992e+01]
  [3.65527018e-05 1.72265890e-01 1.85110469e+01]
  [3.59167177e-05 1.73654062e-01 1.84040339e+01]
  [3.58993089e-05 1.72517987e-01 1.84887017e+01]
  [2.91835151e-05 1.38005573e-01 2.12738720e+01]
  [3.62658787e-05 1.74652848e-01 1.83862397e+01]]

 [[3.55003389e-05 1.71412562e-01 1.84223734e+01]
  [3.65676185e-05 1.77118997e-01 1.81298275e+01]
  [3.64250806e-05 1.75927200e-01 1.81939933e+01]
  [3.62459296e-05 1.73720415e-01 1.84099598e+01]
  [3.78159673e-05 1.74848471e-01 1.82902354e+01]
  [3.60587377e-05 1.73386982e-01 1.83698579e+01]
  [3.10369747e-05 1.49898774e-01 2.02001228e+01]
  [3.62835862e-05 1.75820982e-01 1.81724779e+01]]

 [[3.73236799e-05 1.78595286e-01 1.80146442e+01]
  [3.60670468e-05 1.74290482e-01 1.82927271e+01]
  [3.63372131e-05 1.74863670e-01 1.84017136e+01]
  [3.75493629e-05 1.80413543e-01 1.78930407e+01]
  [3.55178348e-05 1.72164933e-01 1.85967961e+01]
  [3.70135510e-05 1.78184203e-01 1.80733880e+01]
  [3.39480690e-05 1.63149537e-01 1.91028244e+01]
  [3.63826009e-05 1.71606166e-01 1.85785384e+01]]

 [[3.63205431e-05 1.72833034e-01 1.83084224e+01]
  [3.61739253e-05 1.75134903e-01 1.82101725e+01]
  [3.69712620e-05 1.77401247e-01 1.80989588e+01]
  [4.05695144e-05 1.76920067e-01 1.81556727e+01]
  [3.69476173e-05 1.73177737e-01 1.84918467e+01]
  [4.10795390e-05 1.76498711e-01 1.81797135e+01]
  [3.41060925e-05 1.62365146e-01 1.91445878e+01]
  [3.62015897e-05 1.74797668e-01 1.82671962e+01]]

 [[3.57730549e-05 1.72110390e-01 1.83688122e+01]
  [3.60338741e-05 1.71053061e-01 1.85709371e+01]
  [3.62968021e-05 1.74305730e-01 1.82775770e+01]
  [3.57472462e-05 1.71328790e-01 1.86205297e+01]
  [3.60926033e-05 1.74880667e-01 1.83738671e+01]
  [3.66419351e-05 1.76141415e-01 1.82152040e+01]
  [3.33015302e-05 1.60656716e-01 1.93562921e+01]
  [3.58733261e-05 1.74047658e-01 1.84172910e+01]]

 [[3.59613724e-05 1.73905106e-01 1.82971316e+01]
  [3.58025206e-05 1.74124281e-01 1.82817329e+01]
  [3.73764773e-05 1.75305079e-01 1.82006844e+01]
  [3.62221260e-05 1.73956003e-01 1.84408661e+01]
  [3.65242021e-05 1.75438016e-01 1.82906989e+01]
  [3.64805589e-05 1.74794667e-01 1.83869331e+01]
  [3.39878716e-05 1.62630191e-01 1.91980161e+01]
  [3.65677786e-05 1.74689466e-01 1.83496772e+01]]

 [[3.38051385e-05 1.63459129e-01 1.90491934e+01]
  [3.37966535e-05 1.63001265e-01 1.91151219e+01]
  [3.49288994e-05 1.68717201e-01 1.87460275e+01]
  [3.58356620e-05 1.68927195e-01 1.86657654e+01]
  [3.46553859e-05 1.67463903e-01 1.88319232e+01]
  [3.50940386e-05 1.68917650e-01 1.86526526e+01]
  [2.55098950e-06 2.32788694e-02 3.09347134e+01]
  [3.70104432e-05 1.68724739e-01 1.87815833e+01]]

 [[3.59979102e-05 1.72181044e-01 1.83474596e+01]
  [3.67731668e-05 1.76588178e-01 1.80963952e+01]
  [3.59101741e-05 1.73951169e-01 1.84215904e+01]
  [3.68911964e-05 1.78158319e-01 1.81358209e+01]
  [3.60327260e-05 1.73136599e-01 1.83976165e+01]
  [3.79595261e-05 1.75923073e-01 1.82525706e+01]
  [3.36728853e-05 1.62250059e-01 1.91819298e+01]
  [3.60602900e-05 1.74055273e-01 1.84502207e+01]]]

Ref Max Post Table:
[[[1.33795408e-05 6.15988296e-02 2.76630888e+01]
  [1.41099083e-05 6.08020957e-02 2.76823865e+01]
  [1.42944676e-05 6.23817793e-02 2.76756763e+01]
  [1.23661280e-05 5.69988164e-02 2.80501258e+01]]

 [[1.34348515e-05 6.14508173e-02 2.76636179e+01]
  [1.35275572e-05 5.99998861e-02 2.77069433e+01]
  [1.45219187e-05 6.08091732e-02 2.76840898e+01]
  [1.29342052e-05 5.71231850e-02 2.81360809e+01]]

 [[1.58819137e-05 6.19881866e-02 2.75994387e+01]
  [1.39548921e-05 6.08945051e-02 2.76671093e+01]
  [1.38196391e-05 6.15290450e-02 2.76873092e+01]
  [1.27547717e-05 5.72711621e-02 2.81034646e+01]]

 [[1.31532259e-05 6.01702681e-02 2.77884494e+01]
  [1.38806956e-05 5.97780652e-02 2.77641156e+01]
  [1.38652076e-05 6.10940238e-02 2.77259020e+01]
  [2.67923917e-06 2.38388290e-02 3.08788625e+01]]]

Ref Max Pull Table:
[[[1.35291007e-05 6.07859872e-02 2.76590323e+01]
  [1.41275839e-05 6.09907949e-02 2.76729088e+01]
  [1.37190093e-05 6.18207158e-02 2.77340461e+01]
  [5.76344950e-06 2.53285085e-02 3.09935140e+01]]

 [[5.77213208e-06 2.53325457e-02 3.09938092e+01]
  [1.34624473e-05 5.76304857e-02 2.80733155e+01]
  [1.36819632e-05 6.14853301e-02 2.76599335e+01]
  [1.44011314e-05 5.98900640e-02 2.77066438e+01]]

 [[1.38858867e-05 6.18771554e-02 2.76128308e+01]
  [1.42496805e-05 6.24086838e-02 2.76866484e+01]
  [1.37938894e-05 6.20295362e-02 2.76788659e+01]
  [1.31545218e-05 5.63368095e-02 2.81185234e+01]]

 [[1.23153269e-05 5.44094950e-02 2.83117856e+01]
  [5.78075925e-06 2.53362385e-02 3.10107270e+01]
  [1.36114691e-05 6.13251454e-02 2.77502253e+01]
  [1.48580350e-05 5.99869363e-02 2.77339416e+01]]]

Max Activate Table:
[[[3.75840547e-05 1.80080331e-01 1.77872449e+01 6.12959405e-04
   6.98241504e-03 9.37722134e-04 9.37722134e-04]
  [3.56458464e-05 1.70010066e-01 1.84443782e+01 6.40487405e-04
   7.69255788e-03 9.74711169e-04 9.74711169e-04]
  [3.33772025e-05 1.59706129e-01 1.92299985e+01 6.60582568e-04
   8.06041799e-03 1.01157466e-03 1.01157466e-03]
  [3.63332301e-05 1.71948782e-01 1.84711589e+01 6.33864833e-04
   7.45434072e-03 9.67764219e-04 9.67764219e-04]
  [3.78903721e-05 1.77760730e-01 1.81063691e+01 6.19530828e-04
   2.66581139e-02 9.46519773e-04 9.46519773e-04]
  [3.62261841e-05 1.71104610e-01 1.86132424e+01 6.39087593e-04
   7.23330494e-03 9.70739865e-04 9.70739865e-04]
  [3.69562492e-05 1.75499452e-01 1.82492662e+01 6.23783701e-04
   7.08820361e-03 9.55086672e-04 9.55086672e-04]
  [3.70498807e-05 1.74860355e-01 1.82563670e+01 6.29925067e-04
   8.62008468e-03 9.58445750e-04 9.58445750e-04]]

 [[3.81577683e-05 1.74810468e-01 1.80661071e+01 6.27958412e-04
   7.45010050e-03 9.57621265e-04 9.57621265e-04]
  [3.74403780e-05 1.78534623e-01 1.79069034e+01 6.25217116e-04
   7.22900853e-03 9.44392594e-04 9.44392594e-04]
  [3.43082244e-05 1.63133930e-01 1.90735573e+01 6.57075056e-04
   7.53769581e-03 1.00091308e-03 1.00091308e-03]
  [3.72916573e-05 1.77992231e-01 1.80490764e+01 6.22797436e-04
   8.54939339e-03 9.47010077e-04 9.47010077e-04]
  [3.57799250e-05 1.69169149e-01 1.86815429e+01 6.41794535e-04
   7.62774215e-03 9.77770122e-04 9.77770122e-04]
  [3.61900393e-05 1.71834991e-01 1.84206731e+01 6.36024457e-04
   7.62374787e-03 9.68104236e-04 9.68104236e-04]
  [3.70820468e-05 1.72928353e-01 1.84672273e+01 6.32347439e-04
   7.12197491e-03 9.63824261e-04 9.63824261e-04]
  [3.74727437e-05 1.75038179e-01 1.82387698e+01 6.28604144e-04
   7.94478827e-03 9.55371958e-04 9.55371958e-04]]

 [[3.46063929e-05 1.65801040e-01 1.87417605e+01 6.49856045e-04
   8.77524140e-03 9.88999046e-04 9.88999046e-04]
  [3.48745018e-05 1.65812079e-01 1.88316262e+01 6.50825516e-04
   7.39477636e-03 9.90945404e-04 9.90945404e-04]
  [4.91328638e-06 3.36295651e-02 3.00460905e+01 9.47192300e-04
   2.32433113e-02 1.40299493e-03 1.42456145e-03]
  [3.51998316e-05 1.68603891e-01 1.86801310e+01 6.43393334e-04
   7.78378483e-03 9.80271859e-04 9.80271859e-04]
  [3.53592377e-05 1.66369082e-01 1.88350271e+01 6.46398897e-04
   7.35050808e-03 9.86342649e-04 9.86342649e-04]
  [3.50464460e-05 1.65149393e-01 1.88796231e+01 6.49161700e-04
   8.05632807e-03 9.91513089e-04 9.91513089e-04]
  [3.50971180e-05 1.63911428e-01 1.90661457e+01 6.57064405e-04
   7.43600911e-03 9.97122668e-04 9.97122668e-04]
  [3.57134754e-05 1.68180473e-01 1.87268637e+01 6.40882274e-04
   1.04273973e-02 9.82000790e-04 9.82000790e-04]]

 [[3.63871859e-05 1.73800997e-01 1.81199876e+01 6.28291907e-04
   1.11189141e-02 9.59986330e-04 9.59986330e-04]
  [3.70432405e-05 1.73868925e-01 1.82095144e+01 6.32079357e-04
   7.62193375e-03 9.61484935e-04 9.61484935e-04]
  [3.35516772e-05 1.60153224e-01 1.92180917e+01 6.59373531e-04
   8.05503721e-03 1.00787983e-03 1.00787983e-03]
  [3.68640501e-05 1.76721388e-01 1.81221653e+01 6.26673960e-04
   8.08206978e-03 9.51025497e-04 9.51025497e-04]
  [3.58304027e-05 1.71199513e-01 1.85665637e+01 6.36389931e-04
   7.66607344e-03 9.66984566e-04 9.66984566e-04]
  [3.61864976e-05 1.71286383e-01 1.86075149e+01 6.38618241e-04
   7.38629970e-03 9.69812041e-04 9.69812041e-04]
  [4.15970259e-05 1.76548117e-01 1.81889885e+01 6.26984593e-04
   7.22441804e-03 9.52098197e-04 9.52098197e-04]
  [3.62355655e-05 1.72578737e-01 1.84505640e+01 6.36915069e-04
   8.38867554e-03 9.66097444e-04 9.66097444e-04]]

 [[3.76017026e-05 1.76257003e-01 1.81054568e+01 6.24777013e-04
   8.18782267e-03 9.52458430e-04 9.52458430e-04]
  [3.97592770e-05 1.76317170e-01 1.79840546e+01 6.26594657e-04
   7.43368485e-03 9.51157080e-04 9.51157080e-04]
  [3.35195803e-05 1.58723190e-01 1.94370997e+01 6.67511020e-04
   8.20656580e-03 1.01526468e-03 1.01526468e-03]
  [3.64860476e-05 1.73687552e-01 1.83720046e+01 6.29738865e-04
   7.85902251e-03 9.61441697e-04 9.61441697e-04]
  [3.75061498e-05 1.77146856e-01 1.80421160e+01 6.20456895e-04
   7.54992992e-03 9.48477426e-04 9.48477426e-04]
  [3.63654035e-05 1.73220187e-01 1.84155534e+01 6.34531582e-04
   7.23126947e-03 9.62150026e-04 9.62150026e-04]
  [3.55395920e-05 1.69127787e-01 1.85131687e+01 6.37916148e-04
   8.07443290e-03 9.74602007e-04 9.74602007e-04]
  [3.71794523e-05 1.75514397e-01 1.82709670e+01 6.25855140e-04
   6.92279037e-03 9.55527779e-04 9.55527779e-04]]

 [[3.60973474e-05 1.72489313e-01 1.82644700e+01 6.37814014e-04
   8.22169023e-03 9.66781817e-04 9.66781817e-04]
  [3.76698864e-05 1.75559775e-01 1.80428208e+01 6.27262116e-04
   7.84028568e-03 9.54454834e-04 9.54454834e-04]
  [3.40296291e-05 1.61029326e-01 1.91096423e+01 6.63141655e-04
   8.08657266e-03 1.00555840e-03 1.00555840e-03]
  [3.62139942e-05 1.72511274e-01 1.84665166e+01 6.34968985e-04
   7.48862404e-03 9.65645885e-04 9.65645885e-04]
  [3.76326460e-05 1.75880457e-01 1.82099407e+01 6.28537721e-04
   7.33905618e-03 9.53723617e-04 9.53723617e-04]
  [3.64726358e-05 1.72987399e-01 1.83648706e+01 6.33233626e-04
   8.23028757e-03 9.64642490e-04 9.64642490e-04]
  [3.67346863e-05 1.72098168e-01 1.84957724e+01 6.33744299e-04
   6.99038499e-03 9.65050090e-04 9.65050090e-04]
  [3.66469075e-05 1.73900020e-01 1.83804172e+01 6.30287775e-04
   7.67196205e-03 9.59948636e-04 9.59948636e-04]]

 [[3.96133564e-05 1.71984040e-01 1.82953678e+01 6.37698871e-04
   7.26977261e-03 9.68773955e-04 9.68773955e-04]
  [3.64490805e-05 1.71789796e-01 1.83908569e+01 6.33085158e-04
   7.83042032e-03 9.68069006e-04 9.68069006e-04]
  [2.97867503e-05 1.38523119e-01 2.11676794e+01 7.09198600e-04
   7.98111464e-03 1.08188364e-03 1.08188364e-03]
  [3.59002569e-05 1.71705606e-01 1.84211863e+01 6.35709581e-04
   8.01949574e-03 9.65338798e-04 9.65338798e-04]
  [3.88538531e-05 1.83597015e-01 1.76213410e+01 6.06334030e-04
   7.32029104e-03 9.24876837e-04 9.24876837e-04]
  [3.57357033e-05 1.68886786e-01 1.87132681e+01 6.42932930e-04
   7.52588461e-03 9.78521032e-04 9.78521032e-04]
  [4.05007768e-05 1.75685922e-01 1.82049937e+01 6.23293061e-04
   7.89417717e-03 9.54378081e-04 9.54378081e-04]
  [3.64730622e-05 1.71929879e-01 1.85321696e+01 6.37846860e-04
   7.30191182e-03 9.68701718e-04 9.68701718e-04]]

 [[3.60407477e-05 1.72056493e-01 1.83179973e+01 6.31863836e-04
   1.17831998e-02 9.67350154e-04 9.67350154e-04]
  [4.04421370e-05 1.75688471e-01 1.81154509e+01 6.28293955e-04
   7.37066210e-03 9.55013917e-04 9.55013917e-04]
  [3.42651752e-05 1.62487199e-01 1.90727777e+01 6.57466389e-04
   8.14387819e-03 1.00270511e-03 1.00270511e-03]
  [3.68753120e-05 1.72246981e-01 1.84343035e+01 6.32627388e-04
   8.32881853e-03 9.66112555e-04 9.66112555e-04]
  [3.65878979e-05 1.72879351e-01 1.84152617e+01 6.28738107e-04
   7.21123957e-03 9.64860960e-04 9.64860960e-04]
  [3.65482023e-05 1.72984444e-01 1.84557206e+01 6.37867122e-04
   7.44204801e-03 9.64446257e-04 9.64446257e-04]
  [3.66966321e-05 1.71752998e-01 1.85290290e+01 6.33156480e-04
   7.13335555e-03 9.68691240e-04 9.68691240e-04]
  [3.68983918e-05 1.75125774e-01 1.83194267e+01 6.30537248e-04
   7.52189839e-03 9.57472046e-04 9.57472046e-04]]]

Cumulative Reward: 6092.176704214403
