Scheduler Table:
[[[2.30367200e-06 1.41869244e-02 1.17953948e+01 3.59501795e-04
   4.31600771e-03 5.71391330e-04 5.71391330e-04]
  [2.24037221e-06 1.42613361e-02 1.18838097e+01 3.59204911e-04
   4.37215181e-03 5.71175873e-04 5.71175873e-04]
  [2.27031764e-06 1.41655696e-02 1.18492167e+01 3.60134357e-04
   4.24677443e-03 5.72285597e-04 5.72285597e-04]]

 [[2.23583610e-06 1.42945258e-02 1.18543328e+01 3.59441529e-04
   4.28220479e-03 5.70644373e-04 5.70644373e-04]
  [2.27409510e-06 1.42582125e-02 1.19100704e+01 3.59751555e-04
   4.24460533e-03 5.70515952e-04 5.70515952e-04]
  [1.80003804e-06 1.39844694e-02 1.23575622e+01 3.60291026e-04
   4.18188884e-03 5.70790254e-04 5.70790254e-04]]

 [[2.54086192e-06 1.42628576e-02 1.19015922e+01 3.60155684e-04
   4.23622776e-03 5.70679816e-04 5.70679816e-04]
  [2.28610734e-06 1.41943240e-02 1.20280896e+01 3.61584439e-04
   4.07689286e-03 5.71149199e-04 5.71149199e-04]
  [1.08943152e-06 1.24952093e-02 1.30017608e+01 3.59072246e-04
   4.72378313e-03 5.58910189e-04 6.12661873e-04]]]

Buffer Table:
[[[2.50268852e-06 1.43235284e-02 1.19087818e+01 3.59900507e-04
   4.22988973e-03 5.70054765e-04 5.70054765e-04]
  [1.88731584e-06 1.25002596e-02 1.29852960e+01 3.58794908e-04
   4.76812238e-03 5.59260946e-04 6.13012630e-04]
  [2.17402199e-06 1.41966678e-02 1.22821020e+01 3.60520590e-04
   4.17425010e-03 5.71342380e-04 5.71342380e-04]]

 [[1.95286157e-06 1.25008134e-02 1.30650544e+01 3.60098259e-04
   4.16742227e-03 5.69728281e-04 5.69728281e-04]
  [2.52383216e-06 1.42095242e-02 1.18252457e+01 3.59657665e-04
   4.29298393e-03 5.70665328e-04 5.70665328e-04]
  [2.84738460e-06 1.43048996e-02 1.18373683e+01 3.60302859e-04
   4.22478222e-03 5.71439058e-04 5.71439058e-04]]

 [[2.72767721e-06 1.42604722e-02 1.17936272e+01 3.59702137e-04
   4.27530758e-03 5.71086340e-04 5.71086340e-04]
  [2.54205784e-06 1.39132919e-02 1.24187762e+01 3.58925046e-04
   4.37269043e-03 5.71805492e-04 5.71805492e-04]
  [2.51684080e-06 1.41631159e-02 1.19051898e+01 3.60764101e-04
   4.16187511e-03 5.71665506e-04 5.71665506e-04]]]

Arbiter Table:
[[[1.08943152e-06 1.24952093e-02 1.30017608e+01 3.59072246e-04
   4.72378313e-03 5.58910189e-04 6.12661873e-04]
  [2.37385132e-06 1.41647738e-02 1.20652656e+01 3.59894957e-04
   4.27172307e-03 5.71010645e-04 5.71010645e-04]
  [1.81262462e-06 1.39749031e-02 1.23985928e+01 3.60521312e-04
   4.17821102e-03 5.70348063e-04 5.70348063e-04]]

 [[2.59050566e-06 1.42444476e-02 1.18730437e+01 3.60477738e-04
   4.18558063e-03 5.71283507e-04 5.71283507e-04]
  [3.15858877e-06 1.43211060e-02 1.17640594e+01 3.59780008e-04
   4.29145740e-03 5.70993400e-04 5.70993400e-04]
  [1.86195186e-06 1.39705651e-02 1.24443007e+01 3.60127052e-04
   4.22392249e-03 5.70819841e-04 5.70819841e-04]]

 [[4.81937994e-06 1.37160798e-02 1.26021702e+01 3.60697682e-04
   4.14877853e-03 5.70454039e-04 5.70454039e-04]
  [2.84308173e-06 1.42452727e-02 1.18950241e+01 3.60886543e-04
   4.09045764e-03 5.70064937e-04 5.70064937e-04]
  [2.81332561e-06 1.41881581e-02 1.19484244e+01 3.61188121e-04
   4.15369876e-03 5.72294887e-04 5.72294887e-04]]]

Page Table:
[[[2.86861400e-06 1.32908686e-02 1.25116509e+01 3.58353024e-04
   4.34177529e-03 5.70863264e-04 5.70863264e-04]
  [2.75243345e-06 1.43154772e-02 1.19834073e+01 3.60431828e-04
   4.10876255e-03 5.69699615e-04 5.69699615e-04]
  [8.37145398e-06 1.40423123e-02 1.22383417e+01 3.60504116e-04
   4.17959081e-03 5.70749514e-04 5.70749514e-04]
  [1.95095110e-06 1.25302199e-02 1.30518627e+01 3.60130279e-04
   4.16614424e-03 5.69728346e-04 5.69728346e-04]]

 [[3.82309512e-06 1.44317192e-02 1.18683215e+01 3.61332960e-04
   4.10446022e-03 5.70656807e-04 5.70656807e-04]
  [2.80402970e-06 1.43751624e-02 1.18798042e+01 3.60541725e-04
   4.18374082e-03 5.70576173e-04 5.70576173e-04]
  [2.81464882e-06 1.44142703e-02 1.18449218e+01 3.60513899e-04
   4.17225942e-03 5.70354152e-04 5.70354152e-04]
  [2.91414683e-06 1.43310981e-02 1.18325639e+01 3.60065074e-04
   4.24288051e-03 5.70720215e-04 5.70720215e-04]]

 [[7.13240157e-06 1.35059482e-02 1.29322504e+01 3.60775377e-04
   4.15836966e-03 5.70184897e-04 5.70184897e-04]
  [2.69820117e-06 1.42946669e-02 1.18844671e+01 3.59787580e-04
   4.26388576e-03 5.70856994e-04 5.70856994e-04]
  [2.90748002e-06 1.44158058e-02 1.18911709e+01 3.59434459e-04
   4.31757968e-03 5.71057723e-04 5.71057723e-04]
  [3.08227031e-06 1.43711214e-02 1.18272297e+01 3.59776120e-04
   4.28410333e-03 5.70816068e-04 5.70816068e-04]]

 [[1.88548623e-06 1.25284216e-02 1.29726626e+01 3.58825572e-04
   4.76689844e-03 5.59261008e-04 6.13012692e-04]
  [3.18673764e-06 1.44990299e-02 1.18924839e+01 3.60010756e-04
   4.21659123e-03 5.70870173e-04 5.70870173e-04]
  [2.68965736e-06 1.44015856e-02 1.19618786e+01 3.61021183e-04
   4.16374390e-03 5.71349082e-04 5.71349082e-04]
  [3.16889562e-06 1.44501007e-02 1.18055190e+01 3.59733942e-04
   4.29720710e-03 5.70495414e-04 5.70495414e-04]]]

Response Table:
[[[9.18177020e-07 1.41434637e-02 1.17933071e+01]
  [9.05250833e-07 1.41356336e-02 1.19370120e+01]]

 [[9.43731008e-07 1.41584847e-02 1.18570010e+01]
  [1.08943152e-06 1.24952093e-02 1.30017608e+01]]]

Refresh Table:
[[[1.08943152e-06 1.24952093e-02 1.30017608e+01]
  [1.07138936e-06 1.40908101e-02 1.18470035e+01]]

 [[1.12603600e-06 1.42267859e-02 1.18958575e+01]
  [1.07943867e-06 1.41359897e-02 1.18601375e+01]]]

Request Buffer Table:
[[[2.48215346e-06 1.54450387e-02 1.17934848e+01]
  [5.79327718e-06 1.53287986e-02 1.18860373e+01]
  [2.69942497e-06 1.53945800e-02 1.19206374e+01]
  [3.14285132e-06 1.54023422e-02 1.19410814e+01]
  [3.48641841e-06 1.53699400e-02 1.19371883e+01]
  [4.52535351e-06 1.54152313e-02 1.19404293e+01]
  [8.74461090e-06 1.36824761e-02 1.26791591e+01]
  [6.25687112e-06 1.54587282e-02 1.19759823e+01]]

 [[2.77829439e-06 1.54041652e-02 1.17857339e+01]
  [1.86058681e-05 1.55784323e-02 1.18577989e+01]
  [2.81154284e-06 1.55811007e-02 1.18284072e+01]
  [2.72684372e-06 1.55716391e-02 1.18983792e+01]
  [2.86663409e-06 1.53524416e-02 1.18865566e+01]
  [3.71658512e-06 1.48714116e-02 1.23077308e+01]
  [2.85411896e-06 1.54449607e-02 1.18851348e+01]
  [2.90498297e-06 1.51732114e-02 1.18722348e+01]]

 [[2.84059912e-06 1.56898715e-02 1.18441935e+01]
  [2.78652749e-06 1.55100176e-02 1.18567313e+01]
  [2.75313204e-06 1.54838956e-02 1.19314840e+01]
  [3.13489703e-06 1.57396287e-02 1.18808292e+01]
  [2.83737826e-06 1.53310367e-02 1.19351022e+01]
  [2.98353761e-06 1.56554415e-02 1.19333676e+01]
  [3.09696056e-06 1.53141162e-02 1.17535924e+01]
  [1.12941537e-05 1.54914826e-02 1.19331046e+01]]

 [[3.91745976e-06 1.58301956e-02 1.18632539e+01]
  [6.33443201e-06 1.55322396e-02 1.18876496e+01]
  [3.84689759e-06 1.53604437e-02 1.19866001e+01]
  [3.06336946e-06 1.56400034e-02 1.18581382e+01]
  [2.79913089e-06 1.53835303e-02 1.18973018e+01]
  [3.17171784e-06 1.56814236e-02 1.19793116e+01]
  [2.72831987e-06 1.56209668e-02 1.18108884e+01]
  [2.95475559e-06 1.53175148e-02 1.19268652e+01]]

 [[3.23870995e-06 1.53285202e-02 1.18247870e+01]
  [6.48871454e-06 1.53059208e-02 1.19999377e+01]
  [3.23420896e-06 1.53041041e-02 1.18082246e+01]
  [7.31841102e-06 1.55335919e-02 1.18432014e+01]
  [3.32613358e-06 1.54275727e-02 1.19110181e+01]
  [2.70927836e-06 1.55291835e-02 1.18624248e+01]
  [5.65092131e-06 1.54902405e-02 1.18779055e+01]
  [2.84305604e-06 1.54628406e-02 1.19422180e+01]]

 [[3.78414852e-06 1.53387696e-02 1.19826921e+01]
  [5.78842392e-06 1.53474247e-02 1.19106423e+01]
  [2.58851851e-06 1.56156827e-02 1.18779938e+01]
  [3.19755335e-06 1.56333402e-02 1.19016634e+01]
  [3.87826708e-06 1.52317177e-02 1.18265828e+01]
  [1.08943152e-06 1.24952093e-02 1.30017608e+01]
  [4.44179157e-06 1.53219180e-02 1.18980122e+01]
  [3.38452503e-06 1.54375945e-02 1.19432267e+01]]

 [[1.16444739e-05 1.39529786e-02 1.25445099e+01]
  [4.73541540e-06 1.51809278e-02 1.20471154e+01]
  [4.06483053e-06 1.58475045e-02 1.19261514e+01]
  [3.44562885e-06 1.56356333e-02 1.18762738e+01]
  [4.05635078e-06 1.53968506e-02 1.18507183e+01]
  [3.62142038e-06 1.54818114e-02 1.19206481e+01]
  [2.30615505e-06 1.41364767e-02 1.25011673e+01]
  [3.05216461e-06 1.52677749e-02 1.19002442e+01]]

 [[2.34887648e-06 1.53668552e-02 1.18388159e+01]
  [2.70043012e-06 1.53149249e-02 1.18317424e+01]
  [2.65373514e-06 1.53106833e-02 1.19292510e+01]
  [3.13960013e-06 1.58486408e-02 1.18846159e+01]
  [2.96830308e-06 1.56218915e-02 1.18958842e+01]
  [3.27562803e-06 1.57200480e-02 1.19014619e+01]
  [2.97411724e-06 1.53435419e-02 1.18867534e+01]
  [2.61366955e-06 1.53567026e-02 1.18813310e+01]]]

Ref Max Post Table:
[[[3.42705064e-06 1.44522276e-02 1.18585556e+01]
  [4.71272131e-06 1.43720225e-02 1.18965660e+01]
  [3.80023847e-06 1.44334833e-02 1.18890061e+01]
  [2.47252661e-06 1.39360283e-02 1.22329443e+01]]

 [[5.92102963e-06 1.44180802e-02 1.18338642e+01]
  [3.66315235e-06 1.44780867e-02 1.18862786e+01]
  [2.78891416e-06 1.43241160e-02 1.18793765e+01]
  [7.27793126e-06 1.40685128e-02 1.25101969e+01]]

 [[4.04334497e-06 1.44148999e-02 1.19662365e+01]
  [3.56812055e-06 1.44779143e-02 1.19052199e+01]
  [2.86349649e-06 1.43828711e-02 1.18392185e+01]
  [3.01572570e-06 1.43152475e-02 1.19706946e+01]]

 [[3.21606363e-06 1.43329878e-02 1.20266450e+01]
  [2.21038985e-06 1.43269396e-02 1.21355102e+01]
  [3.91667213e-06 1.44502113e-02 1.18903533e+01]
  [1.08943152e-06 1.24952093e-02 1.30017608e+01]]]

Ref Max Pull Table:
[[[3.15478423e-06 1.43955297e-02 1.18474951e+01]
  [1.57311862e-06 1.34097637e-02 1.25960783e+01]
  [4.00776395e-06 1.44120950e-02 1.18522116e+01]
  [2.99316332e-06 1.43472076e-02 1.18742177e+01]]

 [[3.13765818e-06 1.42708675e-02 1.20117061e+01]
  [3.36943142e-06 1.43676826e-02 1.19312658e+01]
  [3.57246057e-06 1.43891356e-02 1.18837695e+01]
  [1.95286344e-06 1.25008144e-02 1.30650536e+01]]

 [[3.39486965e-06 1.43907777e-02 1.18930047e+01]
  [3.59098440e-06 1.44003449e-02 1.19223918e+01]
  [3.73852693e-06 1.44402487e-02 1.19039136e+01]
  [3.34892165e-06 1.44365150e-02 1.19542695e+01]]

 [[3.03363076e-06 1.43277733e-02 1.18871452e+01]
  [1.88731763e-06 1.25002606e-02 1.29852953e+01]
  [3.11207056e-06 1.43338878e-02 1.19580379e+01]
  [4.64736042e-06 1.44949223e-02 1.19747137e+01]]]

Max Activate Table:
[[[7.07980959e-06 1.55671783e-02 1.18548488e+01 3.59614043e-04
   4.24641555e-03 5.70590954e-04 5.70590954e-04]
  [4.58064690e-06 1.54282271e-02 1.18660697e+01 3.60314312e-04
   4.17370950e-03 5.70171407e-04 5.70171407e-04]
  [2.74576476e-06 1.55586650e-02 1.18705271e+01 3.60838241e-04
   4.12795061e-03 5.70406928e-04 5.70406928e-04]
  [7.04714795e-06 1.54535995e-02 1.18547113e+01 3.59302181e-04
   4.25797208e-03 5.70435892e-04 5.70435892e-04]
  [4.47614102e-06 1.53669056e-02 1.18039831e+01 3.59600895e-04
   4.25637553e-03 5.70374403e-04 5.70374403e-04]
  [3.53456957e-06 1.55082510e-02 1.19050954e+01 3.59610833e-04
   4.27974397e-03 5.71356615e-04 5.71356615e-04]
  [3.16255525e-06 1.52644852e-02 1.19969983e+01 3.59974514e-04
   4.21133090e-03 5.70253687e-04 5.70253687e-04]
  [4.07214948e-06 1.52851447e-02 1.18207270e+01 3.59554973e-04
   4.30228203e-03 5.70412551e-04 5.70412551e-04]]

 [[2.79513133e-06 1.56326299e-02 1.17726407e+01 3.59043420e-04
   4.32542012e-03 5.71310459e-04 5.71310459e-04]
  [3.16256053e-06 1.56684621e-02 1.19673303e+01 3.60921570e-04
   4.11285512e-03 5.70644396e-04 5.70644396e-04]
  [3.95988741e-06 1.54532168e-02 1.19124408e+01 3.60383388e-04
   4.12803339e-03 5.70473899e-04 5.70473899e-04]
  [1.00455203e-05 1.55288434e-02 1.20420903e+01 3.60223871e-04
   4.22179494e-03 5.70872894e-04 5.70872894e-04]
  [4.19340784e-06 1.53606919e-02 1.18786569e+01 3.60104249e-04
   4.17668676e-03 5.70605338e-04 5.70605338e-04]
  [4.99941256e-06 1.55121442e-02 1.18834388e+01 3.58985659e-04
   4.32494591e-03 5.70499493e-04 5.70499493e-04]
  [3.04916917e-06 1.54534242e-02 1.19819081e+01 3.61122894e-04
   4.09381661e-03 5.70872201e-04 5.70872201e-04]
  [3.06060258e-06 1.53415240e-02 1.18482762e+01 3.59332439e-04
   4.28391162e-03 5.71354298e-04 5.71354298e-04]]

 [[2.77414244e-06 1.54009748e-02 1.18853050e+01 3.59560518e-04
   4.27876017e-03 5.71097010e-04 5.71097010e-04]
  [4.28783016e-06 1.56672130e-02 1.18605804e+01 3.59494682e-04
   4.31193272e-03 5.70999813e-04 5.70999813e-04]
  [2.61276002e-06 1.53231887e-02 1.19365772e+01 3.59999880e-04
   4.23103373e-03 5.70844002e-04 5.70844002e-04]
  [3.07940750e-06 1.58368825e-02 1.19005268e+01 3.60091546e-04
   4.20517807e-03 5.70390996e-04 5.70390996e-04]
  [2.67097007e-06 1.54694921e-02 1.18922172e+01 3.60114103e-04
   4.17569001e-03 5.70148342e-04 5.70148342e-04]
  [3.95911284e-06 1.53413407e-02 1.19207934e+01 3.59820344e-04
   4.18282225e-03 5.70251699e-04 5.70251699e-04]
  [2.73279957e-06 1.54594536e-02 1.19307858e+01 3.59289643e-04
   4.34217291e-03 5.70996501e-04 5.70996501e-04]
  [5.54557147e-06 1.53891822e-02 1.19119644e+01 3.58886636e-04
   4.33503954e-03 5.70852721e-04 5.70852721e-04]]

 [[3.80367210e-06 1.53392331e-02 1.18528543e+01 3.59635146e-04
   4.25145920e-03 5.70710979e-04 5.70710979e-04]
  [3.98135356e-06 1.53094509e-02 1.19107240e+01 3.59793557e-04
   4.20568220e-03 5.69567356e-04 5.69567356e-04]
  [2.96029901e-06 1.55060352e-02 1.18677749e+01 3.59584443e-04
   4.27235936e-03 5.70934373e-04 5.70934373e-04]
  [3.43242147e-06 1.56378932e-02 1.17880627e+01 3.60569927e-04
   4.15859236e-03 5.71139048e-04 5.71139048e-04]
  [4.28540452e-06 1.54760144e-02 1.20515959e+01 3.61016538e-04
   4.11568770e-03 5.70833407e-04 5.70833407e-04]
  [3.72365002e-06 1.55067280e-02 1.19043443e+01 3.60442723e-04
   4.17848281e-03 5.71232333e-04 5.71232333e-04]
  [8.98031224e-06 1.53821247e-02 1.19168595e+01 3.60336728e-04
   4.17666124e-03 5.71232322e-04 5.71232322e-04]
  [3.56121367e-06 1.54845920e-02 1.18805891e+01 3.60857339e-04
   4.11910158e-03 5.70689109e-04 5.70689109e-04]]

 [[3.23977618e-06 1.54372885e-02 1.19485144e+01 3.59674560e-04
   4.22211439e-03 5.70124854e-04 5.70124854e-04]
  [4.19687582e-06 1.55649641e-02 1.18157122e+01 3.59460471e-04
   4.26769921e-03 5.70716385e-04 5.70716385e-04]
  [3.38472367e-06 1.54364891e-02 1.19631706e+01 3.59973355e-04
   4.21073807e-03 5.70915078e-04 5.70915078e-04]
  [3.71871953e-06 1.53370061e-02 1.18885774e+01 3.60235413e-04
   4.20216219e-03 5.70399800e-04 5.70399800e-04]
  [2.77275550e-06 1.56370924e-02 1.19066774e+01 3.59923701e-04
   4.15204294e-03 5.69426573e-04 5.69426573e-04]
  [5.47852037e-06 1.52920429e-02 1.18326462e+01 3.59923060e-04
   4.22625337e-03 5.70527741e-04 5.70527741e-04]
  [3.81961762e-06 1.54866093e-02 1.18869197e+01 3.60223382e-04
   4.11641910e-03 5.70244616e-04 5.70244616e-04]
  [3.58016867e-06 1.53139348e-02 1.20817747e+01 3.59453011e-04
   4.25639999e-03 5.70883831e-04 5.70883831e-04]]

 [[3.00361713e-06 1.54472978e-02 1.18529635e+01 3.60075332e-04
   4.23022551e-03 5.70251896e-04 5.70251896e-04]
  [2.87774725e-06 1.56265024e-02 1.18589584e+01 3.60579260e-04
   4.08038505e-03 5.69899158e-04 5.69899158e-04]
  [2.98066436e-06 1.55476309e-02 1.18844288e+01 3.61287482e-04
   4.11173031e-03 5.70463347e-04 5.70463347e-04]
  [2.63868674e-06 1.55200395e-02 1.19053401e+01 3.59496945e-04
   4.23604166e-03 5.70815681e-04 5.70815681e-04]
  [3.05923799e-06 1.53495505e-02 1.18545803e+01 3.60651775e-04
   4.15155391e-03 5.71373920e-04 5.71373920e-04]
  [2.93863793e-06 1.55434223e-02 1.18577515e+01 3.58920260e-04
   4.36348538e-03 5.71348885e-04 5.71348885e-04]
  [2.79422702e-06 1.52885774e-02 1.21874918e+01 3.58885470e-04
   4.28765478e-03 5.70205607e-04 5.70205607e-04]
  [4.31365268e-06 1.54088472e-02 1.18741311e+01 3.59923282e-04
   4.27519947e-03 5.71437457e-04 5.71437457e-04]]

 [[6.20592211e-06 1.54261395e-02 1.18891940e+01 3.59219776e-04
   4.30766589e-03 5.71331237e-04 5.71331237e-04]
  [4.21179004e-06 1.52433622e-02 1.19197782e+01 3.60510290e-04
   4.19640260e-03 5.72082744e-04 5.72082744e-04]
  [3.15692876e-06 1.55322133e-02 1.18692317e+01 3.58873472e-04
   4.34969052e-03 5.71107888e-04 5.71107888e-04]
  [3.03793200e-06 1.55444112e-02 1.18728970e+01 3.59764758e-04
   4.24498744e-03 5.70143247e-04 5.70143247e-04]
  [3.67151016e-06 1.55491405e-02 1.21158939e+01 3.60181227e-04
   4.16688400e-03 5.70927831e-04 5.70927831e-04]
  [3.63315416e-06 1.53010029e-02 1.19221345e+01 3.60213154e-04
   4.19105246e-03 5.71984895e-04 5.71984895e-04]
  [1.08943152e-06 1.24952093e-02 1.30017608e+01 3.59072246e-04
   4.72378313e-03 5.58910189e-04 6.12661873e-04]
  [5.82106891e-06 1.53025905e-02 1.18733754e+01 3.60501943e-04
   4.18135382e-03 5.71199531e-04 5.71199531e-04]]

 [[3.25427007e-06 1.55096647e-02 1.17912819e+01 3.58586266e-04
   4.40305111e-03 5.70695793e-04 5.70695793e-04]
  [3.04606681e-06 1.54190123e-02 1.19018136e+01 3.60389305e-04
   4.17524695e-03 5.70763214e-04 5.70763214e-04]
  [3.90448947e-06 1.55029824e-02 1.19800153e+01 3.59841695e-04
   4.23127174e-03 5.70594563e-04 5.70594563e-04]
  [3.18773698e-06 1.53998176e-02 1.19389219e+01 3.59564698e-04
   4.27010814e-03 5.71102122e-04 5.71102122e-04]
  [5.12590918e-06 1.55404592e-02 1.18151097e+01 3.59791364e-04
   4.20727142e-03 5.69599355e-04 5.69599355e-04]
  [3.55919340e-06 1.52668730e-02 1.21646063e+01 3.60450638e-04
   4.16172290e-03 5.71100178e-04 5.71100178e-04]
  [4.91069379e-06 1.53442128e-02 1.19445064e+01 3.59424549e-04
   4.30045409e-03 5.70564599e-04 5.70564599e-04]
  [3.22793076e-06 1.55335499e-02 1.19679208e+01 3.58882047e-04
   4.34026294e-03 5.70901326e-04 5.70901326e-04]]]

Cumulative Reward: 3255.6701316557273
