Scheduler Table:
[[[9.87201576e-06 2.76460227e-02 2.90241421e+01 2.05612800e-03
   1.47734081e-01 7.30731212e-04 7.30731212e-04]
  [9.94062558e-06 2.76326726e-02 2.91032157e+01 2.04814084e-03
   1.51379682e-01 7.30190912e-04 7.30190912e-04]
  [9.28009702e-06 2.75672473e-02 2.92004312e+01 2.07875336e-03
   1.40029717e-01 7.29562400e-04 7.29562400e-04]]

 [[9.64698378e-06 2.75831322e-02 2.90469128e+01 2.06645516e-03
   1.45447223e-01 7.29966349e-04 7.29966349e-04]
  [6.43695016e-06 2.47502812e-02 3.39488432e+01 2.08968645e-03
   5.50787905e-02 7.26721553e-04 7.26721553e-04]
  [2.94659555e-06 2.28062267e-02 3.59229696e+01 2.19163298e-03
   1.02106835e-02 7.25257476e-04 7.37211044e-04]]

 [[9.65258557e-06 2.75670848e-02 2.90257364e+01 2.07010270e-03
   1.42105966e-01 7.29908261e-04 7.29908261e-04]
  [9.83558643e-05 4.63245948e-01 3.61544466e+01 2.18145724e-03
   1.60105654e-01 7.26222098e-04 7.29628865e-04]
  [1.02572028e-05 2.76243732e-02 2.92064861e+01 2.06118711e-03
   1.48391460e-01 7.29705148e-04 7.29705148e-04]]]

Buffer Table:
[[[4.55879955e-06 2.42062047e-02 4.03446208e+01 2.13686401e-03
   3.71724643e-02 7.27078841e-04 7.27078841e-04]
  [1.00853468e-05 2.76299271e-02 2.91016880e+01 2.06496683e-03
   1.29501369e-01 7.30134484e-04 7.30134484e-04]
  [7.77239977e-06 2.67712659e-02 3.06281373e+01 2.11938710e-03
   1.00175675e-01 7.29043574e-04 7.29043574e-04]]

 [[9.85538649e-06 2.76367743e-02 2.91115113e+01 2.07081954e-03
   1.25872365e-01 7.29977045e-04 7.29977045e-04]
  [1.07235182e-05 2.76403928e-02 2.89858880e+01 2.06358330e-03
   1.34932698e-01 7.29959413e-04 7.29959413e-04]
  [9.44958719e-06 2.75871716e-02 2.90885206e+01 2.06609291e-03
   1.25007445e-01 7.29924020e-04 7.29924020e-04]]

 [[9.27702507e-06 2.75657133e-02 2.96396866e+01 2.07368875e-03
   1.23976658e-01 7.29698280e-04 7.29698280e-04]
  [1.01093991e-05 2.76085327e-02 2.92080939e+01 2.05955424e-03
   1.29136671e-01 7.29934393e-04 7.29934393e-04]
  [9.71801229e-05 4.62820601e-01 3.63511698e+01 2.21011236e-03
   1.51020123e-01 7.25534209e-04 7.37308474e-04]]]

Arbiter Table:
[[[9.71749307e-05 4.62815141e-01 3.63771739e+01 2.20991313e-03
   1.50929401e-01 7.25530692e-04 7.37304957e-04]
  [9.78239190e-06 2.76004698e-02 2.92192638e+01 2.07852170e-03
   1.36018383e-01 7.30337664e-04 7.30337664e-04]
  [9.85889900e-06 2.75514197e-02 2.93546318e+01 2.07678630e-03
   1.32090803e-01 7.29972401e-04 7.29972401e-04]]

 [[1.00490606e-05 2.75705099e-02 2.98368499e+01 2.07801963e-03
   1.32211508e-01 7.29990348e-04 7.29990348e-04]
  [9.75322314e-06 2.75617281e-02 2.90865305e+01 2.07442612e-03
   1.32575450e-01 7.29786070e-04 7.29786070e-04]
  [1.02485131e-05 2.76561344e-02 2.91348557e+01 2.05833180e-03
   1.36553721e-01 7.30113369e-04 7.30113369e-04]]

 [[9.01766941e-06 2.66756472e-02 3.27119254e+01 2.11997804e-03
   1.06681348e-01 7.28902532e-04 7.28902532e-04]
  [9.75467955e-06 2.75553799e-02 2.91117068e+01 2.07951850e-03
   1.34232890e-01 7.29465134e-04 7.29465134e-04]
  [9.88039018e-06 2.76247544e-02 2.89558738e+01 2.06554779e-03
   1.35727862e-01 7.29984284e-04 7.29984284e-04]]]

Page Table:
[[[9.71108628e-06 2.86891509e-02 2.92698996e+01 2.08462826e-03
   1.17689804e-01 7.28927979e-04 7.28927979e-04]
  [9.30803679e-06 2.86768071e-02 2.93267950e+01 2.10716503e-03
   1.14222346e-01 7.28406601e-04 7.28406601e-04]
  [9.47844894e-06 2.86503861e-02 2.92075541e+01 2.08987375e-03
   1.13134846e-01 7.28574290e-04 7.28574290e-04]
  [5.62920539e-06 2.66571395e-02 3.46098406e+01 2.09993491e-03
   5.51178394e-02 7.26948630e-04 7.26948630e-04]]

 [[9.22632628e-06 2.86772939e-02 2.91919472e+01 2.10301799e-03
   1.07535380e-01 7.28749978e-04 7.28749978e-04]
  [9.33459538e-06 2.86021550e-02 2.95485172e+01 2.11687018e-03
   1.07783497e-01 7.29433409e-04 7.29433409e-04]
  [1.01359019e-05 2.86443575e-02 2.92765723e+01 2.08819647e-03
   1.08751455e-01 7.28854721e-04 7.28854721e-04]
  [1.05549566e-05 2.87268655e-02 2.96378707e+01 2.06684038e-03
   1.27985336e-01 7.29024141e-04 7.29024141e-04]]

 [[8.58152405e-06 2.82810099e-02 3.15015435e+01 2.08775846e-03
   1.03255478e-01 7.28675077e-04 7.28675077e-04]
  [9.43554766e-06 2.86551729e-02 2.94905456e+01 2.11072743e-03
   1.08977713e-01 7.29183826e-04 7.29183826e-04]
  [1.01352495e-05 2.87893120e-02 2.93481175e+01 2.07471828e-03
   1.11901382e-01 7.28702995e-04 7.28702995e-04]
  [9.82214228e-06 2.86514168e-02 2.96045344e+01 2.07650334e-03
   1.11230114e-01 7.28961737e-04 7.28961737e-04]]

 [[8.76978130e-06 2.84336711e-02 3.14826429e+01 2.09815806e-03
   1.01751757e-01 7.28286746e-04 7.28286746e-04]
  [9.86329757e-06 2.87164291e-02 2.93344237e+01 2.09353459e-03
   1.06782896e-01 7.29225226e-04 7.29225226e-04]
  [9.78385978e-06 2.85746394e-02 2.94889100e+01 2.09192672e-03
   1.18090386e-01 7.28578706e-04 7.28578706e-04]
  [9.72597137e-05 4.62870734e-01 3.63150153e+01 2.20954430e-03
   1.52020495e-01 7.25561679e-04 7.37335944e-04]]]

Response Table:
[[[8.06025956e-06 2.69301860e-02 2.91605497e+01]
  [8.28142247e-06 2.69338884e-02 2.90299039e+01]]

 [[8.24994227e-06 2.69660659e-02 2.87458460e+01]
  [9.71748910e-05 4.62815109e-01 3.63772792e+01]]]

Refresh Table:
[[[9.71748910e-05 4.62815109e-01 3.63772792e+01]
  [6.84937357e-06 2.68596446e-02 2.86325357e+01]]

 [[6.92060679e-06 2.69769574e-02 2.87152746e+01]
  [6.84870928e-06 2.68949105e-02 2.90791482e+01]]]

Request Buffer Table:
[[[1.68641209e-05 6.60030667e-02 2.85888728e+01]
  [1.62401583e-05 6.58669777e-02 2.85676957e+01]
  [1.65228069e-05 6.48896876e-02 2.86238607e+01]
  [1.76150878e-05 6.37238299e-02 2.86265437e+01]
  [1.93375538e-05 6.67212351e-02 2.86974130e+01]
  [1.52101304e-05 5.67956502e-02 3.05848064e+01]
  [1.85827813e-05 6.35805741e-02 2.92701862e+01]
  [1.62068707e-05 6.38907337e-02 2.86520198e+01]]

 [[1.70567597e-05 6.48555895e-02 2.85341498e+01]
  [1.59088494e-05 6.57479504e-02 2.84698941e+01]
  [1.61634792e-05 6.57224669e-02 2.86833396e+01]
  [1.66251508e-05 6.57563359e-02 2.83376378e+01]
  [1.67145340e-05 6.65592428e-02 2.87289878e+01]
  [1.62727006e-05 6.43894970e-02 2.89184568e+01]
  [1.56483960e-05 6.43082001e-02 2.86236761e+01]
  [1.63544395e-05 6.38239175e-02 2.98485231e+01]]

 [[1.56174340e-05 6.43715085e-02 2.86264569e+01]
  [1.58553996e-05 6.58645199e-02 2.85361707e+01]
  [1.66196359e-05 6.54141566e-02 2.85815472e+01]
  [1.83317223e-05 6.66466936e-02 2.88349336e+01]
  [1.72609827e-05 6.58649136e-02 2.87756022e+01]
  [1.65976400e-05 6.50155033e-02 2.85549474e+01]
  [1.64614359e-05 6.44674912e-02 2.94168539e+01]
  [1.61953750e-05 6.37240224e-02 2.88649594e+01]]

 [[1.66140454e-05 6.38062479e-02 2.85109292e+01]
  [1.66161026e-05 6.40957093e-02 2.85756259e+01]
  [1.72399614e-05 6.78879071e-02 2.84464210e+01]
  [1.62712583e-05 6.44995837e-02 2.86180277e+01]
  [1.97649910e-05 6.41877764e-02 2.89207378e+01]
  [9.78490755e-05 4.62874298e-01 3.66543637e+01]
  [1.87594367e-05 6.38944466e-02 2.93639753e+01]
  [1.61873768e-05 6.32695575e-02 2.88060760e+01]]

 [[1.59600020e-05 6.41478297e-02 2.86920924e+01]
  [1.85143486e-05 6.54217449e-02 2.88255506e+01]
  [1.74173346e-05 6.74917608e-02 2.85490444e+01]
  [1.59934895e-05 6.43034786e-02 2.86037763e+01]
  [1.73840502e-05 6.54004709e-02 2.87687436e+01]
  [1.39399734e-05 5.71947441e-02 3.05354777e+01]
  [1.55333038e-05 6.39425234e-02 2.91093085e+01]
  [1.71351200e-05 6.44936313e-02 2.90412709e+01]]

 [[1.62583336e-05 6.41250920e-02 2.87070169e+01]
  [1.60414156e-05 6.49358389e-02 2.86748323e+01]
  [1.69201888e-05 6.49063322e-02 2.85962049e+01]
  [2.43531185e-06 2.24312804e-02 3.64273206e+01]
  [1.66594076e-05 6.49871546e-02 2.84753249e+01]
  [1.32693552e-05 5.23497016e-02 3.32155245e+01]
  [1.59595769e-05 6.59275841e-02 2.84797656e+01]
  [1.75517055e-05 6.43208893e-02 2.85884641e+01]]

 [[1.58486710e-05 6.28715308e-02 2.88056337e+01]
  [1.60360042e-05 6.55640749e-02 2.85181192e+01]
  [1.63066841e-05 6.60877239e-02 2.84863172e+01]
  [1.89048818e-05 6.43710218e-02 2.87610869e+01]
  [1.84228560e-05 6.60285571e-02 2.84101977e+01]
  [1.61007077e-05 6.40736592e-02 2.86462578e+01]
  [1.13800827e-05 3.73139045e-02 5.21451126e+01]
  [1.59882913e-05 6.30335532e-02 2.92951338e+01]]

 [[1.62588286e-05 6.52538755e-02 2.86726213e+01]
  [1.93170050e-05 6.75490806e-02 2.84341750e+01]
  [1.61349440e-05 6.47661591e-02 2.86010943e+01]
  [1.68931069e-05 6.41585335e-02 2.85196550e+01]
  [1.59433795e-05 6.37226829e-02 2.91166996e+01]
  [1.63672829e-05 6.46784241e-02 2.86613181e+01]
  [1.64359067e-05 6.37444467e-02 2.86171775e+01]
  [1.80631095e-05 6.40685499e-02 2.86737154e+01]]]

Ref Max Post Table:
[[[1.04844638e-05 2.86723809e-02 2.94389202e+01]
  [7.87369566e-06 2.80982954e-02 3.21542418e+01]
  [9.52708322e-06 2.87174393e-02 2.93483452e+01]
  [8.80475056e-06 2.87037539e-02 2.92969370e+01]]

 [[9.42327564e-06 2.86013315e-02 2.96724318e+01]
  [4.21768326e-06 2.54089297e-02 3.43022062e+01]
  [8.85690138e-06 2.84213285e-02 2.99733093e+01]
  [9.93769365e-06 2.87374690e-02 2.92342153e+01]]

 [[9.44753446e-06 2.85580559e-02 2.93242259e+01]
  [1.00636898e-05 2.86098778e-02 2.97007263e+01]
  [9.71748910e-05 4.62815109e-01 3.63772792e+01]
  [9.40513627e-06 2.88066565e-02 2.93482077e+01]]

 [[1.02649716e-05 2.87278703e-02 2.93090212e+01]
  [9.13938780e-06 2.86911680e-02 2.92539986e+01]
  [9.34999138e-06 2.87060590e-02 2.95956795e+01]
  [8.92507601e-06 2.87602052e-02 2.93297900e+01]]]

Ref Max Pull Table:
[[[1.16271928e-05 2.86587260e-02 2.93109259e+01]
  [7.62102394e-06 2.61847749e-02 3.69878006e+01]
  [9.52424967e-06 2.86451935e-02 2.97887897e+01]
  [1.15837456e-05 2.86547636e-02 2.94189882e+01]]

 [[9.75153134e-06 2.76866974e-02 3.50421788e+01]
  [9.97800096e-06 2.74789673e-02 3.14666092e+01]
  [9.11960650e-06 2.86199004e-02 2.94204863e+01]
  [9.80013198e-05 4.62985386e-01 3.64694346e+01]]

 [[1.08086553e-05 2.88265698e-02 2.92764110e+01]
  [1.01902351e-05 2.86261850e-02 2.92716738e+01]
  [9.08364332e-06 2.86426217e-02 2.91829973e+01]
  [7.90292983e-06 2.76726909e-02 3.22077169e+01]]

 [[1.07486912e-05 2.87372180e-02 2.91895399e+01]
  [2.58890653e-06 2.25433539e-02 3.62407513e+01]
  [9.01836704e-06 2.86843278e-02 2.92817056e+01]
  [7.23120742e-06 2.68923655e-02 3.21900386e+01]]]

Max Activate Table:
[[[1.68024286e-05 6.47985610e-02 2.85345777e+01 2.04413819e-03
   7.12750878e-02 7.04638664e-04 7.04638664e-04]
  [1.73630360e-05 6.52009358e-02 2.88087136e+01 2.07379054e-03
   4.49292121e-02 7.04573122e-04 7.04573122e-04]
  [1.72013256e-05 6.40763661e-02 2.88465950e+01 2.02604335e-03
   6.01715698e-02 7.05385020e-04 7.05385020e-04]
  [1.80340435e-05 6.59134279e-02 2.87055364e+01 2.06055244e-03
   3.71069482e-02 7.03930381e-04 7.03930381e-04]
  [1.86323650e-05 6.75216191e-02 2.86320909e+01 2.06356028e-03
   3.84664853e-02 7.02778503e-04 7.02778503e-04]
  [1.71963392e-05 6.35020720e-02 2.87672597e+01 2.05637321e-03
   7.52028090e-02 7.05620750e-04 7.05620750e-04]
  [1.73595187e-05 6.73299364e-02 2.85385888e+01 2.06846550e-03
   5.87862932e-02 7.02715328e-04 7.02715328e-04]
  [1.67818540e-05 6.26610371e-02 2.89263689e+01 2.04945363e-03
   5.66885086e-02 7.05978971e-04 7.05978971e-04]]

 [[1.74418166e-05 6.59504377e-02 2.84685231e+01 2.05256907e-03
   4.42270339e-02 7.03597368e-04 7.03597368e-04]
  [1.70153967e-05 6.57354805e-02 2.87137144e+01 2.06067267e-03
   4.38362123e-02 7.04475451e-04 7.04475451e-04]
  [1.74497353e-05 6.38270687e-02 2.87519768e+01 2.05783249e-03
   4.46330980e-02 7.05381081e-04 7.05381081e-04]
  [1.72235272e-05 6.43395066e-02 2.88732468e+01 2.04113387e-03
   1.38010012e-01 7.05137439e-04 7.05137439e-04]
  [1.76090606e-05 6.55563803e-02 2.88086058e+01 2.05360417e-03
   4.50110396e-02 7.04902930e-04 7.04902930e-04]
  [1.65718038e-05 6.41091768e-02 2.90460033e+01 2.06244673e-03
   4.75477530e-02 7.05389490e-04 7.05389490e-04]
  [1.65957320e-05 6.56039111e-02 2.84795608e+01 2.06725606e-03
   4.26313835e-02 7.04237826e-04 7.04237826e-04]
  [1.67104763e-05 6.34957310e-02 2.92773708e+01 2.06439038e-03
   4.89413625e-02 7.06183825e-04 7.06183825e-04]]

 [[1.73228460e-05 6.42222363e-02 2.86057641e+01 2.05473831e-03
   5.47731009e-02 7.05095117e-04 7.05095117e-04]
  [1.76348740e-05 6.54221447e-02 2.85114532e+01 2.05831482e-03
   1.13374822e-01 7.04534769e-04 7.04534769e-04]
  [1.71986479e-05 6.31414186e-02 2.86196888e+01 2.07182263e-03
   9.01898861e-02 7.05497526e-04 7.05497526e-04]
  [1.68776848e-05 6.38169193e-02 2.86838484e+01 2.05111053e-03
   9.66149540e-02 7.05312160e-04 7.05312160e-04]
  [1.66262154e-05 6.29385406e-02 2.88560966e+01 2.05276015e-03
   9.04892998e-02 7.06513156e-04 7.06513156e-04]
  [1.69351456e-05 6.18657681e-02 2.90010424e+01 2.03381457e-03
   5.41847326e-02 7.06387867e-04 7.06387867e-04]
  [1.70710142e-05 6.42638699e-02 2.88569038e+01 2.03458965e-03
   4.04692553e-02 7.04921941e-04 7.04921941e-04]
  [1.68581591e-05 6.41808245e-02 2.88147058e+01 2.02747484e-03
   1.00448624e-01 7.05315607e-04 7.05315607e-04]]

 [[1.71526961e-05 6.57179508e-02 2.86886775e+01 2.04361858e-03
   5.97093392e-02 7.04651216e-04 7.04651216e-04]
  [1.75254298e-05 6.67977712e-02 2.84377953e+01 2.07076415e-03
   4.41120176e-02 7.03940591e-04 7.03940591e-04]
  [1.79122628e-05 6.39126922e-02 2.87653315e+01 2.04823394e-03
   1.15395893e-01 7.05376336e-04 7.05376336e-04]
  [1.71759246e-05 6.47021885e-02 2.85593110e+01 2.04744126e-03
   1.15763913e-01 7.05002871e-04 7.05002871e-04]
  [1.64295025e-05 6.43623790e-02 2.84998025e+01 2.04608686e-03
   8.85022495e-02 7.05489736e-04 7.05489736e-04]
  [1.62190550e-05 5.39958134e-02 3.30309438e+01 2.09486867e-03
   3.55823415e-02 7.10482277e-04 7.10482277e-04]
  [1.77720621e-05 6.63457824e-02 2.86026194e+01 2.06603083e-03
   4.44279321e-02 7.04121860e-04 7.04121860e-04]
  [1.77893984e-05 6.43468329e-02 2.89024680e+01 2.06395867e-03
   4.41921544e-02 7.05044612e-04 7.05044612e-04]]

 [[1.66855031e-05 6.41879295e-02 2.87107109e+01 2.03062754e-03
   5.88803698e-02 7.05525074e-04 7.05525074e-04]
  [1.64994723e-05 6.43235870e-02 2.86888720e+01 2.06451494e-03
   6.36795983e-02 7.05083049e-04 7.05083049e-04]
  [1.86128739e-05 6.35673258e-02 2.88969612e+01 2.05548955e-03
   7.35692411e-02 7.05660447e-04 7.05660447e-04]
  [1.82510104e-05 6.38883548e-02 2.90067656e+01 2.04683165e-03
   3.86651627e-02 7.05221405e-04 7.05221405e-04]
  [1.24160980e-05 3.69748108e-02 3.42483460e+01 2.04919721e-03
   1.25775573e-02 7.19687188e-04 7.19687188e-04]
  [1.63753578e-05 6.42533091e-02 2.87179951e+01 2.03428535e-03
   1.29412064e-01 7.05378243e-04 7.05378243e-04]
  [1.69800246e-05 6.47868087e-02 2.88569587e+01 2.06555537e-03
   4.23772019e-02 7.04669206e-04 7.04669206e-04]
  [1.63679773e-05 6.31899535e-02 2.88855613e+01 2.06057261e-03
   4.50765780e-02 7.05775840e-04 7.05775840e-04]]

 [[1.75526683e-05 6.56985759e-02 2.86451398e+01 2.05858956e-03
   3.91797687e-02 7.03734707e-04 7.03734707e-04]
  [1.67658419e-05 6.52175576e-02 2.85520063e+01 2.04430190e-03
   4.39724861e-02 7.04723230e-04 7.04723230e-04]
  [1.66775918e-05 6.47849247e-02 2.86133990e+01 2.04883383e-03
   1.51403580e-01 7.04533375e-04 7.04533375e-04]
  [1.76800770e-05 6.29012920e-02 2.86974939e+01 2.02084764e-03
   8.10069981e-02 7.05874674e-04 7.05874674e-04]
  [1.64155857e-05 6.40676038e-02 2.87310960e+01 2.06292469e-03
   3.84692015e-02 7.05813574e-04 7.05813574e-04]
  [1.65756902e-05 6.20883740e-02 2.86978531e+01 2.03333574e-03
   6.44884862e-02 7.06244327e-04 7.06244327e-04]
  [2.43536793e-06 2.24311724e-02 3.64273448e+01 2.18793510e-03
   9.45065919e-04 7.24979619e-04 7.36933187e-04]
  [1.62324922e-05 6.17221935e-02 2.90121670e+01 2.07510256e-03
   5.25999173e-02 7.06862908e-04 7.06862908e-04]]

 [[1.73126369e-05 6.67129966e-02 2.84938927e+01 2.04762750e-03
   4.77808297e-02 7.02950426e-04 7.02950426e-04]
  [1.70861876e-05 6.94635093e-02 2.85940794e+01 2.06604717e-03
   3.64854946e-02 7.01455954e-04 7.01455954e-04]
  [1.81572404e-05 6.41660146e-02 2.86001306e+01 2.04447050e-03
   5.01913730e-02 7.05629426e-04 7.05629426e-04]
  [1.76079242e-05 6.37998449e-02 2.89547840e+01 2.07334691e-03
   5.47139463e-02 7.05626478e-04 7.05626478e-04]
  [1.63417203e-05 6.25075606e-02 2.87377113e+01 2.06964495e-03
   4.70063378e-02 7.06946188e-04 7.06946188e-04]
  [9.78491311e-05 4.62874191e-01 3.66543877e+01 2.17779186e-03
   1.50921494e-01 7.25946684e-04 7.29353451e-04]
  [3.07695839e-05 6.89120277e-02 2.86595995e+01 2.06735187e-03
   4.76180719e-02 7.01449880e-04 7.01449880e-04]
  [1.67066120e-05 6.50598685e-02 2.85653760e+01 2.06036353e-03
   4.30258603e-02 7.04897569e-04 7.04897569e-04]]

 [[1.68145974e-05 6.27693894e-02 2.87694386e+01 2.05075389e-03
   6.61666146e-02 7.05981489e-04 7.05981489e-04]
  [1.65362612e-05 6.34529822e-02 2.89016295e+01 2.07557687e-03
   5.18875332e-02 7.05506220e-04 7.05506220e-04]
  [1.66908971e-05 6.24987526e-02 2.85796516e+01 2.05311440e-03
   7.11654523e-02 7.06108709e-04 7.06108709e-04]
  [1.84836010e-05 6.54036691e-02 2.86736972e+01 2.07222155e-03
   3.77699655e-02 7.04308141e-04 7.04308141e-04]
  [1.76353396e-05 6.60292752e-02 2.85925201e+01 2.06405509e-03
   3.51236007e-02 7.04068085e-04 7.04068085e-04]
  [1.63727898e-05 6.38226160e-02 2.87556529e+01 2.06124715e-03
   4.18097150e-02 7.05080296e-04 7.05080296e-04]
  [1.66267763e-05 6.34175818e-02 2.87063103e+01 2.06423760e-03
   4.05258295e-02 7.05562249e-04 7.05562249e-04]
  [1.64034992e-05 6.27188861e-02 2.86356278e+01 2.06451857e-03
   5.49399855e-02 7.05832327e-04 7.05832327e-04]]]

Cumulative Reward: 7075.052537712505
