Scheduler Table:
[[[1.12066140e-04 2.56409017e-01 1.65004604e+02 9.92230395e-03
   2.35466972e-01 3.38871979e-03 3.38871979e-03]
  [1.13151714e-04 2.56683686e-01 1.65300964e+02 9.92545337e-03
   2.34426264e-01 3.38880206e-03 3.38880206e-03]
  [1.13193927e-04 2.56780538e-01 1.65543476e+02 9.92901398e-03
   2.31460400e-01 3.38878453e-03 3.38878453e-03]]

 [[1.13830460e-04 2.56389974e-01 1.64638475e+02 9.91730712e-03
   2.43309055e-01 3.38850011e-03 3.38850011e-03]
  [8.96484892e-05 2.20897197e-01 2.50172738e+02 1.03751035e-02
   2.07130151e-01 3.39396843e-03 3.39396843e-03]
  [2.73613895e-05 1.12663377e-01 4.76313527e+02 1.20123773e-02
   1.17129404e-01 3.40158944e-03 3.40158944e-03]]

 [[1.12162007e-04 2.57093547e-01 1.64936979e+02 9.95252734e-03
   2.24374251e-01 3.38907984e-03 3.38907984e-03]
  [2.73198335e-05 1.12655672e-01 4.75300509e+02 1.19794744e-02
   1.17031582e-01 3.40145317e-03 3.43042517e-03]
  [1.12366554e-04 2.56732528e-01 1.65264676e+02 9.93459275e-03
   2.25822624e-01 3.38925098e-03 3.38925098e-03]]]

Buffer Table:
[[[1.17237057e-04 2.55504944e-01 1.65856732e+02 9.93918436e-03
   2.35386408e-01 3.38898350e-03 3.38898350e-03]
  [1.12943979e-04 2.55797466e-01 1.65668185e+02 9.94357867e-03
   2.35429606e-01 3.38906814e-03 3.38906814e-03]
  [2.75193587e-05 1.13036051e-01 4.74512943e+02 1.19751995e-02
   1.17314393e-01 3.40140907e-03 3.43038107e-03]]

 [[1.12811988e-04 2.54471676e-01 1.65842122e+02 9.90880256e-03
   2.32449355e-01 3.38995979e-03 3.38995979e-03]
  [1.13052306e-04 2.55878830e-01 1.65347566e+02 9.94674833e-03
   2.31476130e-01 3.38910559e-03 3.38910559e-03]
  [1.12971632e-04 2.56171122e-01 1.65563869e+02 9.94030391e-03
   2.36717860e-01 3.38883888e-03 3.38883888e-03]]

 [[2.75612672e-05 1.13044429e-01 4.75524570e+02 1.20080948e-02
   1.17412715e-01 3.40154527e-03 3.40154527e-03]
  [1.12211757e-04 2.55565863e-01 1.65674699e+02 9.93446948e-03
   2.32731385e-01 3.38905632e-03 3.38905632e-03]
  [9.24497255e-05 2.18002706e-01 2.49174500e+02 1.03894961e-02
   2.06174904e-01 3.39417989e-03 3.39417989e-03]]]

Arbiter Table:
[[[2.01378947e-05 1.10662002e-01 4.96659319e+02 1.27496941e-02
   5.76130741e-02 3.39248172e-03 3.42145372e-03]
  [1.06585959e-04 2.45777747e-01 1.85323934e+02 1.00392695e-02
   2.23535586e-01 3.39009178e-03 3.39009178e-03]
  [1.10515297e-04 2.47697258e-01 1.82257569e+02 1.00747909e-02
   2.26103627e-01 3.38838366e-03 3.38838366e-03]]

 [[8.63136923e-05 2.12422708e-01 2.56183678e+02 1.02906513e-02
   1.94448215e-01 3.39556203e-03 3.39556203e-03]
  [1.12386704e-04 2.56274222e-01 1.65272339e+02 9.99123559e-03
   2.33673837e-01 3.38857621e-03 3.38857621e-03]
  [1.14670088e-04 2.54679203e-01 1.65249141e+02 9.93288650e-03
   2.33839108e-01 3.38913492e-03 3.38913492e-03]]

 [[9.25223039e-05 2.23318245e-01 2.47633996e+02 1.05513334e-02
   1.95819789e-01 3.39025423e-03 3.39025423e-03]
  [1.11781445e-04 2.54938574e-01 1.65564921e+02 9.98090270e-03
   2.31093414e-01 3.38852992e-03 3.38852992e-03]
  [1.12511121e-04 2.55587187e-01 1.65513606e+02 9.98237940e-03
   2.35805319e-01 3.38779618e-03 3.38779618e-03]]]

Page Table:
[[[1.84302450e-04 3.83358373e-01 2.14962651e+02 9.15374650e-03
   2.40432076e-01 3.24048411e-03 3.24048411e-03]
  [4.83387654e-05 1.44860105e-01 4.36469590e+02 1.13234082e-02
   1.58591562e-01 3.38696220e-03 3.41593420e-03]
  [2.32955118e-04 4.77908023e-01 1.54375338e+02 9.24838315e-03
   2.22071683e-01 3.17191226e-03 3.17191226e-03]
  [1.99150206e-04 4.09894551e-01 1.94534495e+02 9.05762862e-03
   2.36418932e-01 3.22167396e-03 3.22167396e-03]]

 [[2.32905616e-04 4.77297251e-01 1.54397008e+02 9.26413379e-03
   2.35205679e-01 3.17210039e-03 3.17210039e-03]
  [2.31149274e-04 4.75751007e-01 1.54075479e+02 9.24128274e-03
   2.12260646e-01 3.17380577e-03 3.17380577e-03]
  [2.32103221e-04 4.76788163e-01 1.54195183e+02 9.25334809e-03
   2.18357507e-01 3.17322373e-03 3.17322373e-03]
  [4.84379271e-05 1.44941501e-01 4.37134950e+02 1.13468746e-02
   1.58835549e-01 3.38707328e-03 3.38707328e-03]]

 [[1.58547895e-04 3.40681408e-01 2.72180075e+02 9.96606572e-03
   2.02377470e-01 3.26635674e-03 3.26635674e-03]
  [2.32092671e-04 4.75999393e-01 1.54823084e+02 9.24451993e-03
   2.14469067e-01 3.17281470e-03 3.17281470e-03]
  [2.32689753e-04 4.77758009e-01 1.54556340e+02 9.24488182e-03
   2.24110728e-01 3.17186480e-03 3.17186480e-03]
  [2.47169025e-04 4.77673679e-01 1.54344696e+02 9.26789417e-03
   2.14058379e-01 3.17155124e-03 3.17155124e-03]]

 [[4.83883186e-05 1.44900786e-01 4.37400109e+02 1.13080833e-02
   1.58662930e-01 3.38703298e-03 3.38703298e-03]
  [2.31435202e-04 4.75380325e-01 1.54330891e+02 9.23358996e-03
   2.16251820e-01 3.17386226e-03 3.17386226e-03]
  [2.21170515e-04 4.51930085e-01 1.73845517e+02 9.35214763e-03
   2.23652038e-01 3.19028276e-03 3.19028276e-03]
  [2.33764123e-04 4.73992516e-01 1.54138876e+02 9.22852835e-03
   2.21948600e-01 3.17485086e-03 3.17485086e-03]]]

Response Table:
[[[6.44216481e-05 1.59032229e-01 1.67575602e+02]
  [6.18953407e-05 1.58885668e-01 1.67939175e+02]]

 [[6.30769097e-05 1.58921468e-01 1.67692355e+02]
  [1.99662494e-05 1.10397263e-01 4.97226232e+02]]]

Refresh Table:
[[[6.52230462e-05 1.59293197e-01 1.67933224e+02]
  [5.92487357e-05 1.45886916e-01 2.57391240e+02]]

 [[6.43409158e-05 1.56922326e-01 1.90919017e+02]
  [2.00951570e-05 1.10665135e-01 4.95842148e+02]]]

Request Buffer Table:
[[[3.61952966e-04 5.97042644e-01 7.94322118e+01]
  [3.59769242e-04 5.94692255e-01 7.95635107e+01]
  [3.61032437e-04 5.95515724e-01 7.97098039e+01]
  [3.61971786e-04 5.96934089e-01 7.94775744e+01]
  [3.62728486e-04 5.97231026e-01 7.93948889e+01]
  [3.59759373e-04 5.94405238e-01 8.04552850e+01]
  [3.60234574e-04 5.95426170e-01 8.01212688e+01]
  [2.28268638e-04 4.03030804e-01 2.16205292e+02]]

 [[3.61079772e-04 5.96267178e-01 7.91292620e+01]
  [3.62944937e-04 5.98633070e-01 7.90387737e+01]
  [3.62250961e-04 5.97066059e-01 7.95457421e+01]
  [3.63226391e-04 5.99312033e-01 7.90523652e+01]
  [3.60242320e-04 5.95531631e-01 7.98873888e+01]
  [3.60739274e-04 5.96018726e-01 7.97425710e+01]
  [2.78256418e-04 4.74988878e-01 1.59557897e+02]
  [3.59185579e-04 5.93008783e-01 8.06241083e+01]]

 [[3.68013549e-04 6.06186454e-01 7.76001000e+01]
  [3.66022681e-04 5.95056623e-01 8.00170384e+01]
  [3.62459159e-04 5.98765374e-01 7.91643779e+01]
  [3.65389178e-04 6.02563412e-01 7.80301133e+01]
  [3.59496588e-04 5.94334862e-01 8.03343303e+01]
  [3.64742512e-04 6.01708547e-01 7.85187120e+01]
  [3.63647894e-04 6.00045567e-01 7.91626537e+01]
  [3.58606174e-04 5.93076654e-01 8.19960072e+01]]

 [[3.65382443e-04 6.01264683e-01 7.84038420e+01]
  [3.60900572e-04 5.96014748e-01 7.96137819e+01]
  [3.63741378e-04 6.00697031e-01 7.92420588e+01]
  [3.66203328e-04 6.00080907e-01 7.85741776e+01]
  [3.67152004e-04 5.91160358e-01 8.09796979e+01]
  [3.66321585e-04 5.98682594e-01 7.97456199e+01]
  [3.66491871e-04 6.02840174e-01 7.82493755e+01]
  [3.60936053e-04 5.95294213e-01 7.99598680e+01]]

 [[3.62476817e-04 5.98232893e-01 7.88631281e+01]
  [3.59427445e-04 5.92838651e-01 8.04043370e+01]
  [3.64203075e-04 5.99376187e-01 7.88847892e+01]
  [3.61460984e-04 5.93490385e-01 8.02690097e+01]
  [3.59817597e-04 5.94938398e-01 8.00349771e+01]
  [3.61936484e-04 5.98091037e-01 7.91298404e+01]
  [3.57513113e-04 5.91474666e-01 8.14101513e+01]
  [3.60091237e-04 5.94855241e-01 8.00528162e+01]]

 [[3.60539895e-04 5.95503316e-01 7.93671842e+01]
  [3.60759378e-04 5.94325422e-01 7.97530965e+01]
  [3.62005514e-04 5.98227299e-01 7.96940640e+01]
  [3.63491531e-04 5.97157302e-01 7.93521582e+01]
  [3.61154449e-04 5.96339592e-01 7.97598449e+01]
  [3.58943217e-04 5.93323601e-01 8.10692000e+01]
  [3.60205698e-04 5.94794708e-01 8.00534142e+01]
  [3.59006128e-04 5.93647328e-01 8.06408938e+01]]

 [[3.59209571e-04 5.94238036e-01 7.96763492e+01]
  [3.61691432e-04 5.95104754e-01 7.98697297e+01]
  [3.61351227e-04 5.96051256e-01 7.97665013e+01]
  [3.73439421e-04 5.97969751e-01 7.90844175e+01]
  [3.60942756e-04 5.96126650e-01 7.93199732e+01]
  [3.58201249e-04 5.92318257e-01 8.01198259e+01]
  [3.64690517e-04 5.96749394e-01 8.00014787e+01]
  [3.46499653e-05 1.23082295e-01 4.70255491e+02]]

 [[3.43031433e-04 5.69305333e-01 9.68927239e+01]
  [3.61332615e-04 5.95319958e-01 7.97082293e+01]
  [3.60378498e-04 5.95777227e-01 7.99729969e+01]
  [3.63515937e-04 5.99311474e-01 7.89084471e+01]
  [3.60499254e-04 5.93840930e-01 8.00103625e+01]
  [3.60805990e-04 5.95821209e-01 7.99978736e+01]
  [3.45955564e-05 1.23056216e-01 4.69253156e+02]
  [3.58956948e-04 5.93749276e-01 8.07006328e+01]]]

Ref Max Post Table:
[[[2.58924671e-04 4.84608899e-01 1.54127048e+02]
  [2.55495395e-04 4.79866677e-01 1.54501888e+02]
  [2.43346918e-04 4.57373896e-01 1.77173764e+02]
  [2.55504402e-04 4.79411038e-01 1.54417194e+02]]

 [[2.56079644e-04 4.81293481e-01 1.54668216e+02]
  [2.56087238e-04 4.80837854e-01 1.54548333e+02]
  [2.51406401e-04 4.72195210e-01 1.58125835e+02]
  [2.60596397e-04 4.82244032e-01 1.54501768e+02]]

 [[2.58451261e-04 4.85055388e-01 1.54683755e+02]
  [2.72007760e-04 4.81732244e-01 1.54720041e+02]
  [2.56987168e-04 4.81640440e-01 1.54444216e+02]
  [1.49270433e-04 3.10735397e-01 2.94017998e+02]]

 [[2.59925811e-04 4.81688055e-01 1.54618427e+02]
  [2.53289515e-04 4.75889306e-01 1.56726890e+02]
  [2.29618188e-04 4.38095710e-01 1.84079527e+02]
  [8.21269863e-05 2.08381795e-01 4.06627014e+02]]]

Ref Max Pull Table:
[[[2.59723853e-04 4.76880880e-01 1.54591930e+02]
  [1.37056505e-04 2.81076366e-01 3.10626488e+02]
  [2.57691302e-04 4.83021195e-01 1.54828321e+02]
  [2.56268160e-04 4.76811874e-01 1.54374893e+02]]

 [[2.15201744e-04 4.07610322e-01 2.06740122e+02]
  [1.96791892e-04 3.76152548e-01 2.35652782e+02]
  [2.57988618e-04 4.80213889e-01 1.55081658e+02]
  [7.96617767e-05 1.99077167e-01 4.08073578e+02]]

 [[2.59531532e-04 4.81228260e-01 1.54835690e+02]
  [2.57708514e-04 4.82022575e-01 1.54703319e+02]
  [2.55933424e-04 4.79501850e-01 1.54714947e+02]
  [2.58852139e-04 4.80640863e-01 1.54730957e+02]]

 [[2.58518467e-04 4.77673962e-01 1.54702712e+02]
  [7.95279930e-05 1.98917077e-01 4.07180896e+02]
  [2.57133616e-04 4.81340705e-01 1.54816911e+02]
  [2.57655197e-04 4.81914876e-01 1.54824184e+02]]]

Max Activate Table:
[[[3.64031826e-04 5.97100149e-01 7.87264580e+01 4.66882909e-03
   1.22371737e-01 1.62604994e-03 1.62604994e-03]
  [3.59942485e-04 5.90367250e-01 7.97292096e+01 4.76271914e-03
   1.25791082e-01 1.65264196e-03 1.65264196e-03]
  [3.67460452e-04 6.00538603e-01 7.84383284e+01 4.66313279e-03
   1.13067699e-01 1.61173992e-03 1.61173992e-03]
  [3.60789864e-04 5.92405512e-01 7.94395224e+01 4.73308380e-03
   1.35625042e-01 1.64468622e-03 1.64468622e-03]
  [3.64174238e-04 5.96702935e-01 7.86137240e+01 4.67575367e-03
   1.13240072e-01 1.62775076e-03 1.62775076e-03]
  [3.60512889e-04 5.92026855e-01 7.99560432e+01 4.76583320e-03
   1.12637934e-01 1.64564398e-03 1.64564398e-03]
  [3.59375792e-04 5.90528684e-01 8.06075431e+01 4.79072724e-03
   1.18133296e-01 1.65118628e-03 1.65118628e-03]
  [3.57513548e-04 5.86863307e-01 8.05903178e+01 4.76810850e-03
   1.15241564e-01 1.66649594e-03 1.66649594e-03]]

 [[3.63686896e-04 5.96208530e-01 7.86569569e+01 4.73990018e-03
   1.15378691e-01 1.62895044e-03 1.62895044e-03]
  [3.65421436e-04 5.99084463e-01 7.91335051e+01 4.67123984e-03
   1.14980445e-01 1.61757905e-03 1.61757905e-03]
  [3.64850556e-04 5.97466824e-01 7.85722170e+01 4.69052503e-03
   1.14193039e-01 1.62426746e-03 1.62426746e-03]
  [3.64489244e-04 5.96712693e-01 7.89188731e+01 4.68721919e-03
   1.27633605e-01 1.62667261e-03 1.62667261e-03]
  [3.59296505e-04 5.90277353e-01 7.97971014e+01 4.73396081e-03
   1.41794453e-01 1.65312655e-03 1.65312655e-03]
  [3.62206711e-04 5.92379519e-01 7.95737964e+01 4.74242906e-03
   1.39614967e-01 1.64478372e-03 1.64478372e-03]
  [5.24626291e-05 1.41685649e-01 4.29451811e+02 1.06389931e-02
   1.74499999e-01 3.31463659e-03 3.31463659e-03]
  [3.61867207e-04 5.89131785e-01 8.00772127e+01 4.78318633e-03
   1.14014018e-01 1.65720367e-03 1.65720367e-03]]

 [[3.77961031e-04 5.94299205e-01 7.99484056e+01 4.68101508e-03
   1.13652070e-01 1.63700037e-03 1.63700037e-03]
  [3.64236553e-04 5.97712891e-01 7.87784227e+01 4.68690261e-03
   1.17805991e-01 1.62317627e-03 1.62317627e-03]
  [3.64445873e-04 5.91788958e-01 7.94589126e+01 4.74042089e-03
   1.15089530e-01 1.64725815e-03 1.64725815e-03]
  [3.63951520e-04 5.97969884e-01 7.84324354e+01 4.69363901e-03
   1.15563105e-01 1.62240283e-03 1.62240283e-03]
  [3.62452298e-04 5.93138111e-01 7.92692898e+01 4.72469403e-03
   1.14256960e-01 1.64185534e-03 1.64185534e-03]
  [3.60290961e-04 5.91181228e-01 7.99089408e+01 4.76871462e-03
   1.14331440e-01 1.64906658e-03 1.64906658e-03]
  [3.58103519e-04 5.87983109e-01 8.03372717e+01 4.75599469e-03
   1.15736088e-01 1.66191357e-03 1.66191357e-03]
  [3.62391802e-04 5.93506848e-01 8.03968873e+01 4.70259009e-03
   1.21949010e-01 1.64017647e-03 1.64017647e-03]]

 [[3.62312212e-04 5.92985933e-01 7.95231638e+01 4.73131596e-03
   1.19859120e-01 1.64190386e-03 1.64190386e-03]
  [3.61249332e-04 5.93119631e-01 7.93059603e+01 4.73741978e-03
   1.24586905e-01 1.64090022e-03 1.64090022e-03]
  [3.60900217e-04 5.90598422e-01 8.02502335e+01 4.75798901e-03
   1.50574643e-01 1.65182712e-03 1.65182712e-03]
  [3.65742938e-04 5.97868697e-01 7.84745375e+01 4.65493637e-03
   1.11178085e-01 1.62283938e-03 1.62283938e-03]
  [3.66542740e-04 5.93065992e-01 8.02095232e+01 4.74035996e-03
   1.12942447e-01 1.64130378e-03 1.64130378e-03]
  [3.61473148e-04 5.93351359e-01 7.97247160e+01 4.73387599e-03
   1.13015579e-01 1.64094557e-03 1.64094557e-03]
  [3.62012583e-04 5.94188162e-01 7.95403788e+01 4.71664692e-03
   1.15605391e-01 1.63733563e-03 1.63733563e-03]
  [3.58364165e-04 5.88712806e-01 8.14302579e+01 4.77623964e-03
   1.12738216e-01 1.65811725e-03 1.65811725e-03]]

 [[3.64294167e-04 5.96855079e-01 7.85830412e+01 4.68237081e-03
   1.13993673e-01 1.62665230e-03 1.62665230e-03]
  [3.61542829e-04 5.92462542e-01 7.94022077e+01 4.75475034e-03
   1.18331816e-01 1.64398345e-03 1.64398345e-03]
  [3.61490133e-04 5.94056301e-01 7.95332442e+01 4.74028650e-03
   1.18738553e-01 1.63846700e-03 1.63846700e-03]
  [3.61437852e-04 5.92932712e-01 7.94628900e+01 4.72329312e-03
   1.12295784e-01 1.64180391e-03 1.64180391e-03]
  [3.63430723e-04 5.95649663e-01 7.89316925e+01 4.67436907e-03
   1.13901638e-01 1.63168214e-03 1.63168214e-03]
  [3.60788539e-04 5.92216253e-01 7.97852555e+01 4.72427901e-03
   1.49905151e-01 1.64497545e-03 1.64497545e-03]
  [3.59924222e-04 5.90996581e-01 7.98772014e+01 4.76057635e-03
   1.15064913e-01 1.64926727e-03 1.64926727e-03]
  [3.57362307e-04 5.82827073e-01 8.38219138e+01 4.78437207e-03
   1.19611753e-01 1.68216967e-03 1.68216967e-03]]

 [[3.63656920e-04 5.94814066e-01 7.93163399e+01 4.74719706e-03
   1.12445705e-01 1.63456169e-03 1.63456169e-03]
  [3.63592001e-04 5.96508849e-01 7.84674678e+01 4.77702253e-03
   1.14271723e-01 1.62787233e-03 1.62787233e-03]
  [3.65775146e-04 5.95232126e-01 7.87776663e+01 4.70344408e-03
   1.14493203e-01 1.63371919e-03 1.63371919e-03]
  [3.60432340e-04 5.92070032e-01 7.97548041e+01 4.77133980e-03
   1.12236341e-01 1.64531049e-03 1.64531049e-03]
  [3.63322547e-04 5.93964758e-01 7.95014435e+01 4.76046755e-03
   1.15202085e-01 1.63822242e-03 1.63822242e-03]
  [3.62760187e-04 5.94297505e-01 7.93289017e+01 4.75716524e-03
   1.13061549e-01 1.63709973e-03 1.63709973e-03]
  [3.61322839e-04 5.92969326e-01 7.97344330e+01 4.73390407e-03
   1.50681020e-01 1.64216052e-03 1.64216052e-03]
  [5.25416781e-05 1.41739937e-01 4.29063560e+02 1.07158443e-02
   1.74775788e-01 3.31465212e-03 3.31465212e-03]]

 [[3.59432771e-04 5.90105007e-01 7.97041470e+01 4.74894617e-03
   1.14414194e-01 1.65367434e-03 1.65367434e-03]
  [3.59370877e-04 5.88975174e-01 8.01967317e+01 4.75837984e-03
   1.31570261e-01 1.65778493e-03 1.65778493e-03]
  [3.65057090e-04 5.92875156e-01 7.92492882e+01 4.72070088e-03
   1.16335667e-01 1.64255129e-03 1.64255129e-03]
  [3.60563030e-04 5.91473580e-01 7.99799069e+01 4.74572027e-03
   1.34768675e-01 1.64805036e-03 1.64805036e-03]
  [3.64044995e-04 5.97478283e-01 7.87704628e+01 4.68690939e-03
   1.13725031e-01 1.62388226e-03 1.62388226e-03]
  [5.24231425e-05 1.41658598e-01 4.28308061e+02 1.06159067e-02
   1.74462836e-01 3.31468465e-03 3.34365665e-03]
  [3.58649173e-04 5.89407095e-01 8.02673158e+01 4.74729592e-03
   1.14615621e-01 1.65609062e-03 1.65609062e-03]
  [3.58433438e-04 5.89377876e-01 8.03214367e+01 4.79346371e-03
   1.21326109e-01 1.65583086e-03 1.65583086e-03]]

 [[3.60366180e-04 5.91498430e-01 7.95388286e+01 4.72063498e-03
   1.15482438e-01 1.64817532e-03 1.64817532e-03]
  [5.25021435e-05 1.41712765e-01 4.29047137e+02 1.07125381e-02
   1.74638394e-01 3.31460882e-03 3.31460882e-03]
  [3.62111263e-04 5.91681226e-01 7.94196061e+01 4.72617585e-03
   1.20267074e-01 1.64714865e-03 1.64714865e-03]
  [3.59316383e-04 5.89731136e-01 8.02420896e+01 4.76166842e-03
   1.27006866e-01 1.65534832e-03 1.65534832e-03]
  [3.60098552e-04 5.87685975e-01 8.11876288e+01 4.76968488e-03
   1.15758884e-01 1.66356528e-03 1.66356528e-03]
  [3.70171756e-04 5.89288432e-01 8.02731327e+01 4.74388867e-03
   1.14104340e-01 1.65710327e-03 1.65710327e-03]
  [3.59683134e-04 5.90488014e-01 7.98107747e+01 4.76153005e-03
   1.14352430e-01 1.65168561e-03 1.65168561e-03]
  [3.57824999e-04 5.87817245e-01 8.03195497e+01 4.77482784e-03
   1.14625914e-01 1.66266902e-03 1.66266902e-03]]]

Cumulative Reward: 15084.861554116342
