Scheduler Table:
[[[7.60538991e-06 2.77786142e-02 2.53486680e+01 1.35021234e-03
   1.28475178e-03 6.70630821e-04 6.70630821e-04]
  [8.60781195e-06 2.68762866e-02 2.73610916e+01 1.35111488e-03
   1.28964071e-03 6.70518770e-04 6.70518770e-04]
  [8.03078731e-06 2.76207416e-02 2.54682120e+01 1.35444069e-03
   1.28049412e-03 6.70554338e-04 6.70554338e-04]]

 [[7.70903926e-06 2.74643945e-02 2.54540124e+01 1.35061427e-03
   1.28119025e-03 6.70477093e-04 6.70477093e-04]
  [2.66902279e-05 2.12210689e-01 6.39378893e+01 1.64118102e-03
   1.18130679e-03 6.68140290e-04 6.68326046e-04]
  [7.95891489e-06 2.75825718e-02 2.55891243e+01 1.35125303e-03
   1.29496262e-03 6.70531863e-04 6.70531863e-04]]

 [[7.90014479e-06 2.75735929e-02 2.54477547e+01 1.35407285e-03
   1.28673655e-03 6.70514707e-04 6.70514707e-04]
  [7.99169183e-06 2.75329304e-02 2.55589121e+01 1.35012880e-03
   1.28660698e-03 6.70507223e-04 6.70507223e-04]
  [7.96862637e-06 2.75348974e-02 2.58109805e+01 1.36478992e-03
   1.27634821e-03 6.70513673e-04 6.70513673e-04]]]

Buffer Table:
[[[7.26960982e-06 2.69195422e-02 2.78349437e+01 1.36608526e-03
   1.27966709e-03 6.70547108e-04 6.70547108e-04]
  [7.86471822e-06 2.74236058e-02 2.56943952e+01 1.35321841e-03
   1.28066879e-03 6.70496847e-04 6.70496847e-04]
  [7.12943394e-06 2.02123926e-02 5.98668786e+01 1.55226366e-03
   1.19712096e-03 6.68659633e-04 6.68846322e-04]]

 [[7.76370486e-06 2.76656633e-02 2.56477334e+01 1.35087679e-03
   1.28174625e-03 6.70573091e-04 6.70573091e-04]
  [7.99571396e-06 2.78611469e-02 2.53797342e+01 1.34422263e-03
   1.29246249e-03 6.70682812e-04 6.70682812e-04]
  [8.22239746e-06 2.63809364e-02 2.80523207e+01 1.34640683e-03
   1.29613863e-03 6.70875670e-04 6.70875670e-04]]

 [[2.63489082e-05 2.12400777e-01 6.00066884e+01 1.55218412e-03
   1.23436032e-03 6.68686240e-04 6.68703975e-04]
  [7.95653059e-06 2.75883673e-02 2.54797141e+01 1.34437955e-03
   1.29198073e-03 6.70616068e-04 6.70616068e-04]
  [8.88240980e-06 2.73189088e-02 2.56474259e+01 1.34417537e-03
   1.31244632e-03 6.70385958e-04 6.70385958e-04]]]

Arbiter Table:
[[[2.67006692e-05 2.12262779e-01 6.37903327e+01 1.64118687e-03
   1.18146539e-03 6.68125665e-04 6.68311421e-04]
  [8.87501615e-06 2.75157873e-02 2.55907349e+01 1.35667339e-03
   1.28367017e-03 6.70456459e-04 6.70456459e-04]
  [8.34079556e-06 2.74059012e-02 2.55328334e+01 1.34637661e-03
   1.29589196e-03 6.70544431e-04 6.70544431e-04]]

 [[8.35884367e-06 2.74462742e-02 2.56870322e+01 1.35563237e-03
   1.28199311e-03 6.70430960e-04 6.70430960e-04]
  [7.62187764e-06 2.77023160e-02 2.55046167e+01 1.35151978e-03
   1.28189604e-03 6.70557367e-04 6.70557367e-04]
  [7.84237762e-06 2.76140412e-02 2.54937331e+01 1.35405569e-03
   1.27961402e-03 6.70512957e-04 6.70512957e-04]]

 [[1.09053344e-05 2.62893401e-02 2.83255141e+01 1.34290774e-03
   1.28789950e-03 6.70682602e-04 6.70682602e-04]
  [7.66689800e-06 2.76532814e-02 2.54673488e+01 1.35266234e-03
   1.27927041e-03 6.70544055e-04 6.70544055e-04]
  [8.03515562e-06 2.78289634e-02 2.54224646e+01 1.35024658e-03
   1.28712099e-03 6.70641411e-04 6.70641411e-04]]]

Page Table:
[[[1.03151583e-05 6.12592359e-02 2.52689277e+01 1.35088488e-03
   1.27709863e-03 6.67233424e-04 6.67233424e-04]
  [6.90575434e-06 2.06559683e-02 5.68526889e+01 1.50017632e-03
   1.22086877e-03 6.69067412e-04 6.69067412e-04]
  [1.14103975e-05 6.13421458e-02 2.50529099e+01 1.34768276e-03
   1.28432120e-03 6.67164645e-04 6.67164645e-04]
  [1.03567518e-05 6.05018564e-02 2.52547816e+01 1.34994573e-03
   1.27713373e-03 6.67246583e-04 6.67246583e-04]]

 [[1.06584796e-05 6.20765305e-02 2.51923969e+01 1.35107946e-03
   1.27803817e-03 6.67187082e-04 6.67187082e-04]
  [1.05646453e-05 6.10458040e-02 2.51744287e+01 1.34671430e-03
   1.27552209e-03 6.67206876e-04 6.67206876e-04]
  [1.02289898e-05 6.16497467e-02 2.50303720e+01 1.35231977e-03
   1.28632826e-03 6.67167358e-04 6.67167358e-04]
  [6.75822444e-06 2.06545216e-02 5.68235610e+01 1.49793147e-03
   1.22456000e-03 6.69110688e-04 6.69297377e-04]]

 [[1.10989940e-05 6.28637806e-02 2.51386068e+01 1.34311862e-03
   1.29421279e-03 6.67123723e-04 6.67123723e-04]
  [1.05211970e-05 6.10939947e-02 2.51657045e+01 1.35545935e-03
   1.28064814e-03 6.67199596e-04 6.67199596e-04]
  [1.02775040e-05 6.20970027e-02 2.49994552e+01 1.35292742e-03
   1.28268461e-03 6.67156547e-04 6.67156547e-04]
  [1.36146051e-05 5.81249432e-02 2.69457258e+01 1.35601723e-03
   1.28343340e-03 6.67335648e-04 6.67335648e-04]]

 [[2.60018317e-05 2.12842493e-01 5.67742229e+01 1.49710725e-03
   1.26192653e-03 6.69132917e-04 6.69132917e-04]
  [1.05454129e-05 6.05902295e-02 2.53396787e+01 1.35293170e-03
   1.28109924e-03 6.67223008e-04 6.67223008e-04]
  [1.02078822e-05 6.14925938e-02 2.50337144e+01 1.34832858e-03
   1.28767812e-03 6.67161454e-04 6.67161454e-04]
  [9.27562670e-06 5.28557244e-02 2.89827749e+01 1.35640564e-03
   1.27781183e-03 6.68062859e-04 6.68062859e-04]]]

Response Table:
[[[7.61125229e-06 2.45637119e-02 2.57945766e+01]
  [1.08290571e-05 2.41987820e-02 2.65855269e+01]]

 [[7.69001532e-06 2.44870746e-02 2.58966245e+01]
  [2.66902279e-05 2.12210690e-01 6.39378882e+01]]]

Refresh Table:
[[[2.66905285e-05 2.12211011e-01 6.39358240e+01]
  [7.05218559e-06 2.44535188e-02 2.58153675e+01]]

 [[7.47853185e-06 2.45491215e-02 2.59792244e+01]
  [4.62134238e-06 2.07591645e-02 5.03475443e+01]]]

Request Buffer Table:
[[[2.79666856e-05 4.13353769e-01 1.82105163e+01]
  [3.01384521e-05 4.31104483e-01 1.78948135e+01]
  [2.86897778e-05 4.24258301e-01 1.80776166e+01]
  [2.89426215e-05 4.27674276e-01 1.79693156e+01]
  [2.94564688e-05 4.28093358e-01 1.80393303e+01]
  [2.97209926e-05 4.24537578e-01 1.81727801e+01]
  [2.94246063e-05 4.36531203e-01 1.81275401e+01]
  [2.73129647e-05 3.94918633e-01 1.89434635e+01]]

 [[2.86873013e-05 4.22169636e-01 1.80730911e+01]
  [2.90491795e-05 4.32418551e-01 1.78628400e+01]
  [3.20038422e-05 4.32463730e-01 1.79559633e+01]
  [2.92749961e-05 4.32785580e-01 1.79162680e+01]
  [3.22921083e-05 4.34474774e-01 1.78869340e+01]
  [2.99888578e-05 4.50508737e-01 1.76514825e+01]
  [2.76385178e-05 3.98255458e-01 1.87676055e+01]
  [2.86381632e-05 4.20359368e-01 1.82927947e+01]]

 [[2.90881820e-05 4.24961964e-01 1.79743646e+01]
  [2.92095980e-05 4.30232787e-01 1.79075908e+01]
  [3.01388649e-05 4.32088532e-01 1.79031925e+01]
  [2.93350630e-05 4.31778431e-01 1.79471443e+01]
  [2.92811494e-05 4.22100505e-01 1.82683402e+01]
  [3.07988656e-05 4.33956828e-01 1.78897408e+01]
  [2.81360912e-05 4.09971989e-01 1.85027319e+01]
  [2.75055306e-05 3.94829239e-01 1.89396674e+01]]

 [[2.97125930e-05 4.39628633e-01 1.77228043e+01]
  [2.90872223e-05 4.28992255e-01 1.78594341e+01]
  [2.91797414e-05 4.24835661e-01 1.80436090e+01]
  [3.08675876e-05 4.52442866e-01 1.74955559e+01]
  [2.93459413e-05 4.25677937e-01 1.81163065e+01]
  [2.91748593e-05 4.26373957e-01 1.81445246e+01]
  [2.71373063e-05 3.88299648e-01 1.95450758e+01]
  [2.92372888e-05 4.24839955e-01 1.81698854e+01]]

 [[2.83600605e-05 4.14473460e-01 1.82016678e+01]
  [2.99809331e-05 4.34170384e-01 1.78327082e+01]
  [2.90882284e-05 4.23101502e-01 1.81487473e+01]
  [2.85126358e-05 4.19565775e-01 1.82108052e+01]
  [3.04342685e-05 4.19754907e-01 1.82109807e+01]
  [2.93927424e-05 4.29172297e-01 1.81709594e+01]
  [2.80988615e-05 4.08789162e-01 1.84204188e+01]
  [2.47234534e-05 3.40946995e-01 2.38718602e+01]]

 [[2.92486923e-05 4.29290304e-01 1.79626441e+01]
  [2.96084694e-05 4.35308836e-01 1.78172782e+01]
  [2.93717442e-05 4.31885612e-01 1.79326055e+01]
  [2.89387270e-05 4.27803901e-01 1.80032097e+01]
  [3.11809959e-05 4.30971634e-01 1.80743792e+01]
  [3.29350301e-05 4.29093335e-01 1.80639900e+01]
  [2.85699734e-05 4.20287872e-01 1.82076234e+01]
  [3.22762226e-05 3.95526399e-01 1.92584644e+01]]

 [[2.83335709e-05 4.18886886e-01 1.81186668e+01]
  [2.89196045e-05 4.21674592e-01 1.80525033e+01]
  [2.84742421e-05 4.13356625e-01 1.83312755e+01]
  [2.86346488e-05 4.17499711e-01 1.81726731e+01]
  [2.92177947e-05 4.21783591e-01 1.81505748e+01]
  [2.91168763e-05 4.27471511e-01 1.80401983e+01]
  [2.76363914e-05 4.00571343e-01 1.85262763e+01]
  [2.36773253e-05 3.26414117e-01 2.44040603e+01]]

 [[2.79359573e-05 4.09696542e-01 1.83226420e+01]
  [2.88133032e-05 4.24700530e-01 1.79502808e+01]
  [2.86872408e-05 4.05571357e-01 1.84489272e+01]
  [2.78798009e-05 4.07110478e-01 1.84634776e+01]
  [2.78462421e-05 3.99300446e-01 1.88449240e+01]
  [2.86376449e-05 4.09214839e-01 1.84239234e+01]
  [2.81334050e-05 3.93645426e-01 1.88129600e+01]
  [2.67118825e-05 2.12550522e-01 6.39171827e+01]]]

Ref Max Post Table:
[[[9.51402216e-06 5.55203061e-02 2.79447226e+01]
  [7.14157955e-06 2.03385512e-02 5.98318681e+01]
  [1.05926128e-05 6.03218179e-02 2.54852119e+01]
  [1.06379121e-05 6.06130445e-02 2.52912867e+01]]

 [[2.63610218e-05 2.12526604e-01 5.99717699e+01]
  [1.01386147e-05 5.66669653e-02 2.65988808e+01]
  [1.07743111e-05 6.02102941e-02 2.51857673e+01]
  [1.11368366e-05 5.96787552e-02 2.58748616e+01]]

 [[1.10260415e-05 5.58168354e-02 2.82699389e+01]
  [1.08586002e-05 6.10307692e-02 2.50885949e+01]
  [1.02733277e-05 6.22312473e-02 2.50481184e+01]
  [1.02493663e-05 6.07760271e-02 2.51137814e+01]]

 [[1.21580243e-05 5.11399802e-02 3.12867217e+01]
  [1.03068968e-05 6.06073872e-02 2.51425285e+01]
  [1.06327809e-05 6.10111038e-02 2.51437435e+01]
  [1.03849787e-05 6.24019122e-02 2.52827561e+01]]]

Ref Max Pull Table:
[[[1.06186058e-05 6.03472059e-02 2.51513369e+01]
  [1.04603132e-05 6.16136608e-02 2.52293552e+01]
  [1.00547619e-05 6.03744388e-02 2.51331867e+01]
  [1.02727806e-05 6.02989909e-02 2.53775682e+01]]

 [[1.28007625e-05 6.08925771e-02 2.53065342e+01]
  [1.05923318e-05 6.11939957e-02 2.53288800e+01]
  [1.03859996e-05 4.93399605e-02 3.11577303e+01]
  [9.89622810e-06 6.22237856e-02 2.51727291e+01]]

 [[1.04085976e-05 6.01491333e-02 2.51068469e+01]
  [1.03015127e-05 5.98694041e-02 2.57339074e+01]
  [2.66902279e-05 2.12210692e-01 6.39378888e+01]
  [1.02723594e-05 5.95600960e-02 2.54651278e+01]]

 [[1.04791759e-05 6.15572694e-02 2.50665441e+01]
  [1.33607780e-05 5.83222416e-02 2.62864135e+01]
  [1.02651415e-05 6.04174170e-02 2.51629783e+01]
  [9.90522415e-06 6.01209919e-02 2.52588340e+01]]]

Max Activate Table:
[[[2.69033163e-05 2.15640566e-01 6.36624854e+01 1.63813337e-03
   1.17834527e-03 6.66569350e-04 6.66755106e-04]
  [3.00408400e-05 4.07505474e-01 1.86402347e+01 9.99476030e-04
   9.50770732e-04 4.93814815e-04 4.93814815e-04]
  [2.86131490e-05 4.06610152e-01 1.85652590e+01 9.98881480e-04
   9.56292529e-04 4.94259387e-04 4.94259387e-04]
  [2.95848653e-05 4.16351815e-01 1.81006724e+01 9.95132461e-04
   9.43842035e-04 4.89773414e-04 4.89773414e-04]
  [2.78003848e-05 4.07717637e-01 1.85447597e+01 9.93044486e-04
   9.45308395e-04 4.93661595e-04 4.93661595e-04]
  [2.76625353e-05 4.01014041e-01 1.86633070e+01 1.00599178e-03
   9.66596741e-04 4.96728579e-04 4.96728579e-04]
  [2.81869509e-05 4.07393661e-01 1.84876147e+01 1.00264907e-03
   9.51202828e-04 4.93831175e-04 4.93831175e-04]
  [2.76709716e-05 4.05254125e-01 1.85679362e+01 1.00111792e-03
   9.51248617e-04 4.94888587e-04 4.94888587e-04]]

 [[2.69895952e-05 3.32407933e-01 2.29401154e+01 1.06209359e-03
   1.02701841e-03 5.28569890e-04 5.28569890e-04]
  [3.06625599e-05 4.33100132e-01 1.78293871e+01 9.81707590e-04
   9.30375893e-04 4.82024056e-04 4.82024056e-04]
  [2.92844134e-05 4.27586940e-01 1.80877615e+01 9.87021850e-04
   9.28084111e-04 4.84537590e-04 4.84537590e-04]
  [2.92922848e-05 4.33580483e-01 1.78940573e+01 9.78513903e-04
   9.23348603e-04 4.81876432e-04 4.81876432e-04]
  [3.08477604e-05 4.56921641e-01 1.73618998e+01 9.55609182e-04
   9.07694732e-04 4.71202325e-04 4.71202325e-04]
  [2.87506079e-05 4.22655062e-01 1.81353437e+01 9.93231626e-04
   9.34075909e-04 4.86834666e-04 4.86834666e-04]
  [2.92788342e-05 4.22000344e-01 1.82098432e+01 9.87309515e-04
   9.36801850e-04 4.87124989e-04 4.87124989e-04]
  [2.81664185e-05 4.13394956e-01 1.83757544e+01 9.99762299e-04
   9.39695791e-04 4.91217769e-04 4.91217769e-04]]

 [[2.71714867e-05 3.93405884e-01 1.88199553e+01 1.01202488e-03
   9.62106322e-04 5.00257335e-04 5.00257335e-04]
  [2.92794557e-05 4.31106228e-01 1.81177530e+01 9.77512661e-04
   9.33639447e-04 4.83051137e-04 4.83051137e-04]
  [2.88903469e-05 4.20616104e-01 1.81262209e+01 9.88405087e-04
   9.37836938e-04 4.87902138e-04 4.87902138e-04]
  [2.97272815e-05 4.41262693e-01 1.76766677e+01 9.68583571e-04
   9.22590146e-04 4.78309847e-04 4.78309847e-04]
  [2.87927565e-05 4.25419556e-01 1.80195419e+01 9.84091136e-04
   9.30793380e-04 4.85663543e-04 4.85663543e-04]
  [3.38299330e-05 4.16048352e-01 1.82915578e+01 9.88779504e-04
   9.50948042e-04 4.89928650e-04 4.89928650e-04]
  [2.90611118e-05 4.29855511e-01 1.80744626e+01 9.87244023e-04
   9.25036573e-04 4.83486659e-04 4.83486659e-04]
  [2.90705564e-05 4.26572270e-01 1.80793339e+01 9.84543042e-04
   9.28148220e-04 4.85152103e-04 4.85152103e-04]]

 [[2.86904051e-05 4.16263568e-01 1.82824903e+01 9.92811440e-04
   9.45993662e-04 4.89786911e-04 4.89786911e-04]
  [2.94525648e-05 4.37461427e-01 1.77529970e+01 9.75845184e-04
   9.21724498e-04 4.80098089e-04 4.80098089e-04]
  [2.88579530e-05 4.26216092e-01 1.79495702e+01 9.83908762e-04
   9.30442941e-04 4.85270340e-04 4.85270340e-04]
  [2.89776466e-05 4.23113654e-01 1.80559861e+01 9.81214371e-04
   9.41236235e-04 4.86643465e-04 4.86643465e-04]
  [2.85086934e-05 4.17357194e-01 1.82603261e+01 9.90092976e-04
   9.37862489e-04 4.89281184e-04 4.89281184e-04]
  [3.01586063e-05 4.07071662e-01 1.83392505e+01 1.00364396e-03
   9.50124462e-04 4.94096685e-04 4.94096685e-04]
  [3.12851354e-05 4.45715256e-01 1.77926199e+01 9.65249118e-04
   9.14241443e-04 4.76144170e-04 4.76144170e-04]
  [2.85327495e-05 4.14395866e-01 1.81772484e+01 9.99965587e-04
   9.37966265e-04 4.90674309e-04 4.90674309e-04]]

 [[2.83783415e-05 4.03243223e-01 1.83719007e+01 1.00289366e-03
   9.54743793e-04 4.95854297e-04 4.95854297e-04]
  [2.88268828e-05 4.25694218e-01 1.80559339e+01 9.84249280e-04
   9.36816736e-04 4.85431769e-04 4.85431769e-04]
  [2.96220210e-05 4.27592030e-01 1.79136874e+01 9.85786443e-04
   9.30286642e-04 4.84678956e-04 4.84678956e-04]
  [2.97248127e-05 4.32247219e-01 1.79233953e+01 9.76916568e-04
   9.24183531e-04 4.82401877e-04 4.82401877e-04]
  [2.87832688e-05 4.24841522e-01 1.79981933e+01 9.83310859e-04
   9.32492940e-04 4.85895716e-04 4.85895716e-04]
  [2.85948416e-05 4.19903795e-01 1.81709857e+01 9.96787306e-04
   9.31612052e-04 4.88108198e-04 4.88108198e-04]
  [2.86932705e-05 4.24081452e-01 1.82242016e+01 9.83504559e-04
   9.28078019e-04 4.86186200e-04 4.86186200e-04]
  [2.74993649e-05 3.97807590e-01 1.88134104e+01 1.01241730e-03
   9.51439864e-04 4.98247478e-04 4.98247478e-04]]

 [[2.74865854e-05 3.94888744e-01 1.87379996e+01 1.00925494e-03
   9.67512779e-04 4.99622483e-04 4.99622483e-04]
  [2.89375145e-05 4.20470768e-01 1.81531682e+01 9.91476615e-04
   9.36889371e-04 4.87861644e-04 4.87861644e-04]
  [2.96566893e-05 4.31801575e-01 1.78962858e+01 9.79260442e-04
   9.26237027e-04 4.82651155e-04 4.82651155e-04]
  [2.88279492e-05 4.19048267e-01 1.81323630e+01 9.94230274e-04
   9.36198625e-04 4.88537223e-04 4.88537223e-04]
  [2.80843090e-05 4.11308453e-01 1.83001731e+01 1.00609729e-03
   9.35692898e-04 4.92032392e-04 4.92032392e-04]
  [2.83032027e-05 4.15253362e-01 1.83526393e+01 9.93290362e-04
   9.45823184e-04 4.90208133e-04 4.90208133e-04]
  [2.90815517e-05 4.23972623e-01 1.81458511e+01 9.94027951e-04
   9.27022481e-04 4.86192671e-04 4.86192671e-04]
  [2.85261879e-05 4.09739803e-01 1.83126714e+01 9.97064763e-04
   9.59588617e-04 4.92815714e-04 4.92815714e-04]]

 [[2.76402523e-05 3.97105044e-01 1.85528734e+01 1.00620976e-03
   9.67075742e-04 4.98592484e-04 4.98592484e-04]
  [3.07507914e-05 4.20747342e-01 1.82061626e+01 9.94789775e-04
   9.41467317e-04 4.87709407e-04 4.87709407e-04]
  [2.92269005e-05 4.20858186e-01 1.80723971e+01 9.90935613e-04
   9.32280242e-04 4.87680236e-04 4.87680236e-04]
  [2.94720627e-05 4.31525547e-01 1.78648416e+01 9.79618914e-04
   9.31217280e-04 4.82735540e-04 4.82735540e-04]
  [2.89266108e-05 4.27955862e-01 1.80180664e+01 9.85704764e-04
   9.27293182e-04 4.84366887e-04 4.84366887e-04]
  [2.92045912e-05 4.31664265e-01 1.80340657e+01 9.79278938e-04
   9.24369074e-04 4.82714456e-04 4.82714456e-04]
  [3.08827548e-05 4.29923341e-01 1.80413116e+01 9.86854837e-04
   9.30683465e-04 4.83428943e-04 4.83428943e-04]
  [2.93999069e-05 4.32659073e-01 1.79184619e+01 9.81491047e-04
   9.24386069e-04 4.82412766e-04 4.82412766e-04]]

 [[2.59581186e-05 3.65710929e-01 2.10509566e+01 1.04273170e-03
   9.93899542e-04 5.12822651e-04 5.12822651e-04]
  [2.86778905e-05 4.18277808e-01 1.81416517e+01 9.92959085e-04
   9.45525951e-04 4.88887674e-04 4.88887674e-04]
  [3.03773047e-05 4.07604625e-01 1.83655771e+01 1.00436431e-03
   9.46244270e-04 4.93850121e-04 4.93850121e-04]
  [2.86924880e-05 4.22406776e-01 1.80149058e+01 9.88394688e-04
   9.32704226e-04 4.87038644e-04 4.87038644e-04]
  [2.79100437e-05 4.09996961e-01 1.82934232e+01 1.00111953e-03
   9.38406745e-04 4.92627760e-04 4.92627760e-04]
  [2.96651059e-05 4.39139880e-01 1.77813121e+01 9.76124133e-04
   9.15160751e-04 4.79177109e-04 4.79177109e-04]
  [2.93595598e-05 4.17939352e-01 1.82213734e+01 9.89997347e-04
   9.45501838e-04 4.89043239e-04 4.89043239e-04]
  [2.83607588e-05 4.16584701e-01 1.82146473e+01 9.95688602e-04
   9.36037462e-04 4.89694857e-04 4.89694857e-04]]]

Cumulative Reward: 9196.450216671903
