Scheduler Table:
[[[1.63801177e-05 2.69446597e-02 2.74324513e+01 1.99617342e-03
   1.96908263e-01 7.31939325e-04 7.31939325e-04]
  [7.32222920e-06 2.69765519e-02 2.76008558e+01 1.99159045e-03
   2.05079247e-01 7.31114555e-04 7.31114555e-04]
  [5.80296934e-06 2.68343395e-02 2.83822357e+01 2.08820798e-03
   1.65605743e-01 7.30490609e-04 7.30490609e-04]]

 [[7.33894825e-06 2.69950245e-02 2.76051034e+01 2.02940164e-03
   2.00756955e-01 7.31099476e-04 7.31099476e-04]
  [2.27728423e-04 1.04457728e+00 5.69882028e+01 2.24881431e-03
   3.50926130e-01 7.25486706e-04 7.52402158e-04]
  [3.27073983e-06 2.57105248e-02 3.48877125e+01 2.03826545e-03
   8.19426796e-02 7.27890211e-04 7.27890211e-04]]

 [[5.90088196e-06 2.68898097e-02 2.73897812e+01 2.05380668e-03
   1.70403472e-01 7.30341328e-04 7.30341328e-04]
  [3.04017980e-06 2.56097399e-02 3.48460398e+01 2.03004618e-03
   7.40232041e-02 7.27284359e-04 7.27284359e-04]
  [6.42439981e-06 2.70195764e-02 2.77754039e+01 2.02394820e-03
   1.94103801e-01 7.30644285e-04 7.30644285e-04]]]

Buffer Table:
[[[2.27728424e-04 1.04457728e+00 5.69881924e+01 2.24881416e-03
   3.50926221e-01 7.25486709e-04 7.52402161e-04]
  [3.71170432e-05 2.69720071e-02 2.74214248e+01 2.00612722e-03
   1.86717145e-01 7.31715237e-04 7.31715237e-04]
  [5.83733312e-06 2.67541467e-02 2.85463822e+01 2.04842893e-03
   1.69106103e-01 7.30407845e-04 7.30407845e-04]]

 [[6.37993379e-06 2.69119622e-02 2.75994653e+01 2.01902071e-03
   1.85139529e-01 7.30525194e-04 7.30525194e-04]
  [6.22966012e-06 2.69853739e-02 2.76435089e+01 2.02686872e-03
   1.90293337e-01 7.30286669e-04 7.30286669e-04]
  [5.89630601e-06 2.70199981e-02 2.74088878e+01 2.01879581e-03
   1.80989225e-01 7.31513575e-04 7.31513575e-04]]

 [[5.43692847e-06 2.58334976e-02 3.29083488e+01 2.10384533e-03
   1.29377017e-01 7.29330286e-04 7.29330286e-04]
  [5.93582795e-06 2.69521122e-02 2.76661832e+01 2.02044919e-03
   1.77080427e-01 7.31329765e-04 7.31329765e-04]
  [5.75707874e-06 2.70238883e-02 2.82776240e+01 2.05344613e-03
   1.74556580e-01 7.31063392e-04 7.31063392e-04]]]

Arbiter Table:
[[[2.27666391e-04 1.04461136e+00 5.68825652e+01 2.25895590e-03
   3.51761352e-01 7.25536656e-04 7.52452108e-04]
  [1.06012884e-05 2.34252640e-02 4.41782617e+01 1.99148715e-03
   2.50839344e-02 7.26104853e-04 7.26104853e-04]
  [3.74780296e-06 2.51207153e-02 3.58336402e+01 2.14937066e-03
   6.06839695e-02 7.28719686e-04 7.28719686e-04]]

 [[1.14025709e-05 2.69827254e-02 2.82997525e+01 2.02673691e-03
   1.40245151e-01 7.31477436e-04 7.31477436e-04]
  [6.95959206e-06 2.69596953e-02 2.81098325e+01 2.08165618e-03
   1.17482567e-01 7.31334408e-04 7.31334408e-04]
  [1.11648626e-05 2.33327765e-02 4.47216177e+01 1.98649773e-03
   2.27246880e-02 7.26632935e-04 7.26632935e-04]]

 [[1.56328464e-05 2.33156436e-02 4.54294522e+01 2.00249512e-03
   2.22331837e-02 7.26463222e-04 7.26463222e-04]
  [1.45670303e-05 2.68485454e-02 2.80485052e+01 2.06127489e-03
   1.25910323e-01 7.29872685e-04 7.29872685e-04]
  [6.66145567e-06 2.69637235e-02 2.73727178e+01 2.05109555e-03
   1.26654245e-01 7.30531919e-04 7.30531919e-04]]]

Page Table:
[[[2.27724793e-04 1.04457823e+00 5.69845644e+01 2.24878722e-03
   3.50954215e-01 7.25487762e-04 7.52403214e-04]
  [7.61976566e-06 2.73890656e-02 2.77104256e+01 2.04404177e-03
   1.47210421e-01 7.29737261e-04 7.29737261e-04]
  [7.63905671e-06 2.70948052e-02 3.07270987e+01 2.09623790e-03
   1.14435369e-01 7.29608901e-04 7.29608901e-04]
  [7.64241030e-06 2.70741172e-02 3.48630231e+01 2.22421378e-03
   5.93915885e-02 7.27824246e-04 7.27824246e-04]]

 [[7.27719139e-06 2.73119190e-02 2.79197270e+01 2.05607520e-03
   1.38833037e-01 7.30475990e-04 7.30475990e-04]
  [7.30500717e-06 2.72765836e-02 2.79059030e+01 2.06965807e-03
   1.40756205e-01 7.30630911e-04 7.30630911e-04]
  [7.52465342e-06 2.72738137e-02 2.76875377e+01 2.05147838e-03
   1.45107306e-01 7.29644285e-04 7.29644285e-04]
  [7.00327752e-06 2.73599799e-02 2.79653645e+01 2.07353668e-03
   1.51712998e-01 7.30423932e-04 7.30423932e-04]]

 [[7.42358992e-06 2.73333656e-02 2.89746044e+01 2.07225146e-03
   1.55715755e-01 7.30255176e-04 7.30255176e-04]
  [7.73444451e-06 2.73972881e-02 2.82947061e+01 2.04837487e-03
   1.41816512e-01 7.31376535e-04 7.31376535e-04]
  [8.20797821e-06 2.73193506e-02 2.78609352e+01 2.05099078e-03
   1.47109150e-01 7.30906919e-04 7.30906919e-04]
  [6.59756901e-06 2.66973830e-02 3.54765246e+01 2.19020949e-03
   6.43061106e-02 7.29178352e-04 7.29178352e-04]]

 [[1.09632870e-05 2.58733123e-02 3.56898695e+01 2.16916871e-03
   7.55657005e-02 7.28331809e-04 7.28331809e-04]
  [6.35661675e-06 2.73780733e-02 2.80511156e+01 2.10276784e-03
   1.17941466e-01 7.30641934e-04 7.30641934e-04]
  [7.41053187e-06 2.73980229e-02 2.78912566e+01 2.05579990e-03
   1.51670386e-01 7.29827201e-04 7.29827201e-04]
  [7.62295613e-06 2.72491646e-02 2.81524395e+01 2.05069283e-03
   1.41941691e-01 7.30226437e-04 7.30226437e-04]]]

Response Table:
[[[1.10128841e-05 2.66276732e-02 2.81536598e+01]
  [1.52327537e-05 2.66186781e-02 2.74570773e+01]]

 [[8.76058633e-06 2.67001125e-02 2.68690355e+01]
  [2.27728423e-04 1.04457728e+00 5.69882028e+01]]]

Refresh Table:
[[[2.27728423e-04 1.04457728e+00 5.69882028e+01]
  [4.01272123e-06 2.65642520e-02 2.68698795e+01]]

 [[5.54351439e-06 2.66816644e-02 2.73883809e+01]
  [3.97646313e-06 2.65914520e-02 2.79131206e+01]]]

Request Buffer Table:
[[[6.96142821e-06 3.08577767e-02 2.84025088e+01]
  [8.14152579e-06 3.15731785e-02 2.84611631e+01]
  [9.17693330e-06 3.17684378e-02 2.79527055e+01]
  [7.90018098e-06 3.13952506e-02 2.76620078e+01]
  [1.03112986e-05 3.20501189e-02 2.81999489e+01]
  [7.08526793e-06 2.97616058e-02 3.20314339e+01]
  [9.95774356e-06 3.12352573e-02 2.81492567e+01]
  [1.26166376e-05 3.14437745e-02 2.81842963e+01]]

 [[8.56285091e-06 3.14576116e-02 2.77803677e+01]
  [7.67716269e-06 3.13406449e-02 2.78239532e+01]
  [4.69205514e-05 3.14864468e-02 2.84597530e+01]
  [7.87251931e-06 3.16230457e-02 2.79388998e+01]
  [9.86824685e-06 3.16827374e-02 2.83631195e+01]
  [6.96486352e-06 3.02223644e-02 3.16450409e+01]
  [8.32402965e-06 3.16583172e-02 2.79616391e+01]
  [1.18589295e-05 3.20652032e-02 2.83287523e+01]]

 [[8.32873826e-06 3.13851571e-02 2.76963186e+01]
  [8.10235202e-06 3.15471790e-02 2.78217295e+01]
  [1.15686972e-05 3.13732369e-02 2.80287038e+01]
  [8.55726035e-06 3.13669919e-02 2.89503719e+01]
  [1.03067253e-05 3.17812134e-02 2.86130934e+01]
  [9.07954411e-06 3.21501517e-02 2.84271038e+01]
  [8.78875592e-06 3.14994446e-02 2.91502208e+01]
  [1.92205029e-05 3.24031088e-02 2.83282723e+01]]

 [[7.88441029e-06 3.04505875e-02 3.01018756e+01]
  [8.90572912e-06 3.13714913e-02 2.83167963e+01]
  [1.05622646e-05 3.21839841e-02 2.81218073e+01]
  [8.79284315e-06 3.13820906e-02 2.79009732e+01]
  [8.76973855e-06 3.17721130e-02 2.82039907e+01]
  [3.94715453e-06 2.68894473e-02 3.57784345e+01]
  [9.37919942e-06 3.11725026e-02 2.91073563e+01]
  [9.15760905e-06 3.14691912e-02 2.88693548e+01]]

 [[8.50241161e-06 3.16279345e-02 2.87612365e+01]
  [8.35893488e-06 3.19119777e-02 2.87735918e+01]
  [8.24462464e-06 3.14557933e-02 2.81801792e+01]
  [8.75037712e-06 3.13227742e-02 2.77485883e+01]
  [9.80259031e-06 3.18753299e-02 2.86886072e+01]
  [9.11737121e-06 3.16918793e-02 2.86395511e+01]
  [3.95876076e-05 3.24401365e-02 2.83132505e+01]
  [8.77004126e-06 3.16855311e-02 2.87453285e+01]]

 [[7.45596378e-06 3.13346517e-02 2.84645517e+01]
  [8.70951307e-06 3.15071049e-02 2.81873208e+01]
  [8.78073763e-06 3.17007025e-02 2.82851928e+01]
  [4.28766580e-06 2.72532794e-02 3.46438399e+01]
  [8.85239955e-06 3.18855569e-02 2.77807802e+01]
  [2.27728423e-04 1.04457728e+00 5.69882028e+01]
  [7.70580612e-06 3.18050946e-02 2.79316539e+01]
  [8.67993615e-06 3.13575986e-02 2.79525871e+01]]

 [[7.77568989e-06 3.11482120e-02 2.87488433e+01]
  [9.45543925e-06 3.17911678e-02 2.84845433e+01]
  [9.56283448e-06 3.16606966e-02 2.79583466e+01]
  [1.01021493e-05 3.16283995e-02 2.81340002e+01]
  [8.31566914e-06 3.20924394e-02 2.76642709e+01]
  [8.49483094e-06 3.16221153e-02 2.79738190e+01]
  [1.14667468e-05 3.12145860e-02 2.81344443e+01]
  [8.05831194e-06 3.13318510e-02 2.83323249e+01]]

 [[8.55137897e-06 3.16733779e-02 2.82205671e+01]
  [9.30772489e-06 3.17353485e-02 2.81944376e+01]
  [1.19569336e-05 3.19407051e-02 2.77372261e+01]
  [8.80498342e-06 3.15814075e-02 2.79651786e+01]
  [7.96053760e-06 3.14013674e-02 2.83150981e+01]
  [7.76646590e-06 3.17902339e-02 2.83894296e+01]
  [1.04977005e-05 3.17979031e-02 2.79589932e+01]
  [9.97385022e-06 3.17916734e-02 2.79431697e+01]]]

Ref Max Post Table:
[[[1.68778996e-05 2.72962003e-02 2.82572888e+01]
  [5.72694291e-06 2.63472349e-02 3.30001817e+01]
  [6.83697169e-06 2.72749024e-02 2.76241547e+01]
  [8.25498710e-06 2.73253762e-02 2.79477213e+01]]

 [[9.09410548e-06 2.72533908e-02 3.14154258e+01]
  [2.27728423e-04 1.04457728e+00 5.69882028e+01]
  [1.09065143e-05 2.71004220e-02 2.88498501e+01]
  [7.58759610e-06 2.73050455e-02 2.78019121e+01]]

 [[8.73214687e-06 2.69933356e-02 3.28149124e+01]
  [8.86631192e-06 2.72755781e-02 2.80357937e+01]
  [8.22759051e-06 2.74101072e-02 2.76590983e+01]
  [9.14366682e-06 2.74330409e-02 2.78124382e+01]]

 [[7.60776149e-06 2.72698305e-02 2.93040748e+01]
  [7.99473333e-06 2.73585176e-02 2.78328319e+01]
  [7.92072562e-06 2.73189227e-02 2.77577219e+01]
  [7.52777297e-06 2.74260125e-02 2.77381604e+01]]]

Ref Max Pull Table:
[[[8.31444403e-06 2.73727156e-02 2.78144427e+01]
  [7.32657630e-06 2.72574108e-02 2.83198366e+01]
  [2.04615640e-06 2.23433581e-02 5.72898107e+01]
  [1.39229941e-05 2.70979853e-02 2.95159861e+01]]

 [[1.55879203e-05 2.35346692e-02 4.34252051e+01]
  [7.52231439e-06 2.73210422e-02 2.81096443e+01]
  [7.95137602e-06 2.73173728e-02 2.80021807e+01]
  [7.54868484e-06 2.72744316e-02 2.79557332e+01]]

 [[2.28382521e-04 1.04459072e+00 5.64437664e+01]
  [6.10468309e-06 2.66604793e-02 3.04906268e+01]
  [9.20187367e-06 2.57281798e-02 3.48114766e+01]
  [7.17008096e-06 2.72983391e-02 2.80616911e+01]]

 [[8.99425146e-06 2.72389368e-02 2.77710122e+01]
  [1.28181159e-05 2.59870012e-02 3.29218871e+01]
  [8.78783535e-06 2.73127891e-02 2.79780497e+01]
  [2.80649560e-05 2.71917291e-02 2.80611057e+01]]]

Max Activate Table:
[[[8.72243032e-06 3.13293901e-02 2.79660565e+01 2.10452407e-03
   6.47469754e-02 7.27915985e-04 7.27915985e-04]
  [1.03212241e-05 3.22851384e-02 2.81698201e+01 2.13033006e-03
   5.19039043e-02 7.26718523e-04 7.26718523e-04]
  [8.26241635e-06 3.23349315e-02 2.80859565e+01 2.08274028e-03
   7.04748283e-02 7.27379167e-04 7.27379167e-04]
  [9.58683725e-06 3.14453404e-02 2.81398072e+01 2.10715438e-03
   5.44844166e-02 7.28057760e-04 7.28057760e-04]
  [8.26350573e-06 3.19184053e-02 2.82452678e+01 2.10815117e-03
   5.04319640e-02 7.28634775e-04 7.28634775e-04]
  [1.00286488e-05 3.16266529e-02 2.81095176e+01 2.13261756e-03
   4.70266243e-02 7.27813929e-04 7.27813929e-04]
  [1.41723186e-05 3.15040628e-02 2.83040735e+01 2.10982273e-03
   6.98968623e-02 7.26497456e-04 7.26497456e-04]
  [8.16349733e-06 3.16897072e-02 2.81776056e+01 2.07451312e-03
   8.68207606e-02 7.28927539e-04 7.28927539e-04]]

 [[1.09266182e-05 3.22090009e-02 2.78746784e+01 2.11246127e-03
   3.64761186e-02 7.26300821e-04 7.26300821e-04]
  [1.20341031e-05 3.16462473e-02 2.85858259e+01 2.12348843e-03
   4.06628108e-02 7.27529727e-04 7.27529727e-04]
  [9.40817093e-06 3.21429310e-02 2.80847298e+01 2.12449624e-03
   4.85881910e-02 7.26627711e-04 7.26627711e-04]
  [8.23482985e-06 3.19880469e-02 2.92595618e+01 2.10574099e-03
   1.29858489e-01 7.29613700e-04 7.29613700e-04]
  [3.94035151e-05 3.12148801e-02 2.81365042e+01 2.07370297e-03
   7.12559673e-02 7.28799562e-04 7.28799562e-04]
  [7.96525980e-06 3.15232415e-02 2.83227870e+01 2.11101620e-03
   9.17614480e-02 7.28228885e-04 7.28228885e-04]
  [9.10348519e-06 3.16997693e-02 2.82575220e+01 2.11992911e-03
   4.08333869e-02 7.27929766e-04 7.27929766e-04]
  [9.72335422e-06 3.16612107e-02 2.84491791e+01 2.07045406e-03
   3.91211896e-01 7.27402148e-04 7.27402148e-04]]

 [[9.38847559e-06 3.12626981e-02 2.81416486e+01 2.12574807e-03
   5.57185309e-02 7.27579812e-04 7.27579812e-04]
  [9.86780044e-06 3.15079976e-02 2.81794546e+01 2.11694541e-03
   5.32942532e-02 7.29000981e-04 7.29000981e-04]
  [8.88016607e-06 3.16452218e-02 2.80348427e+01 2.16273858e-03
   9.19238611e-02 7.26766496e-04 7.26766496e-04]
  [1.39344850e-05 3.20572529e-02 2.79397266e+01 2.13283640e-03
   4.64326690e-02 7.28840018e-04 7.28840018e-04]
  [1.11079596e-05 3.14928263e-02 2.82951539e+01 2.15132339e-03
   6.27835241e-02 7.27726330e-04 7.27726330e-04]
  [8.14896249e-06 3.13878209e-02 2.84372345e+01 2.09931904e-03
   6.08283305e-02 7.28397090e-04 7.28397090e-04]
  [7.66898756e-06 3.20065399e-02 2.82883691e+01 2.07760369e-03
   3.69911200e-02 7.27379055e-04 7.27379055e-04]
  [7.59103127e-06 3.12071280e-02 2.82158787e+01 2.05862472e-03
   1.04068919e-01 7.28427173e-04 7.28427173e-04]]

 [[8.57103550e-06 3.10538153e-02 2.83107488e+01 2.08956613e-03
   1.20253456e-01 7.27797926e-04 7.27797926e-04]
  [9.16815159e-06 3.19271992e-02 2.81092046e+01 2.15564130e-03
   4.05428035e-02 7.28520976e-04 7.28520976e-04]
  [1.20702007e-05 3.18010084e-02 2.83028352e+01 2.11170110e-03
   5.68696340e-02 7.27440339e-04 7.27440339e-04]
  [1.09030054e-05 3.22540668e-02 2.80232658e+01 2.14374310e-03
   4.75550165e-02 7.27230809e-04 7.27230809e-04]
  [8.60427666e-06 3.19815917e-02 2.80201512e+01 2.14286926e-03
   6.24252021e-02 7.28368338e-04 7.28368338e-04]
  [9.62265085e-06 3.14421866e-02 2.80714716e+01 2.10223163e-03
   5.55275500e-02 7.27943498e-04 7.27943498e-04]
  [8.10148339e-06 2.93884626e-02 3.36343937e+01 2.18226981e-03
   5.27694185e-02 7.27528150e-04 7.27528150e-04]
  [8.15431643e-06 3.22288784e-02 2.81619816e+01 2.13628566e-03
   5.65343812e-02 7.27301146e-04 7.27301146e-04]]

 [[9.11299962e-06 3.12679409e-02 2.82552090e+01 2.08389602e-03
   8.49094014e-02 7.27771116e-04 7.27771116e-04]
  [8.63266378e-06 3.21490489e-02 2.81317269e+01 2.12116609e-03
   8.55852635e-02 7.27445610e-04 7.27445610e-04]
  [8.01334747e-06 3.08830563e-02 2.82852579e+01 2.09158299e-03
   1.07191243e-01 7.27842320e-04 7.27842320e-04]
  [8.86140721e-06 3.15204070e-02 2.82050091e+01 2.08335121e-03
   1.30249531e-01 7.27727322e-04 7.27727322e-04]
  [8.66217735e-06 3.10736023e-02 2.83430003e+01 2.11217518e-03
   1.39044455e-01 7.28221540e-04 7.28221540e-04]
  [8.94278094e-06 3.11202751e-02 2.81972993e+01 2.09246318e-03
   1.21183992e-01 7.28296679e-04 7.28296679e-04]
  [1.44312420e-05 3.33583950e-02 2.77959560e+01 2.11772677e-03
   6.84540268e-02 7.26916893e-04 7.26916893e-04]
  [1.10100040e-05 3.14407325e-02 2.81891396e+01 2.10955519e-03
   1.12736126e-01 7.28053543e-04 7.28053543e-04]]

 [[7.94861158e-06 3.21157745e-02 2.81637250e+01 2.11365064e-03
   4.49101016e-02 7.25635901e-04 7.25635901e-04]
  [9.58524648e-06 3.20236403e-02 2.82290893e+01 2.11510831e-03
   3.97143553e-02 7.27448275e-04 7.27448275e-04]
  [8.03355862e-06 3.13701016e-02 2.79030180e+01 2.11597903e-03
   6.78357045e-02 7.27367262e-04 7.27367262e-04]
  [8.21672193e-06 3.10866928e-02 2.85397710e+01 2.11153216e-03
   7.62507840e-02 7.28724473e-04 7.28724473e-04]
  [1.42564028e-05 3.18525169e-02 2.81454215e+01 2.08123913e-03
   1.00867421e-01 7.28075546e-04 7.28075546e-04]
  [9.06006796e-06 3.16745360e-02 2.81197074e+01 2.09027079e-03
   1.09034111e-01 7.26079294e-04 7.26079294e-04]
  [9.81613895e-06 3.15410723e-02 2.78865792e+01 2.08565725e-03
   4.14282379e-02 7.27322543e-04 7.27322543e-04]
  [9.78080314e-06 3.14922632e-02 2.83509710e+01 2.10722514e-03
   6.90303248e-02 7.26861991e-04 7.26861991e-04]]

 [[8.77810508e-06 3.18359841e-02 2.81875625e+01 2.13223958e-03
   4.32090517e-02 7.28095083e-04 7.28095083e-04]
  [8.68300924e-06 3.25185742e-02 2.83229113e+01 2.13173209e-03
   4.39712089e-02 7.27170892e-04 7.27170892e-04]
  [8.13465677e-06 3.10952558e-02 2.79715204e+01 2.07099386e-03
   1.41257191e-01 7.28062903e-04 7.28062903e-04]
  [1.01634459e-05 3.10581660e-02 2.99061063e+01 2.12894362e-03
   7.69783788e-02 7.29315603e-04 7.29315603e-04]
  [1.01569736e-05 3.14023292e-02 2.82088628e+01 2.13105481e-03
   6.73038212e-02 7.29203411e-04 7.29203411e-04]
  [7.96779556e-06 3.10584531e-02 2.87073677e+01 2.11612734e-03
   7.51652199e-02 7.28021452e-04 7.28021452e-04]
  [2.27728423e-04 1.04457728e+00 5.69882028e+01 2.24881431e-03
   3.50926130e-01 7.25486706e-04 7.52402158e-04]
  [9.14103868e-06 3.12991887e-02 2.78804059e+01 2.09045615e-03
   1.26290263e-01 7.28409001e-04 7.28409001e-04]]

 [[7.85215363e-06 3.13393231e-02 2.83171697e+01 2.07221861e-03
   1.00841710e-01 7.28747208e-04 7.28747208e-04]
  [8.88012571e-06 3.15874263e-02 2.92673280e+01 2.07234915e-03
   2.41438968e-01 7.28927175e-04 7.28927175e-04]
  [1.01744111e-05 3.16049098e-02 2.81698660e+01 2.12106230e-03
   6.38922677e-02 7.28035151e-04 7.28035151e-04]
  [1.03626066e-05 3.18438371e-02 2.80782636e+01 2.09843472e-03
   3.94631375e-01 7.26171723e-04 7.26171723e-04]
  [1.06702581e-05 3.21650611e-02 2.83071720e+01 2.14251060e-03
   4.60078158e-02 7.27576555e-04 7.27576555e-04]
  [9.67189377e-06 3.11953773e-02 2.82755374e+01 2.10001525e-03
   7.09841616e-02 7.27136237e-04 7.27136237e-04]
  [3.00351372e-05 3.22535176e-02 2.82246959e+01 2.08353073e-03
   3.47138409e-02 7.26435590e-04 7.26435590e-04]
  [8.37545198e-06 3.11777946e-02 2.81506789e+01 2.08287456e-03
   1.15453029e-01 7.28128837e-04 7.28128837e-04]]]

Cumulative Reward: 7474.642967353884
