Scheduler Table:
[[[4.18111791e-05 1.38689497e-01 1.24692293e+02 6.74829594e-03
   6.40704486e-03 3.35294007e-03 3.35294007e-03]
  [3.91247131e-05 1.34424232e-01 1.33406004e+02 6.79625509e-03
   6.51215573e-03 3.35170744e-03 3.35170744e-03]
  [3.99774576e-05 1.38063639e-01 1.24744812e+02 6.76744979e-03
   6.43107376e-03 3.35255979e-03 3.35255979e-03]]

 [[3.97867194e-05 1.37766729e-01 1.24723077e+02 6.75599601e-03
   6.46336903e-03 3.35232130e-03 3.35232130e-03]
  [4.02038268e-05 1.37871191e-01 1.24833494e+02 6.78320489e-03
   6.38155895e-03 3.35236868e-03 3.35236868e-03]
  [4.00361630e-03 1.19488412e-01 1.65622442e+02 7.03737645e-03
   6.45649928e-03 3.34919418e-03 3.34919418e-03]]

 [[4.03166147e-05 1.37722102e-01 1.24879472e+02 6.75269085e-03
   6.46104000e-03 3.35249044e-03 3.35249044e-03]
  [3.93474728e-05 1.27200027e-01 1.47145090e+02 6.83106757e-03
   6.50613886e-03 3.35178124e-03 3.35178124e-03]
  [4.06482111e-03 1.08961983e+00 2.09806659e+02 8.01761104e-03
   5.96066335e-03 3.34323745e-03 3.34416623e-03]]]

Buffer Table:
[[[7.89700711e-03 1.08216820e+00 2.28907322e+02 8.20645917e-03
   5.90624503e-03 3.34067934e-03 3.34160812e-03]
  [3.98980545e-05 1.33784177e-01 1.28732147e+02 6.72226760e-03
   6.47748985e-03 3.35512524e-03 3.35512524e-03]
  [3.98350670e-05 1.37760131e-01 1.24757448e+02 6.75183448e-03
   6.44269529e-03 3.35245475e-03 3.35245475e-03]]

 [[3.25141230e-05 1.25836598e-01 1.35019940e+02 6.61598564e-03
   6.53187016e-03 3.35918998e-03 3.35918998e-03]
  [4.10300299e-05 1.38488393e-01 1.24460608e+02 6.72671531e-03
   6.41808623e-03 3.35287681e-03 3.35287681e-03]
  [3.94762648e-05 1.37685893e-01 1.24835664e+02 6.74215271e-03
   6.48953861e-03 3.35240282e-03 3.35240282e-03]]

 [[3.87919246e-05 1.37193479e-01 1.25167388e+02 6.73360600e-03
   6.54047667e-03 3.35214877e-03 3.35214877e-03]
  [3.99112486e-05 1.37899360e-01 1.24737247e+02 6.74522006e-03
   6.46014036e-03 3.35249244e-03 3.35249244e-03]
  [3.90830902e-05 1.37465278e-01 1.24693937e+02 6.73874445e-03
   6.50090336e-03 3.35227967e-03 3.35227967e-03]]]

Arbiter Table:
[[[7.89696170e-03 1.08348452e+00 2.26746928e+02 8.20736454e-03
   5.90511900e-03 3.34049685e-03 3.34142562e-03]
  [3.83169716e-05 1.37594683e-01 1.24708718e+02 6.76405279e-03
   6.41916697e-03 3.35236359e-03 3.35236359e-03]
  [3.82605662e-05 1.37302678e-01 1.25001902e+02 6.76235291e-03
   6.40566978e-03 3.35275070e-03 3.35275070e-03]]

 [[4.03709081e-05 1.24655687e-01 1.42735767e+02 6.70751961e-03
   6.41322160e-03 3.35512527e-03 3.35512527e-03]
  [3.83691551e-05 1.37914902e-01 1.24624652e+02 6.76903307e-03
   6.38010211e-03 3.35257048e-03 3.35257048e-03]
  [3.81318478e-05 1.37372565e-01 1.24704647e+02 6.76247487e-03
   6.43509700e-03 3.35224877e-03 3.35224877e-03]]

 [[3.79090504e-05 1.37363219e-01 1.24758297e+02 6.74090172e-03
   6.49889070e-03 3.35222760e-03 3.35222760e-03]
  [4.03104410e-05 1.33415265e-01 1.28179146e+02 6.72539879e-03
   6.37563225e-03 3.35397421e-03 3.35397421e-03]
  [3.87339353e-05 1.37865107e-01 1.24643580e+02 6.76533970e-03
   6.39235907e-03 3.35255861e-03 3.35255861e-03]]]

Page Table:
[[[4.80262436e-05 3.11283889e-01 1.24160676e+02 6.76224714e-03
   6.38182669e-03 3.33643934e-03 3.33643934e-03]
  [5.01134341e-05 3.09940303e-01 1.24298096e+02 6.75552647e-03
   6.37833972e-03 3.33647181e-03 3.33647181e-03]
  [4.74834814e-05 3.05712720e-01 1.24315731e+02 6.74580950e-03
   6.40406699e-03 3.33650350e-03 3.33650350e-03]
  [6.79582338e-03 1.08482373e+00 2.21560969e+02 7.92577952e-03
   6.08474221e-03 3.34215308e-03 3.34261513e-03]]

 [[4.45388683e-05 2.56661343e-01 1.37212520e+02 6.66835555e-03
   6.46732768e-03 3.34046021e-03 3.34046021e-03]
  [5.04158457e-05 3.09921341e-01 1.24147273e+02 6.75490529e-03
   6.39188743e-03 3.33645815e-03 3.33645815e-03]
  [4.69091632e-05 3.07455885e-01 1.24079026e+02 6.75454859e-03
   6.43163051e-03 3.33647318e-03 3.33647318e-03]
  [4.77952515e-05 3.08940801e-01 1.24147704e+02 6.76462090e-03
   6.37915892e-03 3.33646203e-03 3.33646203e-03]]

 [[4.66272276e-05 3.10530681e-01 1.23931724e+02 6.73753103e-03
   6.42790291e-03 3.33644199e-03 3.33644199e-03]
  [4.81134531e-05 3.08856163e-01 1.24154238e+02 6.75832798e-03
   6.41934161e-03 3.33648543e-03 3.33648543e-03]
  [4.61502001e-05 3.08384281e-01 1.24046072e+02 6.76293182e-03
   6.37382437e-03 3.33648814e-03 3.33648814e-03]
  [4.33636025e-05 2.68641465e-01 1.39266072e+02 6.91962937e-03
   6.40051297e-03 3.33792533e-03 3.33792533e-03]]

 [[6.72543414e-03 1.02806739e-01 2.21541652e+02 7.93774172e-03
   5.88828971e-03 3.34192226e-03 3.34285571e-03]
  [4.90112864e-05 3.07710208e-01 1.26140173e+02 6.77013702e-03
   6.40568611e-03 3.33648996e-03 3.33648996e-03]
  [4.68486457e-05 3.09161178e-01 1.23999565e+02 6.74322059e-03
   6.42647898e-03 3.33645685e-03 3.33645685e-03]
  [4.89199850e-05 3.08775774e-01 1.24177250e+02 6.76910587e-03
   6.37372659e-03 3.33646850e-03 3.33646850e-03]]]

Response Table:
[[[4.42341978e-05 1.14647482e-01 1.38008073e+02]
  [4.60688250e-03 1.08899124e+00 1.93675343e+02]]

 [[4.52918056e-03 1.06988169e-01 1.93562867e+02]
  [3.75893684e-03 1.11594027e-01 1.73537855e+02]]]

Refresh Table:
[[[7.89696695e-03 1.08212641e+00 2.28935723e+02]
  [3.52961705e-05 1.22515571e-01 1.24733065e+02]]

 [[3.53085639e-05 1.22580331e-01 1.25502641e+02]
  [3.24771228e-05 1.12136764e-01 1.60491879e+02]]]

Request Buffer Table:
[[[1.12057221e-04 2.14026057e+00 9.18899244e+01]
  [1.15529918e-04 2.19097322e+00 9.10192738e+01]
  [1.14250057e-04 2.18086546e+00 9.10503693e+01]
  [1.12647125e-04 2.14578091e+00 9.17715381e+01]
  [1.11732225e-04 2.13875972e+00 9.18923125e+01]
  [1.12444175e-04 2.14703099e+00 9.23817010e+01]
  [1.13523063e-04 2.18237495e+00 9.13250399e+01]
  [1.18468954e-04 2.17952094e+00 9.12106485e+01]]

 [[1.12537826e-04 2.14063316e+00 9.20024754e+01]
  [1.12679634e-04 2.17089520e+00 9.13439643e+01]
  [1.12922411e-04 2.17464318e+00 9.13646502e+01]
  [1.11397878e-04 2.13587313e+00 9.22708692e+01]
  [1.12057747e-04 2.14600224e+00 9.18855435e+01]
  [1.13395365e-04 2.17859616e+00 9.14770639e+01]
  [1.12476839e-04 2.14765318e+00 9.19077905e+01]
  [1.14917319e-04 2.14837756e+00 9.18274890e+01]]

 [[1.13338656e-04 2.15604834e+00 9.15471085e+01]
  [1.12699725e-04 2.15953774e+00 9.15887696e+01]
  [1.11566492e-04 2.14607382e+00 9.18121642e+01]
  [1.12720675e-04 2.14866742e+00 9.16549418e+01]
  [1.11637660e-04 2.13860355e+00 9.22475872e+01]
  [1.14154477e-04 2.19733867e+00 9.10337196e+01]
  [1.12773446e-04 2.15598703e+00 9.14918179e+01]
  [1.15109021e-04 2.15657363e+00 9.17749597e+01]]

 [[1.16416352e-04 2.17126211e+00 9.11874445e+01]
  [1.11801888e-04 2.13944227e+00 9.18584062e+01]
  [1.12937658e-04 2.17039162e+00 9.12421271e+01]
  [1.11885580e-04 2.13362880e+00 9.19280335e+01]
  [1.32752158e-04 2.17377795e+00 9.14424353e+01]
  [1.12102876e-04 2.13935031e+00 9.20326316e+01]
  [1.13321538e-04 2.16286294e+00 9.15665060e+01]
  [3.86481865e-03 1.18307676e-01 2.06240743e+02]]

 [[1.12363586e-04 2.13941899e+00 9.18055078e+01]
  [1.14242123e-04 2.21199422e+00 9.07461052e+01]
  [1.11460075e-04 2.14125793e+00 9.20314381e+01]
  [1.12957057e-04 2.16268830e+00 9.17818651e+01]
  [1.12351379e-04 2.14749349e+00 9.19247679e+01]
  [1.11656411e-04 2.14549038e+00 9.18140050e+01]
  [3.94655386e-03 1.10028194e+00 2.04846219e+02]
  [1.12759823e-04 2.16637295e+00 9.19261053e+01]]

 [[1.13209772e-04 2.13535680e+00 9.22076823e+01]
  [1.12629676e-04 2.15501741e+00 9.17564698e+01]
  [1.11775570e-04 2.15336113e+00 9.18120308e+01]
  [1.12840006e-04 2.14433418e+00 9.16885086e+01]
  [1.12841192e-04 2.15954284e+00 9.18588616e+01]
  [1.33007881e-04 2.17624678e+00 9.14639119e+01]
  [1.11446934e-04 2.13967853e+00 9.21143543e+01]
  [1.12243578e-04 2.13761512e+00 9.23403977e+01]]

 [[1.13019486e-04 2.14833993e+00 9.15917189e+01]
  [1.12522934e-04 2.15184446e+00 9.16137198e+01]
  [1.11348549e-04 2.12754764e+00 9.21825980e+01]
  [3.87034882e-03 1.18335011e-01 2.05237314e+02]
  [9.42762708e-05 1.67349998e+00 1.12496364e+02]
  [1.13076355e-04 2.16694446e+00 9.14815963e+01]
  [1.12458443e-04 2.13706711e+00 9.20334687e+01]
  [1.12460576e-04 2.16331317e+00 9.15046713e+01]]

 [[1.13975645e-04 2.18854361e+00 9.11851732e+01]
  [1.12830846e-04 2.17428517e+00 9.12976437e+01]
  [1.12658818e-04 2.16948879e+00 9.13940379e+01]
  [1.12045700e-04 2.15183887e+00 9.15943631e+01]
  [3.85929642e-03 1.18280088e-01 2.04562993e+02]
  [1.12415352e-04 2.15407069e+00 9.20012610e+01]
  [1.11126306e-04 2.12667490e+00 9.20399993e+01]
  [1.13371525e-04 2.14832397e+00 9.17186680e+01]]]

Ref Max Post Table:
[[[4.75318591e-05 3.12839570e-01 1.24163062e+02]
  [3.82848418e-05 2.38771162e-01 1.53216110e+02]
  [4.88002858e-05 3.07448592e-01 1.24358678e+02]
  [4.84228498e-05 3.10849237e-01 1.24236876e+02]]

 [[4.89510099e-05 3.08407551e-01 1.24612050e+02]
  [4.05269918e-05 2.20812879e-01 1.38944888e+02]
  [4.91792841e-05 3.06716297e-01 1.25152178e+02]
  [6.79594775e-03 1.08420364e+00 2.21862152e+02]]

 [[4.59724488e-05 2.81776211e-01 1.34070503e+02]
  [4.91578043e-05 3.07281342e-01 1.24249511e+02]
  [4.82467585e-05 3.08953481e-01 1.24219199e+02]
  [4.89808050e-05 3.07783167e-01 1.24175492e+02]]

 [[5.10391510e-05 3.10760685e-01 1.24256694e+02]
  [6.72555892e-03 1.02184571e-01 2.21843841e+02]
  [4.89823908e-05 3.08650053e-01 1.24084646e+02]
  [4.85766896e-05 3.11566225e-01 1.24049845e+02]]]

Ref Max Pull Table:
[[[4.72666256e-05 3.11196402e-01 1.24054966e+02]
  [4.42963043e-05 2.25274342e-01 1.44594003e+02]
  [4.72809666e-05 3.09425020e-01 1.24142825e+02]
  [4.77799339e-05 3.10451051e-01 1.24327164e+02]]

 [[4.52267550e-05 2.88995553e-01 1.32120782e+02]
  [4.63204344e-05 2.50772778e-01 1.36935637e+02]
  [6.79561747e-03 1.08261505e+00 2.22176586e+02]
  [5.03406205e-05 3.08055713e-01 1.24202869e+02]]

 [[4.92303050e-05 3.08731469e-01 1.24152290e+02]
  [6.72522754e-03 1.00590675e-01 2.22159326e+02]
  [5.05986412e-05 3.06126501e-01 1.24364254e+02]
  [4.70772623e-05 3.07256759e-01 1.25418098e+02]]

 [[4.72271543e-05 3.07081246e-01 1.24788410e+02]
  [4.82257696e-05 3.06146634e-01 1.24263882e+02]
  [4.92540833e-05 3.07680092e-01 1.24201058e+02]
  [4.99043261e-05 3.07906267e-01 1.24230398e+02]]]

Max Activate Table:
[[[1.11273893e-04 2.16293707e+00 9.19581468e+01 5.00206936e-03
   4.71009887e-03 2.45994915e-03 2.45994915e-03]
  [1.11546491e-04 2.15361527e+00 9.17607319e+01 5.00492730e-03
   4.72275062e-03 2.46401790e-03 2.46401790e-03]
  [1.11940952e-04 2.17473733e+00 9.15542947e+01 4.96592437e-03
   4.72464707e-03 2.45508050e-03 2.45508050e-03]
  [1.13564033e-04 2.18802042e+00 9.10041080e+01 4.97773157e-03
   4.70240767e-03 2.44928114e-03 2.44928114e-03]
  [1.11759392e-04 2.18934651e+00 9.16286466e+01 4.96510991e-03
   4.70431026e-03 2.44848783e-03 2.44848783e-03]
  [1.10726817e-04 2.16767223e+00 9.15158544e+01 4.97851319e-03
   4.73165371e-03 2.45787495e-03 2.45787495e-03]
  [9.28393496e-05 1.76772189e+00 1.04967698e+02 5.27270379e-03
   5.19187973e-03 2.63413847e-03 2.63413847e-03]
  [1.17713615e-04 2.20182047e+00 9.11348519e+01 4.96951745e-03
   4.68809171e-03 2.44344938e-03 2.44344938e-03]]

 [[1.12058002e-04 2.20548433e+00 9.08800445e+01 4.96219260e-03
   4.68997518e-03 2.44152448e-03 2.44152448e-03]
  [1.10888089e-04 2.16753876e+00 9.13879211e+01 5.01189272e-03
   4.72611560e-03 2.45809090e-03 2.45809090e-03]
  [1.10638659e-04 2.15211894e+00 9.17602031e+01 4.98991670e-03
   4.72159070e-03 2.46456798e-03 2.46456798e-03]
  [1.11935789e-04 2.16993218e+00 9.13253193e+01 4.98274042e-03
   4.72863612e-03 2.45705675e-03 2.45705675e-03]
  [1.17550972e-04 2.30052393e+00 8.93821721e+01 4.89156292e-03
   4.60767526e-03 2.40022219e-03 2.40022219e-03]
  [1.08600869e-04 2.11620680e+00 9.31638418e+01 5.02865918e-03
   4.77589692e-03 2.48015875e-03 2.48015875e-03]
  [1.11948141e-04 2.17648567e+00 9.15687828e+01 4.96942713e-03
   4.70548766e-03 2.45436666e-03 2.45436666e-03]
  [1.11865098e-04 2.15281517e+00 9.16070006e+01 4.98548942e-03
   4.77155535e-03 2.46443797e-03 2.46443797e-03]]

 [[1.09713813e-04 2.14480425e+00 9.18878848e+01 5.00492964e-03
   4.76996592e-03 2.46776355e-03 2.46776355e-03]
  [1.12057876e-04 2.17468180e+00 9.14064255e+01 4.99290864e-03
   4.70423529e-03 2.45503463e-03 2.45503463e-03]
  [1.10683431e-04 2.16212565e+00 9.17614586e+01 4.99419266e-03
   4.71881382e-03 2.46033078e-03 2.46033078e-03]
  [1.12972882e-04 2.19754665e+00 9.08540592e+01 4.96663188e-03
   4.71387443e-03 2.44510367e-03 2.44510367e-03]
  [1.09763376e-04 2.15643275e+00 9.18073215e+01 4.99873697e-03
   4.71120020e-03 2.46287328e-03 2.46287328e-03]
  [1.20095664e-04 2.15481780e+00 9.17100661e+01 4.99344410e-03
   4.73436095e-03 2.46358871e-03 2.46358871e-03]
  [1.10964002e-04 2.13783433e+00 9.20368280e+01 5.02155385e-03
   4.75849191e-03 2.47082355e-03 2.47082355e-03]
  [1.12368631e-04 2.19896156e+00 9.09332105e+01 4.96641713e-03
   4.68628569e-03 2.44471312e-03 2.44471312e-03]]

 [[1.12016630e-04 2.16310032e+00 9.15269638e+01 5.00687137e-03
   4.71812003e-03 2.45999027e-03 2.45999027e-03]
  [1.12258612e-04 2.19227946e+00 9.10174657e+01 4.96809171e-03
   4.69662320e-03 2.44737002e-03 2.44737002e-03]
  [1.12455597e-04 2.16665037e+00 9.14445294e+01 4.99244359e-03
   4.72614844e-03 2.45843206e-03 2.45843206e-03]
  [1.12452646e-04 2.17371108e+00 9.12988879e+01 4.97021766e-03
   4.73696735e-03 2.45547181e-03 2.45547181e-03]
  [1.09811938e-04 2.14523336e+00 9.20031198e+01 5.01011300e-03
   4.72666639e-03 2.46774809e-03 2.46774809e-03]
  [1.11718153e-04 2.17331577e+00 9.14150576e+01 4.98458932e-03
   4.72265988e-03 2.45560177e-03 2.45560177e-03]
  [1.11165969e-04 2.15606272e+00 9.18063608e+01 4.99583028e-03
   4.73867433e-03 2.46308284e-03 2.46308284e-03]
  [1.10660060e-04 2.15394034e+00 9.19762716e+01 4.99521430e-03
   4.73057461e-03 2.46384123e-03 2.46384123e-03]]

 [[1.12049905e-04 2.19243116e+00 9.10581678e+01 4.97237517e-03
   4.70432862e-03 2.44720312e-03 2.44720312e-03]
  [1.11099773e-04 2.17515362e+00 9.13534619e+01 4.96931585e-03
   4.71919709e-03 2.45475830e-03 2.45475830e-03]
  [1.10640114e-04 2.16577116e+00 9.16048562e+01 5.01090467e-03
   4.71378504e-03 2.45898189e-03 2.45898189e-03]
  [1.12291180e-04 2.18208241e+00 9.11274991e+01 4.94742129e-03
   4.73706040e-03 2.45181212e-03 2.45181212e-03]
  [1.10907267e-04 2.16122378e+00 9.16937033e+01 4.97765558e-03
   4.72139531e-03 2.46086366e-03 2.46086366e-03]
  [1.11461645e-04 2.15033487e+00 9.18148130e+01 5.00959414e-03
   4.73477443e-03 2.46549953e-03 2.46549953e-03]
  [8.88736248e-05 1.68293157e+00 1.09945286e+02 5.35177605e-03
   5.26216270e-03 2.67061586e-03 2.67061586e-03]
  [1.10314644e-04 2.16107575e+00 9.15883215e+01 4.99647107e-03
   4.71228847e-03 2.46078618e-03 2.46078618e-03]]

 [[1.11373184e-04 2.19259796e+00 9.17310010e+01 4.98182518e-03
   4.69735612e-03 2.44721476e-03 2.44721476e-03]
  [1.10633242e-04 2.16754757e+00 9.14713677e+01 4.98005405e-03
   4.72433884e-03 2.45802105e-03 2.45802105e-03]
  [1.20232692e-04 2.16310831e+00 9.15884876e+01 4.97037870e-03
   4.74205288e-03 2.45991080e-03 2.45991080e-03]
  [1.11246773e-04 2.15397279e+00 9.15926101e+01 5.00122268e-03
   4.72976203e-03 2.46388930e-03 2.46388930e-03]
  [1.04139145e-04 2.00897964e+00 9.78829270e+01 5.12785370e-03
   4.92319310e-03 2.52639448e-03 2.52639448e-03]
  [1.11353104e-04 2.18814329e+00 9.13497843e+01 4.97098296e-03
   4.71471426e-03 2.44915028e-03 2.44915028e-03]
  [1.11146442e-04 2.16108414e+00 9.21101479e+01 5.00397809e-03
   4.71599366e-03 2.46082505e-03 2.46082505e-03]
  [1.13693432e-04 2.16678215e+00 9.15113573e+01 4.99418545e-03
   4.72519266e-03 2.45837710e-03 2.45837710e-03]]

 [[1.10683768e-04 2.16941841e+00 9.18261005e+01 5.00058801e-03
   4.71438637e-03 2.45716441e-03 2.45716441e-03]
  [1.10404252e-04 2.14095460e+00 9.18454500e+01 5.00869813e-03
   4.77816583e-03 2.46944258e-03 2.46944258e-03]
  [1.10384384e-04 2.15012919e+00 9.17719010e+01 4.99526502e-03
   4.76446373e-03 2.46553218e-03 2.46553218e-03]
  [1.11326155e-04 2.16545847e+00 9.13843975e+01 4.99429363e-03
   4.73015532e-03 2.45897011e-03 2.45897011e-03]
  [1.11684282e-04 2.16002804e+00 9.17556324e+01 4.99178376e-03
   4.71207494e-03 2.46140594e-03 2.46140594e-03]
  [1.10078036e-04 2.14930834e+00 9.18306552e+01 4.97866828e-03
   4.74990222e-03 2.46595023e-03 2.46595023e-03]
  [1.12285903e-04 2.15778466e+00 9.17902369e+01 5.01597144e-03
   4.71612291e-03 2.46222220e-03 2.46222220e-03]
  [7.48613266e-05 1.28989313e+00 1.27840871e+02 5.67610693e-03
   5.52120409e-03 2.84194869e-03 2.84194869e-03]]

 [[1.09326216e-04 2.13618238e+00 9.20703012e+01 5.01541556e-03
   4.75606613e-03 2.47157379e-03 2.47157379e-03]
  [1.08820438e-04 2.12029636e+00 9.25021048e+01 5.02615955e-03
   4.76636069e-03 2.47840521e-03 2.47840521e-03]
  [1.30464418e-04 2.16181273e+00 9.17367375e+01 4.99880308e-03
   4.71536912e-03 2.46051923e-03 2.46051923e-03]
  [1.13393153e-04 2.19816224e+00 9.08470027e+01 4.96958562e-03
   4.70354282e-03 2.44496930e-03 2.44496930e-03]
  [1.09931342e-04 2.13615303e+00 9.25160311e+01 4.99367648e-03
   4.78618544e-03 2.47152740e-03 2.47152740e-03]
  [1.10096519e-04 2.14571063e+00 9.20567793e+01 4.98939857e-03
   4.74572841e-03 2.46741865e-03 2.46741865e-03]
  [1.11944611e-04 2.14796649e+00 9.17635657e+01 4.99021447e-03
   4.76843485e-03 2.46657931e-03 2.46657931e-03]
  [7.90048896e-03 1.17556525e+00 2.24336066e+02 8.12480428e-03
   5.83224347e-03 3.30005884e-03 3.30098762e-03]]]

Cumulative Reward: 7063.569845926071
