Scheduler Table:
[[[4.47941596e-06 1.52353153e-02 1.70244758e+01 1.01687533e-03
   3.82562675e-02 3.41752386e-04 3.41752386e-04]
  [4.76114251e-06 1.52038688e-02 1.73088941e+01 1.00670907e-03
   2.09840537e-02 3.41709867e-04 3.41709867e-04]
  [3.96798741e-06 1.52022305e-02 1.76441365e+01 1.02179111e-03
   1.74232782e-02 3.41956105e-04 3.41956105e-04]]

 [[4.29931666e-06 1.52582991e-02 1.68354205e+01 1.01713136e-03
   3.21663982e-02 3.41593521e-04 3.41593521e-04]
  [4.89732757e-06 1.17922522e-02 4.75122207e+01 1.34547731e-03
   5.11227677e-04 3.38518468e-04 3.48175802e-04]
  [3.94708796e-06 1.51865784e-02 1.74746561e+01 1.01240109e-03
   1.77035755e-02 3.42041154e-04 3.42041154e-04]]

 [[4.46174118e-06 1.52387283e-02 1.70110204e+01 1.03132994e-03
   2.17722944e-02 3.42180507e-04 3.42180507e-04]
  [4.14911443e-06 1.51914160e-02 1.78020657e+01 1.00922024e-03
   1.94053654e-02 3.41577069e-04 3.41577069e-04]
  [8.86304972e-06 1.51912524e-02 1.71715265e+01 1.01773690e-03
   1.88061465e-02 3.42692351e-04 3.42692351e-04]]]

Buffer Table:
[[[4.89732757e-06 1.17922522e-02 4.75122207e+01 1.34547731e-03
   5.11227687e-04 3.38518468e-04 3.48175802e-04]
  [4.78945167e-06 1.52476504e-02 1.73505645e+01 1.03894688e-03
   1.89507962e-02 3.41570539e-04 3.41570539e-04]
  [6.14966201e-06 1.51340041e-02 1.76856257e+01 9.82146749e-04
   2.55937509e-02 3.42327374e-04 3.42327374e-04]]

 [[4.71060609e-06 1.52196921e-02 1.76005974e+01 1.01923183e-03
   2.15346979e-02 3.41958389e-04 3.41958389e-04]
  [4.28088676e-06 1.52368003e-02 1.73059427e+01 1.04683119e-03
   1.79528038e-02 3.41592991e-04 3.41592991e-04]
  [5.16712668e-06 1.51924070e-02 1.72657821e+01 1.00558544e-03
   2.47427632e-02 3.41910462e-04 3.41910462e-04]]

 [[4.51902562e-06 1.49350478e-02 1.99268815e+01 9.77856588e-04
   2.43728486e-02 3.42477707e-04 3.42477707e-04]
  [4.63537898e-06 1.52279278e-02 1.72434038e+01 1.01728927e-03
   2.26228842e-02 3.41844048e-04 3.41844048e-04]
  [4.32692997e-06 1.51338315e-02 1.71703039e+01 9.98566078e-04
   2.56709662e-02 3.42027711e-04 3.42027711e-04]]]

Arbiter Table:
[[[4.89732758e-06 1.17922522e-02 4.75122207e+01 1.34547731e-03
   5.11227703e-04 3.38518468e-04 3.48175802e-04]
  [4.42869315e-06 1.51363763e-02 1.77680174e+01 1.00873493e-03
   1.99320371e-02 3.41971889e-04 3.41971889e-04]
  [4.08587801e-06 1.51558759e-02 1.80871702e+01 1.01136637e-03
   2.61903726e-02 3.41487642e-04 3.41487642e-04]]

 [[3.63151226e-06 1.48398178e-02 2.16690429e+01 1.02105932e-03
   1.89495437e-02 3.41677821e-04 3.41677821e-04]
  [9.73393627e-06 1.52858401e-02 1.71117183e+01 1.03737088e-03
   1.96639293e-02 3.42012089e-04 3.42012089e-04]
  [4.13237757e-06 1.52402062e-02 1.71474096e+01 1.00939590e-03
   2.28496848e-02 3.42048546e-04 3.42048546e-04]]

 [[4.14837376e-06 1.49034974e-02 2.27205440e+01 1.05189030e-03
   2.53029990e-02 3.41313945e-04 3.41313945e-04]
  [4.14097391e-06 1.52393363e-02 1.71418191e+01 1.01967689e-03
   2.02944750e-02 3.41843386e-04 3.41843386e-04]
  [5.67006990e-06 1.52406229e-02 1.72400731e+01 1.02249308e-03
   2.33066055e-02 3.41706443e-04 3.41706443e-04]]]

Page Table:
[[[5.02844155e-06 1.67883771e-02 1.74763834e+01 1.01090071e-03
   2.03955546e-02 3.41583863e-04 3.41583863e-04]
  [8.63366861e-06 1.64174113e-02 1.76411607e+01 1.00052614e-03
   2.22538158e-02 3.42127342e-04 3.42127342e-04]
  [4.79765249e-06 1.67718949e-02 1.69742308e+01 1.01484134e-03
   2.00691173e-02 3.41932262e-04 3.41932262e-04]
  [4.92637944e-06 1.59264657e-02 2.06548405e+01 1.00823588e-03
   3.65738985e-02 3.41869835e-04 3.41869835e-04]]

 [[5.30586130e-06 1.66197544e-02 1.72764359e+01 1.01352701e-03
   2.40534748e-02 3.41891636e-04 3.41891636e-04]
  [4.48990679e-06 1.64676073e-02 1.73049370e+01 9.90684173e-04
   2.18015343e-02 3.42187321e-04 3.42187321e-04]
  [5.16417620e-06 1.67555590e-02 1.68734188e+01 1.01685621e-03
   1.98315086e-02 3.42401488e-04 3.42401488e-04]
  [4.92313797e-06 1.64636167e-02 1.73103913e+01 1.00940281e-03
   2.42546662e-02 3.41779947e-04 3.41779947e-04]]

 [[5.84490307e-06 1.66751658e-02 1.75186288e+01 1.00417430e-03
   2.55594411e-02 3.42094998e-04 3.42094998e-04]
  [5.18827476e-06 1.66863447e-02 1.72105066e+01 1.00533090e-03
   2.03965022e-02 3.41871135e-04 3.41871135e-04]
  [5.13822712e-06 1.67781546e-02 1.69426888e+01 1.00287543e-03
   2.07170779e-02 3.42152832e-04 3.42152832e-04]
  [5.17034427e-06 1.60302646e-02 2.28262574e+01 1.08722231e-03
   1.60733860e-02 3.41379688e-04 3.41379688e-04]]

 [[6.89867995e-06 1.64183510e-02 1.78804075e+01 1.01024640e-03
   2.74091848e-02 3.41952520e-04 3.41952520e-04]
  [4.79131092e-06 1.64844065e-02 1.76651980e+01 1.00534491e-03
   3.28000472e-02 3.41761340e-04 3.41761340e-04]
  [4.83269475e-06 1.65887016e-02 1.72204889e+01 1.01843906e-03
   1.94315586e-02 3.42062412e-04 3.42062412e-04]
  [4.89733225e-06 1.17922558e-02 4.75122093e+01 1.34547757e-03
   5.11227732e-04 3.38518467e-04 3.48175801e-04]]]

Response Table:
[[[4.24494443e-06 1.45660273e-02 1.68524159e+01]
  [5.21494691e-06 1.45350847e-02 1.69948607e+01]]

 [[4.54287860e-06 1.45333092e-02 1.69217039e+01]
  [4.89732757e-06 1.17922522e-02 4.75122207e+01]]]

Refresh Table:
[[[4.89732757e-06 1.17922522e-02 4.75122207e+01]
  [6.11020490e-06 1.44984034e-02 1.66953467e+01]]

 [[5.07188167e-06 1.46352125e-02 1.67908085e+01]
  [4.01021804e-06 1.44631603e-02 1.71345835e+01]]]

Request Buffer Table:
[[[2.86817444e-05 5.60860078e-02 1.48667438e+01]
  [2.99054694e-05 5.73532614e-02 1.49123036e+01]
  [2.87439763e-05 5.64441743e-02 1.50363469e+01]
  [3.18429443e-05 5.65476042e-02 1.50175895e+01]
  [2.95268838e-05 5.76122705e-02 1.50445037e+01]
  [2.25578619e-05 4.50915202e-02 1.97381580e+01]
  [2.80914918e-05 5.51275339e-02 1.54582559e+01]
  [2.79844359e-05 5.42632108e-02 1.58691000e+01]]

 [[2.87468612e-05 5.59337363e-02 1.47923703e+01]
  [3.13376858e-05 5.94524910e-02 1.48421836e+01]
  [3.02996950e-05 5.89394638e-02 1.48009943e+01]
  [2.99211953e-05 5.85154021e-02 1.50392477e+01]
  [2.91368431e-05 5.71198633e-02 1.51934555e+01]
  [2.63887304e-05 4.82778940e-02 1.69705401e+01]
  [2.70199757e-05 5.33774690e-02 1.57519496e+01]
  [2.89370163e-05 5.59781847e-02 1.55515782e+01]]

 [[3.15252554e-05 6.06593123e-02 1.47474414e+01]
  [2.94826505e-05 5.76573013e-02 1.47729279e+01]
  [3.10466848e-05 5.83091788e-02 1.50015073e+01]
  [3.12581342e-05 6.12427100e-02 1.48487207e+01]
  [2.82236146e-05 5.52975503e-02 1.56130484e+01]
  [2.80222737e-05 5.47706980e-02 1.55270957e+01]
  [2.85708816e-05 5.54727931e-02 1.52509543e+01]
  [2.64929960e-05 5.31176766e-02 1.61596465e+01]]

 [[2.90375776e-05 5.71596588e-02 1.47959521e+01]
  [2.96419717e-05 5.79316194e-02 1.47066982e+01]
  [3.08449991e-05 5.96701412e-02 1.48497277e+01]
  [3.07664245e-05 5.97013018e-02 1.46709080e+01]
  [2.88979927e-05 5.66992773e-02 1.56162824e+01]
  [3.23562845e-05 5.72371654e-02 1.52481991e+01]
  [2.91108510e-05 5.75563107e-02 1.50706486e+01]
  [2.64356772e-05 5.12416820e-02 1.60537970e+01]]

 [[2.94995969e-05 5.75049355e-02 1.47829163e+01]
  [2.85717063e-05 5.57125390e-02 1.52456245e+01]
  [2.96167875e-05 5.74562172e-02 1.48157339e+01]
  [2.84345591e-05 5.54929492e-02 1.55187632e+01]
  [2.92575236e-05 5.70818629e-02 1.56659832e+01]
  [2.92369564e-05 5.60795716e-02 1.52212984e+01]
  [2.68419978e-05 5.30700363e-02 1.57703350e+01]
  [2.61048786e-05 5.17900704e-02 1.61613921e+01]]

 [[3.08488985e-05 5.31160763e-02 1.53915494e+01]
  [2.80877701e-05 5.50741224e-02 1.48087667e+01]
  [2.90200999e-05 5.67365241e-02 1.50149817e+01]
  [2.88609543e-05 5.60137268e-02 1.51668023e+01]
  [2.82075543e-05 5.56164428e-02 1.53306543e+01]
  [4.89732834e-06 1.17922540e-02 4.75122202e+01]
  [2.62900551e-05 5.13875149e-02 1.65420585e+01]
  [2.65773127e-05 5.29570364e-02 1.60083068e+01]]

 [[2.79645078e-05 5.47388314e-02 1.48730018e+01]
  [2.93820486e-05 5.57242522e-02 1.50340268e+01]
  [2.94373695e-05 5.56260457e-02 1.49150304e+01]
  [3.25024810e-05 5.50806787e-02 1.51680433e+01]
  [2.83446946e-05 5.58794113e-02 1.51332681e+01]
  [2.80715113e-05 4.79112957e-02 1.90097807e+01]
  [2.67133553e-05 5.25906445e-02 1.58768716e+01]
  [2.65181930e-05 5.32335696e-02 1.52847184e+01]]

 [[2.76363667e-05 5.41978572e-02 1.48942059e+01]
  [2.83247643e-05 5.55281278e-02 1.48851464e+01]
  [2.79330037e-05 5.49217586e-02 1.52117953e+01]
  [2.88666647e-05 5.69020397e-02 1.50867767e+01]
  [2.79159883e-05 5.52612713e-02 1.52723915e+01]
  [2.80855256e-05 5.49717459e-02 1.56570170e+01]
  [2.93180465e-05 5.07147172e-02 1.63194851e+01]
  [2.57179105e-05 5.19845263e-02 1.58740336e+01]]]

Ref Max Post Table:
[[[2.77595114e-06 1.22492331e-02 4.53534002e+01]
  [7.69580406e-06 1.65084853e-02 1.73297348e+01]
  [5.09000236e-06 1.65099254e-02 1.77548295e+01]
  [4.89912316e-06 1.67118336e-02 1.71820075e+01]]

 [[5.33743117e-06 1.65041522e-02 1.73290525e+01]
  [4.76837675e-06 1.66003305e-02 1.71661430e+01]
  [4.57700225e-06 1.64694230e-02 1.81121111e+01]
  [5.38200757e-06 1.67239942e-02 1.71971307e+01]]

 [[4.95503703e-06 1.66145633e-02 1.74877465e+01]
  [6.48189324e-06 1.66017644e-02 1.72389550e+01]
  [5.20400469e-06 1.65597218e-02 1.74731647e+01]
  [4.36466358e-06 1.58604269e-02 2.14617858e+01]]

 [[6.67654482e-06 1.66562879e-02 1.73492492e+01]
  [4.69791284e-06 1.65228133e-02 1.77907236e+01]
  [5.11944532e-06 1.65342907e-02 1.74405285e+01]
  [6.24136065e-06 1.27677494e-02 3.43110248e+01]]]

Ref Max Pull Table:
[[[4.66497640e-06 1.65413773e-02 1.72656837e+01]
  [3.34332975e-06 1.18723644e-02 4.70122206e+01]
  [4.93711829e-06 1.66994080e-02 1.74182392e+01]
  [5.37394097e-06 1.64930323e-02 1.71979314e+01]]

 [[3.82518483e-06 1.18731079e-02 4.74313555e+01]
  [5.01055861e-06 1.61393735e-02 2.00657691e+01]
  [6.77236059e-06 1.65945226e-02 1.73196599e+01]
  [5.44332507e-06 1.65435666e-02 1.73015270e+01]]

 [[4.94910145e-06 1.67134795e-02 1.72331887e+01]
  [8.40198785e-06 1.65378226e-02 1.74508473e+01]
  [4.38024071e-06 1.66060638e-02 1.74537367e+01]
  [4.84785525e-06 1.66695080e-02 1.74357675e+01]]

 [[5.48646950e-06 1.65207681e-02 1.72296741e+01]
  [5.22427537e-06 1.66381145e-02 1.79838827e+01]
  [5.05856284e-06 1.66012631e-02 1.74441760e+01]
  [5.14424884e-06 1.66699462e-02 1.73618618e+01]]]

Max Activate Table:
[[[3.27838433e-05 6.05423311e-02 1.50875967e+01 8.53489694e-04
   2.06389971e-02 2.96729501e-04 2.96729501e-04]
  [2.82844443e-05 5.55015724e-02 1.52984375e+01 8.80779607e-04
   1.94752591e-02 3.01812968e-04 3.01812968e-04]
  [3.25801818e-05 6.02755470e-02 1.52877141e+01 8.64219818e-04
   1.90592806e-02 2.96850014e-04 2.96850014e-04]
  [2.90616222e-05 5.70810153e-02 1.51695428e+01 8.62408671e-04
   2.31455809e-02 3.00268040e-04 3.00268040e-04]
  [3.11174846e-05 6.00125903e-02 1.50400793e+01 8.52277894e-04
   2.06094396e-02 2.97455557e-04 2.97455557e-04]
  [2.63017794e-05 5.25676283e-02 1.57771528e+01 8.95428464e-04
   2.03069418e-02 3.04983996e-04 3.04983996e-04]
  [2.91230047e-05 5.68122198e-02 1.55354649e+01 8.85079886e-04
   1.89815229e-02 3.00241873e-04 3.00241873e-04]
  [2.77848492e-05 5.26708912e-02 1.56365356e+01 8.83624899e-04
   1.97463751e-02 3.04564785e-04 3.04564785e-04]]

 [[3.02250155e-05 5.87298579e-02 1.48089350e+01 9.04884660e-04
   1.93950147e-02 2.98485833e-04 2.98485833e-04]
  [3.09630837e-05 5.99405668e-02 1.53569940e+01 8.66868913e-04
   1.72218202e-02 2.97422201e-04 2.97422201e-04]
  [3.18244292e-05 6.15118658e-02 1.51862309e+01 8.57514069e-04
   1.91374422e-02 2.95911365e-04 2.95911365e-04]
  [3.16488410e-05 5.94409001e-02 1.54806270e+01 8.60040365e-04
   1.75527016e-02 2.97816263e-04 2.97816263e-04]
  [2.80159095e-05 5.44220238e-02 1.50738602e+01 8.57268370e-04
   3.63693622e-02 3.03062811e-04 3.03062811e-04]
  [2.72378020e-05 5.42529450e-02 1.50700644e+01 8.67170300e-04
   2.67881136e-02 3.03263743e-04 3.03263743e-04]
  [4.19492874e-06 1.25754157e-02 4.71862529e+01 1.32929203e-03
   7.78128211e-04 3.37921894e-04 3.37921894e-04]
  [2.74131175e-05 5.39217703e-02 1.56735059e+01 8.95695204e-04
   1.96424727e-02 3.03297920e-04 3.03297920e-04]]

 [[3.06042266e-05 5.90560211e-02 1.52571972e+01 8.47687626e-04
   2.10242499e-02 2.98520107e-04 2.98520107e-04]
  [3.12562138e-05 5.88688601e-02 1.49767858e+01 8.89278683e-04
   1.87433219e-02 2.98208744e-04 2.98208744e-04]
  [3.34396117e-05 5.67928619e-02 1.48781009e+01 8.73404274e-04
   1.96241560e-02 3.00790200e-04 3.00790200e-04]
  [2.97894924e-05 5.81792205e-02 1.48091855e+01 8.67503290e-04
   2.22997249e-02 2.99544737e-04 2.99544737e-04]
  [3.45927658e-05 5.78740976e-02 1.50897470e+01 8.65758933e-04
   1.96536126e-02 2.99599120e-04 2.99599120e-04]
  [2.87669849e-05 5.63416443e-02 1.52976599e+01 8.88654799e-04
   3.66513098e-02 3.01438631e-04 3.01438631e-04]
  [2.57400986e-05 5.11601167e-02 1.57004501e+01 8.74625781e-04
   1.78459065e-02 3.06098195e-04 3.06098195e-04]
  [3.00062939e-05 5.71943168e-02 1.51749669e+01 8.61070248e-04
   1.86540946e-02 3.00165561e-04 3.00165561e-04]]

 [[2.89100660e-05 5.62651334e-02 1.50057882e+01 8.69400020e-04
   2.09500041e-02 3.01171570e-04 3.01171570e-04]
  [2.89757364e-05 5.62845911e-02 1.51929130e+01 8.89437761e-04
   1.97009652e-02 3.00572080e-04 3.00572080e-04]
  [2.84101344e-05 5.50926190e-02 1.52494874e+01 8.88495752e-04
   5.59901336e-02 3.02374887e-04 3.02374887e-04]
  [2.98828877e-05 5.80327585e-02 1.47892186e+01 8.46227362e-04
   1.87836833e-02 2.99393264e-04 2.99393264e-04]
  [3.00975888e-05 5.62021418e-02 1.54905059e+01 8.50892845e-04
   1.98022671e-02 3.01053182e-04 3.01053182e-04]
  [2.79528551e-05 5.52046971e-02 1.54561770e+01 8.75805404e-04
   1.83456971e-02 3.02226193e-04 3.02226193e-04]
  [2.93471287e-05 5.72649369e-02 1.51617192e+01 8.60368288e-04
   3.36626430e-02 3.00103076e-04 3.00103076e-04]
  [2.69477854e-05 5.24259610e-02 1.58913050e+01 8.76243254e-04
   1.73952761e-02 3.04624802e-04 3.04624802e-04]]

 [[3.02074162e-05 5.81632019e-02 1.49847531e+01 8.60908549e-04
   2.06521879e-02 2.99150787e-04 2.99150787e-04]
  [2.95235608e-05 5.77021520e-02 1.53272777e+01 8.94313585e-04
   1.83155132e-02 2.99462614e-04 2.99462614e-04]
  [2.90274494e-05 5.71176196e-02 1.50335612e+01 9.03110689e-04
   1.92274865e-02 3.00420933e-04 3.00420933e-04]
  [2.89046291e-05 5.67191849e-02 1.51210093e+01 8.59578041e-04
   1.82806324e-02 3.00506125e-04 3.00506125e-04]
  [3.30641209e-05 5.93629801e-02 1.51087043e+01 8.85671612e-04
   1.84557861e-02 2.97861505e-04 2.97861505e-04]
  [2.67735208e-05 5.35359785e-02 1.53308306e+01 8.56233306e-04
   2.76081759e-02 3.04026047e-04 3.04026047e-04]
  [2.71530996e-05 5.37983465e-02 1.52378385e+01 8.76656337e-04
   1.84278099e-02 3.03368567e-04 3.03368567e-04]
  [3.01553977e-05 5.06066175e-02 1.62119337e+01 8.67488201e-04
   1.98030100e-02 3.06736232e-04 3.06736232e-04]]

 [[3.00010967e-05 5.71627768e-02 1.50037263e+01 9.10149137e-04
   1.89736439e-02 3.00138962e-04 3.00138962e-04]
  [2.92634405e-05 5.72233922e-02 1.49464877e+01 9.03921192e-04
   1.80113487e-02 2.99929657e-04 2.99929657e-04]
  [2.90566419e-05 5.56600254e-02 1.51808267e+01 8.87423166e-04
   1.96500450e-02 3.01829402e-04 3.01829402e-04]
  [2.80519736e-05 5.50177944e-02 1.54360551e+01 8.74737359e-04
   1.80568252e-02 3.02092130e-04 3.02092130e-04]
  [2.91468644e-05 5.68339428e-02 1.51743498e+01 8.82996385e-04
   1.89825373e-02 3.00556207e-04 3.00556207e-04]
  [2.79935902e-05 5.53306906e-02 1.53161951e+01 8.69728294e-04
   1.83608947e-02 3.02158304e-04 3.02158304e-04]
  [2.59236925e-05 5.15653618e-02 1.59263074e+01 8.90105679e-04
   3.50085239e-02 3.05641012e-04 3.05641012e-04]
  [2.63919129e-05 5.17955865e-02 1.54079081e+01 8.65719900e-04
   2.00769457e-02 3.05641308e-04 3.05641308e-04]]

 [[2.76756538e-05 5.38602525e-02 1.51330145e+01 8.73008548e-04
   1.92472917e-02 3.03480768e-04 3.03480768e-04]
  [3.71113249e-06 1.25709851e-02 4.67684048e+01 1.31126734e-03
   8.10351189e-04 3.37901977e-04 3.47559310e-04]
  [2.80165225e-05 5.40905577e-02 1.52437641e+01 8.81832578e-04
   1.87931692e-02 3.03179701e-04 3.03179701e-04]
  [2.76760009e-05 5.45128641e-02 1.51609349e+01 8.68512649e-04
   2.11244795e-02 3.02668645e-04 3.02668645e-04]
  [3.17962362e-05 5.88315890e-02 1.49922968e+01 8.74150799e-04
   1.84654200e-02 2.98298719e-04 2.98298719e-04]
  [2.58002274e-05 5.18207418e-02 1.54807342e+01 8.80402320e-04
   2.01042760e-02 3.05398235e-04 3.05398235e-04]
  [2.65906161e-05 5.30406275e-02 1.55116728e+01 8.54353578e-04
   1.72713489e-02 3.04212896e-04 3.04212896e-04]
  [2.71945842e-05 5.23481741e-02 1.57172783e+01 8.78683569e-04
   2.09878385e-02 3.04892378e-04 3.04892378e-04]]

 [[2.72685199e-05 5.35921342e-02 1.54430782e+01 8.78041440e-04
   1.86371000e-02 3.03671549e-04 3.03671549e-04]
  [2.88549034e-05 5.60029453e-02 1.54911613e+01 8.64724301e-04
   1.70502940e-02 3.01323114e-04 3.01323114e-04]
  [2.92801633e-05 5.58117526e-02 1.52257257e+01 8.73568700e-04
   3.06118789e-02 3.01506179e-04 3.01506179e-04]
  [2.93163419e-05 5.46725002e-02 1.52225680e+01 8.52254869e-04
   2.32790177e-02 3.03125420e-04 3.03125420e-04]
  [2.87565309e-05 5.30678650e-02 1.56440284e+01 8.99194321e-04
   1.81980986e-02 3.04225697e-04 3.04225697e-04]
  [2.70107927e-05 5.37887866e-02 1.51853858e+01 8.71591592e-04
   2.12866755e-02 3.03815330e-04 3.03815330e-04]
  [2.58640492e-05 5.14661723e-02 1.59292974e+01 8.98990181e-04
   1.80180431e-02 3.05361112e-04 3.05361112e-04]
  [8.99190008e-06 1.58867552e-02 3.69128205e+01 1.03281949e-03
   6.50209145e-02 3.43990782e-04 3.43990782e-04]]]

Cumulative Reward: 13554.83656472264
