Scheduler Table:
[[[1.09703006e-05 2.88924528e-02 2.98190533e+01 1.84884336e-03
   4.01083963e-02 6.85253915e-04 6.85253915e-04]
  [1.11910336e-05 2.88951823e-02 3.05160010e+01 1.81679258e-03
   3.61346531e-02 6.85571101e-04 6.85571101e-04]
  [1.15390852e-05 2.89355693e-02 2.99518621e+01 1.85900622e-03
   3.37393129e-02 6.84632349e-04 6.84632349e-04]]

 [[1.00730094e-05 2.89283390e-02 2.95515508e+01 1.80305812e-03
   4.22806044e-02 6.85585462e-04 6.85585462e-04]
  [7.92476227e-06 2.39506763e-02 6.15512014e+01 2.21923600e-03
   2.18035511e-02 6.83054361e-04 6.83054361e-04]
  [2.29443194e-06 2.25912931e-02 7.90138450e+01 2.83578822e-03
   9.11308459e-04 6.76841966e-04 6.76841966e-04]]

 [[1.03710197e-05 2.88908327e-02 2.98968371e+01 1.80268128e-03
   3.87020344e-02 6.85252616e-04 6.85252616e-04]
  [2.26173593e-06 2.26361943e-02 7.66534874e+01 2.77074663e-03
   1.11107879e-03 6.76617376e-04 7.34561378e-04]
  [1.14351367e-05 2.89530454e-02 2.97674963e+01 1.84086296e-03
   3.19044976e-02 6.84483460e-04 6.84483460e-04]]]

Buffer Table:
[[[1.02606935e-05 2.88332099e-02 3.02192147e+01 1.78513401e-03
   4.85528051e-02 6.84650892e-04 6.84650892e-04]
  [2.25495442e-06 2.26336784e-02 7.66818527e+01 2.77204522e-03
   1.05333498e-03 6.76605735e-04 7.34549736e-04]
  [9.97099983e-06 2.88608270e-02 3.01412299e+01 1.76242390e-03
   4.49771697e-02 6.85494042e-04 6.85494042e-04]]

 [[2.28750287e-06 2.25887224e-02 7.90428275e+01 2.83711507e-03
   8.52308164e-04 6.76830072e-04 6.76830072e-04]
  [1.17157664e-05 2.88499994e-02 3.00602371e+01 1.84653956e-03
   5.08420665e-02 6.85009424e-04 6.85009424e-04]
  [4.37023659e-05 2.85327528e-02 3.56857752e+01 1.68545136e-03
   3.90175542e-02 6.85762295e-04 6.85762295e-04]]

 [[1.45312625e-05 2.77994637e-02 4.01703481e+01 1.74222057e-03
   3.49404918e-02 6.85460954e-04 6.85460954e-04]
  [1.00133950e-05 2.88024854e-02 2.98643018e+01 1.75641357e-03
   1.96082670e-01 6.85876919e-04 6.85876919e-04]
  [1.17116917e-05 2.88650416e-02 2.99654634e+01 1.85057086e-03
   5.04176915e-02 6.84723971e-04 6.84723971e-04]]]

Arbiter Table:
[[[1.36749712e-06 2.26071606e-02 7.85216320e+01 2.85618180e-03
   1.03939966e-03 6.76308991e-04 7.34252993e-04]
  [1.27685152e-05 2.55296474e-02 4.06023232e+01 1.46533184e-03
   7.15619348e-02 6.88891323e-04 6.88891323e-04]
  [1.04212083e-05 2.84142472e-02 3.61371390e+01 1.89393896e-03
   7.93831772e-02 6.84428837e-04 6.84428837e-04]]

 [[9.15334085e-06 2.64143933e-02 4.04907703e+01 1.54080386e-03
   4.45913821e-02 6.87276196e-04 6.87276196e-04]
  [1.05735539e-05 2.88383821e-02 3.00060256e+01 1.80904844e-03
   4.42481986e-02 6.83833789e-04 6.83833789e-04]
  [3.86609507e-05 2.88899516e-02 2.99740044e+01 1.73949516e-03
   4.48081362e-02 6.85930636e-04 6.85930636e-04]]

 [[1.06709523e-05 2.88866190e-02 2.99494119e+01 1.78424879e-03
   4.90818535e-02 6.85208984e-04 6.85208984e-04]
  [9.77797680e-06 2.79316109e-02 4.47094600e+01 2.08777470e-03
   5.64078917e-02 6.82882855e-04 6.82882855e-04]
  [1.05314215e-05 2.89083286e-02 2.99623013e+01 1.82348988e-03
   4.35739060e-02 6.84104888e-04 6.84104888e-04]]]

Page Table:
[[[3.06150020e-05 2.94246418e-02 3.15580054e+01 1.97060730e-03
   6.18588988e-02 6.84225396e-04 6.84225396e-04]
  [2.97896256e-05 2.93322622e-02 3.10508259e+01 1.98665705e-03
   4.93577634e-02 6.83156983e-04 6.83156983e-04]
  [2.60691825e-05 2.79486841e-02 4.33122812e+01 1.99944603e-03
   6.77963621e-02 6.82529789e-04 6.82529789e-04]
  [3.01065552e-05 2.94115647e-02 3.14651080e+01 1.95854089e-03
   3.62265947e-02 6.84132364e-04 6.84132364e-04]]

 [[2.87164246e-05 2.86253967e-02 3.92337101e+01 1.96414022e-03
   1.03702603e-01 6.83137191e-04 6.83137191e-04]
  [1.36749712e-06 2.26071606e-02 7.85216320e+01 2.85618180e-03
   1.03939966e-03 6.76308991e-04 7.34252993e-04]
  [2.50773214e-05 2.87672833e-02 3.78873572e+01 2.02571799e-03
   3.26398158e-02 6.82150884e-04 6.82150884e-04]
  [2.85778982e-05 2.91498713e-02 3.21921744e+01 1.93182323e-03
   4.80082791e-02 6.84272825e-04 6.84272825e-04]]

 [[3.00638248e-05 2.94795691e-02 3.12187712e+01 2.01123709e-03
   4.25580518e-02 6.83557338e-04 6.83557338e-04]
  [2.50059324e-05 2.72433316e-02 4.31380383e+01 1.82056890e-03
   7.34508541e-02 6.85428165e-04 6.85428165e-04]
  [3.21280597e-05 2.94765581e-02 3.13231278e+01 2.00578959e-03
   4.26959076e-02 6.82330936e-04 6.82330936e-04]
  [2.77842897e-05 2.94253000e-02 3.13021250e+01 1.90208130e-03
   4.02955696e-02 6.84916911e-04 6.84916911e-04]]

 [[2.94777207e-05 2.93401631e-02 3.11264814e+01 1.98530336e-03
   4.39120611e-02 6.83102665e-04 6.83102665e-04]
  [2.25709067e-05 2.78414663e-02 3.76576329e+01 1.79682877e-03
   5.02480278e-02 6.85675160e-04 6.85675160e-04]
  [2.69599135e-05 2.93695216e-02 3.13070496e+01 1.86976298e-03
   3.43438111e-02 6.84893600e-04 6.84893600e-04]
  [3.02011681e-05 2.95021211e-02 3.10286861e+01 1.97255633e-03
   5.35951764e-02 6.83478985e-04 6.83478985e-04]]]

Response Table:
[[[8.40415280e-06 2.85022394e-02 2.83483229e+01]
  [1.93250081e-05 2.85822388e-02 2.85278964e+01]]

 [[2.43121925e-05 2.85145256e-02 2.83039405e+01]
  [1.36749712e-06 2.26071606e-02 7.85216320e+01]]]

Refresh Table:
[[[9.15710662e-06 2.61061724e-02 4.38284297e+01]
  [2.28750287e-06 2.25887224e-02 7.90428275e+01]]

 [[2.25495442e-06 2.26336784e-02 7.66818527e+01]
  [1.13944714e-05 2.85174833e-02 2.84890585e+01]]]

Request Buffer Table:
[[[1.96494739e-04 3.77677240e-02 3.16609762e+01]
  [1.75156367e-04 3.69460597e-02 3.16867613e+01]
  [1.84198242e-04 3.75658751e-02 3.18233822e+01]
  [1.82946481e-04 3.76290477e-02 3.15162966e+01]
  [1.95298870e-04 3.81632572e-02 3.19086642e+01]
  [1.84698263e-04 3.75644474e-02 3.13750341e+01]
  [1.79632139e-04 3.73218996e-02 3.25132351e+01]
  [1.13746472e-04 3.28953117e-02 4.24991919e+01]]

 [[1.80257885e-04 3.73555230e-02 3.14457892e+01]
  [1.96832857e-04 3.82444103e-02 3.13661533e+01]
  [1.80896251e-04 3.74267466e-02 3.19535028e+01]
  [1.92083635e-04 3.80040429e-02 3.17291745e+01]
  [1.88913562e-04 3.76876265e-02 3.14870907e+01]
  [1.84451226e-04 3.75569691e-02 3.17323032e+01]
  [1.75374292e-04 3.68960109e-02 3.25247269e+01]
  [1.71615313e-04 3.68590314e-02 3.13910305e+01]]

 [[2.07113935e-04 3.87933476e-02 3.15933082e+01]
  [1.78929793e-04 3.73010096e-02 3.13971938e+01]
  [1.88754928e-04 3.78508914e-02 3.18431057e+01]
  [2.07255829e-04 3.87524300e-02 3.14317955e+01]
  [1.82150139e-04 3.76161124e-02 3.17942066e+01]
  [1.98427605e-04 3.83074039e-02 3.14695958e+01]
  [1.79141975e-04 3.73129306e-02 3.13641163e+01]
  [1.25292028e-04 3.26402461e-02 4.35207711e+01]]

 [[2.17491420e-04 3.91944901e-02 3.15389296e+01]
  [1.97107223e-04 3.83051939e-02 3.18945212e+01]
  [1.84584006e-04 3.76844984e-02 3.22586357e+01]
  [1.97209394e-04 3.81957922e-02 3.15371320e+01]
  [2.20579101e-04 3.80989723e-02 3.20597728e+01]
  [1.87655636e-04 3.73026910e-02 3.23100048e+01]
  [1.91682531e-04 3.80324992e-02 3.17584004e+01]
  [1.79581543e-04 3.73875716e-02 3.14361096e+01]]

 [[1.88567479e-04 3.78691858e-02 3.13661655e+01]
  [1.77893221e-04 3.71807971e-02 3.19047038e+01]
  [1.81878993e-04 3.74086514e-02 3.16586555e+01]
  [1.77001385e-04 3.70731487e-02 3.22483331e+01]
  [1.86817707e-04 3.77181859e-02 3.19615557e+01]
  [1.95648263e-04 3.81400208e-02 3.16949990e+01]
  [1.74304994e-04 3.70294876e-02 3.16343988e+01]
  [1.86351436e-04 3.77137319e-02 3.19065360e+01]]

 [[1.96899745e-04 3.81789959e-02 3.16708933e+01]
  [1.83222338e-04 3.73633057e-02 3.19452121e+01]
  [1.59417566e-04 3.48598153e-02 3.90336404e+01]
  [1.96064561e-04 3.81786369e-02 3.19699727e+01]
  [1.80702295e-04 3.73301309e-02 3.15170368e+01]
  [1.76760959e-04 3.65962555e-02 3.18589441e+01]
  [1.84446896e-04 3.71730338e-02 3.14631369e+01]
  [1.80658518e-04 3.74699710e-02 3.19869137e+01]]

 [[1.86142626e-04 3.74855317e-02 3.11127505e+01]
  [1.68815491e-04 3.67615807e-02 3.17095453e+01]
  [1.89227286e-04 3.78286458e-02 3.18699143e+01]
  [1.92080431e-04 3.79644755e-02 3.15008602e+01]
  [1.79428508e-04 3.73066074e-02 3.10554514e+01]
  [1.70954168e-04 3.65803898e-02 3.38454230e+01]
  [1.78996605e-04 3.73059035e-02 3.17084369e+01]
  [2.19473734e-04 3.92668460e-02 3.17608351e+01]]

 [[1.49942548e-04 3.54199704e-02 3.86028676e+01]
  [1.82892843e-04 3.73060568e-02 3.17453442e+01]
  [1.87058242e-04 3.77201578e-02 3.16826321e+01]
  [2.02462290e-04 3.84621528e-02 3.17141353e+01]
  [1.77158087e-04 3.70835022e-02 3.19216834e+01]
  [2.00153617e-04 3.83209013e-02 3.20476805e+01]
  [1.74382481e-04 3.69547004e-02 3.48920435e+01]
  [1.36749712e-06 2.26071606e-02 7.85216320e+01]]]

Ref Max Post Table:
[[[3.17479892e-05 2.95132599e-02 3.10443527e+01]
  [3.15949985e-05 2.94211739e-02 3.13770273e+01]
  [3.12806207e-05 2.93434776e-02 3.23653884e+01]
  [3.39431060e-05 2.94371082e-02 3.11422290e+01]]

 [[3.10235452e-05 2.92585217e-02 3.12728205e+01]
  [1.87409279e-05 2.74273810e-02 4.22640861e+01]
  [2.18603778e-05 2.77126193e-02 3.74132046e+01]
  [6.79289260e-06 2.38045840e-02 7.13129546e+01]]

 [[2.78940190e-05 2.93822012e-02 3.12722522e+01]
  [9.74151705e-06 2.43646464e-02 6.08200828e+01]
  [5.80184485e-05 2.93828769e-02 3.12347120e+01]
  [2.85030616e-05 2.92905559e-02 3.13323915e+01]]

 [[3.39257196e-05 2.94647193e-02 3.14321536e+01]
  [6.66439660e-06 2.38236468e-02 6.91165965e+01]
  [3.12692068e-05 2.95053346e-02 3.11448728e+01]
  [1.25777295e-05 2.83015318e-02 4.48298167e+01]]]

Ref Max Pull Table:
[[[2.95842846e-05 2.93971033e-02 3.08472788e+01]
  [3.06201007e-05 2.94417895e-02 3.15582302e+01]
  [2.04015995e-05 2.69745439e-02 4.31236469e+01]
  [2.98647500e-05 2.93437673e-02 3.08412637e+01]]

 [[2.85819444e-05 2.91259062e-02 3.60745498e+01]
  [2.99564495e-05 2.94506793e-02 3.16573320e+01]
  [5.74103373e-05 2.94910278e-02 3.14736012e+01]
  [1.48454190e-05 2.45619725e-02 6.62628126e+01]]

 [[2.66836700e-05 2.82232763e-02 3.82559974e+01]
  [3.85193020e-05 2.80776378e-02 3.84128789e+01]
  [1.39516205e-06 2.26134047e-02 7.84919212e+01]
  [2.93500531e-05 2.94638220e-02 3.15054660e+01]]

 [[2.94036665e-05 2.92599470e-02 3.19691485e+01]
  [2.24546020e-05 2.72734173e-02 4.52564365e+01]
  [3.06025507e-05 2.94305057e-02 3.14471278e+01]
  [2.87516203e-05 2.94035715e-02 3.15102570e+01]]]

Max Activate Table:
[[[1.89955397e-04 3.77041284e-02 3.14952204e+01 1.98670796e-03
   5.21985829e-02 6.83634931e-04 6.83634931e-04]
  [1.85708926e-04 3.74593619e-02 3.14996160e+01 2.02314880e-03
   4.22567172e-02 6.83505403e-04 6.83505403e-04]
  [1.95850200e-04 3.80027178e-02 3.18112678e+01 2.09440293e-03
   3.60255416e-02 6.83140005e-04 6.83140005e-04]
  [1.92829253e-04 3.78958342e-02 3.13605635e+01 2.00364612e-03
   4.89548787e-02 6.83928858e-04 6.83928858e-04]
  [2.13685412e-04 3.88486508e-02 3.18544775e+01 2.02299465e-03
   3.87174354e-02 6.83212994e-04 6.83212994e-04]
  [1.87096443e-04 3.75674138e-02 3.21775030e+01 1.98764702e-03
   4.84410528e-02 6.84077295e-04 6.84077295e-04]
  [1.81350100e-04 3.72182833e-02 3.21600938e+01 1.99978585e-03
   3.92291226e-02 6.84003575e-04 6.84003575e-04]
  [1.73678169e-04 3.68606152e-02 3.17432391e+01 1.96995432e-03
   5.19534268e-02 6.83822577e-04 6.83822577e-04]]

 [[2.05033056e-04 3.83876927e-02 3.12315474e+01 2.02745730e-03
   4.85709852e-02 6.83151999e-04 6.83151999e-04]
  [2.09541229e-04 3.85420608e-02 3.19497815e+01 2.00639570e-03
   3.80291616e-02 6.83093925e-04 6.83093925e-04]
  [1.96925616e-04 3.80905354e-02 3.15599737e+01 2.01079810e-03
   4.11292887e-02 6.83508612e-04 6.83508612e-04]
  [1.92649804e-04 3.77873922e-02 3.19680658e+01 1.99417380e-03
   5.44432051e-02 6.83032818e-04 6.83032818e-04]
  [1.85670333e-04 3.75058119e-02 3.15810621e+01 1.97267885e-03
   5.29559579e-02 6.84125309e-04 6.84125309e-04]
  [1.94824828e-04 3.79389268e-02 3.18179942e+01 2.00408275e-03
   6.36944970e-02 6.83423793e-04 6.83423793e-04]
  [1.63644338e-04 3.62591069e-02 3.20719769e+01 1.88365952e-03
   2.00412266e-01 6.83819706e-04 6.83819706e-04]
  [1.83053978e-04 3.73416212e-02 3.13544347e+01 1.97581412e-03
   4.89924167e-02 6.83684591e-04 6.83684591e-04]]

 [[1.93304991e-04 3.74554739e-02 3.21116807e+01 1.96486972e-03
   6.52596791e-02 6.83415793e-04 6.83415793e-04]
  [1.93241385e-04 3.77053692e-02 3.17093351e+01 2.05619154e-03
   9.48456523e-02 6.82863817e-04 6.82863817e-04]
  [1.86545736e-04 3.73678135e-02 3.16157805e+01 2.01643383e-03
   3.72864456e-02 6.83351507e-04 6.83351507e-04]
  [2.05590462e-04 3.85304835e-02 3.21389668e+01 2.08508622e-03
   3.80679214e-02 6.82835887e-04 6.82835887e-04]
  [1.94934361e-04 3.79342301e-02 3.18264781e+01 2.07402213e-03
   3.65074104e-02 6.83733842e-04 6.83733842e-04]
  [2.01256812e-04 3.74334865e-02 3.19679506e+01 2.01772050e-03
   3.49231121e-02 6.83377793e-04 6.83377793e-04]
  [1.81416762e-04 3.73199123e-02 3.17347685e+01 1.96082403e-03
   3.66052942e-02 6.83331216e-04 6.83331216e-04]
  [1.84201380e-04 3.73781593e-02 3.26944570e+01 1.97542648e-03
   5.01498125e-02 6.83258106e-04 6.83258106e-04]]

 [[1.87022458e-04 3.75092095e-02 3.23455102e+01 1.99857043e-03
   4.90658332e-02 6.84212104e-04 6.84212104e-04]
  [1.77035768e-04 3.71083391e-02 3.15368875e+01 1.96819395e-03
   6.03049178e-02 6.82707172e-04 6.82707172e-04]
  [1.86306924e-04 3.72565803e-02 3.20257955e+01 1.97801241e-03
   4.64442372e-02 6.83665238e-04 6.83665238e-04]
  [1.88194329e-04 3.75263064e-02 3.18530853e+01 2.01806014e-03
   8.24206350e-02 6.83310647e-04 6.83310647e-04]
  [1.84885946e-04 3.74777152e-02 3.19817303e+01 2.02345950e-03
   3.44408254e-02 6.81917054e-04 6.81917054e-04]
  [1.92744244e-04 3.79326442e-02 3.19187612e+01 1.99759054e-03
   3.83256835e-02 6.84019744e-04 6.84019744e-04]
  [1.89789116e-04 3.77216349e-02 3.13818144e+01 1.97101822e-03
   3.95052183e-02 6.83494204e-04 6.83494204e-04]
  [1.89945986e-04 3.77506902e-02 3.18109934e+01 2.02137857e-03
   3.76891688e-02 6.82516777e-04 6.82516777e-04]]

 [[1.92223167e-04 3.77986521e-02 3.18360819e+01 2.04628379e-03
   3.65514774e-02 6.83418759e-04 6.83418759e-04]
  [2.14633987e-04 3.86527926e-02 3.11929112e+01 2.04071036e-03
   4.67625924e-02 6.83086771e-04 6.83086771e-04]
  [1.89044024e-04 3.76851824e-02 3.19755437e+01 2.00072440e-03
   4.59692897e-02 6.83735474e-04 6.83735474e-04]
  [1.79387592e-04 3.71714748e-02 3.18287555e+01 1.99792545e-03
   4.91718409e-02 6.82463780e-04 6.82463780e-04]
  [2.07341612e-04 3.86652565e-02 3.17348230e+01 2.02292143e-03
   3.78198097e-02 6.82642560e-04 6.82642560e-04]
  [1.92390493e-04 3.77582437e-02 3.18171925e+01 1.99491468e-03
   1.15491192e-01 6.83605920e-04 6.83605920e-04]
  [1.87811132e-04 3.74984355e-02 3.19906837e+01 2.04161032e-03
   3.52737022e-02 6.82143081e-04 6.82143081e-04]
  [1.68722732e-04 3.65981006e-02 3.40310713e+01 1.93457430e-03
   3.78334657e-02 6.83824933e-04 6.83824933e-04]]

 [[1.96332662e-04 3.80329120e-02 3.15172255e+01 2.00974899e-03
   5.56634639e-02 6.83807802e-04 6.83807802e-04]
  [1.99642169e-04 3.81997541e-02 3.17423553e+01 2.16832377e-03
   3.77383684e-02 6.82734044e-04 6.82734044e-04]
  [2.09683696e-04 3.83219491e-02 3.12344578e+01 2.04867179e-03
   3.95798005e-02 6.84047811e-04 6.84047811e-04]
  [1.91725890e-04 3.76760662e-02 3.19502387e+01 1.97681495e-03
   3.64206038e-02 6.83119733e-04 6.83119733e-04]
  [1.80588961e-04 3.71831719e-02 3.18461160e+01 1.98236418e-03
   3.80777553e-02 6.84018758e-04 6.84018758e-04]
  [1.99542446e-04 3.75516791e-02 3.16640941e+01 2.09814575e-03
   3.52368419e-02 6.82749011e-04 6.82749011e-04]
  [4.08969735e-06 2.26876270e-02 7.55461409e+01 2.75153478e-03
   8.90315978e-04 6.77095377e-04 6.77095377e-04]
  [1.79158011e-04 3.71364422e-02 3.19793943e+01 1.97182342e-03
   5.47093908e-02 6.82552165e-04 6.82552165e-04]]

 [[1.81762764e-04 3.73296579e-02 3.15246040e+01 1.98882902e-03
   5.10378205e-02 6.83516150e-04 6.83516150e-04]
  [1.82874810e-04 3.73698087e-02 3.12078656e+01 1.96209453e-03
   7.31233574e-02 6.83548040e-04 6.83548040e-04]
  [2.24214632e-04 3.85727460e-02 3.13236918e+01 1.99765231e-03
   4.01270956e-02 6.82959535e-04 6.82959535e-04]
  [1.92141318e-04 3.78991669e-02 3.16675549e+01 2.07970565e-03
   3.80941708e-02 6.83557709e-04 6.83557709e-04]
  [1.96762617e-04 3.79891290e-02 3.18824147e+01 2.00800500e-03
   3.76411711e-02 6.82751793e-04 6.82751793e-04]
  [1.76591874e-04 3.69345289e-02 3.14950896e+01 1.99028335e-03
   5.38561076e-02 6.82723201e-04 6.82723201e-04]
  [1.80323494e-04 3.72011837e-02 3.12315028e+01 1.96133868e-03
   3.67389520e-02 6.83621498e-04 6.83621498e-04]
  [4.04793594e-06 2.26213296e-02 7.76036751e+01 2.72243732e-03
   8.87042984e-04 6.77037303e-04 6.77037303e-04]]

 [[1.88555252e-04 3.76277686e-02 3.15241994e+01 1.97203557e-03
   4.06919755e-02 6.83980950e-04 6.83980950e-04]
  [1.94034968e-04 3.72787086e-02 3.20106349e+01 1.94823269e-03
   4.27006238e-02 6.83325205e-04 6.83325205e-04]
  [1.88986771e-04 3.77357940e-02 3.18727096e+01 1.96848932e-03
   4.17707001e-02 6.83125894e-04 6.83125894e-04]
  [1.82767730e-04 3.73038661e-02 3.20094512e+01 2.00518984e-03
   4.45672735e-02 6.82249053e-04 6.82249053e-04]
  [1.98782779e-04 3.81426749e-02 3.15640532e+01 2.08479860e-03
   3.76163093e-02 6.83105510e-04 6.83105510e-04]
  [4.00669751e-06 2.26851756e-02 7.47488018e+01 2.69107755e-03
   1.08885812e-03 6.76860325e-04 7.34804327e-04]
  [1.33251304e-04 3.35663205e-02 4.30060431e+01 2.07522380e-03
   6.12407425e-02 6.85621403e-04 6.85621403e-04]
  [1.85554834e-04 3.74726033e-02 3.17036656e+01 2.02588911e-03
   3.68806697e-02 6.82617424e-04 6.82617424e-04]]]

Cumulative Reward: 11309.926624055914
