Scheduler Table:
[[[1.38804781e-06 1.16456081e-02 2.15074680e+01 4.99625236e-04
   1.00130190e-03 1.00130190e-03 1.00130190e-03]
  [1.29214992e-06 1.07580945e-02 2.42643597e+01 4.77657024e-04
   1.13794534e-03 1.08852179e-03 1.08852179e-03]
  [1.73982112e-06 1.17198260e-02 2.07289424e+01 4.99628482e-04
   1.00128886e-03 1.00128886e-03 1.00128886e-03]]

 [[1.62696186e-06 1.10898493e-02 2.32306675e+01 4.95204740e-04
   1.02968853e-03 1.02000056e-03 1.02000056e-03]
  [3.30435078e-04 7.95360364e-01 3.02767163e+01 4.25591047e-04
   1.53036164e-03 1.21601868e-03 1.33637714e-03]
  [1.66703065e-06 1.17334330e-02 2.05114326e+01 4.99629186e-04
   1.00128603e-03 1.00128603e-03 1.00128603e-03]]

 [[1.64201620e-06 1.17734361e-02 2.09183518e+01 4.99628259e-04
   1.00128976e-03 1.00128976e-03 1.00128976e-03]
  [1.68532636e-06 1.18041092e-02 2.09699979e+01 4.99625935e-04
   1.00129909e-03 1.00129909e-03 1.00129909e-03]
  [1.68898843e-06 1.17194565e-02 2.13766459e+01 4.99626975e-04
   1.00129491e-03 1.00129491e-03 1.00129491e-03]]]

Buffer Table:
[[[3.30434983e-04 7.95360047e-01 3.02764233e+01 4.25575016e-04
   1.53046179e-03 1.21608288e-03 1.33644134e-03]
  [1.55847192e-06 1.16245182e-02 2.19803529e+01 4.99621886e-04
   1.00131536e-03 1.00131536e-03 1.00131536e-03]
  [2.12585561e-06 1.17476840e-02 2.08405299e+01 4.99626763e-04
   1.00129576e-03 1.00129576e-03 1.00129576e-03]]

 [[1.31220538e-06 1.13372507e-02 2.20843543e+01 4.95399954e-04
   1.02732705e-03 1.01778880e-03 1.01778880e-03]
  [1.02365779e-06 1.08454466e-02 2.43425201e+01 4.66590474e-04
   1.20815935e-03 1.13407526e-03 1.13407526e-03]
  [1.43796240e-06 1.16621125e-02 2.15736700e+01 4.99624747e-04
   1.00130387e-03 1.00130387e-03 1.00130387e-03]]

 [[1.45738767e-06 1.16514364e-02 2.20446019e+01 4.99628471e-04
   1.00128890e-03 1.00128890e-03 1.00128890e-03]
  [1.75433334e-06 1.18140937e-02 2.14617946e+01 4.99626765e-04
   1.00129576e-03 1.00129576e-03 1.00129576e-03]
  [1.50603929e-06 1.16877958e-02 2.15681904e+01 4.99630123e-04
   1.00128227e-03 1.00128227e-03 1.00128227e-03]]]

Arbiter Table:
[[[8.46317553e-07 1.11876614e-02 2.43361057e+01 4.99626518e-04
   1.00129675e-03 1.00129675e-03 1.00129675e-03]
  [1.29182333e-06 1.17094138e-02 2.13875639e+01 4.99627100e-04
   1.00129441e-03 1.00129441e-03 1.00129441e-03]
  [1.20998613e-06 1.16951203e-02 2.18810666e+01 4.99624180e-04
   1.00130614e-03 1.00130614e-03 1.00130614e-03]]

 [[1.17397995e-06 1.17126531e-02 2.20973136e+01 4.99626348e-04
   1.00129743e-03 1.00129743e-03 1.00129743e-03]
  [3.30434931e-04 7.95359963e-01 3.02766701e+01 4.25570680e-04
   1.53048893e-03 1.21610030e-03 1.33645876e-03]
  [1.23217514e-06 1.16874388e-02 2.08900137e+01 4.99625945e-04
   1.00129905e-03 1.00129905e-03 1.00129905e-03]]

 [[1.19507826e-06 1.17861030e-02 2.03247799e+01 4.99627145e-04
   1.00129423e-03 1.00129423e-03 1.00129423e-03]
  [1.01703831e-06 1.14952158e-02 2.28007820e+01 4.99629778e-04
   1.00128365e-03 1.00128365e-03 1.00128365e-03]
  [1.12156831e-06 1.16482210e-02 2.16639653e+01 4.99627417e-04
   1.00129314e-03 1.00129314e-03 1.00129314e-03]]]

Page Table:
[[[7.08952389e-06 1.19422838e-02 2.17175706e+01 4.99629080e-04
   1.00128646e-03 1.00128646e-03 1.00128646e-03]
  [6.05803371e-06 1.17475520e-02 2.23649217e+01 4.99627384e-04
   1.00129327e-03 1.00129327e-03 1.00129327e-03]
  [5.21113465e-06 1.17677007e-02 2.07872769e+01 4.99624855e-04
   1.00130343e-03 1.00130343e-03 1.00130343e-03]
  [6.26448872e-06 1.18336000e-02 2.21235492e+01 4.99628410e-04
   1.00128915e-03 1.00128915e-03 1.00128915e-03]]

 [[5.82102612e-06 1.18399089e-02 2.15795911e+01 4.99623154e-04
   1.00131027e-03 1.00131026e-03 1.00131026e-03]
  [3.16100410e-06 1.13959623e-02 2.35813752e+01 4.99620173e-04
   1.00132224e-03 1.00132224e-03 1.00132224e-03]
  [5.14627711e-06 1.17413792e-02 2.07710188e+01 4.99628774e-04
   1.00128769e-03 1.00128769e-03 1.00128769e-03]
  [6.30129030e-06 1.18515924e-02 2.02464657e+01 4.99626467e-04
   1.00129695e-03 1.00129695e-03 1.00129695e-03]]

 [[6.42139120e-06 1.19149923e-02 2.07640674e+01 4.99626850e-04
   1.00129541e-03 1.00129541e-03 1.00129541e-03]
  [6.01016804e-06 1.17589953e-02 2.05489897e+01 4.99623354e-04
   1.00130946e-03 1.00130946e-03 1.00130946e-03]
  [6.07624921e-06 1.18195253e-02 2.02440860e+01 4.99626231e-04
   1.00129790e-03 1.00129790e-03 1.00129790e-03]
  [5.14810714e-06 1.17380226e-02 2.25927690e+01 4.99629058e-04
   1.00128655e-03 1.00128655e-03 1.00128655e-03]]

 [[5.69739467e-06 1.17774579e-02 2.17092771e+01 4.99627121e-04
   1.00129433e-03 1.00129432e-03 1.00129432e-03]
  [6.62921514e-06 1.18425446e-02 2.09306129e+01 4.99626676e-04
   1.00129611e-03 1.00129611e-03 1.00129611e-03]
  [6.28657511e-06 1.19034087e-02 2.04602049e+01 4.99624066e-04
   1.00130660e-03 1.00130660e-03 1.00130660e-03]
  [3.30434931e-04 7.95359963e-01 3.02766701e+01 4.25570680e-04
   1.53048893e-03 1.21610030e-03 1.33645876e-03]]]

Response Table:
[[[3.30434931e-04 7.95359963e-01 3.02766701e+01]
  [5.64795536e-07 1.16408097e-02 2.04579601e+01]]

 [[5.47509929e-07 1.15621393e-02 2.12234615e+01]
  [4.90303579e-07 1.11164410e-02 2.36947635e+01]]]

Refresh Table:
[[[6.08303720e-07 1.17186997e-02 2.00106087e+01]
  [2.54611648e-06 1.11482157e-02 2.35126227e+01]]

 [[5.51245278e-07 1.15826146e-02 2.20045344e+01]
  [3.30434931e-04 7.95359963e-01 3.02766701e+01]]]

Request Buffer Table:
[[[9.15900219e-05 1.24973991e-02 2.03553442e+01]
  [1.04555331e-04 1.27537878e-02 2.08603404e+01]
  [1.16089059e-04 1.27542275e-02 2.09189853e+01]
  [8.59742070e-05 1.24516337e-02 2.09025844e+01]
  [7.26701430e-05 1.23779965e-02 2.01889111e+01]
  [8.25060878e-05 1.24128300e-02 2.23911879e+01]
  [1.10720160e-04 1.26379450e-02 2.08957127e+01]
  [1.18090168e-04 1.27517413e-02 2.04614230e+01]]

 [[1.02100332e-04 1.25508527e-02 2.12149286e+01]
  [8.45130764e-05 1.24246056e-02 2.13376133e+01]
  [9.84434194e-05 1.26492094e-02 2.16842774e+01]
  [7.37874074e-05 1.22300336e-02 2.22340673e+01]
  [1.85909210e-05 1.07816208e-02 2.44218172e+01]
  [1.02023941e-04 1.25308354e-02 2.16547290e+01]
  [9.38967526e-05 1.25401977e-02 2.06422941e+01]
  [7.42577023e-05 1.23808512e-02 2.16900750e+01]]

 [[9.89310466e-05 1.26152610e-02 2.09100843e+01]
  [8.45156611e-05 1.24165594e-02 2.08612736e+01]
  [9.55639915e-05 1.25634610e-02 2.07891399e+01]
  [8.27453213e-05 1.23801495e-02 2.10253470e+01]
  [1.03101621e-04 1.25933536e-02 2.11610967e+01]
  [1.08482171e-04 1.26876734e-02 2.14584269e+01]
  [1.02076441e-04 1.25779595e-02 2.11696165e+01]
  [8.62386610e-05 1.24755389e-02 2.07815460e+01]]

 [[1.07469234e-04 1.26357849e-02 1.97370922e+01]
  [8.26259915e-05 1.25247049e-02 2.16647074e+01]
  [1.17672330e-04 1.27712649e-02 2.14072770e+01]
  [7.54616092e-05 1.23251267e-02 2.17691752e+01]
  [5.44090296e-05 1.16331646e-02 2.37816113e+01]
  [8.55218052e-05 1.24607460e-02 2.12278388e+01]
  [1.10993384e-04 1.26890487e-02 2.14043909e+01]
  [8.35780436e-05 1.23720419e-02 2.13767944e+01]]

 [[8.21136357e-05 1.24300790e-02 2.04032289e+01]
  [3.46217519e-07 9.83553016e-03 2.37517512e+01]
  [8.64199561e-05 1.24629684e-02 2.14204798e+01]
  [8.19956140e-05 1.25505693e-02 2.06135225e+01]
  [3.30464128e-04 7.95361481e-01 3.02765444e+01]
  [8.77446120e-05 1.24472598e-02 2.12150279e+01]
  [9.02325203e-05 1.24903608e-02 1.99385948e+01]
  [1.06096701e-04 1.26076345e-02 2.13489048e+01]]

 [[7.95820349e-05 1.24517233e-02 2.15725628e+01]
  [7.79057810e-05 1.23338383e-02 2.24655335e+01]
  [8.35743557e-05 1.25025198e-02 2.12594993e+01]
  [9.72432792e-05 1.26173669e-02 2.07432009e+01]
  [7.98395897e-05 1.24632936e-02 2.15338921e+01]
  [7.98838534e-05 1.23735070e-02 2.21871057e+01]
  [8.76415031e-05 1.24869203e-02 2.06285315e+01]
  [1.00527525e-04 1.26833942e-02 2.14582805e+01]]

 [[9.60868273e-05 1.25863405e-02 2.09254432e+01]
  [9.46105374e-05 1.25844301e-02 2.11844833e+01]
  [9.11141452e-05 1.25178103e-02 2.04270002e+01]
  [8.72249595e-05 1.24015585e-02 2.11200393e+01]
  [8.00194648e-05 1.24557610e-02 2.04680908e+01]
  [1.03868003e-04 1.25799186e-02 2.09298801e+01]
  [8.24974753e-05 1.24887405e-02 2.20149935e+01]
  [9.11271798e-05 1.25056473e-02 2.09147736e+01]]

 [[1.07234969e-04 1.26518505e-02 2.04391313e+01]
  [1.00284824e-04 1.26307824e-02 2.11855880e+01]
  [1.03028312e-04 1.26743028e-02 2.12581270e+01]
  [8.51134222e-05 1.24203743e-02 2.09917591e+01]
  [8.78355826e-05 1.24412242e-02 2.10217330e+01]
  [9.22040622e-05 1.25651100e-02 2.15490483e+01]
  [8.23229946e-05 1.23370704e-02 2.21119569e+01]
  [8.59015378e-05 1.23606545e-02 2.08250791e+01]]]

Ref Max Post Table:
[[[3.79773818e-06 1.18407560e-02 2.10269581e+01]
  [1.49900226e-06 1.06324533e-02 2.51052807e+01]
  [3.38863292e-06 1.17146555e-02 2.19888404e+01]
  [3.25419138e-06 1.17304102e-02 2.19466544e+01]]

 [[3.53621006e-07 9.84861409e-03 2.45062360e+01]
  [3.09774205e-06 1.18538420e-02 2.08051591e+01]
  [3.20286929e-06 1.18210073e-02 2.13096857e+01]
  [1.46732438e-06 1.06152278e-02 2.41855004e+01]]

 [[1.65503935e-06 1.07374465e-02 2.54589722e+01]
  [2.97811424e-06 1.18306061e-02 2.06492650e+01]
  [3.85263012e-06 1.18688594e-02 2.14402248e+01]
  [3.84105976e-06 1.18395297e-02 2.08561717e+01]]

 [[1.32862013e-06 1.05027701e-02 2.44189259e+01]
  [3.59275061e-06 1.18381233e-02 2.04910837e+01]
  [3.21491867e-06 1.18812390e-02 2.07987155e+01]
  [3.30435704e-04 7.95360500e-01 3.02775159e+01]]]

Ref Max Pull Table:
[[[6.27144608e-06 1.19103839e-02 2.12654301e+01]
  [3.48139311e-06 1.13585004e-02 2.34120127e+01]
  [5.21444778e-06 1.17718582e-02 2.13724111e+01]
  [6.68089699e-06 1.18534700e-02 2.20595466e+01]]

 [[4.57817892e-06 1.16056529e-02 2.22573769e+01]
  [3.30434931e-04 7.95359963e-01 3.02766701e+01]
  [5.10823223e-06 1.18386356e-02 2.06815644e+01]
  [5.51408934e-06 1.18054763e-02 2.15137999e+01]]

 [[6.33355111e-06 1.18218927e-02 2.12793522e+01]
  [5.35713942e-06 1.18058800e-02 2.21795011e+01]
  [6.06816437e-06 1.18875560e-02 2.14577998e+01]
  [5.41177059e-06 1.17996497e-02 2.03940891e+01]]

 [[5.64753626e-06 1.17833458e-02 2.29282250e+01]
  [5.25593728e-06 1.17861398e-02 2.09542657e+01]
  [5.70585702e-06 1.17776724e-02 2.15920860e+01]
  [5.96671726e-06 1.17610339e-02 2.11504622e+01]]]

Max Activate Table:
[[[1.35157500e-04 1.27944108e-02 2.08532951e+01 4.98725926e-04
   1.00710701e-03 1.00513037e-03 1.00513037e-03]
  [1.19263240e-04 1.25874174e-02 2.01612163e+01 4.98854199e-04
   1.00626971e-03 1.00458338e-03 1.00458338e-03]
  [1.13278953e-04 1.24358204e-02 2.15797350e+01 4.98991698e-04
   1.00538693e-03 1.00399851e-03 1.00399851e-03]
  [1.08399524e-04 1.25984611e-02 2.13076291e+01 4.98906169e-04
   1.00594871e-03 1.00436357e-03 1.00436357e-03]
  [1.16588714e-04 1.25460479e-02 2.14258558e+01 4.98830562e-04
   1.00643052e-03 1.00468482e-03 1.00468482e-03]
  [9.95089822e-05 1.23333750e-02 2.20787952e+01 4.99021592e-04
   1.00520355e-03 1.00387219e-03 1.00387219e-03]
  [1.49061562e-04 1.24743352e-02 2.04816557e+01 4.98923537e-04
   1.00583394e-03 1.00428937e-03 1.00428937e-03]
  [3.65493640e-04 1.28379123e-02 2.15269880e+01 4.98545643e-04
   1.00826699e-03 1.00589749e-03 1.00589749e-03]]

 [[1.18071501e-04 1.23929200e-02 2.09957585e+01 4.98963495e-04
   1.00556990e-03 1.00411866e-03 1.00411866e-03]
  [1.21714554e-04 1.25429024e-02 2.02147014e+01 4.98890121e-04
   1.00604917e-03 1.00443158e-03 1.00443158e-03]
  [1.13874236e-04 1.24772808e-02 2.03612177e+01 4.98932482e-04
   1.00577053e-03 1.00425073e-03 1.00425073e-03]
  [1.11923604e-04 1.25106761e-02 2.09849860e+01 4.98945386e-04
   1.00569125e-03 1.00419619e-03 1.00419619e-03]
  [2.20366197e-04 1.27695887e-02 2.07259401e+01 4.98696040e-04
   1.00730250e-03 1.00525786e-03 1.00525786e-03]
  [9.32917626e-05 1.23846583e-02 2.23804867e+01 4.98964502e-04
   1.00556961e-03 1.00411499e-03 1.00411499e-03]
  [1.64373913e-04 1.25495186e-02 2.15599963e+01 4.98886980e-04
   1.00605106e-03 1.00444314e-03 1.00444314e-03]
  [9.61890136e-05 1.24880917e-02 2.10184218e+01 4.98915754e-04
   1.00588080e-03 1.00432217e-03 1.00432217e-03]]

 [[1.29984472e-04 1.23902632e-02 2.08856196e+01 4.99004674e-04
   1.00530849e-03 1.00394379e-03 1.00394379e-03]
  [1.33022110e-04 1.24867052e-02 2.18491711e+01 4.98896355e-04
   1.00600814e-03 1.00440496e-03 1.00440496e-03]
  [1.08686293e-04 1.24502269e-02 2.07006939e+01 4.98915312e-04
   1.00588092e-03 1.00432378e-03 1.00432378e-03]
  [1.36069914e-04 1.26955093e-02 2.00492325e+01 4.98789297e-04
   1.00669531e-03 1.00486034e-03 1.00486034e-03]
  [1.30598862e-04 1.24856547e-02 2.17579951e+01 4.98910169e-04
   1.00591558e-03 1.00434582e-03 1.00434582e-03]
  [1.02574725e-04 1.26366831e-02 2.14697205e+01 4.98774732e-04
   1.00679331e-03 1.00492273e-03 1.00492273e-03]
  [1.07011997e-04 1.24317847e-02 2.25560467e+01 4.99008678e-04
   1.00526838e-03 1.00392534e-03 1.00392534e-03]
  [1.23425465e-04 1.26586441e-02 2.12911336e+01 4.98812163e-04
   1.00654157e-03 1.00476239e-03 1.00476239e-03]]

 [[1.60432944e-04 1.25946715e-02 2.06959556e+01 4.98861158e-04
   1.00623838e-03 1.00455510e-03 1.00455510e-03]
  [1.25676732e-04 1.27198718e-02 2.11082108e+01 4.98770639e-04
   1.00681939e-03 1.00494012e-03 1.00494012e-03]
  [1.09808689e-04 1.24373421e-02 2.12470491e+01 4.98987293e-04
   1.00542380e-03 1.00401809e-03 1.00401809e-03]
  [1.17180997e-04 1.25439318e-02 2.13458878e+01 4.98879774e-04
   1.00609832e-03 1.00447389e-03 1.00447389e-03]
  [1.05512554e-04 1.24760125e-02 2.21080932e+01 4.98936811e-04
   1.00572925e-03 1.00423099e-03 1.00423099e-03]
  [1.12708233e-04 1.25967152e-02 2.11247180e+01 4.98880725e-04
   1.00610999e-03 1.00447159e-03 1.00447159e-03]
  [1.20347266e-04 1.25673408e-02 2.11892822e+01 4.98883904e-04
   1.00608855e-03 1.00445797e-03 1.00445797e-03]
  [1.10348765e-04 1.24506809e-02 1.96170559e+01 4.98927138e-04
   1.00580504e-03 1.00427348e-03 1.00427348e-03]]

 [[1.07518318e-04 1.25554334e-02 2.11278417e+01 4.98913610e-04
   1.00589727e-03 1.00433155e-03 1.00433155e-03]
  [1.33092679e-04 1.27529581e-02 2.12035174e+01 4.98739909e-04
   1.00701804e-03 1.00507098e-03 1.00507098e-03]
  [1.21987544e-04 1.26169695e-02 2.20069242e+01 4.98837167e-04
   1.00638917e-03 1.00465683e-03 1.00465683e-03]
  [1.24806192e-04 1.25247308e-02 2.11200675e+01 4.98890948e-04
   1.00603547e-03 1.00442723e-03 1.00442723e-03]
  [1.11464616e-04 1.24810700e-02 2.15449213e+01 4.98952354e-04
   1.00564132e-03 1.00416604e-03 1.00416604e-03]
  [1.12057357e-04 1.25130200e-02 1.98913760e+01 4.98945622e-04
   1.00568827e-03 1.00419504e-03 1.00419504e-03]
  [1.18360067e-04 1.23525354e-02 2.24456026e+01 4.99012550e-04
   1.00525729e-03 1.00391023e-03 1.00391023e-03]
  [1.23575635e-04 1.25120223e-02 2.07725221e+01 4.98890589e-04
   1.00604195e-03 1.00442917e-03 1.00442917e-03]]

 [[9.65280585e-05 1.23868359e-02 2.13779220e+01 4.98967640e-04
   1.00554849e-03 1.00410154e-03 1.00410154e-03]
  [1.47683410e-04 1.26075799e-02 2.11531947e+01 4.98890854e-04
   1.00605034e-03 1.00442904e-03 1.00442904e-03]
  [9.97085953e-05 1.24377458e-02 2.08672414e+01 4.98951110e-04
   1.00565730e-03 1.00417212e-03 1.00417212e-03]
  [9.58124447e-05 1.24985197e-02 2.07710523e+01 4.98900281e-04
   1.00597026e-03 1.00438701e-03 1.00438701e-03]
  [1.03330754e-04 1.24817043e-02 2.17488357e+01 4.98951577e-04
   1.00565383e-03 1.00417009e-03 1.00417009e-03]
  [1.01402021e-04 1.24751839e-02 2.16316882e+01 4.98989288e-04
   1.00540916e-03 1.00400942e-03 1.00400942e-03]
  [1.50704753e-04 1.25043998e-02 2.19993641e+01 4.98944969e-04
   1.00569160e-03 1.00419773e-03 1.00419773e-03]
  [1.14795812e-04 1.24789963e-02 2.10130342e+01 4.98991859e-04
   1.00539641e-03 1.00399886e-03 1.00399886e-03]]

 [[9.96510683e-05 1.24222584e-02 2.08222708e+01 4.98961840e-04
   1.00557685e-03 1.00412534e-03 1.00412534e-03]
  [1.00279166e-04 1.23517700e-02 2.13332822e+01 4.99012945e-04
   1.00523980e-03 1.00390708e-03 1.00390708e-03]
  [1.12493076e-04 1.24758698e-02 2.04615289e+01 4.98954769e-04
   1.00563684e-03 1.00415685e-03 1.00415685e-03]
  [1.25792440e-04 1.25537780e-02 2.07291152e+01 4.98845791e-04
   1.00632654e-03 1.00461943e-03 1.00461943e-03]
  [1.28389275e-04 1.25452707e-02 2.13934326e+01 4.98923113e-04
   1.00582139e-03 1.00428967e-03 1.00428967e-03]
  [9.82035830e-05 1.24410674e-02 2.11757579e+01 4.99020175e-04
   1.00520297e-03 1.00387726e-03 1.00387726e-03]
  [1.29826472e-04 1.24767000e-02 2.09693683e+01 4.98954665e-04
   1.00562666e-03 1.00415623e-03 1.00415623e-03]
  [9.05440159e-05 1.19806247e-02 2.23569654e+01 4.99159096e-04
   1.00430155e-03 1.00328540e-03 1.00328540e-03]]

 [[1.05759635e-04 1.24988840e-02 2.07235519e+01 4.98954716e-04
   1.00562817e-03 1.00415619e-03 1.00415619e-03]
  [1.03821008e-04 1.24309249e-02 2.05468762e+01 4.98986041e-04
   1.00541616e-03 1.00402187e-03 1.00402187e-03]
  [1.44382812e-04 1.24789263e-02 2.03206529e+01 4.98983422e-04
   1.00544993e-03 1.00403468e-03 1.00403468e-03]
  [1.35545699e-04 1.27589889e-02 2.01780637e+01 4.98659952e-04
   1.00752802e-03 1.00541075e-03 1.00541075e-03]
  [1.05687788e-04 1.23364226e-02 2.16299935e+01 4.98998530e-04
   1.00534516e-03 1.00396965e-03 1.00396965e-03]
  [1.37220276e-04 1.24676471e-02 2.08639537e+01 4.98927150e-04
   1.00580950e-03 1.00427387e-03 1.00427387e-03]
  [1.50606659e-04 1.25541025e-02 2.06893743e+01 4.98907423e-04
   1.00593982e-03 1.00435815e-03 1.00435815e-03]
  [3.30434931e-04 7.95359963e-01 3.02766701e+01 4.25570680e-04
   1.53048893e-03 1.21610030e-03 1.33645876e-03]]]

Cumulative Reward: 6727.731195346153
