Scheduler Table:
[[[9.36596318e-06 2.88012526e-02 3.77918556e+01 7.85119463e-04
   2.28519171e-03 2.03049170e-03 2.03049170e-03]
  [8.79730265e-06 2.87823628e-02 3.82778422e+01 7.85108911e-04
   2.28532137e-03 2.03057505e-03 2.03057505e-03]
  [9.29437745e-06 2.87965815e-02 3.74395726e+01 7.85089451e-04
   2.28541726e-03 2.03065096e-03 2.03065096e-03]]

 [[8.81020764e-06 2.88718868e-02 3.77038157e+01 7.85115092e-04
   2.28561031e-03 2.03088620e-03 2.03088620e-03]
  [8.03278836e-07 2.29302335e-02 5.50573119e+01 8.24118430e-04
   1.42652544e-03 1.24354872e-03 1.42281625e-03]
  [2.57634373e-06 2.38336438e-02 4.60731678e+01 9.31631345e-04
   1.23318268e-03 1.19051521e-03 1.19051521e-03]]

 [[9.95823047e-06 2.88755544e-02 3.75501023e+01 7.85102665e-04
   2.28528371e-03 2.03051008e-03 2.03051008e-03]
  [3.04170104e-06 2.35693253e-02 4.62144666e+01 9.23985518e-04
   1.21493104e-03 1.18273808e-03 1.18273808e-03]
  [9.03799194e-06 2.88434025e-02 3.77015712e+01 7.85102872e-04
   2.28545480e-03 2.03068329e-03 2.03068329e-03]]]

Buffer Table:
[[[8.15249321e-07 2.29381848e-02 5.50432667e+01 8.24029467e-04
   1.42797751e-03 1.24464790e-03 1.42391543e-03]
  [9.62967243e-06 2.88738636e-02 3.79104519e+01 7.85131566e-04
   2.28510603e-03 2.03042489e-03 2.03042489e-03]
  [8.81033578e-06 2.87931502e-02 3.78907086e+01 7.85106715e-04
   2.28521938e-03 2.03044663e-03 2.03044663e-03]]

 [[8.95393391e-06 2.86900211e-02 3.82622675e+01 7.86500905e-04
   2.25469859e-03 2.00759538e-03 2.00759538e-03]
  [5.42347615e-06 2.63659346e-02 4.19919025e+01 8.12401888e-04
   1.83537134e-03 1.69014651e-03 1.69014651e-03]
  [8.81642667e-06 2.85382608e-02 4.16156905e+01 7.85120964e-04
   2.28547156e-03 2.03075512e-03 2.03075512e-03]]

 [[9.58199238e-06 2.88640233e-02 3.68829407e+01 7.85124515e-04
   2.28567662e-03 2.03096078e-03 2.03096078e-03]
  [1.29994938e-05 2.77851674e-02 4.40283915e+01 7.85127584e-04
   2.28616286e-03 2.03145454e-03 2.03145454e-03]
  [9.54647283e-06 2.87450449e-02 3.78623578e+01 7.85099544e-04
   2.28527628e-03 2.03052587e-03 2.03052587e-03]]]

Arbiter Table:
[[[8.03311263e-07 2.29302101e-02 5.50573075e+01 8.24118025e-04
   1.42652348e-03 1.24354767e-03 1.42281520e-03]
  [7.51930426e-06 2.82498631e-02 4.09269689e+01 7.85122349e-04
   2.28616226e-03 2.03144402e-03 2.03144402e-03]
  [7.62310471e-06 2.83025734e-02 4.10906330e+01 7.85134925e-04
   2.28606470e-03 2.03136401e-03 2.03136401e-03]]

 [[6.30340718e-06 2.74096104e-02 4.43305135e+01 7.85158455e-04
   2.28721188e-03 2.03256023e-03 2.03256023e-03]
  [1.06085776e-05 2.90160500e-02 3.66478117e+01 7.85119882e-04
   2.28520961e-03 2.03049154e-03 2.03049154e-03]
  [9.15729575e-06 2.87824403e-02 3.75239414e+01 7.85082332e-04
   2.28535434e-03 2.03056560e-03 2.03056560e-03]]

 [[6.67006984e-06 2.78811307e-02 4.30120991e+01 7.85160815e-04
   2.28739514e-03 2.03272807e-03 2.03272807e-03]
  [9.77399414e-06 2.88339995e-02 3.77960961e+01 7.85115318e-04
   2.28510151e-03 2.03036413e-03 2.03036413e-03]
  [9.54023342e-06 2.87801561e-02 3.76652276e+01 7.85098778e-04
   2.28501962e-03 2.03025440e-03 2.03025440e-03]]]

Page Table:
[[[8.03311263e-07 2.29302101e-02 5.50573075e+01 8.24118025e-04
   1.42652348e-03 1.24354767e-03 1.42281520e-03]
  [8.80071285e-06 2.93288211e-02 3.88602675e+01 7.85063009e-04
   2.28417739e-03 2.02935601e-03 2.02935601e-03]
  [8.90278926e-06 2.93738806e-02 3.76427726e+01 7.85075487e-04
   2.28359731e-03 2.02881648e-03 2.02881648e-03]
  [6.98592249e-06 2.74306934e-02 4.44887193e+01 7.85160207e-04
   2.28627623e-03 2.03162926e-03 2.03162926e-03]]

 [[6.86515212e-06 2.75249123e-02 4.57159680e+01 7.85130891e-04
   2.28579730e-03 2.03108309e-03 2.03108309e-03]
  [8.70709478e-06 2.94281597e-02 3.74056300e+01 7.85068043e-04
   2.28387286e-03 2.02906574e-03 2.02906574e-03]
  [8.88567171e-06 2.94603840e-02 3.75715660e+01 7.85067948e-04
   2.28394799e-03 2.02915579e-03 2.02915579e-03]
  [9.09935729e-06 2.93256922e-02 3.75607425e+01 7.85056651e-04
   2.28407575e-03 2.02930053e-03 2.02930053e-03]]

 [[9.86224284e-06 2.95122358e-02 3.76705070e+01 7.85054449e-04
   2.28334752e-03 2.02853560e-03 2.02853560e-03]
  [6.11220846e-06 2.80544331e-02 4.41789006e+01 7.85106079e-04
   2.28573203e-03 2.03096257e-03 2.03096257e-03]
  [8.71589836e-06 2.94707650e-02 3.72474692e+01 7.85061447e-04
   2.28358341e-03 2.02877253e-03 2.02877253e-03]
  [9.38816493e-06 2.93980889e-02 3.75618564e+01 7.85056352e-04
   2.28372214e-03 2.02889570e-03 2.02889570e-03]]

 [[3.27340242e-06 2.53676504e-02 5.25254089e+01 7.85206258e-04
   2.28825085e-03 2.03364929e-03 2.03364929e-03]
  [8.29308852e-06 2.94050396e-02 3.84054821e+01 7.85061925e-04
   2.28406145e-03 2.02923825e-03 2.02923825e-03]
  [8.77177444e-06 2.92831858e-02 3.79809450e+01 7.85040749e-04
   2.28405947e-03 2.02921405e-03 2.02921405e-03]
  [5.80443862e-06 2.66157412e-02 4.70108707e+01 7.85178718e-04
   2.28736615e-03 2.03274028e-03 2.03274028e-03]]]

Response Table:
[[[7.58790970e-06 2.83948185e-02 3.75508828e+01]
  [6.84499183e-06 2.83635708e-02 3.77311599e+01]]

 [[6.61532853e-06 2.83382332e-02 3.80883599e+01]
  [8.03311263e-07 2.29302101e-02 5.50573075e+01]]]

Refresh Table:
[[[8.03323656e-07 2.29302210e-02 5.50573173e+01]
  [3.62534541e-06 2.28320658e-02 4.62486594e+01]]

 [[3.72221503e-06 2.29238457e-02 4.62813131e+01]
  [6.88908060e-06 2.84454679e-02 3.74288641e+01]]]

Request Buffer Table:
[[[1.84833410e-05 1.46497977e-01 3.75496780e+01]
  [9.34197619e-06 1.45677004e-01 3.80533906e+01]
  [1.60125482e-05 1.51015395e-01 3.83751114e+01]
  [1.04004957e-05 1.47807909e-01 3.76051688e+01]
  [9.94874576e-06 1.45947233e-01 3.89067067e+01]
  [1.28837513e-05 1.42483148e-01 3.86752796e+01]
  [8.30667174e-06 1.10505461e-01 4.31452048e+01]
  [9.64156561e-06 1.50153915e-01 3.87286160e+01]]

 [[1.04486390e-05 1.48408751e-01 3.76139502e+01]
  [1.24804411e-05 1.55322392e-01 3.79251671e+01]
  [1.19123463e-05 1.52441602e-01 3.80794707e+01]
  [9.96799839e-06 1.58081590e-01 3.78640410e+01]
  [1.05015948e-05 1.48558175e-01 3.80196705e+01]
  [1.08331301e-05 1.47142988e-01 3.84493544e+01]
  [7.26469988e-06 8.95026623e-02 4.59438658e+01]
  [9.53238314e-06 1.39749150e-01 3.77392947e+01]]

 [[9.97517115e-06 1.47710386e-01 3.81998951e+01]
  [1.47405966e-05 1.48818213e-01 3.78934168e+01]
  [1.15705578e-05 1.50124252e-01 3.83665799e+01]
  [9.33882613e-06 1.60820324e-01 3.83849831e+01]
  [1.28599390e-05 1.47143465e-01 3.83110398e+01]
  [9.76741973e-06 1.48809189e-01 3.98011501e+01]
  [9.09807074e-06 1.46887973e-01 3.80060063e+01]
  [9.88460669e-06 1.48724521e-01 3.85038502e+01]]

 [[9.80793064e-06 1.54181504e-01 3.90490137e+01]
  [1.02131117e-05 1.51942842e-01 3.81275108e+01]
  [8.89344358e-06 1.54066942e-01 3.91273440e+01]
  [9.96155863e-06 1.55771912e-01 3.78731934e+01]
  [2.84111043e-05 1.48205699e-01 3.83821556e+01]
  [1.74014494e-05 1.52276354e-01 3.89415829e+01]
  [1.01354585e-05 1.49712848e-01 3.82774592e+01]
  [1.01201681e-05 1.45397328e-01 3.82855982e+01]]

 [[1.03529094e-05 1.52122987e-01 3.73711633e+01]
  [1.03603729e-05 1.41222382e-01 3.86897951e+01]
  [1.04069275e-05 1.48129851e-01 3.77335102e+01]
  [9.83792158e-06 1.51197457e-01 3.77946705e+01]
  [1.59682034e-05 1.47282148e-01 3.81047115e+01]
  [1.00461695e-05 1.42122632e-01 3.95285005e+01]
  [7.87182691e-06 1.07495290e-01 4.37066842e+01]
  [1.54988072e-06 2.30160368e-02 5.37210014e+01]]

 [[9.54648143e-06 1.48107505e-01 3.81637583e+01]
  [1.10023977e-05 1.44133935e-01 3.75261951e+01]
  [1.02842493e-05 1.51772073e-01 3.84056047e+01]
  [9.89345826e-06 1.55171078e-01 3.85782739e+01]
  [1.06861545e-05 1.41872074e-01 3.75261305e+01]
  [2.73116169e-06 4.67561549e-02 5.21500671e+01]
  [1.70643327e-05 1.54706478e-01 3.87182808e+01]
  [1.12817659e-05 1.47838863e-01 3.87521240e+01]]

 [[9.92913318e-06 1.47955797e-01 3.79608754e+01]
  [1.33310015e-05 1.59744848e-01 3.83355702e+01]
  [1.04636265e-05 1.52809695e-01 3.79338073e+01]
  [9.22907779e-06 1.58404118e-01 3.80992794e+01]
  [1.05259589e-05 1.44039609e-01 3.77699007e+01]
  [1.17207029e-05 1.46686180e-01 3.82577061e+01]
  [1.11394652e-05 1.51875299e-01 3.78058454e+01]
  [1.10688212e-05 3.60814108e-02 5.19287341e+01]]

 [[1.08598499e-05 1.41541818e-01 3.94979325e+01]
  [1.08055365e-05 1.44024723e-01 3.84374114e+01]
  [9.38931512e-06 1.46373873e-01 3.87665189e+01]
  [1.31853644e-05 1.66976808e-01 3.82837571e+01]
  [6.21145814e-06 9.55206676e-02 4.51207289e+01]
  [1.03011364e-05 1.69368742e-01 3.80866956e+01]
  [9.77604281e-06 1.49973888e-01 3.84773149e+01]
  [1.05390200e-05 1.47193535e-01 3.83227581e+01]]]

Ref Max Post Table:
[[[1.04587977e-05 2.95579290e-02 3.73389204e+01]
  [1.08792205e-05 2.93752654e-02 3.79457740e+01]
  [9.98804468e-06 2.93768435e-02 3.76466892e+01]
  [7.81374447e-06 2.82275582e-02 4.25437961e+01]]

 [[1.17003206e-05 2.94559960e-02 3.75984716e+01]
  [1.04312186e-05 2.95914945e-02 3.75656131e+01]
  [9.81460048e-06 2.93005192e-02 3.78936547e+01]
  [6.96789527e-06 2.81961627e-02 4.35352087e+01]]

 [[1.07671495e-05 2.94485791e-02 3.84697654e+01]
  [1.08461992e-05 2.94827986e-02 3.85937526e+01]
  [1.05460657e-05 2.94314912e-02 3.75747456e+01]
  [7.87389268e-06 2.76404181e-02 4.08181747e+01]]

 [[1.00953186e-05 2.93312188e-02 3.92633210e+01]
  [8.97816756e-06 2.91200491e-02 4.07753634e+01]
  [1.02709356e-05 2.92187649e-02 3.92051387e+01]
  [8.03314619e-07 2.29302123e-02 5.50573049e+01]]]

Ref Max Pull Table:
[[[8.69196779e-06 2.93986563e-02 3.79965483e+01]
  [4.97111438e-06 2.50381616e-02 4.44626769e+01]
  [8.94868706e-06 2.95595192e-02 3.82769198e+01]
  [9.32071879e-06 2.93117445e-02 3.75870260e+01]]

 [[4.29764951e-06 2.52362795e-02 4.39824961e+01]
  [1.06080666e-05 2.57692051e-02 4.58092292e+01]
  [9.48313769e-06 2.92282943e-02 3.84456118e+01]
  [1.00136400e-06 2.29487785e-02 5.47659592e+01]]

 [[9.66667749e-06 2.94207262e-02 3.75922281e+01]
  [5.55820413e-06 2.57291620e-02 4.35688303e+01]
  [1.21056218e-05 2.95251335e-02 3.77739804e+01]
  [1.23586003e-05 2.94276524e-02 3.76020044e+01]]

 [[9.28990184e-06 2.93134199e-02 3.87008253e+01]
  [9.95818382e-07 2.29476567e-02 5.48115417e+01]
  [9.06154826e-06 2.93404837e-02 3.87517828e+01]
  [1.09073704e-05 2.96086583e-02 3.74788335e+01]]]

Max Activate Table:
[[[1.28887013e-05 1.60421085e-01 3.77287274e+01 7.82992335e-04
   2.28909372e-03 2.03302065e-03 2.03302065e-03]
  [9.34628165e-06 1.56769065e-01 3.82290125e+01 7.83056929e-04
   2.28842587e-03 2.03245382e-03 2.03245382e-03]
  [9.83500917e-06 1.55164406e-01 3.81245939e+01 7.83064361e-04
   2.28831817e-03 2.03231523e-03 2.03231523e-03]
  [1.34355578e-05 1.56699710e-01 3.77284979e+01 7.83047774e-04
   2.28903703e-03 2.03301654e-03 2.03301654e-03]
  [1.57272350e-05 1.61125157e-01 3.82633418e+01 7.82990619e-04
   2.28890891e-03 2.03285905e-03 2.03285905e-03]
  [4.06662962e-05 1.68487709e-01 3.77031209e+01 7.82863259e-04
   2.28868428e-03 2.03255770e-03 2.03255770e-03]
  [1.11337636e-05 1.48844046e-01 3.89168693e+01 7.83198068e-04
   2.28858845e-03 2.03270532e-03 2.03270532e-03]
  [9.94773659e-06 1.50124943e-01 3.83180231e+01 7.83160017e-04
   2.28807882e-03 2.03215898e-03 2.03215898e-03]]

 [[1.07412807e-05 1.70262132e-01 3.76956946e+01 7.82828871e-04
   2.28891213e-03 2.03276695e-03 2.03276695e-03]
  [1.05397267e-05 1.63854504e-01 3.98200955e+01 7.82924525e-04
   2.28847357e-03 2.03237184e-03 2.03237184e-03]
  [1.02745299e-05 1.59646126e-01 3.83007910e+01 7.82972322e-04
   2.28830041e-03 2.03222304e-03 2.03222304e-03]
  [1.01759695e-05 1.67825640e-01 3.82469256e+01 7.82868801e-04
   2.28855393e-03 2.03244665e-03 2.03244665e-03]
  [1.22514862e-05 1.51877966e-01 3.79602539e+01 7.83109466e-04
   2.28899711e-03 2.03299198e-03 2.03299198e-03]
  [9.46403538e-06 1.58554961e-01 3.86828755e+01 7.83007030e-04
   2.28870499e-03 2.03263706e-03 2.03263706e-03]
  [1.04475419e-05 1.54749840e-01 3.84517151e+01 7.83052074e-04
   2.28868646e-03 2.03264559e-03 2.03264559e-03]
  [1.02921623e-05 1.56131841e-01 3.81888414e+01 7.83054057e-04
   2.28825661e-03 2.03224471e-03 2.03224471e-03]]

 [[1.05191600e-05 1.50486979e-01 3.86106500e+01 7.83156633e-04
   2.28828515e-03 2.03234634e-03 2.03234634e-03]
  [1.21900104e-05 1.60438227e-01 3.79239374e+01 7.82967969e-04
   2.28885698e-03 2.03277188e-03 2.03277188e-03]
  [1.35094988e-05 1.50799702e-01 3.82570855e+01 7.83154781e-04
   2.28863824e-03 2.03271590e-03 2.03271590e-03]
  [1.06393812e-05 1.69282183e-01 3.81066267e+01 7.82822194e-04
   2.28903923e-03 2.03284671e-03 2.03284671e-03]
  [9.63069355e-06 1.53971561e-01 3.74482361e+01 7.83104958e-04
   2.28879917e-03 2.03284319e-03 2.03284319e-03]
  [1.34382184e-05 1.52375712e-01 3.87088046e+01 7.83106236e-04
   2.28860654e-03 2.03262010e-03 2.03262010e-03]
  [4.77518262e-06 5.74564421e-02 4.55446897e+01 8.63706703e-04
   1.59512175e-03 1.49078818e-03 1.49078818e-03]
  [1.41018159e-05 1.54258357e-01 3.85015637e+01 7.83077145e-04
   2.28807887e-03 2.03207224e-03 2.03207224e-03]]

 [[1.27753284e-05 1.55460632e-01 3.77154743e+01 7.83076321e-04
   2.28806041e-03 2.03208154e-03 2.03208154e-03]
  [1.24473418e-05 1.53789039e-01 3.75290163e+01 7.83125008e-04
   2.28935389e-03 2.03342406e-03 2.03342406e-03]
  [1.29347482e-05 1.56101203e-01 3.83637970e+01 7.83043040e-04
   2.28878147e-03 2.03275578e-03 2.03275578e-03]
  [9.67870069e-06 1.69380907e-01 3.74875291e+01 7.82851433e-04
   2.28945877e-03 2.03331886e-03 2.03331886e-03]
  [9.54590877e-06 1.44450343e-01 4.00355262e+01 7.84457161e-04
   2.25760825e-03 2.00936946e-03 2.00936946e-03]
  [1.09809902e-05 1.67937662e-01 3.85437276e+01 7.82862217e-04
   2.28864150e-03 2.03250653e-03 2.03250653e-03]
  [1.03898998e-05 1.63271256e-01 3.85785153e+01 7.82925666e-04
   2.28875294e-03 2.03263290e-03 2.03263290e-03]
  [9.91352999e-06 1.61698531e-01 3.82220392e+01 7.82956379e-04
   2.28886431e-03 2.03276661e-03 2.03276661e-03]]

 [[1.06692442e-05 1.59596034e-01 3.85906920e+01 7.82997532e-04
   2.28874615e-03 2.03270286e-03 2.03270286e-03]
  [9.81527257e-06 1.68871895e-01 3.88138164e+01 7.82833945e-04
   2.28898342e-03 2.03282622e-03 2.03282622e-03]
  [7.60900267e-06 1.20524700e-01 4.25201679e+01 7.85125767e-04
   2.25766173e-03 2.00971702e-03 2.00971702e-03]
  [1.11696392e-05 1.58131777e-01 3.72088793e+01 7.83026531e-04
   2.28931561e-03 2.03332824e-03 2.03332824e-03]
  [1.25043742e-05 1.59917998e-01 3.86439425e+01 7.82998676e-04
   2.28891670e-03 2.03286218e-03 2.03286218e-03]
  [1.11416663e-05 1.57680076e-01 3.83665730e+01 7.83027636e-04
   2.28856975e-03 2.03253448e-03 2.03253448e-03]
  [1.00067836e-05 1.56439193e-01 3.72881811e+01 7.83019445e-04
   2.28866174e-03 2.03259845e-03 2.03259845e-03]
  [1.09986143e-05 1.52619756e-01 3.85759091e+01 7.83108376e-04
   2.28820515e-03 2.03222550e-03 2.03222550e-03]]

 [[1.04605036e-05 1.68251324e-01 3.73662329e+01 7.82832320e-04
   2.28865404e-03 2.03249272e-03 2.03249272e-03]
  [1.29985444e-05 1.61097383e-01 3.83140827e+01 7.82965243e-04
   2.28874583e-03 2.03267612e-03 2.03267612e-03]
  [1.27011464e-05 1.55811382e-01 3.85413471e+01 7.83063272e-04
   2.28859757e-03 2.03260612e-03 2.03260612e-03]
  [1.00874346e-05 1.62993323e-01 3.86097882e+01 7.82929492e-04
   2.28904458e-03 2.03292332e-03 2.03292332e-03]
  [1.02363644e-05 1.51159758e-01 3.80471955e+01 7.83128971e-04
   2.28854784e-03 2.03257590e-03 2.03257590e-03]
  [9.81137871e-06 1.63995080e-01 3.83909821e+01 7.82924351e-04
   2.28866597e-03 2.03255918e-03 2.03255918e-03]
  [2.06341696e-06 2.32151289e-02 5.14145360e+01 8.67534740e-04
   1.20480963e-03 1.20308937e-03 1.20308937e-03]
  [1.02104865e-05 1.50943194e-01 3.85357129e+01 7.83135561e-04
   2.28868891e-03 2.03271801e-03 2.03271801e-03]]

 [[9.97259163e-06 1.52104428e-01 3.81636740e+01 7.83123986e-04
   2.28863291e-03 2.03266391e-03 2.03266391e-03]
  [1.40498862e-05 1.51020184e-01 3.80955892e+01 7.83118606e-04
   2.28815912e-03 2.03216692e-03 2.03216692e-03]
  [1.12696395e-05 1.61832161e-01 3.81058662e+01 7.82953775e-04
   2.28923242e-03 2.03313415e-03 2.03313415e-03]
  [1.10340592e-05 1.48148206e-01 3.94990441e+01 7.84185134e-04
   2.25858013e-03 2.01025613e-03 2.01025613e-03]
  [1.00665854e-05 1.50268303e-01 3.92122904e+01 7.83155295e-04
   2.28858193e-03 2.03262841e-03 2.03262841e-03]
  [2.03525367e-06 2.32083349e-02 5.15314910e+01 8.62621883e-04
   1.37308280e-03 1.18842337e-03 1.36769090e-03]
  [7.65847573e-06 9.60162370e-02 4.52035222e+01 8.06514951e-04
   1.83782193e-03 1.69189421e-03 1.69189421e-03]
  [9.68392689e-06 1.68070300e-01 3.84827747e+01 7.82839383e-04
   2.28880475e-03 2.03265915e-03 2.03265915e-03]]

 [[9.90124706e-06 1.62559632e-01 3.72394449e+01 7.82930300e-04
   2.28897178e-03 2.03286559e-03 2.03286559e-03]
  [1.06725663e-05 1.60250263e-01 3.83290077e+01 7.82985288e-04
   2.28879659e-03 2.03274265e-03 2.03274265e-03]
  [1.06983846e-05 1.74818196e-01 3.78144938e+01 7.82730185e-04
   2.28901664e-03 2.03277031e-03 2.03277031e-03]
  [1.01392304e-05 1.56600978e-01 3.86464498e+01 7.83047090e-04
   2.28843510e-03 2.03243891e-03 2.03243891e-03]
  [1.27065759e-05 1.59362424e-01 3.76859076e+01 7.82999221e-04
   2.28877465e-03 2.03271934e-03 2.03271934e-03]
  [1.05015125e-05 1.51247190e-01 3.91295041e+01 7.83127411e-04
   2.28808805e-03 2.03210386e-03 2.03210386e-03]
  [1.01934272e-05 1.63071215e-01 3.77883041e+01 7.82949117e-04
   2.28867074e-03 2.03261298e-03 2.03261298e-03]
  [9.44566373e-06 1.71421016e-01 3.84345448e+01 7.82806548e-04
   2.28919293e-03 2.03304258e-03 2.03304258e-03]]]

Cumulative Reward: 10492.04919535798
