Scheduler Table:
[[[3.62334542e-06 1.42315631e-02 1.38879359e+01 4.85131673e-04
   4.86937797e-03 7.40813634e-04 7.40813634e-04]
  [3.58790143e-06 1.43162584e-02 1.39246596e+01 4.80993313e-04
   7.00801541e-03 7.37329351e-04 7.37329351e-04]
  [3.72720827e-06 1.42325754e-02 1.40935612e+01 4.81465062e-04
   3.86533198e-03 7.41237368e-04 7.41237368e-04]]

 [[3.48119375e-06 1.43221579e-02 1.38265130e+01 4.79901495e-04
   6.61254401e-03 7.39614012e-04 7.39614012e-04]
  [3.92016772e-07 1.15547736e-02 1.48684692e+01 4.78707804e-04
   8.44703626e-02 6.74276111e-04 7.82108695e-04]
  [2.84523017e-06 1.11481335e-02 1.47684323e+01 4.64182785e-04
   4.69811545e-03 7.16025465e-04 7.16025465e-04]]

 [[3.57333592e-06 1.42810454e-02 1.38910264e+01 4.75534100e-04
   6.18815848e-03 7.38276844e-04 7.38276844e-04]
  [1.89298199e-06 1.17328577e-02 1.47315059e+01 4.51917342e-04
   6.30055146e-03 7.09946579e-04 7.09946579e-04]
  [3.50239396e-06 1.42984070e-02 1.40759967e+01 4.73155815e-04
   4.39231060e-03 7.39727723e-04 7.39727723e-04]]]

Buffer Table:
[[[3.35148907e-06 1.42734352e-02 1.38152825e+01 4.81590864e-04
   6.21841898e-03 7.38310483e-04 7.38310483e-04]
  [3.62296078e-06 1.43062071e-02 1.39845425e+01 4.78325794e-04
   3.97340227e-03 7.40054359e-04 7.40054359e-04]
  [2.12642784e-05 1.39208282e-02 1.43933272e+01 4.83904291e-04
   5.59260857e-03 7.42390362e-04 7.42390362e-04]]

 [[2.91780955e-06 1.40917953e-02 1.41212677e+01 4.81364141e-04
   4.98275162e-03 7.41099696e-04 7.41099696e-04]
  [3.76596483e-07 1.15075579e-02 1.48565810e+01 4.78763326e-04
   8.44505144e-02 6.74708802e-04 7.82541386e-04]
  [2.97058226e-06 1.41250175e-02 1.42993314e+01 4.83349632e-04
   6.00317074e-03 7.43857673e-04 7.43857673e-04]]

 [[3.49800077e-06 1.42847412e-02 1.37441452e+01 4.77894641e-04
   4.49892464e-03 7.34431391e-04 7.34431391e-04]
  [1.83310464e-06 1.30738843e-02 1.47583987e+01 4.83238922e-04
   5.38777741e-03 7.41666628e-04 7.41666628e-04]
  [3.36214753e-06 1.42397902e-02 1.39859830e+01 4.83627740e-04
   5.60895085e-03 7.39928312e-04 7.39928312e-04]]]

Arbiter Table:
[[[1.15268750e-06 1.30099768e-02 1.45329575e+01 4.58502850e-04
   4.97836692e-03 6.87836877e-04 6.87836877e-04]
  [6.43638519e-07 1.14754536e-02 1.49067554e+01 4.81688292e-04
   8.47080071e-02 6.80096027e-04 7.87928611e-04]
  [2.32999937e-06 1.39068450e-02 1.43533265e+01 4.81537496e-04
   5.40428911e-03 7.39834258e-04 7.39834258e-04]]

 [[6.52876911e-07 1.14741680e-02 1.49852594e+01 4.87301872e-04
   1.45458788e-03 6.92417802e-04 6.92417802e-04]
  [3.01073082e-06 1.43374421e-02 1.39665990e+01 4.74277876e-04
   5.09422606e-03 7.40321187e-04 7.40321187e-04]
  [2.89796065e-06 1.42115043e-02 1.40449066e+01 4.86029346e-04
   5.72311035e-03 7.37848706e-04 7.37848706e-04]]

 [[2.98962582e-06 1.43102263e-02 1.39823743e+01 4.77741869e-04
   6.39196490e-03 7.40757639e-04 7.40757639e-04]
  [2.23861837e-06 1.34168045e-02 1.49369541e+01 4.88123735e-04
   4.80912628e-03 7.37827808e-04 7.37827808e-04]
  [2.99787799e-06 1.42592451e-02 1.38995258e+01 4.81345331e-04
   5.20332681e-03 7.37730004e-04 7.37730004e-04]]]

Page Table:
[[[4.27029118e-07 1.15032229e-02 1.48585075e+01 4.78798379e-04
   8.44477204e-02 6.74696385e-04 7.82528969e-04]
  [2.83508493e-06 1.44124978e-02 1.41819878e+01 4.84101392e-04
   5.04911414e-03 7.37388449e-04 7.37388449e-04]
  [2.69205787e-06 1.43490263e-02 1.38706855e+01 4.87073245e-04
   3.75629744e-03 7.40436124e-04 7.40436124e-04]
  [2.71927602e-06 1.43007064e-02 1.42451597e+01 4.86371955e-04
   5.03479786e-03 7.40910351e-04 7.40910351e-04]]

 [[1.16542790e-05 1.37398062e-02 1.46669933e+01 4.87368241e-04
   3.85778163e-03 7.39203811e-04 7.39203811e-04]
  [2.77142246e-06 1.44146365e-02 1.39950619e+01 4.74336497e-04
   4.03180827e-03 7.37121966e-04 7.37121966e-04]
  [2.86196653e-06 1.44737981e-02 1.38181055e+01 4.79792177e-04
   3.97676025e-03 7.33568718e-04 7.33568718e-04]
  [2.85257400e-06 1.44314767e-02 1.38686675e+01 4.73926600e-04
   7.26182452e-03 7.41869638e-04 7.41869638e-04]]

 [[3.01465800e-06 1.44843608e-02 1.37706096e+01 4.80359086e-04
   6.53692024e-03 7.29177098e-04 7.29177098e-04]
  [2.45335234e-06 1.41429935e-02 1.44328815e+01 4.84009920e-04
   3.47736373e-03 7.37514734e-04 7.37514734e-04]
  [3.29810616e-06 1.44667398e-02 1.37988388e+01 4.84869863e-04
   5.56034982e-03 7.39633387e-04 7.39633387e-04]
  [3.18488806e-06 1.44840208e-02 1.38505576e+01 4.84508936e-04
   4.27636834e-03 7.38215909e-04 7.38215909e-04]]

 [[3.29454516e-06 1.37807619e-02 1.46215341e+01 4.86127578e-04
   4.99684133e-03 7.42517866e-04 7.42517866e-04]
  [2.89393676e-06 1.44674296e-02 1.40517684e+01 4.79505053e-04
   5.50714871e-03 7.41891450e-04 7.41891450e-04]
  [2.90041743e-06 1.44672180e-02 1.38137433e+01 4.87306449e-04
   4.77625516e-03 7.38258691e-04 7.38258691e-04]
  [2.94956424e-06 1.44498764e-02 1.36687391e+01 4.72481282e-04
   7.65359688e-03 7.39223472e-04 7.39223472e-04]]]

Response Table:
[[[2.03901425e-06 1.41439032e-02 1.39169827e+01]
  [6.43638749e-07 1.14754539e-02 1.49067553e+01]]

 [[6.52877148e-07 1.14741683e-02 1.49852593e+01]
  [1.25169933e-06 1.28404517e-02 1.45832095e+01]]]

Refresh Table:
[[[5.11617387e-07 1.15195359e-02 1.48689012e+01]
  [2.76294627e-06 1.11008686e-02 1.47268678e+01]]

 [[3.27265598e-06 1.13549705e-02 1.48252536e+01]
  [2.26210480e-06 1.41430820e-02 1.40097230e+01]]]

Request Buffer Table:
[[[3.65373749e-05 1.58222086e-02 1.35938639e+01]
  [3.40880941e-05 1.57077808e-02 1.38676917e+01]
  [3.78402794e-05 1.57749214e-02 1.40453953e+01]
  [3.41705060e-05 1.57842885e-02 1.39393096e+01]
  [3.58272678e-05 1.58122157e-02 1.41357992e+01]
  [3.54413559e-05 1.57935023e-02 1.41022322e+01]
  [2.93309567e-05 1.52823300e-02 1.43938691e+01]
  [3.77263818e-05 1.59144577e-02 1.41238480e+01]]

 [[3.51872253e-05 1.57480218e-02 1.37916648e+01]
  [3.37035909e-05 1.56483403e-02 1.40066282e+01]
  [3.74804780e-05 1.59446287e-02 1.40380470e+01]
  [3.86597653e-05 1.58816195e-02 1.37531805e+01]
  [3.92221912e-05 1.58235064e-02 1.39780535e+01]
  [3.76910432e-05 1.59282954e-02 1.39492897e+01]
  [3.86127185e-05 1.58877035e-02 1.39792894e+01]
  [2.50979640e-05 1.48244468e-02 1.45266056e+01]]

 [[4.09984861e-05 1.59730819e-02 1.38917633e+01]
  [3.54595880e-05 1.58430287e-02 1.38435931e+01]
  [4.03059680e-05 1.58808189e-02 1.41046123e+01]
  [4.15647954e-05 1.60583677e-02 1.39610994e+01]
  [3.64523579e-05 1.57054111e-02 1.40829891e+01]
  [3.85230899e-05 1.59133105e-02 1.40426549e+01]
  [3.57208047e-05 1.58663076e-02 1.39119795e+01]
  [3.63236891e-05 1.58443777e-02 1.41090476e+01]]

 [[4.11782167e-05 1.60845512e-02 1.36917883e+01]
  [3.69007051e-05 1.59272600e-02 1.39595921e+01]
  [3.65946648e-05 1.57577205e-02 1.40583922e+01]
  [5.19146494e-05 1.60121081e-02 1.38272177e+01]
  [3.50635498e-05 1.57416904e-02 1.40235212e+01]
  [5.51205277e-05 1.61728164e-02 1.40776372e+01]
  [3.95154481e-05 1.59803158e-02 1.37982598e+01]
  [3.31533222e-05 1.56735883e-02 1.38560029e+01]]

 [[3.58919818e-05 1.57385494e-02 1.37066815e+01]
  [3.31998046e-05 1.55999031e-02 1.42233837e+01]
  [3.68703407e-05 1.57647929e-02 1.38694867e+01]
  [3.94579606e-05 1.58713831e-02 1.41114986e+01]
  [3.77016676e-05 1.56606022e-02 1.38018235e+01]
  [3.87477396e-05 1.59464866e-02 1.39061784e+01]
  [3.67628744e-05 1.58664473e-02 1.39677261e+01]
  [3.56555529e-05 1.58100544e-02 1.39281044e+01]]

 [[3.27312627e-05 1.55030063e-02 1.41842920e+01]
  [3.25513291e-05 1.56023564e-02 1.41536310e+01]
  [3.79588863e-05 1.59826624e-02 1.39827888e+01]
  [3.84102041e-05 1.58921049e-02 1.40721789e+01]
  [3.82035612e-05 1.57085761e-02 1.41778083e+01]
  [4.27029118e-07 1.15032229e-02 1.48585075e+01]
  [3.39696339e-05 1.56264666e-02 1.42801072e+01]
  [3.42204455e-05 1.57842629e-02 1.41397220e+01]]

 [[3.71496468e-05 1.57980089e-02 1.37910583e+01]
  [4.04042952e-05 1.60442881e-02 1.40301888e+01]
  [4.20170066e-05 1.60804818e-02 1.38025667e+01]
  [3.92108490e-05 1.58708288e-02 1.38355019e+01]
  [3.54571605e-05 1.57630286e-02 1.39421381e+01]
  [3.61391505e-05 1.58696585e-02 1.39520181e+01]
  [3.48864013e-05 1.57650898e-02 1.39382530e+01]
  [2.36900938e-05 1.47054652e-02 1.47118542e+01]]

 [[3.25809800e-05 1.56904149e-02 1.37377648e+01]
  [3.98401571e-05 1.59683840e-02 1.38412759e+01]
  [3.55914212e-05 1.56641720e-02 1.41675344e+01]
  [4.04467082e-05 1.58704457e-02 1.39131855e+01]
  [3.89778768e-05 1.59406638e-02 1.38766990e+01]
  [1.65692913e-05 1.39573060e-02 1.46794576e+01]
  [3.56596539e-05 1.58420270e-02 1.41090520e+01]
  [3.49226837e-05 1.57894299e-02 1.41117369e+01]]]

Ref Max Post Table:
[[[3.04990995e-06 1.45166565e-02 1.38665977e+01]
  [3.13047473e-06 1.43980785e-02 1.38826848e+01]
  [6.58777743e-06 1.45722818e-02 1.38015830e+01]
  [5.08766220e-06 1.38746321e-02 1.44434627e+01]]

 [[3.04563193e-06 1.44129900e-02 1.37950261e+01]
  [4.55351934e-06 1.44099462e-02 1.38989715e+01]
  [3.74753530e-06 1.42491418e-02 1.43998949e+01]
  [6.70329695e-06 1.45136194e-02 1.39367809e+01]]

 [[4.15793544e-06 1.44524562e-02 1.40145972e+01]
  [6.12278829e-06 1.44789462e-02 1.39464562e+01]
  [3.55677633e-06 1.44334340e-02 1.38376631e+01]
  [9.22180395e-06 1.33965865e-02 1.49133987e+01]]

 [[3.43313597e-06 1.43609531e-02 1.41120223e+01]
  [3.37352845e-06 1.43287774e-02 1.42056188e+01]
  [7.70246825e-06 1.40983567e-02 1.44278503e+01]
  [4.27029109e-07 1.15032229e-02 1.48585075e+01]]]

Ref Max Pull Table:
[[[2.97766061e-06 1.44180663e-02 1.39749111e+01]
  [3.04531602e-06 1.44261668e-02 1.39465564e+01]
  [3.30428373e-06 1.44725532e-02 1.38453507e+01]
  [1.70488101e-06 1.23184828e-02 1.50903917e+01]]

 [[2.88938841e-06 1.39875841e-02 1.44272095e+01]
  [3.29556599e-06 1.44206011e-02 1.39459867e+01]
  [3.22118809e-06 1.44076381e-02 1.39619526e+01]
  [6.44253120e-07 1.14765363e-02 1.49062976e+01]]

 [[3.46322054e-06 1.44616729e-02 1.38612900e+01]
  [2.88615041e-06 1.34548485e-02 1.44830767e+01]
  [3.80174501e-06 1.44541675e-02 1.37334352e+01]
  [4.13862786e-06 1.44353330e-02 1.37161558e+01]]

 [[3.03165651e-06 1.37755004e-02 1.44053587e+01]
  [6.53512459e-07 1.14752876e-02 1.49847860e+01]
  [3.15811777e-06 1.43049417e-02 1.41832520e+01]
  [3.22333124e-06 1.45738026e-02 1.38903542e+01]]]

Max Activate Table:
[[[5.27254049e-05 1.60290450e-02 1.38943251e+01 4.77890014e-04
   5.64482720e-03 7.32548755e-04 7.32548755e-04]
  [4.74825977e-05 1.58433914e-02 1.39145741e+01 4.84136516e-04
   5.16095478e-03 7.37826707e-04 7.37826707e-04]
  [5.01961164e-05 1.58887459e-02 1.41294609e+01 4.78973758e-04
   7.40921272e-03 7.38212230e-04 7.38212230e-04]
  [4.63366033e-05 1.58370643e-02 1.39155622e+01 4.75587893e-04
   5.63928449e-03 7.29961825e-04 7.29961825e-04]
  [5.13231382e-05 1.60394290e-02 1.39802072e+01 4.78618949e-04
   5.34916335e-03 7.32518744e-04 7.32518744e-04]
  [4.87703646e-05 1.58705723e-02 1.40063027e+01 4.84777672e-04
   4.91123846e-03 7.35663122e-04 7.35663122e-04]
  [4.32340908e-05 1.56433867e-02 1.41198767e+01 4.71258311e-04
   6.71985265e-03 7.38503294e-04 7.38503294e-04]
  [4.46931930e-05 1.57082226e-02 1.39496099e+01 4.78356840e-04
   7.45980478e-03 7.39591282e-04 7.39591282e-04]]

 [[5.66971382e-05 1.61625768e-02 1.36816187e+01 4.81028069e-04
   5.20398552e-03 7.38038074e-04 7.38038074e-04]
  [6.03851711e-05 1.62947064e-02 1.40890158e+01 4.91280313e-04
   5.59113549e-03 7.37440194e-04 7.37440194e-04]
  [4.49404014e-05 1.57743064e-02 1.40027154e+01 4.76728573e-04
   5.05062835e-03 7.39590596e-04 7.39590596e-04]
  [2.36780918e-05 1.37628099e-02 1.47080595e+01 4.84429242e-04
   5.06183949e-03 7.35950475e-04 7.35950475e-04]
  [4.50013602e-05 1.56916080e-02 1.39308230e+01 4.81460431e-04
   8.37802897e-03 7.38070373e-04 7.38070373e-04]
  [4.69525272e-05 1.58084899e-02 1.40288294e+01 4.83079557e-04
   5.34401650e-03 7.37926052e-04 7.37926052e-04]
  [4.83107178e-05 1.57930865e-02 1.40919173e+01 4.76381502e-04
   5.42473727e-03 7.36119563e-04 7.36119563e-04]
  [4.66561456e-05 1.57537752e-02 1.38433055e+01 4.77763602e-04
   7.46950779e-03 7.39684463e-04 7.39684463e-04]]

 [[4.59096229e-05 1.58399706e-02 1.41299185e+01 4.75507453e-04
   4.76672961e-03 7.36419544e-04 7.36419544e-04]
  [5.90375263e-05 1.62254954e-02 1.38353392e+01 4.84151725e-04
   6.46202442e-03 7.36416547e-04 7.36416547e-04]
  [4.36158947e-05 1.57623675e-02 1.40654280e+01 4.77312529e-04
   6.30711764e-03 7.39194837e-04 7.39194837e-04]
  [5.04263103e-05 1.59617089e-02 1.40049276e+01 4.80985982e-04
   5.11153494e-03 7.20860399e-04 7.20860399e-04]
  [4.89942943e-05 1.58795609e-02 1.39789273e+01 4.78475572e-04
   5.53796428e-03 7.35805938e-04 7.35805938e-04]
  [4.80976147e-05 1.58366263e-02 1.38867901e+01 4.82124935e-04
   4.95801120e-03 7.27465164e-04 7.27465164e-04]
  [4.36796693e-05 1.56450464e-02 1.40490762e+01 4.83822259e-04
   6.20272837e-03 7.41193378e-04 7.41193378e-04]
  [4.60000415e-05 1.57641444e-02 1.41103038e+01 4.82931989e-04
   7.82942368e-03 7.41039029e-04 7.41039029e-04]]

 [[4.78224843e-05 1.58176119e-02 1.37867070e+01 4.71545938e-04
   6.25645032e-03 7.33558541e-04 7.33558541e-04]
  [4.68229693e-05 1.57989823e-02 1.38327951e+01 4.79239772e-04
   5.53640953e-03 7.37939288e-04 7.37939288e-04]
  [4.57558531e-05 1.58201933e-02 1.39484469e+01 4.76382781e-04
   5.77108361e-03 7.38455911e-04 7.38455911e-04]
  [5.31778039e-05 1.60075039e-02 1.37875593e+01 4.95032063e-04
   5.25632910e-03 7.38652416e-04 7.38652416e-04]
  [4.58626387e-05 1.57506128e-02 1.38941533e+01 4.86695660e-04
   5.24634021e-03 7.32478526e-04 7.32478526e-04]
  [1.70851245e-06 1.15783087e-02 1.49489707e+01 4.85958672e-04
   1.55265983e-03 6.92672001e-04 6.92672001e-04]
  [4.49972451e-05 1.56348847e-02 1.40864307e+01 4.82795689e-04
   6.84662754e-03 7.41704915e-04 7.41704915e-04]
  [5.02770454e-05 1.58596138e-02 1.39374624e+01 4.92033522e-04
   4.88409083e-03 7.37140082e-04 7.37140082e-04]]

 [[4.99477123e-05 1.59058342e-02 1.39496654e+01 4.85691408e-04
   5.36322381e-03 7.31069717e-04 7.31069717e-04]
  [5.45288900e-05 1.60253788e-02 1.37498566e+01 4.82265378e-04
   5.16350851e-03 7.37906568e-04 7.37906568e-04]
  [4.75206521e-05 1.57807835e-02 1.40899123e+01 4.88529052e-04
   8.63072927e-03 7.39219406e-04 7.39219406e-04]
  [4.79258911e-05 1.58608254e-02 1.37371806e+01 4.76556598e-04
   5.87549463e-03 7.36907270e-04 7.36907270e-04]
  [5.11739207e-05 1.60622854e-02 1.39183912e+01 4.84671651e-04
   5.32404371e-03 7.34192132e-04 7.34192132e-04]
  [4.80736981e-05 1.57643222e-02 1.38395443e+01 4.83026737e-04
   5.14935255e-03 7.38363785e-04 7.38363785e-04]
  [4.56908553e-05 1.58309357e-02 1.37009923e+01 4.73037385e-04
   8.82624862e-03 7.18597386e-04 7.18597386e-04]
  [4.40286215e-05 1.57257579e-02 1.43016488e+01 4.88168846e-04
   4.81926397e-03 7.39240829e-04 7.39240829e-04]]

 [[4.87511098e-05 1.59421792e-02 1.38067439e+01 4.91977218e-04
   4.89286626e-03 7.38610393e-04 7.38610393e-04]
  [5.39169482e-05 1.61426407e-02 1.37255326e+01 4.78340348e-04
   7.46228328e-03 7.34221016e-04 7.34221016e-04]
  [4.41436301e-05 1.57644638e-02 1.39020580e+01 4.90133755e-04
   4.88271596e-03 7.39334107e-04 7.39334107e-04]
  [1.66448148e-06 1.15761620e-02 1.48716627e+01 4.80389363e-04
   8.48028467e-02 6.80341848e-04 7.88174432e-04]
  [4.56315838e-05 1.58243208e-02 1.40357614e+01 4.79480658e-04
   4.95838498e-03 7.37464966e-04 7.37464966e-04]
  [4.66370498e-05 1.58209134e-02 1.38104210e+01 4.90180394e-04
   5.34446411e-03 7.37255730e-04 7.37255730e-04]
  [3.85710623e-05 1.52336389e-02 1.43101829e+01 4.84848344e-04
   5.73377885e-03 7.39937643e-04 7.39937643e-04]
  [4.89941155e-05 1.57145889e-02 1.40167505e+01 4.82236871e-04
   6.14142241e-03 7.33167060e-04 7.33167060e-04]]

 [[4.78300188e-05 1.58231280e-02 1.39103314e+01 4.86021754e-04
   5.79956368e-03 7.40847972e-04 7.40847972e-04]
  [3.25956379e-05 1.47962554e-02 1.45895261e+01 4.83604562e-04
   5.77948238e-03 7.40892700e-04 7.40892700e-04]
  [5.04788830e-05 1.59968475e-02 1.40533375e+01 4.69017849e-04
   6.04855645e-03 7.37581771e-04 7.37581771e-04]
  [4.62293455e-05 1.58229957e-02 1.40786867e+01 4.83330365e-04
   5.67307282e-03 7.22919614e-04 7.22919614e-04]
  [6.23457789e-05 1.63721634e-02 1.39395777e+01 4.74467288e-04
   6.81189042e-03 7.33871797e-04 7.33871797e-04]
  [4.65285093e-05 1.57266848e-02 1.40272116e+01 4.93905093e-04
   5.16192671e-03 7.31805375e-04 7.31805375e-04]
  [4.40600625e-05 1.56253956e-02 1.40257051e+01 4.83765746e-04
   6.26386061e-03 7.41600167e-04 7.41600167e-04]
  [4.56671512e-05 1.57866403e-02 1.40790469e+01 4.85988715e-04
   4.86527449e-03 7.40514279e-04 7.40514279e-04]]

 [[4.91766586e-05 1.58846868e-02 1.38864849e+01 4.72214472e-04
   6.89270622e-03 7.38586660e-04 7.38586660e-04]
  [4.56961463e-05 1.57899228e-02 1.42621110e+01 4.88755906e-04
   5.05694794e-03 7.41069284e-04 7.41069284e-04]
  [4.71947202e-05 1.58232198e-02 1.38910493e+01 4.80454359e-04
   7.54312648e-03 7.40680307e-04 7.40680307e-04]
  [4.97146549e-05 1.57928983e-02 1.40083182e+01 4.86723006e-04
   5.68563517e-03 7.31007042e-04 7.31007042e-04]
  [4.98154456e-05 1.58930951e-02 1.38298440e+01 4.83302537e-04
   5.15666065e-03 7.35157033e-04 7.35157033e-04]
  [4.53528546e-05 1.57953290e-02 1.42214474e+01 4.93939259e-04
   4.64753917e-03 7.40602515e-04 7.40602515e-04]
  [5.37579811e-05 1.58726294e-02 1.39847316e+01 4.85475693e-04
   5.33031954e-03 7.38448165e-04 7.38448165e-04]
  [4.86402184e-05 1.58847040e-02 1.40533439e+01 4.85524204e-04
   5.33077491e-03 7.34316377e-04 7.34316377e-04]]]

Cumulative Reward: 6040.295125023927
