Scheduler Table:
[[[1.37356412e-04 1.84263732e+00 1.03541797e+02 5.75764006e-03
   5.45034889e-03 2.83710520e-03 2.83710520e-03]
  [1.30757557e-04 1.73336072e+00 1.04356169e+02 5.84487130e-03
   5.51377469e-03 2.86947754e-03 2.86947754e-03]
  [1.36758134e-04 1.82589726e+00 1.03715755e+02 5.77340814e-03
   5.45211493e-03 2.84199922e-03 2.84199922e-03]]

 [[1.35741593e-04 1.81678855e+00 1.03813292e+02 5.77416231e-03
   5.46075375e-03 2.84466566e-03 2.84466566e-03]
  [4.59705512e-05 1.49383866e+00 1.11326090e+02 7.20623369e-03
   6.25564399e-03 3.33564968e-03 3.33583618e-03]
  [1.35929982e-04 1.82096582e+00 1.03841813e+02 5.77601909e-03
   5.46983970e-03 2.84343186e-03 2.84343186e-03]]

 [[1.36672146e-04 1.82760337e+00 1.03704479e+02 5.77118563e-03
   5.46081579e-03 2.84148879e-03 2.84148879e-03]
  [1.35812744e-04 1.81538698e+00 1.03879834e+02 5.77550891e-03
   5.46320232e-03 2.84504604e-03 2.84504604e-03]
  [1.36969079e-04 1.83361820e+00 1.03694032e+02 5.76722123e-03
   5.45137116e-03 2.83976097e-03 2.83976097e-03]]]

Buffer Table:
[[[1.28803470e-04 1.70732362e+00 1.04415252e+02 5.86982825e-03
   5.51830148e-03 2.87869904e-03 2.87869904e-03]
  [1.35704938e-04 1.81594856e+00 1.03884921e+02 5.78199754e-03
   5.46186235e-03 2.84651633e-03 2.84651633e-03]
  [5.35009501e-05 4.05005438e-01 1.10133145e+02 6.86667993e-03
   6.15907038e-03 3.26105124e-03 3.26123793e-03]]

 [[1.38632599e-04 1.84315571e+00 1.03614573e+02 5.76414771e-03
   5.44841552e-03 2.83851909e-03 2.83851909e-03]
  [1.37735683e-04 1.85089286e+00 1.03505037e+02 5.75106040e-03
   5.45463759e-03 2.83628521e-03 2.83628521e-03]
  [1.25792329e-04 1.65111967e+00 1.04664411e+02 5.88581195e-03
   5.57121209e-03 2.89581981e-03 2.89581981e-03]]

 [[6.04922007e-05 1.75546576e+00 1.10132095e+02 6.86705200e-03
   6.19623141e-03 3.26112124e-03 3.26113972e-03]
  [1.36659015e-04 1.83195762e+00 1.03734034e+02 5.76105864e-03
   5.46627213e-03 2.84187054e-03 2.84187054e-03]
  [1.35365158e-04 1.81380565e+00 1.03938280e+02 5.77124155e-03
   5.49810976e-03 2.84706772e-03 2.84706772e-03]]]

Arbiter Table:
[[[5.20567370e-05 1.59604943e+00 1.10871221e+02 7.15135677e-03
   6.19833068e-03 3.30516407e-03 3.30535057e-03]
  [1.37501272e-04 1.81791826e+00 1.03843753e+02 5.78010458e-03
   5.46102960e-03 2.84414907e-03 2.84414907e-03]
  [1.35066662e-04 1.80589451e+00 1.03791856e+02 5.77661497e-03
   5.48059702e-03 2.84784572e-03 2.84784572e-03]]

 [[1.36450452e-04 1.81413891e+00 1.03973138e+02 5.78114503e-03
   5.46144228e-03 2.84524870e-03 2.84524870e-03]
  [1.36553593e-04 1.82921422e+00 1.03718397e+02 5.76767069e-03
   5.45197610e-03 2.84086436e-03 2.84086436e-03]
  [1.37269564e-04 1.82634994e+00 1.03671766e+02 5.77241017e-03
   5.45248909e-03 2.84169053e-03 2.84169053e-03]]

 [[1.21822775e-04 1.57050439e+00 1.04938778e+02 5.90977502e-03
   5.61005970e-03 2.91821503e-03 2.91821503e-03]
  [1.36655979e-04 1.82792694e+00 1.03670098e+02 5.76924060e-03
   5.45085158e-03 2.84123923e-03 2.84123923e-03]
  [1.37419652e-04 1.84221986e+00 1.03493806e+02 5.75863932e-03
   5.45054164e-03 2.83706908e-03 2.83706908e-03]]]

Page Table:
[[[1.48037528e-04 2.25560185e+00 7.96357861e+01 4.43635080e-03
   4.19706537e-03 2.18528559e-03 2.18528559e-03]
  [1.48096810e-04 2.24215743e+00 7.99060950e+01 4.45219274e-03
   4.20543594e-03 2.19260690e-03 2.19260690e-03]
  [1.48144756e-04 2.25255697e+00 7.96684931e+01 4.43806131e-03
   4.21066530e-03 2.18687324e-03 2.18687324e-03]
  [1.47843985e-04 2.24470006e+00 7.99059654e+01 4.44614411e-03
   4.20715104e-03 2.19117941e-03 2.19117941e-03]]

 [[1.47879004e-04 2.25291522e+00 7.96961379e+01 4.43865490e-03
   4.19985337e-03 2.18673476e-03 2.18673476e-03]
  [5.14761494e-05 1.60238180e+00 1.09288722e+02 7.06288755e-03
   6.11920013e-03 3.26591961e-03 3.26610612e-03]
  [1.47789572e-04 2.24122218e+00 7.98747921e+01 4.44753645e-03
   4.22596356e-03 2.19302311e-03 2.19302311e-03]
  [1.47720568e-04 2.21246030e+00 8.05056697e+01 4.48675183e-03
   4.23868193e-03 2.20866846e-03 2.20866846e-03]]

 [[1.49002710e-04 2.27665910e+00 7.92883900e+01 4.40627738e-03
   4.19383994e-03 2.17376977e-03 2.17376977e-03]
  [1.43633891e-04 2.16231455e+00 8.11650137e+01 4.55887514e-03
   4.30041113e-03 2.23583408e-03 2.23583408e-03]
  [1.48096277e-04 2.25462481e+00 7.96095288e+01 4.43774105e-03
   4.20504483e-03 2.18580291e-03 2.18580291e-03]
  [1.47780927e-04 2.24427926e+00 7.98970034e+01 4.45097774e-03
   4.21401476e-03 2.19137295e-03 2.19137295e-03]]

 [[1.47636460e-04 2.24685995e+00 7.99486792e+01 4.44399284e-03
   4.20356877e-03 2.19000919e-03 2.19000919e-03]
  [1.30954836e-04 1.90914433e+00 8.49271592e+01 4.83129224e-03
   4.56694340e-03 2.37387737e-03 2.37387737e-03]
  [1.48299841e-04 2.25534981e+00 7.96304596e+01 4.43514666e-03
   4.20052250e-03 2.18534621e-03 2.18534621e-03]
  [1.47781711e-04 2.24369992e+00 7.99666694e+01 4.44839786e-03
   4.20650965e-03 2.19170823e-03 2.19170823e-03]]]

Response Table:
[[[4.88459189e-05 2.52979495e-01 1.15203332e+02]
  [5.64578932e-05 1.60363327e+00 1.15204164e+02]]

 [[4.89039797e-05 2.53073804e-01 1.15208674e+02]
  [4.98875308e-05 2.53194368e-01 1.15210746e+02]]]

Refresh Table:
[[[5.01586075e-05 2.66095063e-01 1.15196665e+02]
  [5.68964384e-05 1.61691184e+00 1.15195705e+02]]

 [[5.01215460e-05 2.66322188e-01 1.15202394e+02]
  [4.91289412e-05 2.66375570e-01 1.15199029e+02]]]

Request Buffer Table:
[[[4.51986968e-05 1.54107653e+00 1.04675927e+02]
  [7.31066055e-05 1.20120706e+00 2.86543043e+01]
  [7.21348937e-05 1.19797111e+00 2.89798537e+01]
  [7.50210784e-05 1.18551244e+00 2.98972943e+01]
  [7.20928095e-05 1.19085865e+00 2.96174429e+01]
  [7.34366064e-05 1.19183267e+00 2.94876577e+01]
  [7.23367122e-05 1.19996663e+00 2.89741888e+01]
  [7.65020656e-05 1.20380909e+00 2.87822138e+01]]

 [[7.52822348e-05 1.18975752e+00 2.95966554e+01]
  [7.28128705e-05 1.21181315e+00 2.77528827e+01]
  [7.30375088e-05 1.21294166e+00 2.77103150e+01]
  [7.41039419e-05 1.20836497e+00 2.80588388e+01]
  [7.56436346e-05 1.21162470e+00 2.78448786e+01]
  [7.26642710e-05 1.21785300e+00 2.73813941e+01]
  [7.25114935e-05 1.20799585e+00 2.83690236e+01]
  [7.30434495e-05 1.20981564e+00 2.81208419e+01]]

 [[7.27343863e-05 1.19231999e+00 2.94129253e+01]
  [7.30166156e-05 1.20846250e+00 2.79818528e+01]
  [7.29666736e-05 1.21182701e+00 2.77862646e+01]
  [7.25268324e-05 1.21035795e+00 2.79031268e+01]
  [7.31223085e-05 1.20580449e+00 2.83951624e+01]
  [7.40778088e-05 1.20771622e+00 2.81364897e+01]
  [7.24716271e-05 1.20804550e+00 2.83662601e+01]
  [7.23871013e-05 1.20196904e+00 2.87899419e+01]]

 [[6.65978396e-05 1.03072375e+00 4.16153694e+01]
  [7.30449488e-05 1.20829060e+00 2.80178872e+01]
  [7.28343211e-05 1.20721058e+00 2.82070408e+01]
  [7.30493163e-05 1.21987906e+00 2.70412736e+01]
  [7.30192249e-05 1.20869666e+00 2.81281511e+01]
  [7.28800967e-05 1.20242227e+00 2.86554182e+01]
  [7.25977645e-05 1.21223426e+00 2.77913374e+01]
  [7.26958608e-05 1.21206039e+00 2.78356866e+01]]

 [[6.79521981e-05 1.08550138e+00 3.75217044e+01]
  [7.34028715e-05 1.21160620e+00 2.77691792e+01]
  [7.26975125e-05 1.20720092e+00 2.82065605e+01]
  [7.24657148e-05 1.20856191e+00 2.80442778e+01]
  [7.42488782e-05 1.20288222e+00 2.86074586e+01]
  [7.29057234e-05 1.20611058e+00 2.85091635e+01]
  [7.26389895e-05 1.20750341e+00 2.82515002e+01]
  [7.52259917e-05 1.21032560e+00 2.80948062e+01]]

 [[7.32104683e-05 1.18691100e+00 2.98326264e+01]
  [7.23672165e-05 1.21113789e+00 2.78695111e+01]
  [7.25786912e-05 1.20988529e+00 2.80244780e+01]
  [7.24807824e-05 1.20607027e+00 2.82860662e+01]
  [7.39516295e-05 1.20726866e+00 2.82970297e+01]
  [7.65929380e-05 1.20615331e+00 2.83631177e+01]
  [7.26441287e-05 1.20675644e+00 2.83949603e+01]
  [7.32442917e-05 1.21483901e+00 2.76678702e+01]]

 [[7.23323497e-05 1.18956409e+00 2.96331779e+01]
  [7.32420633e-05 1.22198582e+00 2.68259968e+01]
  [7.32224939e-05 1.21260641e+00 2.77241107e+01]
  [7.25478329e-05 1.21227519e+00 2.77182028e+01]
  [7.29184133e-05 1.20951981e+00 2.80859862e+01]
  [7.28336836e-05 1.20673055e+00 2.82849136e+01]
  [7.26514534e-05 1.20985509e+00 2.79803264e+01]
  [7.29176641e-05 1.20498590e+00 2.86382747e+01]]

 [[7.22652465e-05 1.18869541e+00 2.96818272e+01]
  [7.28874660e-05 1.21708530e+00 2.72642852e+01]
  [7.26292216e-05 1.20593051e+00 2.83725289e+01]
  [7.24801731e-05 1.21027202e+00 2.78722903e+01]
  [7.28671174e-05 1.20344797e+00 2.85922743e+01]
  [7.28222134e-05 1.20759925e+00 2.82376923e+01]
  [7.47634407e-05 1.21302069e+00 2.77223097e+01]
  [7.26517851e-05 1.20939931e+00 2.81112134e+01]]]

Ref Max Post Table:
[[[1.49227745e-04 2.25638300e+00 7.95044652e+01]
  [1.39651789e-04 2.06845225e+00 8.26079450e+01]
  [1.49117624e-04 2.26604517e+00 7.93176668e+01]
  [1.49011507e-04 2.25440651e+00 7.95554447e+01]]

 [[1.48416900e-04 2.23824075e+00 7.98461754e+01]
  [5.26974227e-05 1.62093161e+00 1.08990305e+02]
  [1.46957444e-04 2.21859899e+00 8.02395256e+01]
  [1.45199167e-04 2.19035983e+00 8.05960832e+01]]

 [[1.52277393e-04 2.24609025e+00 7.97156474e+01]
  [1.38104623e-04 2.06137146e+00 8.26386789e+01]
  [1.49756581e-04 2.27349639e+00 7.92153807e+01]
  [1.48026125e-04 2.24336660e+00 7.97506414e+01]]

 [[1.49007116e-04 2.25757272e+00 7.94994728e+01]
  [1.27233957e-04 1.86721418e+00 8.54583582e+01]
  [1.48739116e-04 2.24994870e+00 7.96713702e+01]
  [1.49475786e-04 2.26899629e+00 7.92247813e+01]]]

Ref Max Pull Table:
[[[1.47437007e-04 2.24289151e+00 7.98027992e+01]
  [1.47799949e-04 2.26819573e+00 7.94119592e+01]
  [1.46798742e-04 2.24432429e+00 7.98506379e+01]
  [1.41258736e-04 2.12877326e+00 8.16348923e+01]]

 [[1.47411163e-04 2.24768352e+00 7.97425046e+01]
  [1.47477387e-04 2.25943597e+00 7.96692003e+01]
  [1.47002092e-04 2.25008792e+00 7.97021263e+01]
  [1.39391146e-04 2.10502303e+00 8.19687508e+01]]

 [[1.47866229e-04 2.25379917e+00 7.96085915e+01]
  [1.47247525e-04 2.25783584e+00 7.95991824e+01]
  [1.47274591e-04 2.25395106e+00 7.96215736e+01]
  [1.45768017e-04 2.22124720e+00 8.03098361e+01]]

 [[1.48539561e-04 2.23024853e+00 8.00588077e+01]
  [1.46257225e-04 2.23746298e+00 7.99121023e+01]
  [1.46184932e-04 2.23577262e+00 7.99868989e+01]
  [4.66358436e-05 1.51154521e+00 1.10615842e+02]]]

Max Activate Table:
[[[4.74953798e-05 1.56602512e+00 1.02816279e+02 6.69110530e-03
   5.75881188e-03 3.07853882e-03 3.07872532e-03]
  [7.19452255e-05 1.18663864e+00 2.96827598e+01 1.66260359e-03
   1.58191976e-03 8.20249917e-04 8.20249917e-04]
  [7.41317027e-05 1.19456703e+00 2.91800863e+01 1.62410262e-03
   1.54505410e-03 8.01821580e-04 8.01821580e-04]
  [7.32509501e-05 1.20211823e+00 2.84684713e+01 1.59133262e-03
   1.50992646e-03 7.83898783e-04 7.83898783e-04]
  [7.21040425e-05 1.19403453e+00 2.92195390e+01 1.61800147e-03
   1.54077893e-03 8.03004096e-04 8.03004096e-04]
  [7.22752950e-05 1.19669717e+00 2.89721560e+01 1.61694784e-03
   1.52962227e-03 7.96734038e-04 7.96734038e-04]
  [7.28322814e-05 1.19639503e+00 2.91242651e+01 1.61644364e-03
   1.53503455e-03 7.97421455e-04 7.97421455e-04]
  [7.21903682e-05 1.19726750e+00 2.89455867e+01 1.60807506e-03
   1.54058644e-03 7.95428290e-04 7.95428290e-04]]

 [[6.59598659e-05 1.01905387e+00 4.23626885e+01 2.45189837e-03
   2.34446206e-03 1.21288651e-03 1.21288651e-03]
  [7.37821315e-05 1.21039118e+00 2.77545581e+01 1.55296702e-03
   1.47404498e-03 7.64130885e-04 7.64130885e-04]
  [7.27531487e-05 1.20740590e+00 2.80711513e+01 1.56741810e-03
   1.48073745e-03 7.71280565e-04 7.71280565e-04]
  [7.31241489e-05 1.21166314e+00 2.76696184e+01 1.54473593e-03
   1.46233280e-03 7.61425203e-04 7.61425203e-04]
  [7.35762427e-05 1.22434469e+00 2.65337121e+01 1.48195664e-03
   1.40898547e-03 7.31249801e-04 7.31249801e-04]
  [7.23726823e-05 1.20550115e+00 2.82805634e+01 1.57886172e-03
   1.49135743e-03 7.75898408e-04 7.75898408e-04]
  [7.66984238e-05 1.20478338e+00 2.83939114e+01 1.57558798e-03
   1.49658871e-03 7.77557877e-04 7.77557877e-04]
  [7.27400958e-05 1.20111794e+00 2.85717669e+01 1.59715570e-03
   1.50876790e-03 7.86448696e-04 7.86448696e-04]]

 [[7.18667614e-05 1.18545327e+00 2.99424205e+01 1.66469509e-03
   1.58358978e-03 8.23371997e-04 8.23371997e-04]
  [7.30568488e-05 1.20999398e+00 2.78108952e+01 1.54912733e-03
   1.47765238e-03 7.65261029e-04 7.65261029e-04]
  [7.25621621e-05 1.20384906e+00 2.83936945e+01 1.57990476e-03
   1.50090428e-03 7.80005322e-04 7.80005322e-04]
  [7.30552193e-05 1.21568614e+00 2.73064935e+01 1.52194102e-03
   1.44968431e-03 7.51675441e-04 7.51675441e-04]
  [7.30651672e-05 1.20825732e+00 2.80211089e+01 1.55895054e-03
   1.47824544e-03 7.69488619e-04 7.69488619e-04]
  [7.76646777e-05 1.20190471e+00 2.85883974e+01 1.58559371e-03
   1.51901669e-03 7.84536867e-04 7.84536867e-04]
  [7.50022810e-05 1.20915925e+00 2.80503738e+01 1.56154972e-03
   1.47169334e-03 7.67126347e-04 7.67126347e-04]
  [7.60400563e-05 1.20983777e+00 2.78873786e+01 1.55299539e-03
   1.46889349e-03 7.65699936e-04 7.65699936e-04]]

 [[7.26871277e-05 1.20120158e+00 2.85252764e+01 1.59233367e-03
   1.51762187e-03 7.86195590e-04 7.86195590e-04]
  [7.26126212e-05 1.21336351e+00 2.75107947e+01 1.53697362e-03
   1.45598365e-03 7.57218746e-04 7.57218746e-04]
  [7.24191553e-05 1.20702328e+00 2.80345857e+01 1.56496633e-03
   1.48369721e-03 7.72328549e-04 7.72328549e-04]
  [7.26110819e-05 1.20610942e+00 2.82171246e+01 1.56421767e-03
   1.49608526e-03 7.74479299e-04 7.74479299e-04]
  [7.36581880e-05 1.20119694e+00 2.86299378e+01 1.59072490e-03
   1.51150896e-03 7.86126307e-04 7.86126307e-04]
  [7.21190666e-05 1.19738583e+00 2.89673094e+01 1.61430693e-03
   1.53064743e-03 7.95292101e-04 7.95292101e-04]
  [7.29768774e-05 1.21741044e+00 2.71936965e+01 1.51448014e-03
   1.43701760e-03 7.47363661e-04 7.47363661e-04]
  [7.25082803e-05 1.20284429e+00 2.84570198e+01 1.59112161e-03
   1.49991235e-03 7.82275807e-04 7.82275807e-04]]

 [[7.07467642e-05 1.15947968e+00 3.18914906e+01 1.80000200e-03
   1.70954096e-03 8.84650605e-04 8.84650605e-04]
  [7.22995841e-05 1.20701117e+00 2.81272603e+01 1.56534757e-03
   1.48977484e-03 7.72321651e-04 7.72321651e-04]
  [7.36974080e-05 1.20821821e+00 2.79217785e+01 1.56256247e-03
   1.47960940e-03 7.69594902e-04 7.69594902e-04]
  [7.23757217e-05 1.21100129e+00 2.77870652e+01 1.54463893e-03
   1.46489124e-03 7.62824263e-04 7.62824263e-04]
  [7.31131883e-05 1.20666459e+00 2.81227732e+01 1.56466246e-03
   1.48688989e-03 7.73216506e-04 7.73216506e-04]
  [7.23118468e-05 1.20418748e+00 2.84367830e+01 1.58647344e-03
   1.49234867e-03 7.79032350e-04 7.79032350e-04]
  [7.23043951e-05 1.20585279e+00 2.83885241e+01 1.56896326e-03
   1.48473715e-03 7.75066810e-04 7.75066810e-04]
  [7.23562296e-05 1.20169181e+00 2.86418501e+01 1.59331667e-03
   1.50514913e-03 7.85012648e-04 7.85012648e-04]]

 [[7.27412488e-05 1.19025635e+00 2.96221525e+01 1.63698921e-03
   1.57574720e-03 8.12111705e-04 8.12111705e-04]
  [7.30373467e-05 1.20845515e+00 2.80202844e+01 1.55827459e-03
   1.47980947e-03 7.68898283e-04 7.68898283e-04]
  [7.38233204e-05 1.21170539e+00 2.76848925e+01 1.54151833e-03
   1.46405250e-03 7.61173122e-04 7.61173122e-04]
  [7.27312076e-05 1.20374997e+00 2.83912380e+01 1.58488071e-03
   1.49837733e-03 7.80132691e-04 7.80132691e-04]
  [7.26402819e-05 1.19983845e+00 2.87408932e+01 1.61072738e-03
   1.50866593e-03 7.89307597e-04 7.89307597e-04]
  [7.23593213e-05 1.20410262e+00 2.85039873e+01 1.58208199e-03
   1.50283735e-03 7.79239097e-04 7.79239097e-04]
  [7.25754687e-05 1.20571366e+00 2.83418538e+01 1.57964275e-03
   1.48423111e-03 7.75261742e-04 7.75261742e-04]
  [7.26812479e-05 1.20359746e+00 2.84381296e+01 1.58550963e-03
   1.49831087e-03 7.80508412e-04 7.80508412e-04]]

 [[7.21436118e-05 1.18925071e+00 2.95794205e+01 1.64530663e-03
   1.57594657e-03 8.14404260e-04 8.14404260e-04]
  [7.56562060e-05 1.20429269e+00 2.83576358e+01 1.58399579e-03
   1.50234466e-03 7.78707592e-04 7.78707592e-04]
  [7.25728388e-05 1.20452061e+00 2.82953616e+01 1.57944956e-03
   1.49239712e-03 7.78232225e-04 7.78232225e-04]
  [7.24332323e-05 1.21052794e+00 2.77510332e+01 1.54901309e-03
   1.47320788e-03 7.63895816e-04 7.63895816e-04]
  [7.32234820e-05 1.20649346e+00 2.81488774e+01 1.57090145e-03
   1.48607030e-03 7.73438895e-04 7.73438895e-04]
  [7.27542085e-05 1.21078996e+00 2.79071524e+01 1.54755465e-03
   1.46528861e-03 7.63325019e-04 7.63325019e-04]
  [7.46410831e-05 1.20898310e+00 2.80212610e+01 1.56212674e-03
   1.47824072e-03 7.67473706e-04 7.67473706e-04]
  [7.30118141e-05 1.21220846e+00 2.76936693e+01 1.54347047e-03
   1.45966003e-03 7.60163998e-04 7.60163998e-04]]

 [[7.17482267e-05 1.18684877e+00 2.97600889e+01 1.66125363e-03
   1.57557953e-03 8.20106690e-04 8.20106690e-04]
  [7.29178726e-05 1.20461196e+00 2.82749642e+01 1.57915647e-03
   1.49921213e-03 7.78041856e-04 7.78041856e-04]
  [7.26490773e-05 1.20204054e+00 2.85633176e+01 1.59351297e-03
   1.50666520e-03 7.84350408e-04 7.84350408e-04]
  [7.24235646e-05 1.20697654e+00 2.80810335e+01 1.56530359e-03
   1.48270164e-03 7.72564869e-04 7.72564869e-04]
  [7.28338770e-05 1.20032213e+00 2.86551386e+01 1.59915648e-03
   1.51086401e-03 7.88150173e-04 7.88150173e-04]
  [7.30250044e-05 1.22180700e+00 2.68560899e+01 1.50384985e-03
   1.41148051e-03 7.37011194e-04 7.37011194e-04]
  [7.27888452e-05 1.20860686e+00 2.79856126e+01 1.55755892e-03
   1.48269593e-03 7.68517470e-04 7.68517470e-04]
  [7.32892749e-05 1.21285751e+00 2.75968009e+01 1.54172628e-03
   1.45770774e-03 7.58714281e-04 7.58714281e-04]]]

Cumulative Reward: 4219.046889289022
