Scheduler Table:
[[[4.25697680e-05 1.50217403e-01 1.41557721e+02 1.05031370e-02
   4.99204264e-01 3.64204647e-03 3.64204647e-03]
  [4.32374144e-05 1.50529126e-01 1.41630347e+02 1.04728946e-02
   5.10331909e-01 3.64114243e-03 3.64114243e-03]
  [4.23802244e-05 1.50125441e-01 1.41815929e+02 1.05486641e-02
   5.03453891e-01 3.64042446e-03 3.64042446e-03]]

 [[4.30319116e-05 1.50433524e-01 1.41906273e+02 1.05326166e-02
   5.05068114e-01 3.64082470e-03 3.64082470e-03]
  [3.08218866e-04 9.22463856e-01 2.67220067e+02 1.08493859e-02
   3.04645893e-01 3.62779167e-03 3.65155537e-03]
  [4.23272933e-05 1.50153473e-01 1.41831081e+02 1.05239430e-02
   4.99970301e-01 3.64137896e-03 3.64137896e-03]]

 [[4.20880528e-05 1.50035814e-01 1.41554056e+02 1.05279366e-02
   4.93630144e-01 3.64049290e-03 3.64049290e-03]
  [4.24502453e-05 1.50212044e-01 1.41873601e+02 1.05386559e-02
   5.01183540e-01 3.64047599e-03 3.64047599e-03]
  [4.24009874e-05 1.50150546e-01 1.41751235e+02 1.05250077e-02
   4.96195335e-01 3.64071872e-03 3.64071872e-03]]]

Buffer Table:
[[[3.75043012e-05 1.50681069e-01 1.41554759e+02 1.05096581e-02
   4.20549853e-01 3.64105999e-03 3.64105999e-03]
  [3.69971505e-05 1.50459523e-01 1.41389623e+02 1.04984068e-02
   4.13415978e-01 3.64181398e-03 3.64181398e-03]
  [5.27149920e-04 1.42994434e-01 1.72584915e+02 1.06725952e-02
   3.11959901e-01 3.63892029e-03 3.63892029e-03]]

 [[3.71069089e-05 1.50396688e-01 1.41772553e+02 1.04939680e-02
   4.15508984e-01 3.64143689e-03 3.64143689e-03]
  [3.74177399e-05 1.50595085e-01 1.41607557e+02 1.05021037e-02
   4.20588694e-01 3.64041304e-03 3.64041304e-03]
  [3.64885256e-05 1.50135357e-01 1.41529803e+02 1.05302555e-02
   4.04581473e-01 3.64174002e-03 3.64174002e-03]]

 [[3.67684876e-05 1.50155796e-01 1.43119703e+02 1.05057828e-02
   4.10014262e-01 3.64139876e-03 3.64139876e-03]
  [3.67760164e-05 1.50276561e-01 1.41673674e+02 1.05139935e-02
   4.08167382e-01 3.64183282e-03 3.64183282e-03]
  [3.07486319e-04 9.22474678e-01 2.67173955e+02 1.08491540e-02
   3.04794921e-01 3.62779639e-03 3.65156009e-03]]]

Arbiter Table:
[[[3.07475032e-04 9.22758959e-01 2.66125095e+02 1.08442162e-02
   3.08330753e-01 3.62791618e-03 3.65167988e-03]
  [4.10081889e-05 1.50272596e-01 1.41544092e+02 1.05345464e-02
   4.21053109e-01 3.64167038e-03 3.64167038e-03]
  [4.05423607e-05 1.49869252e-01 1.41706688e+02 1.05539727e-02
   4.15800717e-01 3.64086979e-03 3.64086979e-03]]

 [[6.11968382e-05 1.41902777e-01 1.72739858e+02 1.06887509e-02
   3.16593396e-01 3.63788923e-03 3.63788923e-03]
  [4.09000097e-05 1.50159011e-01 1.41976972e+02 1.05290614e-02
   4.19896709e-01 3.64065251e-03 3.64065251e-03]
  [4.11808690e-05 1.50259739e-01 1.41627165e+02 1.05271230e-02
   4.23244707e-01 3.64131372e-03 3.64131372e-03]]

 [[4.14402936e-05 1.50403056e-01 1.41645789e+02 1.05405448e-02
   4.25493710e-01 3.64092748e-03 3.64092748e-03]
  [4.05879802e-05 1.49882945e-01 1.42940393e+02 1.05455514e-02
   4.16372317e-01 3.64115507e-03 3.64115507e-03]
  [4.09194406e-05 1.50189036e-01 1.41252637e+02 1.05338231e-02
   4.20202882e-01 3.64055209e-03 3.64055209e-03]]]

Page Table:
[[[3.07212026e-04 9.34889057e-01 2.48396014e+02 1.08414281e-02
   3.56160983e-01 3.62724234e-03 3.65100603e-03]
  [5.09071794e-05 1.96758653e-01 1.41662589e+02 1.05538176e-02
   3.41521687e-01 3.62389826e-03 3.62389826e-03]
  [4.96230880e-05 1.90672266e-01 1.53795131e+02 1.05582114e-02
   3.14589982e-01 3.62523192e-03 3.62523192e-03]
  [5.01841338e-05 1.95695555e-01 1.42100088e+02 1.05460091e-02
   3.47211855e-01 3.62515815e-03 3.62515815e-03]]

 [[5.03121311e-05 1.95926348e-01 1.41850561e+02 1.05472676e-02
   3.42879313e-01 3.62501319e-03 3.62501319e-03]
  [5.01539934e-05 1.95681819e-01 1.41703188e+02 1.05720486e-02
   3.39702749e-01 3.62508419e-03 3.62508419e-03]
  [5.02796997e-05 1.95858554e-01 1.41623190e+02 1.05496779e-02
   3.44475177e-01 3.62449903e-03 3.62449903e-03]
  [5.06395100e-05 1.96370535e-01 1.43576655e+02 1.05308379e-02
   3.53676496e-01 3.62495987e-03 3.62495987e-03]]

 [[5.15533643e-05 1.72486177e-01 1.81443889e+02 1.05674401e-02
   2.41915278e-01 3.62670472e-03 3.62670472e-03]
  [5.01231367e-05 1.95718185e-01 1.41982460e+02 1.05568327e-02
   3.44638289e-01 3.62562338e-03 3.62562338e-03]
  [5.03367832e-05 1.95856513e-01 1.41916921e+02 1.05693423e-02
   3.42388245e-01 3.62407711e-03 3.62407711e-03]
  [5.08402053e-05 1.96560636e-01 1.42310151e+02 1.05234333e-02
   3.57141426e-01 3.62517016e-03 3.62517016e-03]]

 [[4.46854956e-05 1.79165512e-01 1.73121597e+02 1.06762886e-02
   2.64623660e-01 3.62684598e-03 3.62684598e-03]
  [5.03993243e-05 1.96030484e-01 1.41906045e+02 1.05314147e-02
   3.53615725e-01 3.62533405e-03 3.62533405e-03]
  [5.04638906e-05 1.96185932e-01 1.41864242e+02 1.05430533e-02
   3.50762962e-01 3.62529695e-03 3.62529695e-03]
  [5.17053404e-05 1.97766511e-01 1.41718487e+02 1.04815233e-02
   3.29051494e-01 3.62513670e-03 3.62513670e-03]]]

Response Table:
[[[3.75743283e-05 1.36200358e-01 1.90400030e+02]
  [3.20799680e-05 1.38660706e-01 1.41342767e+02]]

 [[3.23544627e-05 1.38791324e-01 1.40585146e+02]
  [3.08218865e-04 9.22463856e-01 2.67220060e+02]]]

Refresh Table:
[[[3.08218866e-04 9.22463856e-01 2.67220067e+02]
  [3.06292814e-05 1.38721325e-01 1.40525524e+02]]

 [[3.06971225e-05 1.38844979e-01 1.40722496e+02]
  [3.05475619e-05 1.38735337e-01 1.41472024e+02]]]

Request Buffer Table:
[[[9.67612087e-05 5.98498116e-01 1.07470347e+02]
  [9.67532673e-05 5.97312717e-01 1.07653938e+02]
  [9.73071396e-05 6.00528332e-01 1.07135285e+02]
  [9.79082710e-05 5.95662932e-01 1.07893082e+02]
  [1.01088018e-04 6.05453815e-01 1.07515397e+02]
  [7.33522092e-05 4.01372312e-01 1.74423342e+02]
  [9.68797613e-05 5.97734099e-01 1.07884624e+02]
  [9.51433385e-05 5.91051576e-01 1.07953865e+02]]

 [[9.74025715e-05 5.97109269e-01 1.07592665e+02]
  [9.64567190e-05 5.97342738e-01 1.07338162e+02]
  [9.74179303e-05 5.98685457e-01 1.07619910e+02]
  [9.59999268e-05 6.00327041e-01 1.07197006e+02]
  [9.66770074e-05 5.97643942e-01 1.07860116e+02]
  [9.64553445e-05 6.01204307e-01 1.07697544e+02]
  [9.67750542e-05 6.00001778e-01 1.07304970e+02]
  [7.73336318e-05 4.07237984e-01 1.72782490e+02]]

 [[9.55931996e-05 5.92510979e-01 1.08002220e+02]
  [9.62149129e-05 5.98139447e-01 1.07460347e+02]
  [9.61513490e-05 5.95314520e-01 1.07882650e+02]
  [9.62539633e-05 5.94852054e-01 1.08387354e+02]
  [9.67347998e-05 5.97113632e-01 1.07797260e+02]
  [9.68897091e-05 6.02345510e-01 1.07459851e+02]
  [9.72835193e-05 5.98051745e-01 1.08690237e+02]
  [9.62864699e-05 5.96160286e-01 1.07755550e+02]]

 [[9.58492512e-05 5.91278993e-01 1.08196314e+02]
  [9.65573766e-05 6.00397110e-01 1.07403927e+02]
  [9.86308666e-05 6.05164306e-01 1.07275788e+02]
  [9.65136483e-05 5.97857591e-01 1.07313683e+02]
  [9.99586442e-05 6.01007954e-01 1.07292816e+02]
  [9.57525942e-05 5.95010244e-01 1.08791855e+02]
  [9.73662560e-05 5.95965640e-01 1.07882082e+02]
  [9.58797273e-05 5.93217991e-01 1.07954058e+02]]

 [[9.62453705e-05 5.95562608e-01 1.08035460e+02]
  [9.65719180e-05 6.02161548e-01 1.07309492e+02]
  [9.62681449e-05 6.01009742e-01 1.07310045e+02]
  [9.54542852e-05 5.92733641e-01 1.07445209e+02]
  [9.66291130e-05 5.99841801e-01 1.07539213e+02]
  [1.79421571e-04 1.25513376e-01 2.63957719e+02]
  [9.82347597e-05 6.18594533e-01 1.06295982e+02]
  [9.70761354e-05 5.97251794e-01 1.07838336e+02]]

 [[9.47415073e-05 5.87752876e-01 1.08372445e+02]
  [9.58566939e-05 5.90939560e-01 1.08025108e+02]
  [9.72990505e-05 6.01157895e-01 1.07511674e+02]
  [1.02269949e-04 6.02623185e-01 1.07246708e+02]
  [9.67189896e-05 6.02012819e-01 1.07108637e+02]
  [1.11098709e-03 3.14758584e-01 2.02952750e+02]
  [9.62771692e-05 5.93899273e-01 1.09392359e+02]
  [4.37296932e-04 9.35453828e-01 2.63029837e+02]]

 [[9.51835267e-05 5.90936180e-01 1.08558508e+02]
  [9.84757689e-05 6.02741911e-01 1.07346803e+02]
  [9.92926117e-05 6.02792261e-01 1.07078057e+02]
  [1.07071439e-04 6.06227348e-01 1.07228749e+02]
  [9.85065104e-05 6.06031455e-01 1.06766151e+02]
  [9.70014493e-05 5.99805287e-01 1.07456194e+02]
  [9.84455421e-05 6.02434154e-01 1.07634766e+02]
  [7.99333458e-05 4.86097208e-01 1.46440879e+02]]

 [[1.00487685e-04 6.01731293e-01 1.07417352e+02]
  [9.94206917e-05 6.04625278e-01 1.07068639e+02]
  [9.77386519e-05 6.03950131e-01 1.06949267e+02]
  [9.63441946e-05 5.98221978e-01 1.07398014e+02]
  [1.79862478e-04 1.25548330e-01 2.62724842e+02]
  [9.72809416e-05 6.01334343e-01 1.07515252e+02]
  [1.04788777e-04 5.98744202e-01 1.07576659e+02]
  [9.92960544e-05 6.03268468e-01 1.07147690e+02]]]

Ref Max Post Table:
[[[5.12853825e-05 1.95686495e-01 1.41888492e+02]
  [5.23920443e-05 1.81199070e-01 1.70468077e+02]
  [5.16629725e-05 1.96159974e-01 1.41632259e+02]
  [5.16124580e-05 1.96107393e-01 1.41875655e+02]]

 [[5.18939455e-05 1.96450038e-01 1.42065293e+02]
  [4.78255261e-05 1.91322663e-01 1.51642465e+02]
  [3.18064976e-04 9.22977984e-01 2.66918475e+02]
  [5.18896130e-05 1.96463686e-01 1.41932613e+02]]

 [[5.11535948e-05 1.95348281e-01 1.43932335e+02]
  [5.99911499e-05 1.13008846e-01 2.67325138e+02]
  [2.96567506e-03 1.51794346e-01 2.15748057e+02]
  [5.29827755e-05 1.97921522e-01 1.41980379e+02]]

 [[5.18324541e-05 1.96413516e-01 1.41914067e+02]
  [5.17741069e-05 1.96316455e-01 1.41867233e+02]
  [5.13660013e-05 1.95798996e-01 1.42319137e+02]
  [5.23682091e-05 1.97001340e-01 1.42066392e+02]]]

Ref Max Pull Table:
[[[5.30283785e-05 1.96503080e-01 1.42122293e+02]
  [5.29976267e-05 1.96426924e-01 1.42543737e+02]
  [2.83295194e-03 1.70958384e-01 1.86091961e+02]
  [5.23571844e-05 1.95572749e-01 1.42117728e+02]]

 [[4.88138242e-05 1.86894118e-01 1.60368436e+02]
  [3.06229866e-04 9.35742703e-01 2.47183701e+02]
  [5.28170553e-05 1.96225410e-01 1.42351379e+02]
  [5.22792594e-05 1.95425755e-01 1.44170335e+02]]

 [[4.80503765e-05 1.81574934e-01 1.68039241e+02]
  [5.00651057e-05 1.82878885e-01 1.68347144e+02]
  [5.43537838e-05 1.54958525e-01 2.08954696e+02]
  [5.25097269e-05 1.95796988e-01 1.42139655e+02]]

 [[5.25257259e-05 1.95765611e-01 1.41916182e+02]
  [5.34135996e-05 1.81167868e-01 1.64467390e+02]
  [5.32624844e-05 1.96733121e-01 1.42073036e+02]
  [5.23516207e-05 1.95588622e-01 1.42457942e+02]]]

Max Activate Table:
[[[9.66047250e-05 5.95733300e-01 1.07449116e+02 8.01538559e-03
   1.83288689e-01 2.74167526e-03 2.74167526e-03]
  [9.59976008e-05 6.04810888e-01 1.06875561e+02 7.98397437e-03
   1.75651640e-01 2.72362430e-03 2.72362430e-03]
  [4.07409166e-04 9.43150943e-01 2.60479592e+02 1.06627175e-02
   3.12311399e-01 3.59316333e-03 3.59316333e-03]
  [9.47883131e-05 5.95812552e-01 1.07527847e+02 7.99826608e-03
   1.70553450e-01 2.74205713e-03 2.74205713e-03]
  [9.79877663e-05 6.20626417e-01 1.05948106e+02 7.89311597e-03
   1.74497683e-01 2.69249548e-03 2.69249548e-03]
  [1.06489926e-04 6.05280361e-01 1.06886576e+02 8.01541395e-03
   1.71423063e-01 2.72327234e-03 2.72327234e-03]
  [7.95522950e-05 4.84640307e-01 1.47198065e+02 8.66232041e-03
   1.43681830e-01 2.95208079e-03 2.95208079e-03]
  [9.48564437e-05 5.93215029e-01 1.07477338e+02 7.98096522e-03
   2.76431835e-01 2.74585627e-03 2.74585627e-03]]

 [[9.70188705e-05 6.00088900e-01 1.07042847e+02 7.98489401e-03
   1.66508160e-01 2.73295092e-03 2.73295092e-03]
  [9.99919275e-05 6.00131373e-01 1.07746632e+02 7.98989030e-03
   1.70737484e-01 2.73325490e-03 2.73325490e-03]
  [9.60409814e-05 6.07011945e-01 1.06683797e+02 7.97301321e-03
   1.76414286e-01 2.71871564e-03 2.71871564e-03]
  [9.53026868e-05 5.97063631e-01 1.08473774e+02 7.97864939e-03
   2.96156588e-01 2.74108215e-03 2.74108215e-03]
  [9.55852024e-05 5.95755957e-01 1.07580149e+02 7.97147197e-03
   2.78389248e-01 2.74276030e-03 2.74276030e-03]
  [9.44024264e-05 5.91354625e-01 1.07808857e+02 8.05351916e-03
   1.93076485e-01 2.75065023e-03 2.75065023e-03]
  [9.49868133e-05 5.96290996e-01 1.07389107e+02 7.98754305e-03
   1.98844460e-01 2.74097656e-03 2.74097656e-03]
  [9.74500029e-05 5.97793080e-01 1.08076748e+02 7.95504625e-03
   4.66008983e-01 2.73788856e-03 2.73788856e-03]]

 [[9.32465967e-05 5.87411608e-01 1.07905596e+02 8.08026522e-03
   1.72288750e-01 2.75764181e-03 2.75764181e-03]
  [9.52510410e-05 5.98113631e-01 1.07400534e+02 7.97903305e-03
   2.80235032e-01 2.73815470e-03 2.73815470e-03]
  [9.51022986e-05 5.96765944e-01 1.07241622e+02 8.04239861e-03
   2.08147478e-01 2.73907791e-03 2.73907791e-03]
  [9.51149992e-05 5.97376372e-01 1.07277319e+02 8.01317575e-03
   1.86583001e-01 2.73910350e-03 2.73910350e-03]
  [1.00758353e-04 6.00316984e-01 1.07370022e+02 7.98243848e-03
   2.11013651e-01 2.73247862e-03 2.73247862e-03]
  [9.90913545e-05 5.96736093e-01 1.07720579e+02 8.02406792e-03
   1.74408489e-01 2.74033477e-03 2.74033477e-03]
  [1.49824617e-04 1.33284099e-01 2.60161790e+02 1.07082659e-02
   1.23778630e-02 3.59160193e-03 3.59160193e-03]
  [9.39976994e-05 5.90234438e-01 1.08446204e+02 8.01578471e-03
   1.87171056e-01 2.75242502e-03 2.75242502e-03]]

 [[8.03111678e-04 3.62349363e-01 1.86393246e+02 9.40741299e-03
   9.33967347e-02 3.17685899e-03 3.17685899e-03]
  [9.69937548e-05 6.03402096e-01 1.07147010e+02 8.00487108e-03
   1.67133803e-01 2.72789153e-03 2.72789153e-03]
  [9.62649551e-05 5.92469538e-01 1.07623146e+02 8.02721876e-03
   2.08228724e-01 2.74781450e-03 2.74781450e-03]
  [9.45710824e-05 5.94722901e-01 1.07531091e+02 8.01463596e-03
   1.91039184e-01 2.74437746e-03 2.74437746e-03]
  [9.51991789e-05 5.99338451e-01 1.07070456e+02 7.97410244e-03
   1.93863230e-01 2.73560120e-03 2.73560120e-03]
  [9.43952569e-05 5.89317364e-01 1.08085973e+02 8.04642468e-03
   1.93625502e-01 2.75321774e-03 2.75321774e-03]
  [9.74929715e-05 5.99488995e-01 1.07266382e+02 7.98552478e-03
   1.91407248e-01 2.73481880e-03 2.73481880e-03]
  [9.53483648e-05 5.99363885e-01 1.07314932e+02 7.99695383e-03
   1.95254479e-01 2.73494773e-03 2.73494773e-03]]

 [[9.53814507e-05 5.93335193e-01 1.07468728e+02 7.96013979e-03
   2.21489327e-01 2.74734617e-03 2.74734617e-03]
  [9.61477331e-05 5.96959433e-01 1.07334653e+02 7.98063768e-03
   2.50396029e-01 2.73987014e-03 2.73987014e-03]
  [9.54715447e-05 5.95531967e-01 1.07545144e+02 7.97832239e-03
   2.72105695e-01 2.74197191e-03 2.74197191e-03]
  [9.34091708e-05 5.85321335e-01 1.08776989e+02 8.06418948e-03
   1.84539710e-01 2.76252908e-03 2.76252908e-03]
  [9.86455602e-05 5.96456593e-01 1.07676377e+02 8.02425766e-03
   1.61729324e-01 2.74002412e-03 2.74002412e-03]
  [9.49809708e-05 5.97319584e-01 1.07716630e+02 7.99797033e-03
   2.15326012e-01 2.73868174e-03 2.73868174e-03]
  [9.53211196e-05 6.01770309e-01 1.07808695e+02 7.96110806e-03
   1.70069858e-01 2.73027022e-03 2.73027022e-03]
  [9.63990658e-05 5.94819757e-01 1.07813086e+02 8.03175840e-03
   1.74200166e-01 2.74383180e-03 2.74383180e-03]]

 [[9.55065479e-05 6.05064185e-01 1.06678782e+02 7.96357184e-03
   1.77342602e-01 2.72170444e-03 2.72170444e-03]
  [9.50640195e-05 5.98991712e-01 1.07144144e+02 8.01647835e-03
   1.64504967e-01 2.73528492e-03 2.73528492e-03]
  [9.67821020e-05 6.03749633e-01 1.07204083e+02 7.94369533e-03
   4.69903576e-01 2.72590264e-03 2.72590264e-03]
  [9.49449656e-05 5.91381041e-01 1.07821740e+02 7.97197405e-03
   2.08770058e-01 2.75010365e-03 2.75010365e-03]
  [9.83493196e-05 6.00066999e-01 1.07545027e+02 7.98121226e-03
   1.75935584e-01 2.73382417e-03 2.73382417e-03]
  [9.68031271e-05 5.96883526e-01 1.07487691e+02 7.99269968e-03
   2.30564430e-01 2.73830143e-03 2.73830143e-03]
  [9.68924894e-05 6.11541439e-01 1.06427359e+02 7.94154876e-03
   1.74874497e-01 2.71031622e-03 2.71031622e-03]
  [9.40425985e-05 5.85941523e-01 1.08359246e+02 8.05925603e-03
   2.04412143e-01 2.76074498e-03 2.76074498e-03]]

 [[1.49458851e-04 1.33229794e-01 2.61401079e+02 1.06700211e-02
   1.23857281e-02 3.59108592e-03 3.61499306e-03]
  [9.90149633e-05 6.20323633e-01 1.06360670e+02 7.91833821e-03
   1.85281775e-01 2.69305912e-03 2.69305912e-03]
  [9.60891475e-05 5.92988606e-01 1.07456779e+02 8.01613597e-03
   1.87504619e-01 2.74750528e-03 2.74750528e-03]
  [9.33549339e-05 5.88273499e-01 1.09548459e+02 8.06062694e-03
   1.91048467e-01 2.75713966e-03 2.75713966e-03]
  [9.45366657e-05 5.91153233e-01 1.07925343e+02 8.02125804e-03
   1.75064967e-01 2.75205772e-03 2.75205772e-03]
  [9.46046670e-05 5.96063292e-01 1.07520403e+02 8.00935577e-03
   1.72650225e-01 2.74208497e-03 2.74208497e-03]
  [1.36837672e-03 3.18279152e-01 2.01603059e+02 9.64130482e-03
   7.24077418e-02 3.25925139e-03 3.25925139e-03]
  [9.52828704e-05 5.96764832e-01 1.07398857e+02 7.98333994e-03
   2.14931559e-01 2.74017401e-03 2.74017401e-03]]

 [[9.48697626e-05 5.91872258e-01 1.07843138e+02 8.01479092e-03
   2.96519668e-01 2.74891485e-03 2.74891485e-03]
  [9.52603312e-05 5.99211661e-01 1.07851403e+02 7.96191057e-03
   3.16406017e-01 2.73596623e-03 2.73596623e-03]
  [9.40878417e-05 5.91499918e-01 1.07698102e+02 8.02355033e-03
   1.81718814e-01 2.75029924e-03 2.75029924e-03]
  [9.72808820e-05 5.99636155e-01 1.07161044e+02 7.99856973e-03
   2.85985475e-01 2.73366723e-03 2.73366723e-03]
  [9.67272602e-05 6.00252496e-01 1.07175205e+02 7.99609806e-03
   1.67832235e-01 2.73293004e-03 2.73293004e-03]
  [9.49940464e-05 5.91146355e-01 1.08072193e+02 8.05217924e-03
   1.86605024e-01 2.75098828e-03 2.75098828e-03]
  [9.36722636e-05 5.87254795e-01 1.08028541e+02 8.00208587e-03
   2.01454281e-01 2.75937490e-03 2.75937490e-03]
  [9.42779670e-05 5.89049342e-01 1.07896394e+02 8.03327418e-03
   2.20171383e-01 2.75438273e-03 2.75438273e-03]]]

Cumulative Reward: 9292.300152379441
