Scheduler Table:
[[[3.56832743e-06 1.42682877e-02 1.52286935e+01 8.16556153e-04
   1.79518984e-02 3.43332706e-04 3.43332706e-04]
  [4.23904023e-06 1.42938439e-02 1.46356264e+01 7.88206631e-04
   1.90360418e-02 3.43895751e-04 3.43895751e-04]
  [3.78208781e-06 1.42571038e-02 1.52160152e+01 8.10511880e-04
   1.71921738e-02 3.43444346e-04 3.43444346e-04]]

 [[4.37391348e-06 1.43364085e-02 1.44519234e+01 7.98959019e-04
   1.78579754e-02 3.43363068e-04 3.43363068e-04]
  [1.06932350e-06 1.18646789e-02 1.70648434e+01 7.34864469e-04
   1.84873545e-01 3.59059184e-04 3.59059184e-04]
  [1.69961677e-05 1.12698999e-02 3.76609686e+01 1.47541144e-03
   4.17132704e-04 3.38205239e-04 3.38205239e-04]]

 [[2.38134713e-06 1.43414669e-02 1.41952857e+01 8.45259144e-04
   2.51933115e-02 3.44402830e-04 3.44402830e-04]
  [1.64554295e-05 1.13168979e-02 3.74435151e+01 1.41926151e-03
   5.85295277e-04 3.38030683e-04 3.86317351e-04]
  [3.05702797e-06 1.43324711e-02 1.44270191e+01 8.21176602e-04
   2.72130038e-02 3.44037028e-04 3.44037028e-04]]]

Buffer Table:
[[[1.09351927e-05 1.12982999e-02 3.79869544e+01 1.49744182e-03
   5.78954182e-04 3.37696254e-04 3.85982923e-04]
  [4.41388115e-06 1.42967140e-02 1.48573162e+01 8.13403625e-04
   2.55933270e-02 3.43937770e-04 3.43937770e-04]
  [3.68491819e-06 1.41507986e-02 1.48332899e+01 7.83155990e-04
   2.14651454e-02 3.43353544e-04 3.43353544e-04]]

 [[2.39698238e-05 1.34753066e-02 1.79054484e+01 8.09565339e-04
   1.37544463e-02 3.43116224e-04 3.43116224e-04]
  [4.25251001e-06 1.42697732e-02 1.43735165e+01 8.23373325e-04
   2.51003532e-02 3.43600944e-04 3.43600944e-04]
  [2.01148603e-06 1.43122799e-02 1.46929584e+01 8.08577158e-04
   2.32795512e-02 3.43461016e-04 3.43461016e-04]]

 [[4.35643151e-06 1.42876148e-02 1.46287924e+01 8.10799966e-04
   2.62635511e-02 3.44097764e-04 3.44097764e-04]
  [3.29182199e-06 1.40265329e-02 1.56733227e+01 7.74267452e-04
   1.92602430e-02 3.43328398e-04 3.43328398e-04]
  [4.12954598e-06 1.42785581e-02 1.44015497e+01 8.15207388e-04
   2.47156940e-02 3.43696787e-04 3.43696787e-04]]]

Arbiter Table:
[[[1.09351927e-05 1.12982999e-02 3.79869544e+01 1.49744182e-03
   5.78954182e-04 3.37696254e-04 3.85982923e-04]
  [4.13837921e-06 1.40796754e-02 1.52876483e+01 7.78619144e-04
   2.01470972e-02 3.43457278e-04 3.43457278e-04]
  [4.11686711e-07 1.18101815e-02 1.66651380e+01 6.73792903e-04
   2.34871632e-01 3.71237433e-04 3.71237433e-04]]

 [[5.39386124e-06 1.42893308e-02 1.44458790e+01 8.06604982e-04
   2.31792704e-02 3.43040221e-04 3.43040221e-04]
  [2.14468258e-06 1.43314418e-02 1.40079909e+01 8.43115705e-04
   2.60381603e-02 3.44116944e-04 3.44116944e-04]
  [4.94903514e-06 1.37063253e-02 1.74380170e+01 9.00852834e-04
   1.59650326e-02 3.41693816e-04 3.41693816e-04]]

 [[1.81258085e-06 1.21309292e-02 1.66656718e+01 7.45788491e-04
   1.30425195e-01 3.57573101e-04 3.57573101e-04]
  [5.86973144e-06 1.42986610e-02 1.47343519e+01 8.40044867e-04
   2.59959966e-02 3.42975652e-04 3.42975652e-04]
  [2.17257646e-06 1.42858708e-02 1.44950311e+01 8.35323763e-04
   2.49414980e-02 3.42478047e-04 3.42478047e-04]]]

Page Table:
[[[2.72748204e-06 1.44926783e-02 1.53867746e+01 9.24942699e-04
   3.52382139e-02 3.42711452e-04 3.42711452e-04]
  [9.69482038e-05 1.13279927e-02 3.79799971e+01 1.42958802e-03
   4.28874858e-04 3.38450981e-04 3.38450981e-04]
  [5.85821420e-06 1.45358248e-02 1.53052237e+01 1.00839932e-03
   2.15866311e-02 3.41645139e-04 3.41645139e-04]
  [2.67231485e-06 1.43966473e-02 1.59645697e+01 8.99132750e-04
   1.85540339e-02 3.42468676e-04 3.42468676e-04]]

 [[2.68708880e-06 1.44671279e-02 1.54276067e+01 9.12006420e-04
   2.51810445e-02 3.42819367e-04 3.42819367e-04]
  [7.77821200e-06 1.44576185e-02 1.51593223e+01 9.14488139e-04
   1.79067728e-02 3.43205784e-04 3.43205784e-04]
  [9.52327528e-05 1.12843403e-02 3.62176279e+01 1.38498662e-03
   4.26879652e-04 3.38404176e-04 3.38404176e-04]
  [2.54709330e-06 1.42431894e-02 1.51112413e+01 8.92830221e-04
   2.30031463e-02 3.41794693e-04 3.41794693e-04]]

 [[9.29046547e-05 1.13270183e-02 3.77465673e+01 1.37592088e-03
   5.94994370e-04 3.38268217e-04 3.86554885e-04]
  [9.38519069e-07 1.23371977e-02 1.71740652e+01 8.19288180e-04
   5.25629896e-02 3.46993008e-04 3.46993008e-04]
  [5.60132266e-06 1.44534902e-02 1.52432251e+01 9.40064453e-04
   2.69574839e-02 3.41856897e-04 3.41856897e-04]
  [3.35631246e-06 1.44426696e-02 1.50939869e+01 9.41922528e-04
   2.51209727e-02 3.41863771e-04 3.41863771e-04]]

 [[2.85582952e-06 1.37668557e-02 1.78186373e+01 8.85573129e-04
   1.98784820e-02 3.42188892e-04 3.42188892e-04]
  [5.87077065e-06 1.44589549e-02 1.57595336e+01 9.06959899e-04
   1.88243022e-02 3.42602982e-04 3.42602982e-04]
  [5.34045584e-06 1.44727743e-02 1.56653466e+01 9.11461212e-04
   2.15883590e-02 3.42347692e-04 3.42347692e-04]
  [2.63677455e-06 1.44909909e-02 1.47794532e+01 9.17895911e-04
   2.62085271e-02 3.42259905e-04 3.42259905e-04]]]

Response Table:
[[[4.63170229e-06 1.41657198e-02 1.41077931e+01]
  [3.62715700e-06 1.41837569e-02 1.45153158e+01]]

 [[3.46688229e-06 1.41581716e-02 1.43724477e+01]
  [1.09351927e-05 1.12982999e-02 3.79869544e+01]]]

Refresh Table:
[[[4.30582699e-06 1.42359939e-02 1.45081853e+01]
  [1.69961677e-05 1.12698999e-02 3.76609686e+01]]

 [[1.64554295e-05 1.13168979e-02 3.74435151e+01]
  [1.89092491e-06 1.21672378e-02 1.64372885e+01]]]

Request Buffer Table:
[[[5.21135068e-06 1.57283304e-02 1.55566391e+01]
  [3.52221192e-06 1.57476784e-02 1.56843381e+01]
  [3.05270045e-06 1.58089774e-02 1.58907319e+01]
  [5.22178632e-06 1.59261277e-02 1.57172451e+01]
  [4.84827350e-06 1.58243470e-02 1.59410010e+01]
  [4.13325751e-06 1.57626705e-02 1.63610950e+01]
  [3.78334073e-06 1.57016460e-02 1.64671731e+01]
  [2.27859938e-06 1.25193137e-02 1.74867107e+01]]

 [[3.86408505e-06 1.57871389e-02 1.56086564e+01]
  [3.20340691e-06 1.58599561e-02 1.56936328e+01]
  [2.94991457e-06 1.43942362e-02 2.01891270e+01]
  [5.05129455e-06 1.60060561e-02 1.59961298e+01]
  [9.97893382e-06 1.57059739e-02 1.55958057e+01]
  [4.27674065e-06 1.58547089e-02 1.58917511e+01]
  [3.46051973e-06 1.58601319e-02 1.59481325e+01]
  [3.21082415e-06 1.55841119e-02 1.58280997e+01]]

 [[3.50934860e-06 1.61068832e-02 1.60563524e+01]
  [1.60631068e-05 1.58148497e-02 1.59044326e+01]
  [4.18167647e-06 1.58691127e-02 1.60188740e+01]
  [3.80039860e-06 1.61036379e-02 1.56892000e+01]
  [3.02531370e-06 1.57109199e-02 1.59089387e+01]
  [3.82681981e-06 1.60239208e-02 1.57920293e+01]
  [3.43615048e-06 1.57731248e-02 1.58299304e+01]
  [1.41226492e-06 1.30569089e-02 2.02429354e+01]]

 [[4.61179713e-06 1.61898001e-02 1.58657005e+01]
  [3.10924690e-06 1.57493544e-02 1.60570415e+01]
  [5.19441060e-06 1.57905026e-02 1.61365012e+01]
  [4.99327124e-06 1.59283746e-02 1.57857558e+01]
  [3.06623231e-06 1.58196055e-02 1.60937417e+01]
  [4.28603123e-06 1.58173404e-02 1.60840766e+01]
  [4.75877442e-06 1.59812584e-02 1.58595773e+01]
  [5.19551952e-06 1.58450777e-02 1.56535639e+01]]

 [[3.19046834e-06 1.57580008e-02 1.54849258e+01]
  [8.81826189e-06 1.56134307e-02 1.60672466e+01]
  [4.83686887e-06 1.58046214e-02 1.57067787e+01]
  [3.52730473e-06 1.58293302e-02 1.59621631e+01]
  [3.30649718e-06 1.58780943e-02 1.57492385e+01]
  [3.57297013e-06 1.57799955e-02 1.58002183e+01]
  [4.37056926e-06 1.59898578e-02 1.61892783e+01]
  [3.55066871e-06 1.57794737e-02 1.59308176e+01]]

 [[4.24405750e-06 1.56654561e-02 1.57075301e+01]
  [5.18982437e-06 1.54642528e-02 1.61165760e+01]
  [4.99204035e-06 1.57606085e-02 1.61856546e+01]
  [6.00739290e-06 1.59513779e-02 1.60629678e+01]
  [4.81804721e-06 1.56651256e-02 1.58163816e+01]
  [4.75313663e-06 1.56246226e-02 1.61597549e+01]
  [3.85055493e-06 1.59596903e-02 1.61423383e+01]
  [1.69961677e-05 1.12698999e-02 3.76609686e+01]]

 [[3.54068579e-06 1.60013998e-02 1.55870156e+01]
  [4.32134549e-06 1.50358952e-02 1.73737737e+01]
  [3.41891434e-06 1.60974440e-02 1.61316219e+01]
  [4.45812393e-06 1.59888258e-02 1.60469512e+01]
  [3.15738977e-06 1.56236563e-02 1.55401649e+01]
  [3.91563573e-06 1.56826088e-02 1.60251028e+01]
  [4.92711023e-06 1.59664352e-02 1.61648373e+01]
  [3.19203476e-06 1.57084525e-02 1.62052664e+01]]

 [[3.22218607e-06 1.29792348e-02 1.74988242e+01]
  [3.20496831e-06 1.57326378e-02 1.58724433e+01]
  [4.17697076e-06 1.57618755e-02 1.57156341e+01]
  [8.24072176e-06 1.61000401e-02 1.58618344e+01]
  [3.77776895e-06 1.58268401e-02 1.60982520e+01]
  [1.64554295e-05 1.13168979e-02 3.74435151e+01]
  [3.85936197e-06 1.55219096e-02 1.76448964e+01]
  [3.73180999e-06 1.57282299e-02 1.58864392e+01]]]

Ref Max Post Table:
[[[2.63798120e-06 1.44716828e-02 1.54775532e+01]
  [3.46156465e-06 1.44081621e-02 1.59082510e+01]
  [2.54879394e-06 1.45494466e-02 1.51302543e+01]
  [9.52327527e-05 1.12843402e-02 3.62176280e+01]]

 [[3.64058711e-06 1.44653896e-02 1.50911274e+01]
  [3.43828515e-06 1.44795448e-02 1.50424965e+01]
  [2.74504274e-06 1.33164911e-02 2.08781526e+01]
  [8.21415294e-06 1.44361398e-02 1.53259112e+01]]

 [[9.69482037e-05 1.13279926e-02 3.79799972e+01]
  [2.85959936e-06 1.42689732e-02 1.70949304e+01]
  [3.03013645e-06 1.45006578e-02 1.52020998e+01]
  [2.44009368e-06 1.40586829e-02 1.69681045e+01]]

 [[6.57108752e-06 1.44328061e-02 1.51641190e+01]
  [3.00089452e-06 1.44106253e-02 1.51164485e+01]
  [9.29046546e-05 1.13270183e-02 3.77465674e+01]
  [4.08462686e-06 1.43995141e-02 1.51161007e+01]]]

Ref Max Pull Table:
[[[3.54470075e-06 1.44595922e-02 1.57707556e+01]
  [1.64554293e-05 1.13168980e-02 3.74435143e+01]
  [2.83881769e-06 1.44494084e-02 1.51660396e+01]
  [7.96577733e-06 1.44287135e-02 1.47032801e+01]]

 [[1.69961675e-05 1.12698999e-02 3.76609679e+01]
  [3.12258921e-06 1.22953892e-02 2.31923071e+01]
  [2.35828020e-06 1.43824795e-02 1.54276025e+01]
  [3.53450746e-06 1.45137635e-02 1.54931286e+01]]

 [[3.43083244e-06 1.44769896e-02 1.50718909e+01]
  [2.63462647e-06 1.43858444e-02 1.52405582e+01]
  [2.64968676e-06 1.43903516e-02 1.54712122e+01]
  [2.79619314e-06 1.44947528e-02 1.51270959e+01]]

 [[6.53276165e-06 1.44496764e-02 1.49509100e+01]
  [2.73488169e-06 1.45063594e-02 1.74908599e+01]
  [2.76721586e-06 1.44483030e-02 1.53969798e+01]
  [2.57449071e-06 1.45601455e-02 1.52467934e+01]]]

Max Activate Table:
[[[4.60932842e-06 1.58220107e-02 1.55839616e+01 9.84542175e-04
   2.91630932e-02 3.42345632e-04 3.42345632e-04]
  [3.45148491e-06 1.57254237e-02 1.58183116e+01 1.02398826e-03
   2.22681794e-02 3.42258626e-04 3.42258626e-04]
  [8.93270179e-06 1.59896375e-02 1.59573856e+01 1.03899563e-03
   1.96991378e-02 3.42230872e-04 3.42230872e-04]
  [3.71107677e-06 1.57704735e-02 1.57099373e+01 9.95955206e-04
   2.73538676e-02 3.42772057e-04 3.42772057e-04]
  [3.65035066e-06 1.58918419e-02 1.55961900e+01 1.00507875e-03
   1.64105238e-02 3.42237922e-04 3.42237922e-04]
  [3.85779936e-06 1.59935157e-02 1.62219618e+01 1.06114446e-03
   1.56363490e-02 3.41215253e-04 3.41215253e-04]
  [3.21453430e-06 1.56184939e-02 1.64397300e+01 9.75846678e-04
   2.24774990e-02 3.42267455e-04 3.42267455e-04]
  [3.44902659e-06 1.55964251e-02 1.57617490e+01 9.82660627e-04
   2.65460272e-02 3.42215885e-04 3.42215885e-04]]

 [[3.64757071e-06 1.60032174e-02 1.57716098e+01 1.05931238e-03
   2.68066956e-02 3.42204148e-04 3.42204148e-04]
  [1.09351927e-05 1.12982999e-02 3.79869544e+01 1.49744182e-03
   5.78954182e-04 3.37696254e-04 3.85982923e-04]
  [4.42190182e-06 1.60434805e-02 1.57181518e+01 1.02516056e-03
   1.61699388e-02 3.42005513e-04 3.42005513e-04]
  [3.80680072e-06 1.58716930e-02 1.62222579e+01 1.01331408e-03
   4.24107599e-02 3.41286543e-04 3.41286543e-04]
  [3.89288592e-06 1.57052256e-02 1.55514981e+01 9.80458960e-04
   3.18241932e-02 3.42884600e-04 3.42884600e-04]
  [3.64627897e-06 1.58717081e-02 1.60082962e+01 1.00620417e-03
   4.32668624e-02 3.42304382e-04 3.42304382e-04]
  [2.22664019e-06 1.21109205e-02 1.96273862e+01 7.70183561e-04
   1.88731698e-01 3.59624683e-04 3.59624683e-04]
  [3.86721308e-06 1.56589434e-02 1.56718717e+01 1.00757421e-03
   2.23301602e-02 3.42097340e-04 3.42097340e-04]]

 [[6.02737416e-06 1.58421359e-02 1.57722501e+01 9.82513025e-04
   2.29180972e-02 3.42600873e-04 3.42600873e-04]
  [3.80935069e-06 1.58763767e-02 1.60419675e+01 1.06117462e-03
   2.57711892e-02 3.41573930e-04 3.41573930e-04]
  [4.24812933e-06 1.58687751e-02 1.57266192e+01 1.01586732e-03
   1.47056363e-02 3.42292154e-04 3.42292154e-04]
  [4.66537095e-06 1.59229036e-02 1.60706429e+01 1.01414279e-03
   2.51689873e-02 3.42442899e-04 3.42442899e-04]
  [3.66329208e-06 1.59088112e-02 1.58588018e+01 1.04322924e-03
   1.59554539e-02 3.42586594e-04 3.42586594e-04]
  [4.35902197e-06 1.56803873e-02 1.61125030e+01 9.77661205e-04
   1.39021322e-02 3.42311505e-04 3.42311505e-04]
  [3.28370661e-06 1.57650834e-02 1.59407238e+01 9.81083052e-04
   1.49092047e-02 3.42170646e-04 3.42170646e-04]
  [4.25137748e-06 1.58007230e-02 1.59424698e+01 1.02613706e-03
   3.95981321e-02 3.42500471e-04 3.42500471e-04]]

 [[3.40813638e-06 1.56954466e-02 1.56201058e+01 9.94065040e-04
   4.67697061e-02 3.42014734e-04 3.42014734e-04]
  [3.63956078e-06 1.57759558e-02 1.56142998e+01 1.02279590e-03
   2.89047210e-02 3.41473444e-04 3.41473444e-04]
  [4.52292812e-06 1.58191570e-02 1.57277569e+01 9.93736476e-04
   3.16014767e-02 3.42636583e-04 3.42636583e-04]
  [3.83814111e-06 1.57404369e-02 1.59472164e+01 1.00596397e-03
   1.53480198e-02 3.41458601e-04 3.41458601e-04]
  [3.96487606e-06 1.58549663e-02 1.60824165e+01 1.01522516e-03
   6.51719442e-02 3.41442636e-04 3.41442636e-04]
  [3.56698025e-06 1.58060425e-02 1.61181134e+01 9.91723898e-04
   1.31187845e-02 3.42726049e-04 3.42726049e-04]
  [3.96340853e-06 1.58059767e-02 1.54976015e+01 9.93694738e-04
   1.39982015e-02 3.41970470e-04 3.41970470e-04]
  [3.89793205e-06 1.57285643e-02 1.60474059e+01 9.76993490e-04
   1.52332049e-02 3.41435938e-04 3.41435938e-04]]

 [[3.54523303e-06 1.59138039e-02 1.58065083e+01 1.04199704e-03
   1.61369614e-02 3.42240031e-04 3.42240031e-04]
  [3.80503075e-06 1.59274740e-02 1.56376529e+01 1.04120532e-03
   1.95656749e-02 3.42164254e-04 3.42164254e-04]
  [4.02464710e-06 1.58181106e-02 1.58583825e+01 1.01039808e-03
   1.52638556e-02 3.42588787e-04 3.42588787e-04]
  [3.72347312e-06 1.57786731e-02 1.56935102e+01 1.03357100e-03
   1.62875807e-02 3.41366848e-04 3.41366848e-04]
  [4.73219255e-06 1.60601717e-02 1.59242315e+01 1.03428784e-03
   1.51181471e-02 3.41430188e-04 3.41430188e-04]
  [3.70834843e-06 1.57880053e-02 1.61082678e+01 9.95907455e-04
   7.69304680e-02 3.42120452e-04 3.42120452e-04]
  [4.05691271e-06 1.57825402e-02 1.59762663e+01 1.04220928e-03
   1.45079975e-02 3.41284971e-04 3.41284971e-04]
  [3.81022710e-06 1.57165932e-02 1.67271723e+01 9.70386189e-04
   1.72082581e-02 3.42155688e-04 3.42155688e-04]]

 [[3.55301869e-06 1.58918262e-02 1.59436135e+01 1.04453111e-03
   1.54357406e-02 3.41730306e-04 3.41730306e-04]
  [4.15061866e-06 1.61517031e-02 1.58425697e+01 1.11157396e-03
   1.75206683e-02 3.41920702e-04 3.41920702e-04]
  [4.22672908e-06 1.58730145e-02 1.57108259e+01 9.80294007e-04
   1.45783964e-02 3.42217441e-04 3.42217441e-04]
  [3.97505371e-06 1.58962754e-02 1.59100217e+01 1.01329971e-03
   1.40013125e-02 3.42444113e-04 3.42444113e-04]
  [3.78453526e-06 1.58690173e-02 1.60631244e+01 1.02263158e-03
   1.39795150e-02 3.41649080e-04 3.41649080e-04]
  [4.14313642e-06 1.58282731e-02 1.61847403e+01 1.02106439e-03
   1.36936216e-02 3.42490876e-04 3.42490876e-04]
  [2.24932356e-06 1.48001894e-02 1.70768305e+01 8.76406689e-04
   3.82576640e-02 3.43299795e-04 3.43299795e-04]
  [2.74435906e-05 1.57093076e-02 1.60757048e+01 1.02080905e-03
   2.63874619e-02 3.41999019e-04 3.41999019e-04]]

 [[3.66864037e-06 1.57827673e-02 1.55344115e+01 1.00476876e-03
   2.05808718e-02 3.41917774e-04 3.41917774e-04]
  [4.16679099e-06 1.20933301e-02 2.31976196e+01 9.93072308e-04
   1.30126841e-01 3.53552159e-04 3.53552159e-04]
  [8.86075754e-06 1.60583973e-02 1.56838556e+01 9.86149460e-04
   1.89572579e-02 3.42032956e-04 3.42032956e-04]
  [3.96724216e-06 1.58021273e-02 1.57900054e+01 9.86779834e-04
   3.09030306e-02 3.42816269e-04 3.42816269e-04]
  [4.07471032e-06 1.60080337e-02 1.66241141e+01 9.97829728e-04
   1.78913330e-02 3.42706494e-04 3.42706494e-04]
  [3.46070002e-06 1.56732102e-02 1.60064123e+01 1.00603395e-03
   2.78980356e-02 3.41438908e-04 3.41438908e-04]
  [3.43676537e-06 1.56293640e-02 1.56548680e+01 9.75922574e-04
   1.53208945e-02 3.42291174e-04 3.42291174e-04]
  [3.18315105e-06 1.57909406e-02 1.61168209e+01 1.02105489e-03
   1.89033619e-02 3.41538785e-04 3.41538785e-04]]

 [[4.15069923e-06 1.56488615e-02 1.56270208e+01 9.59018399e-04
   2.32132530e-02 3.42663475e-04 3.42663475e-04]
  [3.24075037e-06 1.57290595e-02 1.59912280e+01 9.88119267e-04
   2.42319955e-02 3.41847221e-04 3.41847221e-04]
  [5.12016493e-06 1.59873405e-02 1.56636286e+01 1.03393486e-03
   1.57825995e-02 3.41386721e-04 3.41386721e-04]
  [3.40042062e-06 1.57465587e-02 1.62156183e+01 9.98067618e-04
   2.86325197e-02 3.42281629e-04 3.42281629e-04]
  [4.26664756e-06 1.60448759e-02 1.58287700e+01 1.06151056e-03
   1.66746220e-02 3.42178289e-04 3.42178289e-04]
  [3.47898027e-06 1.55116106e-02 1.80028449e+01 9.68198610e-04
   2.68960675e-02 3.41811022e-04 3.41811022e-04]
  [4.21984546e-06 1.59493711e-02 1.60202027e+01 1.06136322e-03
   1.54399764e-02 3.41238139e-04 3.41238139e-04]
  [3.84240277e-06 1.60031167e-02 1.63307053e+01 1.06129544e-03
   1.50589447e-02 3.41428029e-04 3.41428029e-04]]]

Cumulative Reward: 9499.096165710036
