Scheduler Table:
[[[9.08651254e-06 2.36779573e-02 4.15910308e+01 9.99252348e-04
   2.00259626e-03 2.00259626e-03 2.00259626e-03]
  [9.65681166e-06 2.36841714e-02 4.17640540e+01 9.99250004e-04
   2.00260568e-03 2.00260567e-03 2.00260567e-03]
  [6.44210037e-06 2.27418395e-02 4.17474129e+01 9.64633432e-04
   2.22023929e-03 2.14306331e-03 2.14306331e-03]]

 [[8.70787835e-06 2.35786889e-02 4.25849703e+01 9.99252480e-04
   2.00259573e-03 2.00259573e-03 2.00259573e-03]
  [3.92688820e-04 9.24807925e-01 5.45890386e+01 8.53192830e-04
   2.99432524e-03 2.48979098e-03 2.63394372e-03]
  [9.44679829e-06 2.36680728e-02 4.15743186e+01 9.99255099e-04
   2.00258521e-03 2.00258521e-03 2.00258521e-03]]

 [[8.62011163e-07 2.07888252e-02 4.14751679e+01 9.00015803e-04
   2.62279989e-03 2.40076213e-03 2.40076213e-03]
  [6.70582696e-06 2.31438559e-02 4.41583780e+01 9.94316427e-04
   2.03295480e-03 2.02188688e-03 2.02188688e-03]
  [9.51654416e-06 2.36318837e-02 4.10718364e+01 9.99254105e-04
   2.00258920e-03 2.00258920e-03 2.00258920e-03]]]

Buffer Table:
[[[3.92699656e-04 9.24810667e-01 5.45704313e+01 8.53365005e-04
   2.99324782e-03 2.48910000e-03 2.63325274e-03]
  [4.68881363e-06 2.23604838e-02 4.91911222e+01 9.19205559e-04
   2.50356059e-03 2.32405832e-03 2.32405832e-03]
  [1.02992836e-05 2.37308094e-02 4.19956181e+01 9.99251462e-04
   2.00259982e-03 2.00259981e-03 2.00259981e-03]]

 [[4.34890730e-06 2.22627537e-02 4.91947568e+01 9.12910558e-04
   2.54357061e-03 2.35011168e-03 2.35011168e-03]
  [7.16503617e-06 2.30824172e-02 4.26989306e+01 9.70104530e-04
   2.18361790e-03 2.11811437e-03 2.11811437e-03]
  [7.30519147e-06 2.31454568e-02 4.19519971e+01 9.77146668e-04
   2.14109044e-03 2.09155463e-03 2.09155463e-03]]

 [[8.80430741e-06 2.36104207e-02 4.21778518e+01 9.99248930e-04
   2.00260999e-03 2.00260999e-03 2.00260999e-03]
  [6.75308659e-06 2.29002086e-02 4.22404219e+01 9.69199114e-04
   2.19168124e-03 2.12474420e-03 2.12474420e-03]
  [8.50070612e-06 2.35872928e-02 4.22725146e+01 9.99256454e-04
   2.00257977e-03 2.00257976e-03 2.00257976e-03]]]

Arbiter Table:
[[[7.22313837e-06 2.36953302e-02 4.16830143e+01 9.99251525e-04
   2.00259957e-03 2.00259957e-03 2.00259957e-03]
  [7.61332076e-06 2.36177740e-02 4.23471985e+01 9.99253638e-04
   2.00259108e-03 2.00259108e-03 2.00259108e-03]
  [6.95006639e-07 2.11958015e-02 5.39960952e+01 8.52742003e-04
   3.00037101e-03 2.51735401e-03 2.66673509e-03]]

 [[7.44176412e-06 2.36723893e-02 4.22437601e+01 9.99255303e-04
   2.00258439e-03 2.00258439e-03 2.00258439e-03]
  [8.36097918e-06 2.36556233e-02 4.21836566e+01 9.99258393e-04
   2.00257198e-03 2.00257198e-03 2.00257198e-03]
  [7.41938646e-06 2.35714070e-02 4.20566519e+01 9.99252629e-04
   2.00259513e-03 2.00259513e-03 2.00259513e-03]]

 [[3.92696908e-04 9.24817286e-01 5.47168999e+01 8.54247705e-04
   2.96268201e-03 2.50678247e-03 2.60612088e-03]
  [7.37649732e-06 2.36511655e-02 4.18927733e+01 9.99251628e-04
   2.00259916e-03 2.00259915e-03 2.00259915e-03]
  [3.73276082e-06 2.22475481e-02 4.31499850e+01 9.46342652e-04
   2.33296979e-03 2.21430312e-03 2.21430312e-03]]]

Page Table:
[[[5.88740715e-05 2.38689301e-02 4.28576441e+01 9.92799261e-04
   2.04258408e-03 2.02822229e-03 2.02822229e-03]
  [4.28462977e-05 2.31141206e-02 4.29590884e+01 9.77005936e-04
   2.14128379e-03 2.09133472e-03 2.09133472e-03]
  [5.43513637e-05 2.38503468e-02 4.10611003e+01 9.99248729e-04
   2.00261760e-03 2.00261161e-03 2.00261161e-03]
  [6.95006639e-07 2.11958015e-02 5.39960952e+01 8.52742003e-04
   3.00037101e-03 2.51735401e-03 2.66673509e-03]]

 [[5.66212601e-05 2.36897343e-02 4.29980952e+01 9.88364996e-04
   2.07170557e-03 2.04749320e-03 2.04749320e-03]
  [3.89542221e-05 2.28539809e-02 4.14056007e+01 9.64896703e-04
   2.21704591e-03 2.14014617e-03 2.14014617e-03]
  [5.49812293e-05 2.38360659e-02 4.10748496e+01 9.99253638e-04
   2.00259797e-03 2.00259190e-03 2.00259190e-03]
  [6.50243380e-05 2.40453735e-02 4.10952912e+01 9.99249918e-04
   2.00261420e-03 2.00260699e-03 2.00260699e-03]]

 [[6.44244125e-05 2.41028389e-02 4.16698264e+01 9.99250589e-04
   2.00261142e-03 2.00260429e-03 2.00260429e-03]
  [5.92324402e-05 2.38620050e-02 4.12476010e+01 9.99246794e-04
   2.00262599e-03 2.00261945e-03 2.00261945e-03]
  [6.28893134e-05 2.39662512e-02 4.11998305e+01 9.99248308e-04
   2.00262039e-03 2.00261343e-03 2.00261343e-03]
  [5.64166144e-05 2.38219845e-02 4.35158664e+01 9.99252469e-04
   2.00260284e-03 2.00259662e-03 2.00259662e-03]]

 [[3.92696908e-04 9.24817286e-01 5.47168999e+01 8.54247705e-04
   2.96268201e-03 2.50678247e-03 2.60612088e-03]
  [6.54332679e-05 2.39973605e-02 4.14732410e+01 9.99247651e-04
   2.00262332e-03 2.00261610e-03 2.00261610e-03]
  [6.46386899e-05 2.40966027e-02 4.14536488e+01 9.99247962e-04
   2.00262200e-03 2.00261485e-03 2.00261485e-03]
  [5.33669927e-05 2.36733619e-02 4.36372665e+01 9.87122889e-04
   2.07881237e-03 2.05162689e-03 2.05162689e-03]]]

Response Table:
[[[1.31236434e-06 2.31209910e-02 4.12486076e+01]
  [6.95006639e-07 2.11958015e-02 5.39960952e+01]]

 [[3.92696908e-04 9.24817286e-01 5.47168999e+01]
  [1.36898932e-06 2.32955791e-02 4.13217422e+01]]]

Refresh Table:
[[[3.92688820e-04 9.24807925e-01 5.45890386e+01]
  [1.28217219e-06 2.29770712e-02 4.09512741e+01]]

 [[1.41671633e-06 2.33158248e-02 4.19419509e+01]
  [1.20943550e-06 2.24962976e-02 4.09542473e+01]]]

Request Buffer Table:
[[[2.28306281e-04 2.76108985e-02 4.11509910e+01]
  [2.60466041e-04 2.76617064e-02 4.16086535e+01]
  [2.11699216e-04 2.72123875e-02 4.29293218e+01]
  [2.47063663e-04 2.75737774e-02 4.16589905e+01]
  [1.97790557e-04 2.70985487e-02 4.04631289e+01]
  [2.20245409e-04 2.76082363e-02 4.10487313e+01]
  [2.42541479e-04 2.77535004e-02 4.07935766e+01]
  [2.51290748e-04 2.79823885e-02 4.08891272e+01]]

 [[2.52420559e-04 2.77954674e-02 4.17112166e+01]
  [2.13425302e-04 2.73782181e-02 4.20466238e+01]
  [2.23468255e-04 2.76041738e-02 4.28765588e+01]
  [2.55265821e-05 2.13634928e-02 4.54950027e+01]
  [2.06996933e-04 2.72451523e-02 4.15955022e+01]
  [2.50185475e-04 2.75129125e-02 4.25125789e+01]
  [2.14493927e-04 2.77175987e-02 4.10826884e+01]
  [2.39414608e-04 2.75915108e-02 4.21168324e+01]]

 [[2.34874995e-04 2.77288905e-02 4.18900220e+01]
  [2.09575948e-04 2.72985887e-02 4.19168022e+01]
  [2.30229733e-04 2.73911504e-02 4.24794468e+01]
  [2.04302315e-04 2.71449322e-02 4.20543781e+01]
  [1.07730897e-04 2.40874087e-02 4.63808697e+01]
  [2.26840950e-04 2.74102372e-02 4.13599854e+01]
  [2.08295132e-04 2.73677736e-02 4.15180893e+01]
  [2.12753793e-04 2.74314889e-02 4.10346400e+01]]

 [[2.32750637e-04 2.78163480e-02 4.05605564e+01]
  [2.38360499e-04 2.74666019e-02 4.10592974e+01]
  [1.87112125e-05 2.14009621e-02 4.65586755e+01]
  [2.24158718e-04 2.72988587e-02 4.28623282e+01]
  [2.39471781e-04 2.78124652e-02 4.23095611e+01]
  [2.51236542e-04 2.75960851e-02 4.26879034e+01]
  [2.07688212e-04 2.77501902e-02 4.18757534e+01]
  [2.11219790e-04 2.75555226e-02 4.21759807e+01]]

 [[2.22930772e-04 2.73834443e-02 4.11050786e+01]
  [2.59840726e-05 2.13260964e-02 4.61443618e+01]
  [2.08533812e-04 2.72807451e-02 4.18424003e+01]
  [7.86302454e-05 2.30818562e-02 4.57649694e+01]
  [3.92689105e-04 9.24807933e-01 5.45890284e+01]
  [2.32284789e-04 2.78933397e-02 4.14157042e+01]
  [2.04694074e-04 2.74594920e-02 4.06819916e+01]
  [2.22947399e-04 2.75148054e-02 4.22606423e+01]]

 [[2.05393468e-04 2.71776724e-02 4.21829364e+01]
  [2.15855982e-04 2.72714267e-02 4.21036567e+01]
  [2.06389099e-04 2.74163862e-02 4.18265113e+01]
  [2.39120372e-04 2.78157421e-02 4.18797617e+01]
  [2.22087399e-04 2.75176859e-02 4.23447262e+01]
  [2.30510971e-04 2.75350996e-02 4.31988101e+01]
  [2.23369595e-04 2.77292977e-02 4.13928431e+01]
  [2.43587682e-04 2.76546504e-02 4.21407858e+01]]

 [[2.34504250e-04 2.76917858e-02 4.17310780e+01]
  [2.36013062e-04 2.75064053e-02 4.22135985e+01]
  [2.20558709e-04 2.73453469e-02 4.10888632e+01]
  [2.24328644e-04 2.72864012e-02 4.14849922e+01]
  [2.17461177e-04 2.72319915e-02 4.10227163e+01]
  [2.05456586e-04 2.72589242e-02 4.21495010e+01]
  [2.10510952e-04 2.75301911e-02 4.26994011e+01]
  [2.41543050e-04 2.76732907e-02 4.17919691e+01]]

 [[2.89802187e-04 2.84719958e-02 4.09365138e+01]
  [2.46976766e-04 2.77629657e-02 4.18534239e+01]
  [2.48645226e-04 2.77896351e-02 4.20614102e+01]
  [2.16245247e-04 2.76261890e-02 4.27572262e+01]
  [1.99576306e-04 2.73043949e-02 4.16566311e+01]
  [2.13306369e-04 2.72681485e-02 4.25617010e+01]
  [2.14637638e-04 2.74921537e-02 4.10656540e+01]
  [2.21709053e-04 2.74014956e-02 4.14260192e+01]]]

Ref Max Post Table:
[[[1.63091047e-05 2.34341009e-02 4.28328190e+01]
  [7.11378993e-07 2.11985477e-02 5.39808001e+01]
  [1.59509170e-05 2.33612578e-02 4.37461845e+01]
  [1.16668905e-05 2.29416380e-02 4.74486441e+01]]

 [[3.92712843e-04 9.24819959e-01 5.47020140e+01]
  [1.79173049e-05 2.39356110e-02 4.16688089e+01]
  [1.97150945e-05 2.39602864e-02 4.27314237e+01]
  [1.86316463e-05 2.37650077e-02 4.26539789e+01]]

 [[8.17464113e-06 2.18783588e-02 5.27238828e+01]
  [1.78743927e-05 2.38793197e-02 4.15952932e+01]
  [2.06029084e-05 2.40264737e-02 4.19187768e+01]
  [1.94547525e-05 2.39592002e-02 4.21349422e+01]]

 [[2.41107974e-05 2.41727596e-02 4.17481381e+01]
  [1.99701776e-05 2.39842494e-02 4.13715580e+01]
  [1.30782970e-05 2.27133311e-02 4.78077670e+01]
  [1.24176608e-05 2.28444469e-02 4.18519029e+01]]]

Ref Max Pull Table:
[[[6.31001057e-05 2.40462978e-02 4.22298283e+01]
  [3.75446591e-05 2.26694130e-02 4.26071252e+01]
  [6.00028311e-05 2.39598062e-02 4.08942847e+01]
  [6.71834766e-05 2.40302168e-02 4.19645842e+01]]

 [[3.83545420e-05 2.27735329e-02 4.25671632e+01]
  [4.99935849e-05 2.34070946e-02 4.25151949e+01]
  [5.56349486e-05 2.39224727e-02 4.09167450e+01]
  [4.21383980e-05 2.32822790e-02 4.35769360e+01]]

 [[6.24698465e-05 2.39504939e-02 4.24146750e+01]
  [6.36060070e-05 2.39755568e-02 4.33862721e+01]
  [4.86022149e-05 2.33183156e-02 4.63946240e+01]
  [5.68504606e-05 2.38712212e-02 4.13882587e+01]]

 [[6.05848661e-05 2.40062828e-02 4.24765490e+01]
  [4.73917151e-05 2.34451676e-02 4.35539213e+01]
  [5.80726215e-05 2.39639680e-02 4.26218872e+01]
  [3.92688820e-04 9.24807925e-01 5.45890386e+01]]]

Max Activate Table:
[[[2.74567719e-04 2.80489554e-02 4.08865605e+01 9.90072330e-04
   2.06047005e-03 2.04057926e-03 2.04057926e-03]
  [2.52072349e-04 2.77234037e-02 4.10042301e+01 9.90472530e-04
   2.05792979e-03 2.03892249e-03 2.03892249e-03]
  [2.51406361e-04 2.80261235e-02 4.16424493e+01 9.89873303e-04
   2.06171679e-03 2.04140232e-03 2.04140232e-03]
  [2.12130309e-04 2.73760385e-02 4.07573290e+01 9.91168121e-04
   2.05355897e-03 2.03604519e-03 2.03604519e-03]
  [2.55985583e-04 2.80930335e-02 4.21836012e+01 9.89526200e-04
   2.06390629e-03 2.04283855e-03 2.04283855e-03]
  [2.13803577e-04 2.72216415e-02 4.16799531e+01 9.91434368e-04
   2.05187627e-03 2.03494335e-03 2.03494335e-03]
  [2.19292285e-04 2.74257991e-02 4.21948038e+01 9.91085300e-04
   2.05407341e-03 2.03638746e-03 2.03638746e-03]
  [2.56281991e-04 2.81174361e-02 4.19562445e+01 9.89680145e-04
   2.06293119e-03 2.04220135e-03 2.04220135e-03]]

 [[2.04438729e-04 2.71077039e-02 4.19158783e+01 9.91690616e-04
   2.05025713e-03 2.03388291e-03 2.03388291e-03]
  [2.01919824e-04 2.72151506e-02 4.14590474e+01 9.91533142e-04
   2.05124723e-03 2.03453433e-03 2.03453433e-03]
  [2.21143392e-04 2.73140266e-02 4.09702770e+01 9.91274258e-04
   2.05288451e-03 2.03560576e-03 2.03560576e-03]
  [2.53027969e-04 2.75400668e-02 4.14526838e+01 9.90919492e-04
   2.05511982e-03 2.03707356e-03 2.03707356e-03]
  [9.02088243e-05 2.97116036e-02 4.14911337e+01 9.85984955e-04
   2.08623494e-03 2.05749090e-03 2.05749090e-03]
  [1.99448345e-04 2.70920147e-02 4.21980754e+01 9.91725791e-04
   2.05004150e-03 2.03373769e-03 2.03373769e-03]
  [2.18136332e-04 2.73408043e-02 4.26472503e+01 9.91244860e-04
   2.05307357e-03 2.03572759e-03 2.03572759e-03]
  [2.01348532e-04 2.73120455e-02 4.15345095e+01 9.91301143e-04
   2.05271630e-03 2.03549458e-03 2.03549458e-03]]

 [[2.04794468e-04 2.72295628e-02 4.14613815e+01 9.91549150e-04
   2.05115130e-03 2.03446836e-03 2.03446836e-03]
  [2.12409901e-04 2.73062677e-02 4.23018949e+01 9.91278373e-04
   2.05286298e-03 2.03558896e-03 2.03558896e-03]
  [2.27622386e-04 2.73389394e-02 4.14946267e+01 9.91344414e-04
   2.05244086e-03 2.03531541e-03 2.03531541e-03]
  [2.90612393e-04 2.80374573e-02 4.03536742e+01 9.89985354e-04
   2.06101082e-03 2.04093873e-03 2.04093873e-03]
  [2.34415106e-04 2.76104530e-02 4.26470941e+01 9.90915757e-04
   2.05514134e-03 2.03708891e-03 2.03708891e-03]
  [2.63199552e-04 2.79392459e-02 4.19866973e+01 9.90203171e-04
   2.05964146e-03 2.04003769e-03 2.04003769e-03]
  [8.90184941e-07 2.12271978e-02 5.51425682e+01 8.56459542e-04
   2.89246032e-03 2.57183088e-03 2.57183088e-03]
  [2.37180885e-04 2.76748312e-02 4.04587486e+01 9.90632121e-04
   2.05691774e-03 2.03826185e-03 2.03826185e-03]]

 [[2.31648551e-04 2.74234990e-02 4.17422983e+01 9.91191760e-04
   2.05340059e-03 2.03594689e-03 2.03594689e-03]
  [3.69042488e-04 2.80155753e-02 4.21259145e+01 9.89983721e-04
   2.06102549e-03 2.04094571e-03 2.04094571e-03]
  [2.19257905e-04 2.72394425e-02 4.23536254e+01 9.91469073e-04
   2.05166237e-03 2.03480001e-03 2.03480001e-03]
  [2.11965115e-04 2.76595786e-02 4.16554667e+01 9.90631575e-04
   2.05692739e-03 2.03826444e-03 2.03826444e-03]
  [2.11818592e-04 2.73230914e-02 4.27561339e+01 9.91363294e-04
   2.05230670e-03 2.03523650e-03 2.03523650e-03]
  [2.38505483e-04 2.77716772e-02 4.12934417e+01 9.90411336e-04
   2.05832697e-03 2.03917628e-03 2.03917628e-03]
  [2.67968911e-04 2.78051918e-02 4.16360175e+01 9.90384970e-04
   2.05849455e-03 2.03928544e-03 2.03928544e-03]
  [1.99803896e-04 2.72127371e-02 4.19374949e+01 9.91578023e-04
   2.05097079e-03 2.03434897e-03 2.03434897e-03]]

 [[2.29372523e-04 2.78000234e-02 4.17523575e+01 9.90437514e-04
   2.05816647e-03 2.03906821e-03 2.03906821e-03]
  [2.02884355e-04 2.74669245e-02 4.10660077e+01 9.91157207e-04
   2.05362567e-03 2.03609024e-03 2.03609024e-03]
  [3.92886127e-04 9.24847551e-01 5.51597934e+01 8.56666748e-04
   2.89155330e-03 2.54356485e-03 2.54356485e-03]
  [2.22521896e-04 2.75669102e-02 4.09952689e+01 9.90737005e-04
   2.05626985e-03 2.03782859e-03 2.03782859e-03]
  [1.56846996e-04 2.53583264e-02 4.21934884e+01 9.61894256e-04
   2.23568402e-03 2.15238032e-03 2.15238032e-03]
  [2.13299822e-04 2.74953155e-02 4.07900657e+01 9.91169705e-04
   2.05354303e-03 2.03603832e-03 2.03603832e-03]
  [2.21960879e-04 2.74494263e-02 4.05431425e+01 9.91103424e-04
   2.05396268e-03 2.03631266e-03 2.03631266e-03]
  [3.71079261e-04 2.81089236e-02 4.10293883e+01 9.89619635e-04
   2.06331382e-03 2.04245178e-03 2.04245178e-03]]

 [[2.15670230e-04 2.74094250e-02 4.27684421e+01 9.91093736e-04
   2.05402419e-03 2.03635277e-03 2.03635277e-03]
  [1.99616604e-04 2.77126475e-02 4.21539094e+01 9.90664123e-04
   2.05674691e-03 2.03813108e-03 2.03813108e-03]
  [2.23700095e-04 2.74937664e-02 4.12161844e+01 9.90960435e-04
   2.05487184e-03 2.03690469e-03 2.03690469e-03]
  [2.08843564e-04 2.74653502e-02 4.10802100e+01 9.90982823e-04
   2.05471066e-03 2.03681100e-03 2.03681100e-03]
  [2.02319442e-04 2.73706241e-02 4.25216890e+01 9.91112485e-04
   2.05390137e-03 2.03627495e-03 2.03627495e-03]
  [2.14144294e-04 2.74336928e-02 4.15056795e+01 9.91010281e-04
   2.05455533e-03 2.03669833e-03 2.03669833e-03]
  [1.99489453e-04 2.71294007e-02 4.30060063e+01 9.91634315e-04
   2.05061952e-03 2.03411626e-03 2.03411626e-03]
  [2.44368308e-04 2.77272906e-02 4.14340986e+01 9.90633230e-04
   2.05692920e-03 2.03825824e-03 2.03825824e-03]]

 [[2.41538956e-04 2.73678226e-02 4.15570143e+01 9.91311960e-04
   2.05264535e-03 2.03544969e-03 2.03544969e-03]
  [2.32000937e-04 2.75505932e-02 4.17482562e+01 9.91003781e-04
   2.05456567e-03 2.03672362e-03 2.03672362e-03]
  [2.03595444e-04 2.71484608e-02 4.18206641e+01 9.91592864e-04
   2.05086144e-03 2.03428674e-03 2.03428674e-03]
  [3.05632947e-04 2.77162505e-02 4.21221050e+01 9.90511744e-04
   2.05768415e-03 2.03876032e-03 2.03876032e-03]
  [8.87045049e-07 2.12260710e-02 5.36265284e+01 8.52537233e-04
   3.00281287e-03 2.51950740e-03 2.66888847e-03]
  [2.27294239e-04 2.73072130e-02 4.15796657e+01 9.91499362e-04
   2.05146250e-03 2.03467422e-03 2.03467422e-03]
  [1.65480992e-04 2.60913234e-02 4.22649833e+01 9.71660568e-04
   2.17731650e-03 2.11634927e-03 2.11634927e-03]
  [2.15045764e-04 2.82058195e-02 4.20908227e+01 9.89575898e-04
   2.06357355e-03 2.04263191e-03 2.04263191e-03]]

 [[2.20149542e-04 2.74690570e-02 4.15365503e+01 9.91176179e-04
   2.05350464e-03 2.03601166e-03 2.03601166e-03]
  [2.36228283e-04 2.76852521e-02 4.08242213e+01 9.90650998e-04
   2.05681244e-03 2.03818447e-03 2.03818447e-03]
  [2.21002163e-04 2.73398286e-02 4.25222283e+01 9.91413504e-04
   2.05200615e-03 2.03502959e-03 2.03502959e-03]
  [5.13600784e-04 2.84076295e-02 4.08955930e+01 9.88996001e-04
   2.06724163e-03 2.04503191e-03 2.04503191e-03]
  [1.96639239e-04 2.73008516e-02 4.30914530e+01 9.91417839e-04
   2.05198778e-03 2.03501213e-03 2.03501213e-03]
  [2.15042678e-04 2.74528275e-02 4.10581651e+01 9.90979130e-04
   2.05474131e-03 2.03682667e-03 2.03682667e-03]
  [2.22010467e-04 2.74639078e-02 4.14526955e+01 9.91060614e-04
   2.05423148e-03 2.03648973e-03 2.03648973e-03]
  [2.09002450e-04 2.75061935e-02 4.23166008e+01 9.91075302e-04
   2.05414459e-03 2.03642926e-03 2.03642926e-03]]]

Cumulative Reward: 6470.104814091575
