Scheduler Table:
[[[4.77834860e-05 1.64494513e-01 1.18742881e+02 3.59644381e-03
   4.24880584e-02 5.70627068e-03 5.70627068e-03]
  [6.43208805e-05 1.64270471e-01 1.18825259e+02 3.59702034e-03
   4.24712606e-02 5.70786471e-03 5.70786471e-03]
  [4.78672565e-05 1.64553978e-01 1.18792110e+02 3.59702747e-03
   4.24111867e-02 5.70697658e-03 5.70697658e-03]]

 [[4.73264074e-05 1.64285452e-01 1.18761324e+02 3.59730634e-03
   4.23737623e-02 5.70655467e-03 5.70655467e-03]
  [5.22421382e-05 1.64391375e-01 1.18855817e+02 3.59795691e-03
   4.22886925e-02 5.70651942e-03 5.70651942e-03]
  [4.88643350e-05 1.57221437e-01 1.19683502e+02 3.60019452e-03
   4.21521826e-02 5.70666196e-03 5.70666196e-03]]

 [[4.77578160e-05 1.64411245e-01 1.18836269e+02 3.59783655e-03
   4.22590282e-02 5.70554876e-03 5.70554876e-03]
  [5.02117773e-05 1.64255331e-01 1.18928501e+02 3.59962776e-03
   4.21558137e-02 5.70748841e-03 5.70748841e-03]
  [5.17940673e-05 1.26118300e-01 1.21967460e+02 3.58618517e-03
   4.35995269e-02 5.69699523e-03 5.75074692e-03]]]

Buffer Table:
[[[4.83124435e-05 1.64061148e-01 1.18830992e+02 3.59714542e-03
   4.23679034e-02 5.70569902e-03 5.70569902e-03]
  [4.80021234e-05 1.63967424e-01 1.18859391e+02 3.59775480e-03
   4.23450821e-02 5.70730263e-03 5.70730263e-03]
  [4.22585406e-05 1.28027587e-01 1.22006016e+02 3.58966486e-03
   4.29123924e-02 5.70916257e-03 5.70916257e-03]]

 [[4.20675778e-05 1.28011824e-01 1.21974549e+02 3.58892879e-03
   4.34514685e-02 5.69831634e-03 5.75206803e-03]
  [4.85133332e-05 1.64044314e-01 1.18816699e+02 3.59682003e-03
   4.24442262e-02 5.70645714e-03 5.70645714e-03]
  [4.83265065e-05 1.64362492e-01 1.18804643e+02 3.59773169e-03
   4.23594946e-02 5.70730793e-03 5.70730793e-03]]

 [[5.99815033e-05 1.64228212e-01 1.18749887e+02 3.59685657e-03
   4.24269317e-02 5.70701647e-03 5.70701647e-03]
  [4.21629422e-05 1.28019621e-01 1.22033136e+02 3.59052562e-03
   4.28054280e-02 5.70814458e-03 5.70814458e-03]
  [4.85669288e-05 1.64060665e-01 1.18854985e+02 3.59777974e-03
   4.23258262e-02 5.70736929e-03 5.70736929e-03]]]

Arbiter Table:
[[[5.15758634e-05 1.54311015e-01 1.19937408e+02 3.60078527e-03
   4.21481338e-02 5.70593840e-03 5.70593840e-03]
  [4.72212331e-05 1.27454748e-01 1.21909253e+02 3.58631308e-03
   4.35824833e-02 5.69744511e-03 5.75119679e-03]
  [4.94506160e-05 1.64291906e-01 1.18831194e+02 3.59805661e-03
   4.23074327e-02 5.70720785e-03 5.70720785e-03]]

 [[4.74068566e-05 1.27465830e-01 1.21950326e+02 3.58754633e-03
   4.29890114e-02 5.70797160e-03 5.70797160e-03]
  [4.89202153e-05 1.64050027e-01 1.18761077e+02 3.59709052e-03
   4.24256599e-02 5.70674866e-03 5.70674866e-03]
  [7.78282176e-05 1.64138255e-01 1.18787032e+02 3.59707368e-03
   4.24194313e-02 5.70662129e-03 5.70662129e-03]]

 [[4.92141950e-05 1.64158501e-01 1.18800548e+02 3.59826154e-03
   4.22681373e-02 5.70607732e-03 5.70607732e-03]
  [4.92143502e-05 1.54253330e-01 1.20045615e+02 3.59665117e-03
   4.24131221e-02 5.70508584e-03 5.70508584e-03]
  [4.82797424e-05 1.51923296e-01 1.20051918e+02 3.60057810e-03
   4.21923007e-02 5.70743931e-03 5.70743931e-03]]]

Page Table:
[[[5.17779704e-05 1.26367832e-01 1.21961501e+02 3.58613371e-03
   4.35992738e-02 5.69692837e-03 5.75068006e-03]
  [6.21197760e-05 2.52935564e-01 1.18230291e+02 3.57896547e-03
   4.20245014e-02 5.67585229e-03 5.67585229e-03]
  [8.89248588e-05 2.52879795e-01 1.18235385e+02 3.57881732e-03
   4.21182290e-02 5.67703488e-03 5.67703488e-03]
  [6.38924277e-05 2.53767917e-01 1.18287619e+02 3.57808671e-03
   4.21530480e-02 5.67635659e-03 5.67635659e-03]]

 [[5.24487415e-05 2.16177247e-01 1.19432494e+02 3.58657190e-03
   4.20666975e-02 5.68537242e-03 5.68537242e-03]
  [7.31681101e-05 2.52986559e-01 1.18157072e+02 3.57802005e-03
   4.22221732e-02 5.67729038e-03 5.67729038e-03]
  [6.28735604e-05 2.53655686e-01 1.18206937e+02 3.57822115e-03
   4.21393508e-02 5.67644662e-03 5.67644662e-03]
  [6.35143971e-05 2.53528307e-01 1.18119577e+02 3.57821938e-03
   4.21913547e-02 5.67675166e-03 5.67675166e-03]]

 [[6.25570746e-05 2.54361437e-01 1.18229160e+02 3.57925007e-03
   4.20523834e-02 5.67610204e-03 5.67610204e-03]
  [5.87005583e-05 2.36236740e-01 1.18834738e+02 3.58169911e-03
   4.21200374e-02 5.68043076e-03 5.68043076e-03]
  [6.29991176e-05 2.54538006e-01 1.18177427e+02 3.57730982e-03
   4.22698546e-02 5.67666983e-03 5.67666983e-03]
  [6.27665506e-05 2.54680099e-01 1.18092413e+02 3.57752805e-03
   4.22416199e-02 5.67635624e-03 5.67635624e-03]]

 [[6.13683056e-05 2.52431852e-01 1.18272022e+02 3.57979665e-03
   4.20254773e-02 5.67846122e-03 5.67846122e-03]
  [8.06074409e-05 2.53505796e-01 1.18210569e+02 3.57782168e-03
   4.21967463e-02 5.67685700e-03 5.67685700e-03]
  [6.24931660e-05 2.53829337e-01 1.18281990e+02 3.57921924e-03
   4.20954088e-02 5.67710289e-03 5.67710289e-03]
  [6.35659576e-05 2.54165814e-01 1.18094176e+02 3.57763558e-03
   4.22513626e-02 5.67621811e-03 5.67621811e-03]]]

Response Table:
[[[4.85693366e-05 1.48628508e-01 1.18821703e+02]
  [5.70738767e-05 1.48639063e-01 1.18958494e+02]]

 [[4.76391969e-05 1.48688044e-01 1.18893840e+02]
  [5.17862027e-05 1.26096955e-01 1.21969830e+02]]]

Refresh Table:
[[[5.17861996e-05 1.26096955e-01 1.21969830e+02]
  [6.76782466e-05 1.48900863e-01 1.18939899e+02]]

 [[5.11107486e-05 1.49155373e-01 1.19016019e+02]
  [6.21437017e-05 1.48971487e-01 1.18922886e+02]]]

Request Buffer Table:
[[[1.46622033e-04 1.02635115e+00 8.62695684e+01]
  [1.44064884e-04 1.00511677e+00 8.71123386e+01]
  [1.44371284e-04 1.00853639e+00 8.69096629e+01]
  [1.46017231e-04 1.02263809e+00 8.65139964e+01]
  [1.44703010e-04 1.00768572e+00 8.70478526e+01]
  [1.45859050e-04 1.01543328e+00 8.67466427e+01]
  [1.36994197e-04 9.14626305e-01 9.08314898e+01]
  [1.43663052e-04 1.01422693e+00 8.67405827e+01]]

 [[1.41793191e-04 9.94231860e-01 8.76064385e+01]
  [5.42099434e-05 1.46075088e-01 1.21169367e+02]
  [1.45529409e-04 1.01961493e+00 8.66625911e+01]
  [1.56006863e-04 1.02060808e+00 8.65391203e+01]
  [1.42740148e-04 1.00100391e+00 8.71670215e+01]
  [1.45546637e-04 1.01700523e+00 8.67306201e+01]
  [1.43065479e-04 1.00103452e+00 8.73779732e+01]
  [1.70993798e-04 9.98090187e-01 8.73411537e+01]]

 [[1.46149065e-04 1.03025026e+00 8.61896960e+01]
  [1.45968267e-04 1.00858133e+00 8.69170620e+01]
  [1.45056210e-04 1.02206110e+00 8.65230733e+01]
  [1.53646688e-04 1.03271886e+00 8.61872313e+01]
  [1.44639006e-04 1.01678433e+00 8.67322089e+01]
  [1.52742128e-04 1.02713455e+00 8.63385765e+01]
  [1.45122071e-04 1.01878827e+00 8.65628913e+01]
  [1.44866437e-04 1.01959494e+00 8.66338022e+01]]

 [[1.55948844e-04 1.04519101e+00 8.56371103e+01]
  [1.62598833e-04 1.02063443e+00 8.65166595e+01]
  [1.45155133e-04 1.01977477e+00 8.65879886e+01]
  [1.50654294e-04 1.02363890e+00 8.64303276e+01]
  [1.43776814e-04 1.01323765e+00 8.69310127e+01]
  [1.45851984e-04 1.02339943e+00 8.65175844e+01]
  [1.53354742e-04 1.03070832e+00 8.61513932e+01]
  [1.45839677e-04 1.01553010e+00 8.67303831e+01]]

 [[1.45234169e-04 1.02061970e+00 8.65862145e+01]
  [1.08185669e-04 6.89053174e-01 9.97985110e+01]
  [1.45827476e-04 1.02574679e+00 8.63359388e+01]
  [1.44160543e-04 1.01222937e+00 8.70082613e+01]
  [1.44770495e-04 1.02057629e+00 8.64264171e+01]
  [1.43744834e-04 1.01343479e+00 8.67797287e+01]
  [1.42969248e-04 1.00421802e+00 8.72251696e+01]
  [1.45968643e-04 1.01333004e+00 8.68961730e+01]]

 [[1.45324011e-04 1.01998285e+00 8.65603150e+01]
  [1.42758090e-04 1.00321615e+00 8.72282676e+01]
  [1.44890097e-04 1.02061504e+00 8.65824020e+01]
  [1.47346709e-04 1.03665009e+00 8.60959925e+01]
  [1.43378174e-04 1.00176834e+00 8.71704627e+01]
  [1.43539260e-04 1.00284231e+00 8.72811129e+01]
  [1.45180503e-04 1.01677783e+00 8.68332484e+01]
  [1.46686030e-04 1.02151722e+00 8.67178917e+01]]

 [[1.46145466e-04 1.02457305e+00 8.63527800e+01]
  [1.45648982e-04 1.02807948e+00 8.62551402e+01]
  [1.44677795e-04 1.02012175e+00 8.66510868e+01]
  [1.86058822e-04 1.02973079e+00 8.62536159e+01]
  [1.24287919e-04 7.71812837e-01 9.65728634e+01]
  [1.43560275e-04 1.00697748e+00 8.70237417e+01]
  [1.47857768e-04 1.04258428e+00 8.58325828e+01]
  [1.48925756e-04 1.05359700e+00 8.53863240e+01]]

 [[1.43767381e-04 1.00799251e+00 8.69481134e+01]
  [1.43970626e-04 1.00859097e+00 8.68489887e+01]
  [1.47445177e-04 1.01351482e+00 8.67815891e+01]
  [1.47631296e-04 1.03500870e+00 8.60565819e+01]
  [1.45357280e-04 1.02375266e+00 8.64217317e+01]
  [1.50467772e-04 1.06066684e+00 8.50488859e+01]
  [1.43111435e-04 1.00891141e+00 8.70921547e+01]
  [1.45274169e-04 1.02431002e+00 8.64951425e+01]]]

Ref Max Post Table:
[[[6.25310788e-05 2.54264078e-01 1.18182771e+02]
  [6.42197404e-05 2.56362298e-01 1.18213771e+02]
  [6.42212822e-05 2.58116164e-01 1.18232656e+02]
  [5.26993587e-05 2.24839688e-01 1.19186377e+02]]

 [[6.49172142e-05 2.56359098e-01 1.18155790e+02]
  [6.30786118e-05 2.53945698e-01 1.18237441e+02]
  [9.13345565e-05 2.55549215e-01 1.18215089e+02]
  [6.12718245e-05 2.23260933e-01 1.19290636e+02]]

 [[6.38102507e-05 2.57646917e-01 1.18314772e+02]
  [6.33053656e-05 2.56642404e-01 1.18183776e+02]
  [6.34626594e-05 2.57096134e-01 1.18149089e+02]
  [6.30161617e-05 2.54984156e-01 1.18345656e+02]]

 [[6.32107993e-05 2.54746239e-01 1.18331278e+02]
  [6.50935991e-05 2.51282877e-01 1.18341047e+02]
  [6.25737719e-05 2.56336240e-01 1.18214677e+02]
  [5.37291660e-05 1.31740735e-01 1.21798999e+02]]]

Ref Max Pull Table:
[[[6.27306199e-05 2.51648803e-01 1.18159899e+02]
  [6.36836244e-05 2.56438241e-01 1.18172157e+02]
  [6.38734654e-05 2.56475403e-01 1.18159034e+02]
  [4.34766035e-05 1.78604745e-01 1.20600145e+02]]

 [[6.32253099e-05 2.52145913e-01 1.18226661e+02]
  [6.34929080e-05 2.54284884e-01 1.18249960e+02]
  [9.21617932e-05 2.53233094e-01 1.18267544e+02]
  [6.36306617e-05 2.53928981e-01 1.18302832e+02]]

 [[6.34276342e-05 2.53163863e-01 1.18271705e+02]
  [6.32126675e-05 2.52983993e-01 1.18250276e+02]
  [6.66996141e-05 2.54198376e-01 1.18227036e+02]
  [5.07559662e-05 1.40609541e-01 1.21541944e+02]]

 [[6.28084297e-05 2.52118130e-01 1.18319565e+02]
  [6.43235498e-05 2.58013344e-01 1.18309046e+02]
  [5.09567851e-05 1.40677173e-01 1.21581438e+02]
  [6.56274674e-05 2.55678924e-01 1.18303378e+02]]]

Max Activate Table:
[[[1.49206114e-04 1.01106627e+00 8.65316822e+01 2.62236431e-03
   3.09445274e-02 4.16116975e-03 4.16116975e-03]
  [1.45058894e-04 1.01193591e+00 8.65490887e+01 2.62187752e-03
   3.08951518e-02 4.15921562e-03 4.15921562e-03]
  [1.44272251e-04 1.01082970e+00 8.66148142e+01 2.62233885e-03
   3.09643845e-02 4.16128353e-03 4.16128353e-03]
  [1.48149766e-04 1.01538463e+00 8.64030265e+01 2.61678153e-03
   3.09605424e-02 4.15337943e-03 4.15337943e-03]
  [1.46819922e-04 1.02301991e+00 8.62250345e+01 2.61013324e-03
   3.06387024e-02 4.13860568e-03 4.13860568e-03]
  [1.46666308e-04 1.02344859e+00 8.61524647e+01 2.60865138e-03
   3.07949221e-02 4.13953438e-03 4.13953438e-03]
  [1.44080657e-04 9.93368182e-01 8.73746710e+01 2.64281679e-03
   3.10971455e-02 4.19184372e-03 4.19184372e-03]
  [1.43395875e-04 9.93199331e-01 8.73010086e+01 2.64273121e-03
   3.11944395e-02 4.19262529e-03 4.19262529e-03]]

 [[1.44812803e-04 1.00953561e+00 8.65676957e+01 2.62340434e-03
   3.10514383e-02 4.16421899e-03 4.16421899e-03]
  [1.47683535e-04 1.03237561e+00 8.58166959e+01 2.59823336e-03
   3.06595399e-02 4.12333559e-03 4.12333559e-03]
  [1.46030284e-04 1.01432251e+00 8.65181825e+01 2.61995689e-03
   3.07676303e-02 4.15580887e-03 4.15580887e-03]
  [1.44862810e-04 1.01089865e+00 8.66679297e+01 2.62497677e-03
   3.07326685e-02 4.16128893e-03 4.16128893e-03]
  [1.44209780e-04 1.00219895e+00 8.69397786e+01 2.63261954e-03
   3.09882004e-02 4.17638603e-03 4.17638603e-03]
  [1.45189848e-04 1.01452789e+00 8.64576378e+01 2.61786278e-03
   3.09823690e-02 4.15458580e-03 4.15458580e-03]
  [1.46971876e-04 1.01933133e+00 8.63926909e+01 2.61419358e-03
   3.07113179e-02 4.14619347e-03 4.14619347e-03]
  [1.44885966e-04 1.00928937e+00 8.66370105e+01 2.62360871e-03
   3.10542020e-02 4.16513347e-03 4.16513347e-03]]

 [[1.44555953e-04 1.00413470e+00 8.69007604e+01 2.63021971e-03
   3.10613495e-02 4.17430533e-03 4.17430533e-03]
  [1.45527442e-04 1.01536551e+00 8.63875446e+01 2.61734984e-03
   3.09421993e-02 4.15333211e-03 4.15333211e-03]
  [1.63101524e-04 1.00133061e+00 8.69388536e+01 2.63351344e-03
   3.10821423e-02 4.17863013e-03 4.17863013e-03]
  [1.47114919e-04 1.03144784e+00 8.59274203e+01 2.60039987e-03
   3.06130396e-02 4.12460288e-03 4.12460288e-03]
  [1.43103540e-04 9.77974614e-01 8.79432372e+01 2.66065438e-03
   3.12585316e-02 4.22029039e-03 4.22029039e-03]
  [4.23395732e-05 1.29673899e-01 1.21970080e+02 3.58862135e-03
   4.27830568e-02 5.70512555e-03 5.70512555e-03]
  [1.52882431e-04 1.00954369e+00 8.67055034e+01 2.62389092e-03
   3.10579047e-02 4.16407042e-03 4.16407042e-03]
  [1.45674846e-04 1.01135243e+00 8.66806898e+01 2.62269103e-03
   3.08824745e-02 4.16083803e-03 4.16083803e-03]]

 [[1.46437813e-04 1.00490370e+00 8.68342296e+01 2.62862122e-03
   3.10897836e-02 4.17200627e-03 4.17200627e-03]
  [1.44879680e-04 1.00148308e+00 8.69516733e+01 2.63279131e-03
   3.10516010e-02 4.17667831e-03 4.17667831e-03]
  [1.44552205e-04 1.00883313e+00 8.66355334e+01 2.62509706e-03
   3.09704801e-02 4.16501712e-03 4.16501712e-03]
  [1.53799387e-04 1.03085535e+00 8.58549146e+01 2.60047822e-03
   3.06452947e-02 4.12624473e-03 4.12624473e-03]
  [1.42600899e-04 9.93326745e-01 8.73545806e+01 2.64370253e-03
   3.10782411e-02 4.19265463e-03 4.19265463e-03]
  [1.46857179e-04 1.02514540e+00 8.61645280e+01 2.60700816e-03
   3.07306951e-02 4.13686384e-03 4.13686384e-03]
  [1.57935015e-04 1.01581285e+00 8.64018774e+01 2.61755877e-03
   3.08339637e-02 4.15252267e-03 4.15252267e-03]
  [1.45204683e-04 1.01174056e+00 8.65545649e+01 2.62209665e-03
   3.09127553e-02 4.16052758e-03 4.16052758e-03]]

 [[1.45921078e-04 1.00595934e+00 8.68110103e+01 2.62854612e-03
   3.09635063e-02 4.16978022e-03 4.16978022e-03]
  [1.44953818e-04 1.01293125e+00 8.64654271e+01 2.61984154e-03
   3.09659813e-02 4.15791257e-03 4.15791257e-03]
  [4.24356146e-05 1.29686014e-01 1.21942802e+02 3.58775581e-03
   4.28899650e-02 5.70613598e-03 5.70613598e-03]
  [1.45346537e-04 1.00650850e+00 8.67141497e+01 2.62726086e-03
   3.10298027e-02 4.16871456e-03 4.16871456e-03]
  [1.45480029e-04 1.01262954e+00 8.64732085e+01 2.62060078e-03
   3.09237101e-02 4.15871063e-03 4.15871063e-03]
  [1.47985049e-04 1.01451557e+00 8.64444614e+01 2.61857493e-03
   3.08877508e-02 4.15463954e-03 4.15463954e-03]
  [1.49631701e-04 1.00933067e+00 8.66552678e+01 2.62493087e-03
   3.08624754e-02 4.16415154e-03 4.16415154e-03]
  [1.48335358e-04 1.00419784e+00 8.68250903e+01 2.63072591e-03
   3.09883864e-02 4.17374269e-03 4.17374269e-03]]

 [[1.49651645e-04 1.01944912e+00 8.63073911e+01 2.61344667e-03
   3.08045006e-02 4.14658639e-03 4.14658639e-03]
  [1.48100723e-04 1.03007882e+00 8.58502053e+01 2.60166980e-03
   3.05421147e-02 4.12560812e-03 4.12560812e-03]
  [1.46697515e-04 1.02736676e+00 8.59506204e+01 2.60491903e-03
   3.06841145e-02 4.13174668e-03 4.13174668e-03]
  [1.44856681e-04 1.00587410e+00 8.69006804e+01 2.62812955e-03
   3.10276845e-02 4.17035184e-03 4.17035184e-03]
  [4.22437669e-05 1.29661964e-01 1.21911651e+02 3.58702928e-03
   4.34291533e-02 5.69530487e-03 5.74905656e-03]
  [1.49918995e-04 1.01456966e+00 8.64048874e+01 2.61768614e-03
   3.09721766e-02 4.15439058e-03 4.15439058e-03]
  [1.51563212e-04 1.01502023e+00 8.64945265e+01 2.61807708e-03
   3.08730264e-02 4.15424258e-03 4.15424258e-03]
  [1.44394696e-04 1.00648725e+00 8.67633812e+01 2.62723151e-03
   3.10635428e-02 4.16979595e-03 4.16979595e-03]]

 [[1.45084316e-04 9.96923421e-01 8.71048141e+01 2.63850102e-03
   3.11257934e-02 4.18645946e-03 4.18645946e-03]
  [1.45296476e-04 1.00386083e+00 8.69571538e+01 2.63176956e-03
   3.09218892e-02 4.17498339e-03 4.17498339e-03]
  [1.45938393e-04 1.02089985e+00 8.61536755e+01 2.61074551e-03
   3.08727472e-02 4.14327736e-03 4.14327736e-03]
  [1.45504060e-04 1.01315341e+00 8.64759371e+01 2.62046891e-03
   3.08841549e-02 4.15658454e-03 4.15658454e-03]
  [1.44750410e-04 1.00951065e+00 8.66970193e+01 2.62458652e-03
   3.08638969e-02 4.16304802e-03 4.16304802e-03]
  [1.47686132e-04 1.00420589e+00 8.68936026e+01 2.63087919e-03
   3.09244782e-02 4.17359464e-03 4.17359464e-03]
  [1.48718518e-04 1.00586810e+00 8.67675750e+01 2.62862442e-03
   3.09897190e-02 4.17030639e-03 4.17030639e-03]
  [1.46642717e-04 1.01528521e+00 8.64331538e+01 2.61793736e-03
   3.08860454e-02 4.15332141e-03 4.15332141e-03]]

 [[1.45493993e-04 1.01293027e+00 8.64299604e+01 2.61915484e-03
   3.10720660e-02 4.15806207e-03 4.15806207e-03]
  [1.45279642e-04 1.01445495e+00 8.64861026e+01 2.61958390e-03
   3.07953853e-02 4.15491765e-03 4.15491765e-03]
  [1.53038197e-04 1.03712581e+00 8.56021885e+01 2.59220910e-03
   3.07302755e-02 4.11503677e-03 4.11503677e-03]
  [1.44202974e-04 1.00323109e+00 8.69077195e+01 2.63110295e-03
   3.10719128e-02 4.17532147e-03 4.17532147e-03]
  [1.44973220e-04 1.01518564e+00 8.64193495e+01 2.61852922e-03
   3.07923154e-02 4.15265297e-03 4.15265297e-03]
  [1.44766481e-04 1.00825081e+00 8.68548908e+01 2.62598721e-03
   3.09471849e-02 4.16588514e-03 4.16588514e-03]
  [1.47079603e-04 1.00842862e+00 8.67879812e+01 2.62524948e-03
   3.10077603e-02 4.16521070e-03 4.16521070e-03]
  [1.47882316e-04 1.03381603e+00 8.57628315e+01 2.59662131e-03
   3.06536338e-02 4.12093086e-03 4.12093086e-03]]]

Cumulative Reward: 3048.460941921062
