Scheduler Table:
[[[3.81975990e-06 1.41956314e-02 1.18082608e+01 3.58983005e-04
   4.38184906e-03 5.70671990e-04 5.70671990e-04]
  [3.30271902e-06 1.41800168e-02 1.19197910e+01 3.59450271e-04
   4.34658149e-03 5.71681233e-04 5.71681233e-04]
  [3.70123549e-06 1.41821102e-02 1.17941525e+01 3.60028500e-04
   4.28002684e-03 5.72605213e-04 5.72605213e-04]]

 [[3.36813951e-06 1.42317100e-02 1.18268634e+01 3.59738699e-04
   4.26380856e-03 5.70650804e-04 5.70650804e-04]
  [3.38285902e-06 1.41973292e-02 1.19441288e+01 3.60260763e-04
   4.18368709e-03 5.70637857e-04 5.70637857e-04]
  [4.04575385e-07 1.24972784e-02 1.33787819e+01 3.58777448e-04
   4.83761635e-03 5.57276602e-04 6.19986900e-04]]

 [[4.22617966e-06 1.42242568e-02 1.18864872e+01 3.59842493e-04
   4.28126355e-03 5.70607271e-04 5.70607271e-04]
  [4.04598538e-07 1.24977780e-02 1.34487984e+01 3.60223776e-04
   4.14634869e-03 5.69581187e-04 5.69581187e-04]
  [3.26192850e-06 1.42616521e-02 1.18445500e+01 3.61458432e-04
   4.08024878e-03 5.71435585e-04 5.71435585e-04]]]

Buffer Table:
[[[4.19258042e-06 1.41773817e-02 1.18678472e+01 3.60003596e-04
   4.21073076e-03 5.69976875e-04 5.69976875e-04]
  [3.67108178e-06 1.42309202e-02 1.18874034e+01 3.60525874e-04
   4.19667504e-03 5.71420420e-04 5.71420420e-04]
  [3.90868267e-06 1.42184586e-02 1.19880656e+01 3.60790270e-04
   4.16737871e-03 5.71310090e-04 5.71310090e-04]]

 [[3.49978518e-06 1.42979955e-02 1.18726925e+01 3.60971359e-04
   4.17715525e-03 5.71495077e-04 5.71495077e-04]
  [4.12611144e-06 1.41600709e-02 1.18134872e+01 3.59558754e-04
   4.30605492e-03 5.70530361e-04 5.70530361e-04]
  [4.71330120e-06 1.42738698e-02 1.17875030e+01 3.60410225e-04
   4.20711288e-03 5.71337216e-04 5.71337216e-04]]

 [[4.27850251e-06 1.42350326e-02 1.17521701e+01 3.59471955e-04
   4.30013274e-03 5.71020516e-04 5.71020516e-04]
  [3.45316599e-06 1.42769415e-02 1.18435607e+01 3.59908325e-04
   4.22219157e-03 5.70959402e-04 5.70959402e-04]
  [4.04447699e-07 1.24940230e-02 1.33824042e+01 3.58977073e-04
   4.80267393e-03 5.56974341e-04 6.19684639e-04]]]

Arbiter Table:
[[[4.04447699e-07 1.24940230e-02 1.33824042e+01 3.58977073e-04
   4.80267393e-03 5.56974341e-04 6.19684639e-04]
  [3.07077906e-06 1.42029808e-02 1.20648314e+01 3.59547393e-04
   4.28739793e-03 5.70989994e-04 5.70989994e-04]
  [3.81435267e-06 1.41563181e-02 1.19896403e+01 3.60713239e-04
   4.18606183e-03 5.72014321e-04 5.72014321e-04]]

 [[2.78812362e-06 1.38811558e-02 1.26010950e+01 3.59852760e-04
   4.27314110e-03 5.71008903e-04 5.71008903e-04]
  [3.25898261e-06 1.42922003e-02 1.17846805e+01 3.60124938e-04
   4.24966918e-03 5.71476649e-04 5.71476649e-04]
  [3.37968963e-06 1.41629858e-02 1.18332718e+01 3.59666649e-04
   4.29804293e-03 5.71112765e-04 5.71112765e-04]]

 [[3.58148448e-06 1.42786780e-02 1.18905614e+01 3.61017221e-04
   4.13948192e-03 5.70905221e-04 5.70905221e-04]
  [3.56071379e-06 1.40108855e-02 1.23618969e+01 3.59787497e-04
   4.24317473e-03 5.70600041e-04 5.70600041e-04]
  [2.65706517e-06 1.37719877e-02 1.26057270e+01 3.61714214e-04
   4.00670148e-03 5.70442422e-04 5.70442422e-04]]]

Page Table:
[[[4.04447699e-07 1.24940230e-02 1.33824042e+01 3.58977073e-04
   4.80267393e-03 5.56974341e-04 6.19684639e-04]
  [5.14116610e-06 1.43950004e-02 1.18496946e+01 3.61473804e-04
   4.07068309e-03 5.70201216e-04 5.70201216e-04]
  [4.37747950e-06 1.42979603e-02 1.18256111e+01 3.59888003e-04
   4.21282598e-03 5.70870907e-04 5.70870907e-04]
  [2.10699663e-06 1.36076664e-02 1.30478033e+01 3.60307855e-04
   4.25010893e-03 5.71238507e-04 5.71238507e-04]]

 [[3.97002698e-06 1.38485619e-02 1.28299180e+01 3.60214815e-04
   4.19498837e-03 5.70470096e-04 5.70470096e-04]
  [7.30934887e-06 1.42534609e-02 1.18819446e+01 3.59648154e-04
   4.29472036e-03 5.71298894e-04 5.71298894e-04]
  [7.76830688e-06 1.43621361e-02 1.18263436e+01 3.60922223e-04
   4.08741522e-03 5.69837507e-04 5.69837507e-04]
  [4.69083857e-06 1.42906912e-02 1.18118847e+01 3.59634721e-04
   4.30225491e-03 5.70790723e-04 5.70790723e-04]]

 [[5.78897344e-06 1.43508994e-02 1.18791645e+01 3.61147077e-04
   4.14131017e-03 5.70894187e-04 5.70894187e-04]
  [5.15057192e-06 1.38987643e-02 1.28819393e+01 3.60353661e-04
   4.16266217e-03 5.70346691e-04 5.70346691e-04]
  [5.44203221e-06 1.43611566e-02 1.18758078e+01 3.59526729e-04
   4.32008302e-03 5.71158921e-04 5.71158921e-04]
  [4.34753397e-06 1.43850943e-02 1.18078407e+01 3.59847258e-04
   4.26033855e-03 5.70931259e-04 5.70931259e-04]]

 [[2.02709882e-06 1.35868799e-02 1.30484592e+01 3.59288783e-04
   4.35534330e-03 5.70762040e-04 5.70762040e-04]
  [5.14805890e-06 1.43969564e-02 1.19225796e+01 3.60685481e-04
   4.16754364e-03 5.70875641e-04 5.70875641e-04]
  [4.20801366e-06 1.42518604e-02 1.20244787e+01 3.61057413e-04
   4.14249446e-03 5.70885407e-04 5.70885407e-04]
  [4.92962302e-06 1.43554804e-02 1.18278450e+01 3.59754264e-04
   4.30249408e-03 5.70563866e-04 5.70563866e-04]]]

Response Table:
[[[1.23788413e-06 1.41077142e-02 1.17827090e+01]
  [1.23326889e-06 1.41847580e-02 1.19862597e+01]]

 [[1.21413091e-06 1.42012045e-02 1.18160800e+01]
  [4.04447699e-07 1.24940230e-02 1.33824042e+01]]]

Refresh Table:
[[[4.04447699e-07 1.24940230e-02 1.33824042e+01]
  [1.61768566e-06 1.41531799e-02 1.19216387e+01]]

 [[1.49035466e-06 1.42600981e-02 1.19521948e+01]
  [1.63403122e-06 1.41574135e-02 1.18245140e+01]]]

Request Buffer Table:
[[[6.52486494e-05 1.52725569e-02 1.17485293e+01]
  [5.87983213e-05 1.50750507e-02 1.18688807e+01]
  [5.81961559e-05 1.51519694e-02 1.19215465e+01]
  [5.93341322e-05 1.52046919e-02 1.18670012e+01]
  [5.98693016e-05 1.51453498e-02 1.19460152e+01]
  [5.83440705e-05 1.52497769e-02 1.18892968e+01]
  [4.89429085e-05 1.45523129e-02 1.24215140e+01]
  [5.60099166e-05 1.51198515e-02 1.19217767e+01]]

 [[7.14853680e-05 1.54029787e-02 1.18822121e+01]
  [5.87352070e-05 1.51711480e-02 1.17706322e+01]
  [6.74535336e-05 1.53730570e-02 1.18011393e+01]
  [8.07806849e-05 1.53101334e-02 1.18896724e+01]
  [5.53626341e-05 1.50969787e-02 1.18942345e+01]
  [4.69151453e-05 1.47177071e-02 1.23102902e+01]
  [6.42665685e-05 1.52736287e-02 1.19008113e+01]
  [4.95294806e-05 1.49722929e-02 1.18841897e+01]]

 [[6.07899913e-05 1.51297550e-02 1.18545765e+01]
  [6.16007946e-05 1.52099536e-02 1.18935826e+01]
  [6.36541442e-05 1.52733410e-02 1.18723221e+01]
  [8.16580222e-05 1.55528845e-02 1.18960376e+01]
  [6.60069308e-05 1.51713168e-02 1.18982831e+01]
  [5.79825717e-05 1.52025555e-02 1.21487915e+01]
  [5.27011682e-05 1.50516212e-02 1.17804511e+01]
  [6.38146196e-05 1.52945355e-02 1.18432259e+01]]

 [[9.08672667e-05 1.56351816e-02 1.18576466e+01]
  [6.33691200e-05 1.52351529e-02 1.18827784e+01]
  [6.42465753e-05 1.53060691e-02 1.19618695e+01]
  [7.42045349e-05 1.54861124e-02 1.17731143e+01]
  [5.86701746e-05 1.51728662e-02 1.19408596e+01]
  [6.82184158e-05 1.54477812e-02 1.19087286e+01]
  [6.96978834e-05 1.53524807e-02 1.17826303e+01]
  [5.62411952e-05 1.51040008e-02 1.18388709e+01]]

 [[5.76397921e-05 1.50850476e-02 1.18005176e+01]
  [5.80156424e-05 1.51290337e-02 1.19320316e+01]
  [5.37344091e-05 1.50076204e-02 1.19171236e+01]
  [6.69317446e-05 1.52717890e-02 1.18226650e+01]
  [7.49646972e-05 1.53922842e-02 1.18994346e+01]
  [6.66400671e-05 1.52323038e-02 1.19287161e+01]
  [5.89720833e-05 1.52617647e-02 1.19019480e+01]
  [5.70978105e-05 1.51415293e-02 1.19292346e+01]]

 [[5.58932145e-05 1.50140591e-02 1.19490899e+01]
  [5.75233176e-05 1.51225162e-02 1.19383281e+01]
  [6.07371546e-05 1.52501477e-02 1.18876627e+01]
  [5.65101626e-05 1.50768123e-02 1.20056845e+01]
  [5.40783407e-05 1.50244212e-02 1.18416497e+01]
  [4.04447699e-07 1.24940230e-02 1.33824042e+01]
  [6.33760085e-05 1.51143828e-02 1.18747657e+01]
  [5.81947223e-05 1.52118210e-02 1.19437960e+01]]

 [[6.60021513e-05 1.50684996e-02 1.19733516e+01]
  [6.12634272e-05 1.51131048e-02 1.19307204e+01]
  [5.60484416e-05 1.50510747e-02 1.18823581e+01]
  [8.13780006e-05 1.53086682e-02 1.19328873e+01]
  [5.65531859e-05 1.51097129e-02 1.19279647e+01]
  [5.59425104e-05 1.52865441e-02 1.19205457e+01]
  [4.30450259e-05 1.44598349e-02 1.26049600e+01]
  [5.79138285e-05 1.51476972e-02 1.19433400e+01]]

 [[5.33195346e-05 1.51277424e-02 1.18164843e+01]
  [5.76630658e-05 1.51471351e-02 1.18858762e+01]
  [6.38970190e-05 1.52097767e-02 1.19301093e+01]
  [7.37682220e-05 1.54005350e-02 1.18691238e+01]
  [7.75137692e-05 1.54296924e-02 1.19005285e+01]
  [9.80594614e-05 1.57079272e-02 1.18932723e+01]
  [6.15446100e-05 1.51080832e-02 1.19726561e+01]
  [6.51480146e-05 1.52719612e-02 1.18898391e+01]]]

Ref Max Post Table:
[[[5.38289310e-06 1.43925918e-02 1.18736313e+01]
  [5.80821817e-06 1.42521384e-02 1.18993711e+01]
  [6.67355341e-06 1.44859714e-02 1.17491578e+01]
  [4.10392880e-07 1.25073915e-02 1.33661616e+01]]

 [[6.99457791e-06 1.43356403e-02 1.17986444e+01]
  [5.27772392e-06 1.43396718e-02 1.18601977e+01]
  [1.38990394e-06 1.36845492e-02 1.34307073e+01]
  [5.54070393e-06 1.43989463e-02 1.18606057e+01]]

 [[4.10589783e-07 1.25079058e-02 1.34514862e+01]
  [3.74610288e-06 1.43065357e-02 1.24462223e+01]
  [5.69920395e-06 1.43812210e-02 1.18532403e+01]
  [5.59503201e-06 1.43672004e-02 1.23466510e+01]]

 [[7.03982243e-06 1.43873925e-02 1.18569140e+01]
  [5.55977784e-06 1.43334565e-02 1.18433767e+01]
  [4.10793964e-07 1.25086307e-02 1.34126451e+01]
  [5.85874218e-06 1.43831357e-02 1.19117681e+01]]]

Ref Max Pull Table:
[[[4.05921758e-06 1.43253822e-02 1.18501450e+01]
  [6.15181948e-06 1.43221593e-02 1.18791992e+01]
  [8.83141607e-06 1.43650645e-02 1.17809965e+01]
  [1.64482324e-06 1.32028502e-02 1.31332675e+01]]

 [[5.31037322e-06 1.42336577e-02 1.18709062e+01]
  [6.73910015e-06 1.42849756e-02 1.19248783e+01]
  [5.45412076e-06 1.42764646e-02 1.19295303e+01]
  [4.04575499e-07 1.24972785e-02 1.33787819e+01]]

 [[3.86487033e-06 1.43422644e-02 1.18629385e+01]
  [4.70221427e-06 1.43648703e-02 1.20270291e+01]
  [6.06407903e-06 1.44129983e-02 1.18211072e+01]
  [8.50744625e-06 1.43895716e-02 1.18376482e+01]]

 [[4.45385001e-06 1.42041774e-02 1.20675524e+01]
  [4.04598657e-07 1.24977781e-02 1.34487983e+01]
  [6.80354374e-06 1.43676550e-02 1.19372129e+01]
  [7.08231888e-06 1.44311534e-02 1.19442662e+01]]]

Max Activate Table:
[[[7.34107874e-05 1.51926001e-02 1.18756833e+01 3.60058014e-04
   4.17744699e-03 5.70476124e-04 5.70476124e-04]
  [7.91976977e-05 1.52203525e-02 1.18845766e+01 3.60505655e-04
   4.16779444e-03 5.70183622e-04 5.70183622e-04]
  [8.12305643e-05 1.52560823e-02 1.19230388e+01 3.60383020e-04
   4.12565452e-03 5.69788557e-04 5.69788557e-04]
  [7.20833252e-05 1.52279758e-02 1.17538076e+01 3.60007658e-04
   4.18140343e-03 5.70867148e-04 5.70867148e-04]
  [6.09901838e-05 1.50164347e-02 1.21734167e+01 3.60483186e-04
   4.14954040e-03 5.70875354e-04 5.70875354e-04]
  [8.85270631e-05 1.52806990e-02 1.18870887e+01 3.59875316e-04
   4.24398768e-03 5.71198798e-04 5.71198798e-04]
  [6.97582071e-05 1.49581401e-02 1.19259963e+01 3.60155363e-04
   4.19670344e-03 5.71264921e-04 5.71264921e-04]
  [6.85926568e-05 1.49994933e-02 1.18480551e+01 3.59123642e-04
   4.34991732e-03 5.70350181e-04 5.70350181e-04]]

 [[8.50022792e-05 1.53833841e-02 1.17544452e+01 3.59043099e-04
   4.35556230e-03 5.71443880e-04 5.71443880e-04]
  [7.48942875e-05 1.51845093e-02 1.20662729e+01 3.61106712e-04
   4.10977494e-03 5.70798395e-04 5.70798395e-04]
  [7.49453550e-05 1.51480203e-02 1.19110196e+01 3.60848513e-04
   4.09189078e-03 5.70376937e-04 5.70376937e-04]
  [8.76281443e-05 1.53714746e-02 1.19109504e+01 3.59498793e-04
   4.26945977e-03 5.71230230e-04 5.71230230e-04]
  [7.53034963e-05 1.51576012e-02 1.18521295e+01 3.59565476e-04
   4.21409191e-03 5.70661946e-04 5.70661946e-04]
  [8.17736050e-05 1.52508136e-02 1.18335752e+01 3.59071152e-04
   4.32140652e-03 5.70313501e-04 5.70313501e-04]
  [7.62214100e-05 1.51827005e-02 1.19171625e+01 3.60465710e-04
   4.14909216e-03 5.71285038e-04 5.71285038e-04]
  [7.42035675e-05 1.50907377e-02 1.18173504e+01 3.59733881e-04
   4.26822029e-03 5.72252221e-04 5.72252221e-04]]

 [[8.86532111e-05 1.53858227e-02 1.17839274e+01 3.61321919e-04
   4.07266872e-03 5.70824344e-04 5.70824344e-04]
  [8.51147800e-05 1.53692489e-02 1.18544638e+01 3.59817025e-04
   4.29208083e-03 5.71028157e-04 5.71028157e-04]
  [7.49166073e-05 1.51452325e-02 1.18657764e+01 3.59272006e-04
   4.30651914e-03 5.70742098e-04 5.70742098e-04]
  [7.58059629e-05 1.51327539e-02 1.19458400e+01 3.59816321e-04
   4.27278295e-03 5.70921969e-04 5.70921969e-04]
  [8.39765637e-05 1.52538069e-02 1.18546536e+01 3.59111961e-04
   4.32274275e-03 5.70393175e-04 5.70393175e-04]
  [6.62306233e-05 1.50621314e-02 1.19332800e+01 3.60608634e-04
   4.09810973e-03 5.70521480e-04 5.70521480e-04]
  [6.83525332e-05 1.51065277e-02 1.20001393e+01 3.58484769e-04
   4.45133522e-03 5.71115330e-04 5.71115330e-04]
  [8.71303359e-05 1.53216901e-02 1.19088523e+01 3.58704416e-04
   4.39237907e-03 5.71161704e-04 5.71161704e-04]]

 [[7.76170714e-05 1.51721842e-02 1.18356529e+01 3.59338843e-04
   4.28177140e-03 5.70765784e-04 5.70765784e-04]
  [7.23816033e-05 1.51337261e-02 1.18487450e+01 3.59672471e-04
   4.18984677e-03 5.68996564e-04 5.68996564e-04]
  [7.20747855e-05 1.52607599e-02 1.18965101e+01 3.60772922e-04
   4.14795846e-03 5.70439149e-04 5.70439149e-04]
  [9.77276133e-05 1.53915038e-02 1.18233142e+01 3.59454410e-04
   4.25494114e-03 5.71089448e-04 5.71089448e-04]
  [8.71046375e-05 1.52998147e-02 1.18548725e+01 3.59337137e-04
   4.26661728e-03 5.70190995e-04 5.70190995e-04]
  [8.42153625e-05 1.53444536e-02 1.18435726e+01 3.61517695e-04
   4.03706986e-03 5.71723178e-04 5.71723178e-04]
  [6.99361518e-05 1.51281035e-02 1.20135516e+01 3.61949296e-04
   4.05007492e-03 5.71457934e-04 5.71457934e-04]
  [8.11649291e-05 1.52953848e-02 1.18648680e+01 3.60315923e-04
   4.18387733e-03 5.71093361e-04 5.71093361e-04]]

 [[7.91487518e-05 1.51967667e-02 1.19086845e+01 3.58956519e-04
   4.31302466e-03 5.70032300e-04 5.70032300e-04]
  [9.71000961e-05 1.54288754e-02 1.18342864e+01 3.59154052e-04
   4.32400053e-03 5.70613542e-04 5.70613542e-04]
  [8.87009303e-05 1.53201056e-02 1.19463146e+01 3.60237412e-04
   4.18138271e-03 5.70454991e-04 5.70454991e-04]
  [7.67913534e-05 1.52221863e-02 1.18077074e+01 3.59999214e-04
   4.21880133e-03 5.70305347e-04 5.70305347e-04]
  [8.43138245e-05 1.54130970e-02 1.18270593e+01 3.60107042e-04
   4.15300165e-03 5.69490525e-04 5.69490525e-04]
  [7.88908095e-05 1.51897657e-02 1.18086501e+01 3.60004968e-04
   4.20307221e-03 5.70269588e-04 5.70269588e-04]
  [8.31383949e-05 1.52229299e-02 1.18591691e+01 3.59077592e-04
   4.26647953e-03 5.70724566e-04 5.70724566e-04]
  [5.31961126e-05 1.50190846e-02 1.23352642e+01 3.58515954e-04
   4.36411710e-03 5.70436480e-04 5.70436480e-04]]

 [[5.87412572e-05 1.50208791e-02 1.21696554e+01 3.61016546e-04
   4.07905469e-03 5.70859054e-04 5.70859054e-04]
  [8.68124403e-05 1.53643851e-02 1.18699548e+01 3.60635887e-04
   4.07383762e-03 5.70042435e-04 5.70042435e-04]
  [8.22491781e-05 1.52460719e-02 1.18526528e+01 3.61722973e-04
   4.06688093e-03 5.70384536e-04 5.70384536e-04]
  [8.60755215e-05 1.53496667e-02 1.18932145e+01 3.59865592e-04
   4.21155253e-03 5.71028575e-04 5.71028575e-04]
  [8.02651231e-05 1.51974275e-02 1.18512032e+01 3.60328472e-04
   4.18746647e-03 5.71232123e-04 5.71232123e-04]
  [9.70395491e-05 1.52904883e-02 1.18361501e+01 3.58830828e-04
   4.38204212e-03 5.71593568e-04 5.71593568e-04]
  [8.62479959e-05 1.51353505e-02 1.19158486e+01 3.60144714e-04
   4.20683601e-03 5.71319196e-04 5.71319196e-04]
  [8.01528695e-05 1.53113173e-02 1.18675977e+01 3.59007158e-04
   4.33901787e-03 5.71124834e-04 5.71124834e-04]]

 [[7.01056740e-05 1.51641942e-02 1.18563653e+01 3.58643183e-04
   4.34643401e-03 5.70970887e-04 5.70970887e-04]
  [7.52019157e-05 1.51822266e-02 1.19268006e+01 3.60809014e-04
   4.17176265e-03 5.72226043e-04 5.72226043e-04]
  [8.18159436e-05 1.52850637e-02 1.18106958e+01 3.60479064e-04
   4.15224084e-03 5.71008029e-04 5.71008029e-04]
  [8.29689032e-05 1.53720046e-02 1.18267114e+01 3.59351948e-04
   4.28856063e-03 5.70082979e-04 5.70082979e-04]
  [8.21710454e-05 1.53240223e-02 1.19715371e+01 3.58858065e-04
   4.31224640e-03 5.70447338e-04 5.70447338e-04]
  [5.97582919e-05 1.49368350e-02 1.19816832e+01 3.60284895e-04
   4.12570895e-03 5.70458749e-04 5.70458749e-04]
  [6.99741548e-05 1.50925652e-02 1.18986246e+01 3.59130384e-04
   4.31624996e-03 5.70870049e-04 5.70870049e-04]
  [9.29866863e-05 1.53705183e-02 1.19643333e+01 3.60495824e-04
   4.24228916e-03 5.71098886e-04 5.71098886e-04]]

 [[7.67789935e-05 1.52126330e-02 1.18219087e+01 3.59433321e-04
   4.27965736e-03 5.70359870e-04 5.70359870e-04]
  [7.85557375e-05 1.52591770e-02 1.19274988e+01 3.61502847e-04
   4.09402344e-03 5.70588924e-04 5.70588924e-04]
  [8.59772219e-05 1.53252741e-02 1.19310346e+01 3.59535975e-04
   4.27616179e-03 5.70611335e-04 5.70611335e-04]
  [7.51752351e-05 1.51774964e-02 1.19330558e+01 3.59453367e-04
   4.29575231e-03 5.71085524e-04 5.71085524e-04]
  [6.67781954e-05 1.51200573e-02 1.21690103e+01 3.60138983e-04
   4.19715614e-03 5.71131315e-04 5.71131315e-04]
  [5.97835044e-05 1.50193503e-02 1.19896903e+01 3.60422947e-04
   4.14040202e-03 5.70299998e-04 5.70299998e-04]
  [8.19204777e-05 1.52279626e-02 1.17745683e+01 3.60232498e-04
   4.20669276e-03 5.70678010e-04 5.70678010e-04]
  [4.04447699e-07 1.24940230e-02 1.33824042e+01 3.58977073e-04
   4.80267393e-03 5.56974341e-04 6.19684639e-04]]]

Cumulative Reward: 3382.473268147747
