Scheduler Table:
[[[3.33654501e-06 1.42536364e-02 1.18184167e+01 3.59299346e-04
   4.32879148e-03 5.70471728e-04 5.70471728e-04]
  [3.11373735e-06 1.42541782e-02 1.18855966e+01 3.59842239e-04
   4.29567357e-03 5.71552426e-04 5.71552426e-04]
  [3.52190459e-06 1.42571256e-02 1.18648883e+01 3.59681968e-04
   4.30290215e-03 5.71769878e-04 5.71769878e-04]]

 [[3.07459148e-06 1.43151094e-02 1.18314059e+01 3.60011747e-04
   4.22225968e-03 5.70708669e-04 5.70708669e-04]
  [3.14714789e-06 1.42683470e-02 1.18862433e+01 3.60045379e-04
   4.21356978e-03 5.70673989e-04 5.70673989e-04]
  [2.56229330e-06 1.37314534e-02 1.22820603e+01 3.60254725e-04
   4.19767769e-03 5.70870914e-04 5.70870914e-04]]

 [[3.57521392e-06 1.43264245e-02 1.18748660e+01 3.60350141e-04
   4.21538601e-03 5.70812874e-04 5.70812874e-04]
  [3.22358298e-06 1.42041005e-02 1.19707040e+01 3.61321936e-04
   4.11205404e-03 5.71366936e-04 5.71366936e-04]
  [1.95828211e-05 1.15388527e-02 1.28872421e+01 3.59145640e-04
   4.64752849e-03 5.60850408e-04 6.05643478e-04]]]

Buffer Table:
[[[3.54957075e-06 1.43295382e-02 1.18849942e+01 3.59755056e-04
   4.25141458e-03 5.70219418e-04 5.70219418e-04]
  [9.48928427e-06 1.15458847e-02 1.28654291e+01 3.58776448e-04
   4.69950215e-03 5.61226259e-04 6.06019330e-04]
  [2.82952113e-06 1.40221342e-02 1.21789380e+01 3.60528416e-04
   4.17004949e-03 5.71049696e-04 5.71049696e-04]]

 [[2.05925036e-05 1.15464473e-02 1.29382444e+01 3.59936876e-04
   4.18999500e-03 5.69888091e-04 5.69888091e-04]
  [3.64477997e-06 1.42557381e-02 1.18598028e+01 3.59734648e-04
   4.28021823e-03 5.70734820e-04 5.70734820e-04]
  [3.58278947e-06 1.43536683e-02 1.18310711e+01 3.60438187e-04
   4.21318997e-03 5.71535781e-04 5.71535781e-04]]

 [[3.59115712e-06 1.42966759e-02 1.18073936e+01 3.59822185e-04
   4.25920703e-03 5.71020387e-04 5.71020387e-04]
  [2.11918264e-06 1.34815261e-02 1.23593569e+01 3.59139644e-04
   4.34049444e-03 5.71607557e-04 5.71607557e-04]
  [3.46115551e-06 1.42367738e-02 1.18950008e+01 3.60873318e-04
   4.15011864e-03 5.71509257e-04 5.71509257e-04]]]

Arbiter Table:
[[[1.95828211e-05 1.15388527e-02 1.28872421e+01 3.59145640e-04
   4.64752849e-03 5.60850408e-04 6.05643478e-04]
  [2.70993853e-06 1.38681270e-02 1.20712795e+01 3.59935889e-04
   4.26088333e-03 5.70886511e-04 5.70886511e-04]
  [3.12533547e-06 1.39232048e-02 1.20790670e+01 3.60739318e-04
   4.16081672e-03 5.70573739e-04 5.70573739e-04]]

 [[5.67973394e-06 1.33224710e-02 1.24680527e+01 3.60731670e-04
   4.18586997e-03 5.71103078e-04 5.71103078e-04]
  [4.04177321e-06 1.43714695e-02 1.17919462e+01 3.60258818e-04
   4.23473899e-03 5.70899135e-04 5.70899135e-04]
  [3.70910338e-06 1.42681835e-02 1.18389691e+01 3.59824745e-04
   4.28071935e-03 5.71246210e-04 5.71246210e-04]]

 [[2.44493279e-06 1.35339969e-02 1.23717224e+01 3.60568518e-04
   4.14965518e-03 5.70243715e-04 5.70243715e-04]
  [3.86891746e-06 1.42527855e-02 1.19009976e+01 3.60352814e-04
   4.15112064e-03 5.70250739e-04 5.70250739e-04]
  [3.82832461e-06 1.42371620e-02 1.19063475e+01 3.60996852e-04
   4.16702837e-03 5.72028117e-04 5.72028117e-04]]]

Page Table:
[[[1.69932291e-06 1.24788662e-02 1.25855223e+01 3.58230028e-04
   4.40040739e-03 5.71227306e-04 5.71227306e-04]
  [2.06581320e-05 1.15912277e-02 1.29309214e+01 3.59975916e-04
   4.19064075e-03 5.69899619e-04 5.69899619e-04]
  [3.91591593e-06 1.43964947e-02 1.18721832e+01 3.60942022e-04
   4.10788906e-03 5.70645288e-04 5.70645288e-04]
  [3.89628087e-06 1.44165998e-02 1.19617081e+01 3.59602447e-04
   4.27919695e-03 5.71013859e-04 5.71013859e-04]]

 [[9.55274960e-06 1.15891892e-02 1.28583475e+01 3.58814202e-04
   4.70012661e-03 5.61237408e-04 6.06030478e-04]
  [3.56342558e-06 1.44024356e-02 1.18834016e+01 3.59920479e-04
   4.25875932e-03 5.71214597e-04 5.71214597e-04]
  [3.40906679e-06 1.40985138e-02 1.19723638e+01 3.60570145e-04
   4.17209887e-03 5.70665315e-04 5.70665315e-04]
  [3.98435985e-06 1.43674763e-02 1.18459728e+01 3.60131257e-04
   4.22218033e-03 5.70655081e-04 5.70655081e-04]]

 [[4.64865185e-06 1.44729416e-02 1.18978606e+01 3.61277626e-04
   4.11672494e-03 5.70349674e-04 5.70349674e-04]
  [2.44344957e-05 1.30647487e-02 1.25823417e+01 3.60887165e-04
   4.14461927e-03 5.70343661e-04 5.70343661e-04]
  [3.95425624e-06 1.45074332e-02 1.18517724e+01 3.59534563e-04
   4.29073823e-03 5.70899332e-04 5.70899332e-04]
  [4.06407903e-06 1.45128817e-02 1.18498602e+01 3.59981558e-04
   4.24295539e-03 5.70828932e-04 5.70828932e-04]]

 [[3.70168586e-06 1.43975626e-02 1.20024744e+01 3.61211511e-04
   4.11270885e-03 5.72037866e-04 5.72037866e-04]
  [3.99083484e-06 1.45195149e-02 1.18604261e+01 3.60373362e-04
   4.19479020e-03 5.70952402e-04 5.70952402e-04]
  [4.03148457e-06 1.44686249e-02 1.19093357e+01 3.60750054e-04
   4.17752687e-03 5.71252078e-04 5.71252078e-04]
  [4.33418211e-06 1.44842925e-02 1.18307283e+01 3.59691840e-04
   4.28110968e-03 5.70467078e-04 5.70467078e-04]]]

Response Table:
[[[2.19560427e-06 1.41795006e-02 1.18256473e+01]
  [1.80188232e-06 1.41588089e-02 1.18343467e+01]]

 [[1.73670739e-06 1.41388644e-02 1.18737543e+01]
  [1.95828211e-05 1.15388527e-02 1.28872421e+01]]]

Refresh Table:
[[[1.90805823e-06 1.42153772e-02 1.18738595e+01]
  [3.10485025e-06 1.31310936e-02 1.23171230e+01]]

 [[3.30079849e-06 1.38117990e-02 1.21307408e+01]
  [1.95828349e-05 1.15388748e-02 1.28872337e+01]]]

Request Buffer Table:
[[[2.77182881e-06 1.57325437e-02 1.18400920e+01]
  [6.23364602e-06 1.57158410e-02 1.18854373e+01]
  [2.86222822e-06 1.57940641e-02 1.19165066e+01]
  [3.05982570e-06 1.57950439e-02 1.19439513e+01]
  [3.32468710e-06 1.58520089e-02 1.19640855e+01]
  [5.26029192e-06 1.57602374e-02 1.19070546e+01]
  [2.14457873e-06 1.46574372e-02 1.22308839e+01]
  [4.41366631e-06 1.57873081e-02 1.19652224e+01]]

 [[2.99941170e-06 1.57440821e-02 1.18174803e+01]
  [1.44396854e-05 1.60289861e-02 1.18739211e+01]
  [2.75142692e-06 1.57967562e-02 1.19033194e+01]
  [5.77587415e-06 1.57323329e-02 1.19553049e+01]
  [3.58371312e-06 1.56423523e-02 1.19010644e+01]
  [1.01139366e-05 1.59234617e-02 1.19274912e+01]
  [3.23967647e-06 1.58153429e-02 1.18980265e+01]
  [4.45314460e-06 1.56156762e-02 1.18544841e+01]]

 [[2.71709897e-06 1.57782736e-02 1.18700983e+01]
  [3.02724244e-06 1.58595834e-02 1.18710872e+01]
  [3.02603688e-06 1.58642099e-02 1.18956003e+01]
  [4.35041483e-06 1.61072307e-02 1.18948966e+01]
  [2.79371998e-06 1.57094426e-02 1.19374077e+01]
  [4.31313059e-06 1.58439068e-02 1.19948149e+01]
  [3.02841075e-06 1.59340199e-02 1.18724040e+01]
  [3.85947769e-06 1.58389391e-02 1.19041882e+01]]

 [[3.02582327e-06 1.57718952e-02 1.18653706e+01]
  [7.82249953e-06 1.58055163e-02 1.18905286e+01]
  [4.63991600e-06 1.59216612e-02 1.19380368e+01]
  [3.32913775e-06 1.61398204e-02 1.18717048e+01]
  [3.77599325e-06 1.55436696e-02 1.20016450e+01]
  [4.36136573e-06 1.61105882e-02 1.18926802e+01]
  [8.81407530e-06 1.60322765e-02 1.18864813e+01]
  [3.05174689e-06 1.56808572e-02 1.19264267e+01]]

 [[3.18758193e-06 1.59395308e-02 1.18438424e+01]
  [4.09415593e-06 1.56548329e-02 1.19276942e+01]
  [2.88144660e-06 1.59048896e-02 1.18579609e+01]
  [6.27226624e-06 1.58943426e-02 1.19211209e+01]
  [2.87025136e-06 1.58068299e-02 1.18772076e+01]
  [3.09843732e-06 1.47702684e-02 1.22750328e+01]
  [3.13611602e-06 1.59674070e-02 1.19039872e+01]
  [3.75608893e-06 1.57340113e-02 1.19474237e+01]]

 [[3.11748675e-06 1.56169518e-02 1.19701834e+01]
  [5.86007985e-06 1.57658200e-02 1.18723281e+01]
  [3.05917861e-06 1.60937272e-02 1.18877854e+01]
  [4.11316249e-06 1.59689984e-02 1.19780114e+01]
  [3.98811164e-06 1.55670654e-02 1.18188977e+01]
  [1.95828211e-05 1.15388527e-02 1.28872421e+01]
  [4.04082254e-06 1.57383930e-02 1.19617287e+01]
  [5.30921252e-06 1.58151546e-02 1.19686134e+01]]

 [[2.81438826e-06 1.56631524e-02 1.19323838e+01]
  [5.31153028e-06 1.58716683e-02 1.19571303e+01]
  [2.95311948e-06 1.59329844e-02 1.19356392e+01]
  [1.54139577e-05 1.60265365e-02 1.18815353e+01]
  [4.33840857e-06 1.57191869e-02 1.19197932e+01]
  [3.31364596e-06 1.58566616e-02 1.19309319e+01]
  [1.25204030e-05 1.37521361e-02 1.25209986e+01]
  [3.29264102e-06 1.58533734e-02 1.19273478e+01]]

 [[2.89035266e-06 1.57589447e-02 1.19207114e+01]
  [3.12168635e-06 1.56833367e-02 1.18155826e+01]
  [3.73555319e-06 1.57995169e-02 1.19196515e+01]
  [3.40847311e-06 1.62368241e-02 1.18760850e+01]
  [3.41362180e-06 1.58878670e-02 1.19043151e+01]
  [3.49466736e-06 1.63370459e-02 1.18882784e+01]
  [3.24862232e-06 1.58195530e-02 1.19830678e+01]
  [3.43178723e-06 1.57480169e-02 1.19076599e+01]]]

Ref Max Post Table:
[[[4.00388652e-06 1.45121925e-02 1.18754166e+01]
  [4.43739461e-06 1.44611901e-02 1.18787344e+01]
  [2.96414596e-06 1.39749314e-02 1.21800335e+01]
  [4.11235468e-06 1.44263337e-02 1.18895069e+01]]

 [[4.84928329e-06 1.44937413e-02 1.18333398e+01]
  [4.38605963e-06 1.45023194e-02 1.18808409e+01]
  [3.21328831e-06 1.41975797e-02 1.21408590e+01]
  [4.03380417e-06 1.45331303e-02 1.18952187e+01]]

 [[6.43947554e-06 1.44829391e-02 1.19574213e+01]
  [4.57813673e-06 1.45327080e-02 1.18586636e+01]
  [4.02779748e-06 1.44606157e-02 1.18697450e+01]
  [6.52601767e-06 1.32957576e-02 1.24476104e+01]]

 [[3.80887684e-06 1.43310837e-02 1.20121060e+01]
  [3.51036106e-06 1.42510815e-02 1.19619429e+01]
  [5.49826323e-06 1.44743123e-02 1.19234384e+01]
  [1.95828211e-05 1.15388527e-02 1.28872421e+01]]]

Ref Max Pull Table:
[[[3.49626781e-06 1.44320386e-02 1.18877792e+01]
  [3.48888499e-06 1.31394487e-02 1.24246977e+01]
  [4.19439382e-06 1.44914423e-02 1.18675116e+01]
  [3.98580126e-06 1.44752843e-02 1.19298897e+01]]

 [[3.73221918e-06 1.42851957e-02 1.19994210e+01]
  [3.78729179e-06 1.44157405e-02 1.19077850e+01]
  [3.98590520e-06 1.44194440e-02 1.18709454e+01]
  [2.05988401e-05 1.15609840e-02 1.29173827e+01]]

 [[3.90643339e-06 1.44685060e-02 1.19010852e+01]
  [4.11356647e-07 1.15616487e-02 1.28691066e+01]
  [4.15748705e-06 1.44979789e-02 1.19114820e+01]
  [5.08489221e-06 1.44640445e-02 1.18491694e+01]]

 [[4.09773413e-06 1.44447256e-02 1.18919237e+01]
  [4.23544590e-06 1.45739319e-02 1.19241399e+01]
  [4.11071046e-07 1.15604129e-02 1.28575812e+01]
  [6.00537141e-06 1.45417825e-02 1.19184604e+01]]]

Max Activate Table:
[[[3.67554842e-06 1.60018363e-02 1.18720417e+01 3.59456408e-04
   4.26258494e-03 5.70606709e-04 5.70606709e-04]
  [4.81907705e-06 1.58372259e-02 1.18892795e+01 3.60270222e-04
   4.18132368e-03 5.70363789e-04 5.70363789e-04]
  [3.43115266e-06 1.59873768e-02 1.19151982e+01 3.60705231e-04
   4.13948728e-03 5.70762006e-04 5.70762006e-04]
  [3.56041848e-06 1.58054386e-02 1.18738727e+01 3.59317794e-04
   4.26149013e-03 5.70467250e-04 5.70467250e-04]
  [3.02086445e-06 1.60619773e-02 1.18946327e+01 3.59319189e-04
   4.30678040e-03 5.70623063e-04 5.70623063e-04]
  [3.42185709e-06 1.58941037e-02 1.19303582e+01 3.59905576e-04
   4.24570950e-03 5.71280353e-04 5.71280353e-04]
  [3.33407595e-06 1.51788132e-02 1.22089697e+01 3.60013199e-04
   4.23834203e-03 5.71063011e-04 5.71063011e-04]
  [4.83360003e-06 1.57115792e-02 1.18684252e+01 3.59062079e-04
   4.33658235e-03 5.70510023e-04 5.70510023e-04]]

 [[3.15370607e-06 1.61378642e-02 1.18010002e+01 3.59179589e-04
   4.31819359e-03 5.71316829e-04 5.71316829e-04]
  [3.99998519e-06 1.60903846e-02 1.19238678e+01 3.60641645e-04
   4.15847083e-03 5.71378469e-04 5.71378469e-04]
  [3.25603079e-06 1.58188678e-02 1.19291336e+01 3.60343194e-04
   4.15570969e-03 5.70728455e-04 5.70728455e-04]
  [4.54567772e-07 1.15753683e-02 1.29187742e+01 3.59461621e-04
   4.25127013e-03 5.70514936e-04 5.70514936e-04]
  [3.46578499e-06 1.56727919e-02 1.18835265e+01 3.59930668e-04
   4.19745522e-03 5.70539043e-04 5.70539043e-04]
  [5.52937202e-06 1.58649667e-02 1.19286379e+01 3.59289111e-04
   4.27897204e-03 5.70524871e-04 5.70524871e-04]
  [3.86715975e-06 1.59698117e-02 1.19711820e+01 3.60718779e-04
   4.12162557e-03 5.70450949e-04 5.70450949e-04]
  [3.07595819e-06 1.57566638e-02 1.18857850e+01 3.59139743e-04
   4.31605998e-03 5.71346353e-04 5.71346353e-04]]

 [[3.02094014e-06 1.59898518e-02 1.19035211e+01 3.59399602e-04
   4.29161388e-03 5.71118711e-04 5.71118711e-04]
  [3.77894411e-06 1.59915656e-02 1.18932696e+01 3.59679125e-04
   4.28531668e-03 5.71084970e-04 5.71084970e-04]
  [2.86523353e-06 1.57728151e-02 1.19295392e+01 3.59650304e-04
   4.27006787e-03 5.70900518e-04 5.70900518e-04]
  [5.20418409e-06 1.58601445e-02 1.19275930e+01 3.59537177e-04
   4.24659942e-03 5.70536569e-04 5.70536569e-04]
  [4.49044809e-06 1.56559968e-02 1.20056470e+01 3.60336200e-04
   4.16674171e-03 5.70858104e-04 5.70858104e-04]
  [4.17003395e-06 1.55701068e-02 1.19283967e+01 3.60425493e-04
   4.15958086e-03 5.71289455e-04 5.71289455e-04]
  [2.06407493e-05 1.15739320e-02 1.29088377e+01 3.59179185e-04
   4.24705642e-03 5.70015269e-04 5.70015269e-04]
  [3.12409530e-06 1.57914979e-02 1.19133875e+01 3.59978592e-04
   4.20238720e-03 5.70558813e-04 5.70558813e-04]]

 [[4.18149676e-06 1.58081834e-02 1.18478930e+01 3.59975250e-04
   4.20959965e-03 5.70645590e-04 5.70645590e-04]
  [3.62641644e-06 1.57941909e-02 1.18570196e+01 3.59851989e-04
   4.20144226e-03 5.69770798e-04 5.69770798e-04]
  [4.53838236e-07 1.15745791e-02 1.28598636e+01 3.58626023e-04
   4.34861186e-03 5.71230734e-04 5.71230734e-04]
  [3.75754255e-06 1.60933026e-02 1.18630562e+01 3.59770215e-04
   4.23204158e-03 5.70999566e-04 5.70999566e-04]
  [4.52545324e-06 1.57399809e-02 1.19366769e+01 3.59843514e-04
   4.20890373e-03 5.70346551e-04 5.70346551e-04]
  [3.23938196e-06 1.58865038e-02 1.19526699e+01 3.60059373e-04
   4.21815354e-03 5.71253595e-04 5.71253595e-04]
  [6.92393873e-06 1.58063049e-02 1.19459838e+01 3.60147258e-04
   4.18985386e-03 5.71015641e-04 5.71015641e-04]
  [3.39285337e-06 1.59103077e-02 1.19171070e+01 3.59798149e-04
   4.22985388e-03 5.70826723e-04 5.70826723e-04]]

 [[4.32252063e-06 1.56262028e-02 1.19763417e+01 3.59371265e-04
   4.27999337e-03 5.70731575e-04 5.70731575e-04]
  [5.11522121e-06 1.60285651e-02 1.18353164e+01 3.59647425e-04
   4.24071634e-03 5.70475638e-04 5.70475638e-04]
  [2.99221703e-06 1.59770102e-02 1.19248375e+01 3.59390320e-04
   4.27903407e-03 5.70850768e-04 5.70850768e-04]
  [3.76990807e-06 1.58092760e-02 1.18274446e+01 3.60198044e-04
   4.19313727e-03 5.70283430e-04 5.70283430e-04]
  [8.11251527e-06 1.59585005e-02 1.18967916e+01 3.60037052e-04
   4.14525708e-03 5.69779928e-04 5.69779928e-04]
  [4.11731293e-06 1.57782804e-02 1.18847127e+01 3.59345998e-04
   4.26809367e-03 5.70539657e-04 5.70539657e-04]
  [5.73802286e-06 1.57830422e-02 1.18835369e+01 3.59471484e-04
   4.27333605e-03 5.71337402e-04 5.71337402e-04]
  [4.05926342e-06 1.58125121e-02 1.19439945e+01 3.60448903e-04
   4.13678276e-03 5.70252125e-04 5.70252125e-04]]

 [[3.17325033e-06 1.61513930e-02 1.18944065e+01 3.60332680e-04
   4.20037707e-03 5.71390832e-04 5.71390832e-04]
  [3.14962697e-06 1.61566109e-02 1.18259798e+01 3.59905537e-04
   4.15421853e-03 5.69575495e-04 5.69575495e-04]
  [2.78382353e-06 1.55988249e-02 1.20265732e+01 3.60563631e-04
   4.13595102e-03 5.70374568e-04 5.70374568e-04]
  [3.21549037e-06 1.58117618e-02 1.19261770e+01 3.60076204e-04
   4.19463021e-03 5.70608234e-04 5.70608234e-04]
  [4.25190843e-06 1.58380615e-02 1.19145089e+01 3.59205521e-04
   4.28560742e-03 5.70663287e-04 5.70663287e-04]
  [1.50432085e-05 1.59623832e-02 1.18829142e+01 3.59055275e-04
   4.34486373e-03 5.71315726e-04 5.71315726e-04]
  [4.34746398e-06 1.56989013e-02 1.20043261e+01 3.59373608e-04
   4.28816588e-03 5.70782075e-04 5.70782075e-04]
  [4.87108159e-06 1.57168973e-02 1.19052772e+01 3.59844402e-04
   4.24441539e-03 5.71094654e-04 5.71094654e-04]]

 [[5.49551536e-06 1.58721361e-02 1.18568591e+01 3.59121891e-04
   4.30906330e-03 5.71035261e-04 5.71035261e-04]
  [4.52415283e-07 1.15733573e-02 1.28377449e+01 3.58300122e-04
   4.73552430e-03 5.61270832e-04 6.06063902e-04]
  [2.96426999e-06 1.58785337e-02 1.19324894e+01 3.60454177e-04
   4.15876291e-03 5.71092916e-04 5.71092916e-04]
  [4.56611482e-06 1.57813358e-02 1.19361187e+01 3.60117391e-04
   4.15447981e-03 5.70112780e-04 5.70112780e-04]
  [3.34531536e-06 1.62940637e-02 1.19167694e+01 3.59341521e-04
   4.23776690e-03 5.70301616e-04 5.70301616e-04]
  [5.79059815e-06 1.56347070e-02 1.19329906e+01 3.60553390e-04
   4.16127541e-03 5.71380278e-04 5.71380278e-04]
  [5.15274035e-06 1.57641645e-02 1.19155792e+01 3.59737737e-04
   4.23817136e-03 5.70829774e-04 5.70829774e-04]
  [4.23848615e-06 1.57818362e-02 1.19281356e+01 3.59662531e-04
   4.27189279e-03 5.70549778e-04 5.70549778e-04]]

 [[3.48349274e-06 1.58666774e-02 1.18742091e+01 3.58706306e-04
   4.37019104e-03 5.70679513e-04 5.70679513e-04]
  [3.83235646e-06 1.57585918e-02 1.19222226e+01 3.60240178e-04
   4.20438127e-03 5.70875713e-04 5.70875713e-04]
  [6.45417730e-06 1.60795167e-02 1.18584600e+01 3.59305332e-04
   4.30291191e-03 5.70825762e-04 5.70825762e-04]
  [3.37800711e-06 1.58102836e-02 1.19466428e+01 3.60051401e-04
   4.22497132e-03 5.70962963e-04 5.70962963e-04]
  [2.94644058e-06 1.59136608e-02 1.18404306e+01 3.59962089e-04
   4.20388405e-03 5.69755680e-04 5.69755680e-04]
  [3.36041598e-06 1.58241697e-02 1.20109510e+01 3.60424393e-04
   4.20090830e-03 5.70846673e-04 5.70846673e-04]
  [5.06106699e-06 1.58164659e-02 1.18554546e+01 3.60110678e-04
   4.19584185e-03 5.70498811e-04 5.70498811e-04]
  [3.58097077e-06 1.59562822e-02 1.19255150e+01 3.58828917e-04
   4.35167424e-03 5.70575650e-04 5.70575650e-04]]]

Cumulative Reward: 3223.4785371650614
