Scheduler Table:
[[[5.59618902e-05 1.72416281e-01 1.60267282e+02 1.00149961e-02
   2.34476218e-01 3.42054431e-03 3.42054431e-03]
  [5.67790346e-05 1.72969071e-01 1.61421620e+02 1.00682810e-02
   2.31342096e-01 3.42048531e-03 3.42048531e-03]
  [5.62697416e-05 1.72687683e-01 1.60456601e+02 1.00024383e-02
   2.24102504e-01 3.41984789e-03 3.41984789e-03]]

 [[5.64829051e-05 1.72853261e-01 1.60577255e+02 1.00438895e-02
   2.37785378e-01 3.41964089e-03 3.41964089e-03]
  [2.31364116e-05 1.14050683e-01 2.66341389e+02 1.31771034e-02
   1.79432406e-02 3.38703537e-03 3.43532204e-03]
  [6.71462409e-05 1.72179800e-01 1.60636643e+02 9.96205996e-03
   2.84767957e-01 3.42046079e-03 3.42046079e-03]]

 [[5.56023154e-05 1.72229435e-01 1.60349910e+02 9.98022310e-03
   2.30898109e-01 3.41973524e-03 3.41973524e-03]
  [5.57570944e-05 1.72385390e-01 1.60694237e+02 1.00103516e-02
   2.46024617e-01 3.42035726e-03 3.42035726e-03]
  [6.63043364e-05 1.71737007e-01 1.60330358e+02 9.91725145e-03
   2.56950829e-01 3.42099413e-03 3.42099413e-03]]]

Buffer Table:
[[[6.31250014e-05 1.70960318e-01 1.61404564e+02 9.89210765e-03
   2.79440147e-01 3.42129413e-03 3.42129413e-03]
  [5.38717659e-05 1.46976521e-01 1.89535499e+02 8.11333104e-03
   2.02006045e-01 3.43836343e-03 3.43836343e-03]
  [5.64661355e-05 1.72401117e-01 1.61414552e+02 1.00712924e-02
   2.45650014e-01 3.41920318e-03 3.41920318e-03]]

 [[5.50330984e-05 1.59502272e-01 1.75936847e+02 9.07239891e-03
   2.22723628e-01 3.42896359e-03 3.42896359e-03]
  [5.71277133e-05 1.72765326e-01 1.61417141e+02 1.01131774e-02
   2.46306079e-01 3.41925302e-03 3.41925302e-03]
  [5.62203918e-05 1.72372927e-01 1.61437438e+02 1.00699557e-02
   2.40798212e-01 3.41839436e-03 3.41839436e-03]]

 [[5.64889232e-05 1.72435265e-01 1.61232526e+02 1.00534498e-02
   2.44908897e-01 3.41960020e-03 3.41960020e-03]
  [5.62158408e-05 1.72322330e-01 1.61424056e+02 1.00615275e-02
   2.41616123e-01 3.41873675e-03 3.41873675e-03]
  [2.31364129e-05 1.14050688e-01 2.66341384e+02 1.31771038e-02
   1.79432522e-02 3.38703537e-03 3.43532203e-03]]]

Arbiter Table:
[[[4.79193824e-05 1.61980248e-01 2.05200282e+02 1.04927552e-02
   2.19785353e-01 3.41628519e-03 3.41628519e-03]
  [2.65756867e-05 1.14821943e-01 2.67679150e+02 1.28533266e-02
   4.68998995e-02 3.39094830e-03 3.43923497e-03]
  [5.42226492e-05 1.67410929e-01 1.77623375e+02 1.01777564e-02
   2.36365300e-01 3.41870760e-03 3.41870760e-03]]

 [[2.66517911e-05 1.14783628e-01 2.69656917e+02 1.29032037e-02
   4.68739704e-02 3.39115374e-03 3.39115374e-03]
  [3.86276898e-05 1.41386592e-01 2.28921973e+02 9.32246219e-03
   2.56091722e-01 3.42388748e-03 3.42388748e-03]
  [5.87800044e-05 1.71659692e-01 1.62653612e+02 1.00127482e-02
   2.58688843e-01 3.41909408e-03 3.41909408e-03]]

 [[4.94800402e-05 1.58393136e-01 2.01608633e+02 1.07310546e-02
   2.06029417e-01 3.41367987e-03 3.41367987e-03]
  [5.44074171e-05 1.72534906e-01 1.61009196e+02 1.00875899e-02
   2.67332336e-01 3.41940592e-03 3.41940592e-03]
  [5.86388308e-05 1.71641674e-01 1.61290111e+02 9.98499642e-03
   2.44780106e-01 3.41969601e-03 3.41969601e-03]]]

Page Table:
[[[7.03620087e-05 1.76840173e-01 2.41862615e+02 9.47878708e-03
   2.38325631e-01 3.40984129e-03 3.40984129e-03]
  [9.50290648e-05 2.71675175e-01 1.59453617e+02 9.89411551e-03
   2.33419371e-01 3.37741207e-03 3.37741207e-03]
  [8.87455260e-05 2.54420518e-01 1.71164268e+02 1.00632308e-02
   2.28618163e-01 3.38149323e-03 3.38149323e-03]
  [3.15064401e-05 1.18973123e-01 2.68977991e+02 1.22573992e-02
   1.02379331e-01 3.39835279e-03 3.39835279e-03]]

 [[3.13956645e-05 1.18948578e-01 2.69154508e+02 1.22133981e-02
   1.02153309e-01 3.39811388e-03 3.44640055e-03]
  [9.46547267e-05 2.71950365e-01 1.59173582e+02 9.88741637e-03
   2.28938564e-01 3.37851411e-03 3.37851411e-03]
  [9.42642419e-05 2.69983848e-01 1.59254447e+02 9.81894410e-03
   2.40499868e-01 3.37845715e-03 3.37845715e-03]
  [9.52721511e-05 2.71839309e-01 1.58887405e+02 9.88835214e-03
   2.33584234e-01 3.37775737e-03 3.37775737e-03]]

 [[9.70310351e-05 2.73277691e-01 1.59340804e+02 9.92554021e-03
   2.45959381e-01 3.37726649e-03 3.37726649e-03]
  [9.34525098e-05 2.70257814e-01 1.59324926e+02 9.83447328e-03
   2.29495227e-01 3.37841091e-03 3.37841091e-03]
  [9.50857668e-05 2.71533549e-01 1.59260677e+02 9.87777467e-03
   2.29224101e-01 3.37791815e-03 3.37791815e-03]
  [6.08636883e-05 1.91223500e-01 2.47362486e+02 1.10124265e-02
   1.61948059e-01 3.39166784e-03 3.39166784e-03]]

 [[9.50605374e-05 2.71569694e-01 1.59482437e+02 9.88781478e-03
   2.34217507e-01 3.37755292e-03 3.37755292e-03]
  [3.14509985e-05 1.18916248e-01 2.71291437e+02 1.22212994e-02
   1.02180987e-01 3.39828001e-03 3.39828001e-03]
  [9.68746227e-05 2.72043736e-01 1.59516065e+02 9.87416751e-03
   2.33418569e-01 3.37774694e-03 3.37774694e-03]
  [9.72372789e-05 2.72537809e-01 1.59030975e+02 9.88894430e-03
   2.40790599e-01 3.37748714e-03 3.37748714e-03]]]

Response Table:
[[[2.71042646e-05 1.23515587e-01 2.37915933e+02]
  [4.53880723e-05 1.44027469e-01 1.84668203e+02]]

 [[4.20660843e-05 1.36018336e-01 2.07163026e+02]
  [4.89278686e-05 1.50252731e-01 1.60476626e+02]]]

Refresh Table:
[[[5.45672341e-05 1.37148989e-01 2.13825780e+02]
  [2.65783039e-05 1.14828395e-01 2.69311770e+02]]

 [[2.65024443e-05 1.14866561e-01 2.67335152e+02]
  [5.19395958e-05 1.50445680e-01 1.60756277e+02]]]

Request Buffer Table:
[[[3.53137187e-04 6.77053327e-01 1.06873095e+02]
  [3.56803984e-04 6.74249225e-01 1.07033175e+02]
  [3.47294684e-04 6.78070183e-01 1.06898280e+02]
  [3.50547916e-04 6.82913658e-01 1.06714295e+02]
  [3.53561791e-04 6.77597178e-01 1.06996838e+02]
  [3.48194902e-04 6.75055963e-01 1.07690216e+02]
  [3.45128116e-04 6.75065055e-01 1.07563433e+02]
  [3.42715464e-04 6.68866328e-01 1.10450872e+02]]

 [[3.49863691e-04 6.78576684e-01 1.06434200e+02]
  [3.45453337e-04 6.75811349e-01 1.06960488e+02]
  [3.46879932e-04 6.78871825e-01 1.06649403e+02]
  [3.54205774e-04 6.81716942e-01 1.06366418e+02]
  [3.47743595e-04 6.77918437e-01 1.06849389e+02]
  [3.57506615e-04 6.76152210e-01 1.07037234e+02]
  [3.46714629e-04 6.77284519e-01 1.06779583e+02]
  [3.23569750e-04 6.34624486e-01 1.27001107e+02]]

 [[3.53754244e-04 6.89303991e-01 1.05484475e+02]
  [3.46933325e-04 6.78535984e-01 1.07071412e+02]
  [3.50175394e-04 6.81612532e-01 1.06390438e+02]
  [3.53385578e-04 6.89435370e-01 1.05040304e+02]
  [3.43977171e-04 6.73704744e-01 1.07326042e+02]
  [3.49410606e-04 6.82518780e-01 1.06089603e+02]
  [3.45549867e-04 6.77062510e-01 1.06971468e+02]
  [3.48752610e-04 6.79090324e-01 1.06980151e+02]]

 [[3.50851339e-04 6.82829244e-01 1.06467922e+02]
  [3.50363916e-04 6.83487324e-01 1.06112543e+02]
  [3.51346918e-04 6.84205425e-01 1.06613366e+02]
  [3.55614755e-04 6.86284414e-01 1.05700705e+02]
  [6.16040309e-05 1.55437430e-01 2.15957006e+02]
  [3.54895112e-04 6.87867090e-01 1.06577057e+02]
  [3.53316472e-04 6.82384733e-01 1.06500905e+02]
  [3.49023709e-04 6.80321994e-01 1.06816548e+02]]

 [[3.45736810e-04 6.76277886e-01 1.06480505e+02]
  [3.44995878e-04 6.75885163e-01 1.07041655e+02]
  [3.48289598e-04 6.81124947e-01 1.06444689e+02]
  [2.07833876e-04 4.21140389e-01 1.60402607e+02]
  [3.48584256e-04 6.81566859e-01 1.06536066e+02]
  [3.51468072e-04 6.83805518e-01 1.06056443e+02]
  [3.45664787e-04 6.75733878e-01 1.07683042e+02]
  [3.48618891e-04 6.77226426e-01 1.06916399e+02]]

 [[3.43614961e-04 6.72612608e-01 1.08500478e+02]
  [3.42469462e-04 6.69415554e-01 1.07302102e+02]
  [3.47297041e-04 6.79533018e-01 1.06816960e+02]
  [3.53015118e-04 6.87631549e-01 1.06228769e+02]
  [3.46572429e-04 6.76551015e-01 1.06785509e+02]
  [2.32677514e-05 1.14273563e-01 2.66281810e+02]
  [3.49274094e-04 6.74221595e-01 1.10616962e+02]
  [3.45603181e-04 6.75723890e-01 1.07364202e+02]]

 [[3.50584128e-04 6.82657847e-01 1.05843840e+02]
  [3.51292118e-04 6.85921410e-01 1.06464837e+02]
  [3.50600633e-04 6.81199280e-01 1.06839794e+02]
  [3.52762409e-04 6.85866805e-01 1.05777047e+02]
  [3.42581838e-04 6.71846538e-01 1.07046789e+02]
  [2.26922769e-04 4.73185013e-01 1.66818999e+02]
  [3.51301789e-04 6.86172040e-01 1.06539946e+02]
  [3.44372692e-04 6.72709415e-01 1.07136065e+02]]

 [[3.50464734e-04 6.78251043e-01 1.06715520e+02]
  [3.47669109e-04 6.80228416e-01 1.06697599e+02]
  [3.46414314e-04 6.76876763e-01 1.06675999e+02]
  [3.59424936e-04 6.89611615e-01 1.05741216e+02]
  [3.44178953e-04 6.73730806e-01 1.07225495e+02]
  [3.54551420e-04 6.91452389e-01 1.05667207e+02]
  [2.69854044e-04 5.41391051e-01 1.59740431e+02]
  [3.47746675e-04 6.78365894e-01 1.06911435e+02]]]

Ref Max Post Table:
[[[1.08062475e-04 2.73579764e-01 1.59449045e+02]
  [1.01474078e-04 2.46005117e-01 1.69377337e+02]
  [4.58348364e-05 1.47066312e-01 2.50040366e+02]
  [1.09716568e-04 2.74603912e-01 1.59475655e+02]]

 [[7.27579123e-05 2.10658339e-01 2.21046272e+02]
  [6.50473155e-05 2.00637384e-01 2.01727516e+02]
  [1.08312343e-04 2.73720197e-01 1.59517008e+02]
  [1.09740554e-04 2.74014343e-01 1.59732478e+02]]

 [[1.05650624e-04 2.71473516e-01 1.59432309e+02]
  [1.12680503e-04 2.77774800e-01 1.59418160e+02]
  [7.18221603e-05 1.97163207e-01 2.15311415e+02]
  [4.60036386e-05 1.47203865e-01 2.49787022e+02]]

 [[4.59191270e-05 1.47090371e-01 2.52138961e+02]
  [1.08674195e-04 2.74566418e-01 1.59363546e+02]
  [1.07454387e-04 2.75256740e-01 1.59267585e+02]
  [1.06244637e-04 2.71523437e-01 1.59263941e+02]]]

Ref Max Pull Table:
[[[1.06936413e-04 2.73321400e-01 1.59068728e+02]
  [1.20903594e-04 2.72588722e-01 1.59810748e+02]
  [3.78653967e-05 1.32404901e-01 2.57969850e+02]
  [1.08235634e-04 2.72938899e-01 1.59127182e+02]]

 [[3.79337014e-05 1.32399548e-01 2.60084355e+02]
  [7.22462989e-05 1.96913413e-01 2.19340382e+02]
  [1.09315462e-04 2.74784166e-01 1.59507470e+02]
  [1.05061930e-04 2.72292685e-01 1.59547516e+02]]

 [[8.09364850e-05 2.14703841e-01 2.07123672e+02]
  [3.80021395e-05 1.32483455e-01 2.57748442e+02]
  [1.07014426e-04 2.74937436e-01 1.59423995e+02]
  [1.09565027e-04 2.75750252e-01 1.59627575e+02]]

 [[1.09448723e-04 2.73502981e-01 1.59272603e+02]
  [1.02692310e-04 2.68904923e-01 1.59696057e+02]
  [1.05364858e-04 2.72690170e-01 1.60272046e+02]
  [1.06474846e-04 2.74367092e-01 1.59582967e+02]]]

Max Activate Table:
[[[3.50646772e-04 6.74722166e-01 1.06262514e+02 6.57321769e-03
   1.69448945e-01 2.27057158e-03 2.27057158e-03]
  [3.49299326e-04 6.72731396e-01 1.06600293e+02 6.57885726e-03
   1.78954635e-01 2.27486286e-03 2.27486286e-03]
  [3.47344352e-04 6.70728299e-01 1.06575493e+02 6.56582367e-03
   1.55711406e-01 2.27917856e-03 2.27917856e-03]
  [3.50300628e-04 6.74241753e-01 1.06382173e+02 6.56745700e-03
   1.69722750e-01 2.27194183e-03 2.27194183e-03]
  [3.57759749e-04 6.86488797e-01 1.04863837e+02 6.45948101e-03
   1.57798397e-01 2.24562823e-03 2.24562823e-03]
  [3.52394279e-04 6.78563124e-01 1.06957573e+02 6.55608552e-03
   1.53188178e-01 2.26169240e-03 2.26169240e-03]
  [3.47164017e-04 6.61829218e-01 1.07724460e+02 6.58489661e-03
   1.56217821e-01 2.29800626e-03 2.29800626e-03]
  [3.45062641e-04 6.62697638e-01 1.07546435e+02 6.58196849e-03
   1.74958442e-01 2.29692017e-03 2.29692017e-03]]

 [[3.52943093e-04 6.79682313e-01 1.05857435e+02 6.53854242e-03
   1.61602614e-01 2.25954523e-03 2.25954523e-03]
  [3.53831116e-04 6.80474036e-01 1.06747259e+02 6.54656564e-03
   1.54935827e-01 2.25716484e-03 2.25716484e-03]
  [3.54556055e-04 6.76452048e-01 1.06390068e+02 6.56224937e-03
   1.53753037e-01 2.26612372e-03 2.26612372e-03]
  [3.58638125e-04 6.90470612e-01 1.05191241e+02 6.48071040e-03
   1.53644969e-01 2.23520236e-03 2.23520236e-03]
  [3.46643949e-04 6.67996704e-01 1.07282681e+02 6.55853633e-03
   1.64215223e-01 2.28585597e-03 2.28585597e-03]
  [3.49963327e-04 6.74051106e-01 1.06391952e+02 6.55437129e-03
   1.75090220e-01 2.27241092e-03 2.27241092e-03]
  [3.48542704e-05 1.28963433e-01 2.64525968e+02 1.28461274e-02
   3.71121057e-02 3.36058402e-03 3.36058402e-03]
  [3.49628093e-04 6.72463813e-01 1.06455454e+02 6.55589090e-03
   1.62361046e-01 2.27519571e-03 2.27519571e-03]]

 [[3.49920762e-04 6.71567522e-01 1.07043551e+02 6.56143190e-03
   1.53997446e-01 2.27711886e-03 2.27711886e-03]
  [3.54375830e-04 6.80952034e-01 1.06084760e+02 6.51773629e-03
   1.65184746e-01 2.25671456e-03 2.25671456e-03]
  [3.48126618e-04 6.68595832e-01 1.07086168e+02 6.59649906e-03
   1.60152293e-01 2.28390696e-03 2.28390696e-03]
  [3.57058078e-04 6.83428436e-01 1.05705895e+02 6.50229482e-03
   1.76628930e-01 2.25176463e-03 2.25176463e-03]
  [3.50603020e-04 6.75068787e-01 1.06431313e+02 6.58162380e-03
   1.52927479e-01 2.27000395e-03 2.27000395e-03]
  [3.50084801e-04 6.69253202e-01 1.07188374e+02 6.60044730e-03
   1.61583088e-01 2.28170169e-03 2.28170169e-03]
  [3.37747928e-04 6.47745315e-01 1.09905696e+02 6.57581026e-03
   1.85001695e-01 2.32978399e-03 2.32978399e-03]
  [3.50715879e-04 6.75884510e-01 1.06872939e+02 6.54878551e-03
   1.70939729e-01 2.26735494e-03 2.26735494e-03]]

 [[3.48656491e-04 6.68373529e-01 1.06941285e+02 6.56919040e-03
   1.99699043e-01 2.28417586e-03 2.28417586e-03]
  [3.50050134e-04 6.73628059e-01 1.06321279e+02 6.55864963e-03
   1.72822854e-01 2.27215385e-03 2.27215385e-03]
  [3.43936883e-04 6.62767503e-01 1.08029056e+02 6.56450969e-03
   1.65298188e-01 2.29678176e-03 2.29678176e-03]
  [3.56015276e-04 6.82332890e-01 1.05915750e+02 6.51986499e-03
   1.52621168e-01 2.25413364e-03 2.25413364e-03]
  [3.49794309e-04 6.71758311e-01 1.07016398e+02 6.56594241e-03
   1.52559752e-01 2.27649265e-03 2.27649265e-03]
  [3.51232615e-04 6.76763806e-01 1.06715349e+02 6.56652233e-03
   1.53213875e-01 2.26649641e-03 2.26649641e-03]
  [3.50614740e-04 6.76084461e-01 1.06674302e+02 6.57292718e-03
   1.53059287e-01 2.26716350e-03 2.26716350e-03]
  [3.48595137e-04 6.71433300e-01 1.06779800e+02 6.57312434e-03
   1.55840241e-01 2.27705810e-03 2.27705810e-03]]

 [[3.50669512e-04 6.75313600e-01 1.06222411e+02 6.56729270e-03
   1.61895339e-01 2.26950988e-03 2.26950988e-03]
  [3.51842022e-04 6.78063699e-01 1.05772165e+02 6.54883306e-03
   1.70883510e-01 2.26275151e-03 2.26275151e-03]
  [3.50206370e-04 6.71615376e-01 1.07125273e+02 6.57131144e-03
   1.59694471e-01 2.27738695e-03 2.27738695e-03]
  [3.50546946e-04 6.73729076e-01 1.06467387e+02 6.57168668e-03
   1.59841092e-01 2.27174459e-03 2.27174459e-03]
  [3.54204445e-04 6.76905536e-01 1.06077855e+02 6.56032117e-03
   1.52575091e-01 2.26504505e-03 2.26504505e-03]
  [3.49630384e-04 6.72699991e-01 1.06723530e+02 6.56872263e-03
   1.70585104e-01 2.27455294e-03 2.27455294e-03]
  [3.47702688e-04 6.69554329e-01 1.07223790e+02 6.59263283e-03
   1.51277356e-01 2.28158487e-03 2.28158487e-03]
  [3.45653471e-04 6.66239458e-01 1.07677317e+02 6.57957561e-03
   1.62649399e-01 2.28903899e-03 2.28903899e-03]]

 [[3.47810811e-04 6.63662841e-01 1.08100188e+02 6.58223853e-03
   1.66533627e-01 2.29463247e-03 2.29463247e-03]
  [3.54800903e-04 6.82488207e-01 1.05741691e+02 6.61700059e-03
   1.55138637e-01 2.25344173e-03 2.25344173e-03]
  [3.59499489e-04 6.79908862e-01 1.05779355e+02 6.56899796e-03
   1.55271526e-01 2.25959733e-03 2.25959733e-03]
  [3.49227088e-04 6.72215911e-01 1.06967172e+02 6.57520765e-03
   1.59579527e-01 2.27607313e-03 2.27607313e-03]
  [3.53054044e-04 6.78146183e-01 1.06356564e+02 6.57273420e-03
   1.90181961e-01 2.26256045e-03 2.26256045e-03]
  [3.51464788e-04 6.76087992e-01 1.06517658e+02 6.63421377e-03
   1.52597101e-01 2.26716207e-03 2.26716207e-03]
  [3.50418560e-04 6.69746200e-01 1.06967282e+02 6.55129397e-03
   1.61470700e-01 2.28145091e-03 2.28145091e-03]
  [3.47065590e-04 6.68752696e-01 1.06832520e+02 6.64094168e-03
   1.65988858e-01 2.28297205e-03 2.28297205e-03]]

 [[3.45785433e-04 6.65816869e-01 1.07030721e+02 6.56925211e-03
   1.74757812e-01 2.29035591e-03 2.29035591e-03]
  [3.47508548e-05 1.28954536e-01 2.62565285e+02 1.27964404e-02
   3.71705381e-02 3.36048037e-03 3.40876704e-03]
  [3.65647912e-04 6.79999579e-01 1.05375350e+02 6.47708851e-03
   1.55777154e-01 2.25955449e-03 2.25955449e-03]
  [3.45816214e-04 6.65267962e-01 1.07062756e+02 6.59924951e-03
   1.77502111e-01 2.29089119e-03 2.29089119e-03]
  [3.51913516e-04 6.76940056e-01 1.06612712e+02 6.54975062e-03
   1.54222132e-01 2.26497936e-03 2.26497936e-03]
  [3.54345433e-04 6.67052304e-01 1.07045526e+02 6.57975292e-03
   1.61823585e-01 2.28660800e-03 2.28660800e-03]
  [1.88572874e-04 3.93016363e-01 2.08732526e+02 7.59898783e-03
   3.48590188e-01 2.87519144e-03 2.87519144e-03]
  [3.47908215e-04 6.71656737e-01 1.06972336e+02 6.58538414e-03
   1.73804481e-01 2.27629978e-03 2.27629978e-03]]

 [[3.49064906e-04 6.71415780e-01 1.06607538e+02 6.55945904e-03
   1.59912727e-01 2.27819544e-03 2.27819544e-03]
  [3.48979657e-04 6.72696128e-01 1.07005269e+02 6.56191022e-03
   1.57847742e-01 2.27408751e-03 2.27408751e-03]
  [3.50117811e-04 6.75087906e-01 1.06629198e+02 6.57090395e-03
   1.53022950e-01 2.26872234e-03 2.26872234e-03]
  [3.44719695e-04 6.63721731e-01 1.07694465e+02 6.58865414e-03
   1.67157521e-01 2.29417522e-03 2.29417522e-03]
  [3.48063574e-04 6.70595351e-01 1.06382073e+02 6.59255628e-03
   1.74896104e-01 2.27909473e-03 2.27909473e-03]
  [3.49792459e-04 6.71932928e-01 1.07235515e+02 6.57711515e-03
   1.63649771e-01 2.27586454e-03 2.27586454e-03]
  [3.49081468e-04 6.73262128e-01 1.06437720e+02 6.55012674e-03
   1.59553035e-01 2.27361382e-03 2.27361382e-03]
  [3.52246555e-04 6.78658891e-01 1.06296843e+02 6.60988103e-03
   1.54783959e-01 2.26137642e-03 2.26137642e-03]]]

Cumulative Reward: 9489.915330999664
