Scheduler Table:
[[[1.52293019e-06 1.41662623e-02 1.47976045e+01 7.90037980e-04
   4.74023774e-04 3.90384308e-04 3.90384308e-04]
  [1.46566349e-06 1.42107722e-02 1.51052628e+01 7.87735095e-04
   4.74898726e-04 3.90751891e-04 3.90751891e-04]
  [1.48272157e-06 1.41228691e-02 1.42363861e+01 7.89071619e-04
   4.75249858e-04 3.90962925e-04 3.90962925e-04]]

 [[1.52017714e-06 1.42072013e-02 1.47923633e+01 7.88855912e-04
   4.74352953e-04 3.90507673e-04 3.90507673e-04]
  [1.54973793e-06 1.42226019e-02 1.49672381e+01 7.85355244e-04
   4.75828909e-04 3.90779438e-04 3.90779438e-04]
  [1.22977306e-06 1.39690694e-02 1.75903632e+01 7.89033634e-04
   4.74215442e-04 3.90716386e-04 3.90716386e-04]]

 [[1.85852698e-06 1.42399168e-02 1.47613971e+01 7.89006662e-04
   4.74381663e-04 3.90495681e-04 3.90495681e-04]
  [1.58502535e-06 1.41701284e-02 1.50623040e+01 7.85687068e-04
   4.75643339e-04 3.90662625e-04 3.90662625e-04]
  [1.12096705e-04 1.66592625e+00 2.05442915e+01 7.34725391e-04
   6.17257934e-04 3.91085645e-04 4.10697435e-04]]]

Buffer Table:
[[[1.43423909e-06 1.42222929e-02 1.45321759e+01 7.90132402e-04
   4.74170608e-04 3.90524592e-04 3.90524592e-04]
  [1.42739713e-06 1.42239752e-02 1.46845981e+01 7.87490795e-04
   4.74811645e-04 3.90397061e-04 3.90397061e-04]
  [1.27059964e-06 1.42140227e-02 1.49965514e+01 7.88262898e-04
   4.74445635e-04 3.90663662e-04 3.90663662e-04]]

 [[1.25568254e-06 1.41575028e-02 1.45440708e+01 7.88772217e-04
   4.74606472e-04 3.90610793e-04 3.90610793e-04]
  [1.14545133e-06 1.42457585e-02 1.54670053e+01 7.88345943e-04
   4.75474459e-04 3.90749824e-04 3.90749824e-04]
  [8.42313148e-07 1.34983458e-02 1.76411730e+01 7.91247750e-04
   4.74179274e-04 3.90618298e-04 3.90618298e-04]]

 [[1.50328659e-06 1.42401886e-02 1.45584685e+01 7.87536169e-04
   4.75123502e-04 3.90954086e-04 3.90954086e-04]
  [8.62662607e-07 1.35176610e-02 1.72327410e+01 7.90120697e-04
   4.74659267e-04 3.90704039e-04 3.90704039e-04]
  [1.12096705e-04 1.66592625e+00 2.05442915e+01 7.34725391e-04
   6.17257934e-04 3.91085645e-04 4.10697435e-04]]]

Arbiter Table:
[[[1.12096705e-04 1.66592625e+00 2.05442915e+01 7.34725391e-04
   6.17257934e-04 3.91085645e-04 4.10697435e-04]
  [1.06711958e-06 1.39926438e-02 1.64166249e+01 7.85035245e-04
   4.75609382e-04 3.90800205e-04 3.90800205e-04]
  [1.14274642e-06 1.39902808e-02 1.68897946e+01 7.90709917e-04
   4.73628846e-04 3.90781797e-04 3.90781797e-04]]

 [[9.40153785e-07 1.37777691e-02 1.72475114e+01 7.86501360e-04
   4.75333441e-04 3.90770700e-04 3.90770700e-04]
  [1.61700023e-06 1.43215866e-02 1.42602958e+01 7.87866495e-04
   4.74550810e-04 3.90673730e-04 3.90673730e-04]
  [1.41352773e-06 1.42002538e-02 1.46812417e+01 7.89987527e-04
   4.74300444e-04 3.90657942e-04 3.90657942e-04]]

 [[1.04192089e-06 1.39081911e-02 1.81924245e+01 7.91576718e-04
   4.73710873e-04 3.90936794e-04 3.90936794e-04]
  [1.59503611e-06 1.42140113e-02 1.46755351e+01 7.88336152e-04
   4.75171818e-04 3.90511669e-04 3.90511669e-04]
  [1.49208517e-06 1.41247306e-02 1.46017969e+01 7.86522155e-04
   4.75251221e-04 3.90566658e-04 3.90566658e-04]]]

Page Table:
[[[1.12096705e-04 1.66592625e+00 2.05442915e+01 7.34725391e-04
   6.17257934e-04 3.91085645e-04 4.10697435e-04]
  [2.11502859e-06 1.42414909e-02 1.48711863e+01 7.87014615e-04
   4.75177769e-04 3.90753049e-04 3.90753049e-04]
  [2.06039991e-06 1.43696469e-02 1.51210090e+01 7.86894913e-04
   4.75512151e-04 3.90969456e-04 3.90969456e-04]
  [8.38874916e-06 1.29563621e-02 2.02055329e+01 7.87668553e-04
   4.75220091e-04 3.90497893e-04 3.90497893e-04]]

 [[8.95545449e-06 1.30080522e-02 2.02603956e+01 7.86593482e-04
   4.75073446e-04 3.90522063e-04 3.90522063e-04]
  [2.01034793e-06 1.43604557e-02 1.46534030e+01 7.86767180e-04
   4.75508479e-04 3.91499470e-04 3.91499470e-04]
  [1.99678111e-06 1.43841392e-02 1.49387732e+01 7.89069038e-04
   4.74836500e-04 3.91091942e-04 3.91091942e-04]
  [2.13687648e-06 1.42673162e-02 1.43466191e+01 7.87272193e-04
   4.74598869e-04 3.90524051e-04 3.90524051e-04]]

 [[2.51092214e-06 1.43495731e-02 1.44980406e+01 7.88563375e-04
   4.74553078e-04 3.90670822e-04 3.90670822e-04]
  [1.45279777e-06 1.35328241e-02 1.85617949e+01 7.78289334e-04
   4.81254374e-04 3.90482737e-04 3.90482737e-04]
  [2.15274068e-06 1.43584280e-02 1.48939660e+01 7.89093232e-04
   4.74870394e-04 3.91377115e-04 3.91377115e-04]
  [2.08373685e-06 1.42676666e-02 1.44165534e+01 7.86482621e-04
   4.75322894e-04 3.90945543e-04 3.90945543e-04]]

 [[2.17994306e-06 1.39494409e-02 1.60786391e+01 7.90153867e-04
   4.74403208e-04 3.90359356e-04 3.90359356e-04]
  [8.29232515e-06 1.29226906e-02 2.11038206e+01 7.86153724e-04
   4.75419109e-04 3.90731389e-04 3.90731389e-04]
  [1.74189205e-06 1.41794439e-02 1.60012760e+01 7.85249461e-04
   4.77056919e-04 3.91364708e-04 3.91364708e-04]
  [2.23717248e-06 1.43136887e-02 1.42136864e+01 7.88536523e-04
   4.74516755e-04 3.90495579e-04 3.90495579e-04]]]

Response Table:
[[[5.84457420e-07 1.40684394e-02 1.44157127e+01]
  [6.02249179e-07 1.41318993e-02 1.49259814e+01]]

 [[5.84499752e-07 1.40909872e-02 1.45377108e+01]
  [1.12096705e-04 1.66592625e+00 2.05442915e+01]]]

Refresh Table:
[[[1.12096705e-04 1.66592625e+00 2.05442915e+01]
  [6.20328325e-07 1.41250175e-02 1.47963637e+01]]

 [[6.10511936e-07 1.42175144e-02 1.49149926e+01]
  [6.29553393e-07 1.41325329e-02 1.44596202e+01]]]

Request Buffer Table:
[[[1.44684063e-05 1.53148127e-02 1.46455136e+01]
  [2.79252130e-06 1.50690674e-02 1.47817735e+01]
  [3.12779581e-06 1.51646374e-02 1.50532906e+01]
  [2.05603480e-06 1.52818213e-02 1.47130987e+01]
  [2.69454706e-06 1.52346933e-02 1.51355557e+01]
  [3.75977993e-06 1.51819330e-02 1.51646128e+01]
  [2.17583690e-06 1.51082074e-02 1.50999121e+01]
  [5.85615438e-06 1.34869598e-02 2.11612635e+01]]

 [[3.89322180e-06 1.51169677e-02 1.48763589e+01]
  [1.82446072e-06 1.52565517e-02 1.48326259e+01]
  [1.80399179e-06 1.51192806e-02 1.49923041e+01]
  [3.08956315e-06 1.52698950e-02 1.47268689e+01]
  [3.08941387e-06 1.51069754e-02 1.49357553e+01]
  [3.25179605e-06 1.52118669e-02 1.49027858e+01]
  [3.80579969e-06 1.51268526e-02 1.47335379e+01]
  [6.87949288e-06 1.50814620e-02 1.47213525e+01]]

 [[3.06016243e-06 1.52364518e-02 1.45060113e+01]
  [3.53287762e-06 1.52019195e-02 1.49595274e+01]
  [4.92699664e-06 1.53993360e-02 1.45983045e+01]
  [2.63496930e-06 1.52874755e-02 1.48410054e+01]
  [3.94107668e-06 1.51804380e-02 1.45696532e+01]
  [2.53169014e-06 1.54506913e-02 1.48298976e+01]
  [1.98158964e-06 1.52097584e-02 1.45000944e+01]
  [1.42287536e-06 1.44110611e-02 1.73196863e+01]]

 [[2.60890574e-06 1.51900564e-02 1.45689195e+01]
  [5.49095622e-06 1.51267554e-02 1.50637904e+01]
  [4.06036181e-06 1.53228522e-02 1.50881077e+01]
  [7.15795674e-06 1.51602190e-02 1.51984629e+01]
  [2.28344814e-06 1.52350967e-02 1.53785167e+01]
  [3.42824836e-06 1.52114463e-02 1.51626671e+01]
  [3.26649220e-06 1.52343581e-02 1.51056125e+01]
  [2.24096382e-06 1.52047434e-02 1.52859447e+01]]

 [[1.72903351e-06 1.52150142e-02 1.45282685e+01]
  [1.79232043e-06 1.50909545e-02 1.50127179e+01]
  [2.98791549e-06 1.53101670e-02 1.46470643e+01]
  [2.37753259e-06 1.52646550e-02 1.47224023e+01]
  [2.15092770e-06 1.53807842e-02 1.49251334e+01]
  [3.86915850e-06 1.52112027e-02 1.51030205e+01]
  [1.98205372e-06 1.53611177e-02 1.47855041e+01]
  [1.12096817e-04 1.66592941e+00 2.08841993e+01]]

 [[1.30050007e-06 1.44492189e-02 1.79497464e+01]
  [2.23475201e-06 1.50896806e-02 1.48284747e+01]
  [2.05365742e-06 1.52094502e-02 1.50536016e+01]
  [4.55629672e-06 1.54379730e-02 1.50605484e+01]
  [1.83519459e-06 1.50633468e-02 1.49296258e+01]
  [1.64711048e-06 1.44377970e-02 1.69981276e+01]
  [2.25320703e-06 1.50921033e-02 1.48004736e+01]
  [2.56320214e-06 1.53075186e-02 1.52155508e+01]]

 [[2.65911104e-06 1.53096143e-02 1.44451520e+01]
  [2.65891043e-06 1.50971231e-02 1.47552795e+01]
  [8.95694606e-06 1.53855236e-02 1.48569430e+01]
  [2.40701678e-06 1.56004922e-02 1.48874410e+01]
  [1.69012737e-06 1.50423988e-02 1.45186813e+01]
  [2.52828647e-06 1.49763545e-02 1.57540047e+01]
  [2.15163922e-06 1.55275864e-02 1.50000398e+01]
  [3.33536232e-06 1.50393752e-02 1.44839516e+01]]

 [[2.48912456e-06 1.51540311e-02 1.54041741e+01]
  [1.75902506e-06 1.51538761e-02 1.48209853e+01]
  [3.06152676e-06 1.51046201e-02 1.50457980e+01]
  [1.93055796e-06 1.56126929e-02 1.51048186e+01]
  [4.00057360e-07 1.23563031e-02 2.13196909e+01]
  [2.11663456e-06 1.56469337e-02 1.47424938e+01]
  [2.80748677e-06 1.49911060e-02 1.51576945e+01]
  [2.06419471e-06 1.51577056e-02 1.48802425e+01]]]

Ref Max Post Table:
[[[1.94694175e-06 1.43754693e-02 1.47879814e+01]
  [1.85470669e-06 1.42825913e-02 1.45946014e+01]
  [2.91160413e-06 1.43508126e-02 1.48741589e+01]
  [1.39265982e-06 1.37914936e-02 1.87306846e+01]]

 [[1.96227923e-06 1.44322018e-02 1.46636474e+01]
  [2.07085005e-06 1.43204643e-02 1.46496668e+01]
  [1.74108370e-06 1.42642151e-02 1.65253878e+01]
  [2.22971935e-06 1.43906536e-02 1.49158485e+01]]

 [[1.55445052e-06 1.43207713e-02 1.56122777e+01]
  [2.17784019e-06 1.43067286e-02 1.46667100e+01]
  [1.98916189e-06 1.43418516e-02 1.47332956e+01]
  [1.94002574e-06 1.42733967e-02 1.49293388e+01]]

 [[1.50496355e-06 1.40449703e-02 1.70647041e+01]
  [1.73943205e-06 1.42298271e-02 1.54924443e+01]
  [2.00587059e-06 1.43644362e-02 1.47177556e+01]
  [1.12096705e-04 1.66592625e+00 2.05442915e+01]]]

Ref Max Pull Table:
[[[2.44156318e-06 1.43614823e-02 1.46164182e+01]
  [2.51855987e-06 1.44082058e-02 1.46915454e+01]
  [2.98865667e-06 1.43121445e-02 1.44911597e+01]
  [2.14900409e-06 1.41906720e-02 1.61968700e+01]]

 [[2.34087749e-06 1.42513694e-02 1.49578914e+01]
  [2.18786783e-06 1.42537842e-02 1.45418305e+01]
  [1.12096817e-04 1.66592941e+00 2.08841993e+01]
  [2.36959634e-06 1.44374912e-02 1.49885626e+01]]

 [[2.35962924e-06 1.42337800e-02 1.53578387e+01]
  [4.00057360e-07 1.23563031e-02 2.13196909e+01]
  [2.88409469e-06 1.43899958e-02 1.47590103e+01]
  [2.82778961e-06 1.43436491e-02 1.47781783e+01]]

 [[2.49124334e-06 1.42706464e-02 1.48295418e+01]
  [1.76222281e-06 1.38126854e-02 1.68384842e+01]
  [2.52039342e-06 1.43224090e-02 1.49878609e+01]
  [2.41940388e-06 1.44136788e-02 1.50785784e+01]]]

Max Activate Table:
[[[2.67504097e-06 1.52367557e-02 1.46059851e+01 7.86561942e-04
   4.75704478e-04 3.90995364e-04 3.90995364e-04]
  [3.35879402e-06 1.51284198e-02 1.49008533e+01 7.87684100e-04
   4.75503744e-04 3.91035581e-04 3.91035581e-04]
  [6.08539626e-06 1.52887624e-02 1.50655571e+01 7.89217626e-04
   4.75167236e-04 3.90614478e-04 3.90614478e-04]
  [3.34713382e-06 1.53417571e-02 1.47836974e+01 7.87372851e-04
   4.75640780e-04 3.91099546e-04 3.91099546e-04]
  [3.43321832e-06 1.53527780e-02 1.48563920e+01 7.87662882e-04
   4.75074866e-04 3.90739842e-04 3.90739842e-04]
  [7.59859490e-06 1.52717729e-02 1.49306144e+01 7.90017613e-04
   4.75395092e-04 3.90948789e-04 3.90948789e-04]
  [2.94045566e-06 1.49997344e-02 1.53703596e+01 7.89983226e-04
   4.74254685e-04 3.90495037e-04 3.90495037e-04]
  [2.18836888e-06 1.50141037e-02 1.51908594e+01 7.90856547e-04
   4.74469599e-04 3.90687768e-04 3.90687768e-04]]

 [[2.38900626e-06 1.54834663e-02 1.47316723e+01 7.87564440e-04
   4.75903835e-04 3.91283456e-04 3.91283456e-04]
  [2.01512352e-06 1.55496131e-02 1.48305617e+01 7.87869817e-04
   4.76098255e-04 3.91341044e-04 3.91341044e-04]
  [3.93966906e-06 1.52099519e-02 1.48562148e+01 7.85311526e-04
   4.75934696e-04 3.91187135e-04 3.91187135e-04]
  [2.17213904e-06 1.56235250e-02 1.50298611e+01 7.90806076e-04
   4.74935106e-04 3.90519331e-04 3.90519331e-04]
  [2.16277553e-06 1.52896136e-02 1.48847563e+01 7.90873964e-04
   4.74212270e-04 3.90655663e-04 3.90655663e-04]
  [2.49588624e-06 1.51601650e-02 1.51169255e+01 7.88600956e-04
   4.75111255e-04 3.90623846e-04 3.90623846e-04]
  [1.86964345e-06 1.51310546e-02 1.49348238e+01 7.90211787e-04
   4.74787819e-04 3.90919587e-04 3.90919587e-04]
  [2.04431194e-06 1.50215956e-02 1.56207360e+01 7.86594770e-04
   4.75084047e-04 3.90844529e-04 3.90844529e-04]]

 [[1.70703208e-06 1.53220268e-02 1.48234032e+01 7.89049168e-04
   4.74542725e-04 3.90600586e-04 3.90600586e-04]
  [2.78429427e-06 1.53583671e-02 1.45685640e+01 7.89097945e-04
   4.74813482e-04 3.90580712e-04 3.90580712e-04]
  [3.24384466e-06 1.51343588e-02 1.48503626e+01 7.87754728e-04
   4.75340084e-04 3.90807377e-04 3.90807377e-04]
  [2.66097347e-06 1.55953475e-02 1.50414093e+01 7.85263505e-04
   4.76279819e-04 3.91323707e-04 3.91323707e-04]
  [2.50419874e-06 1.52746001e-02 1.49492897e+01 7.86634810e-04
   4.75540045e-04 3.90827710e-04 3.90827710e-04]
  [3.79099192e-06 1.50070927e-02 1.49825443e+01 7.88864119e-04
   4.74896178e-04 3.90865764e-04 3.90865764e-04]
  [2.92282614e-06 1.50985203e-02 1.51873444e+01 7.90260095e-04
   4.75208817e-04 3.90590505e-04 3.90590505e-04]
  [3.18824753e-06 1.51649489e-02 1.54396822e+01 7.90004292e-04
   4.74652575e-04 3.90839390e-04 3.90839390e-04]]

 [[3.02261271e-06 1.51463807e-02 1.46519925e+01 7.86022373e-04
   4.76069289e-04 3.90931581e-04 3.90931581e-04]
  [3.21422579e-06 1.50681292e-02 1.49711198e+01 7.88714710e-04
   4.74656676e-04 3.90450949e-04 3.90450949e-04]
  [2.51395208e-06 1.50496493e-02 1.53490255e+01 7.87599461e-04
   4.75832751e-04 3.90893117e-04 3.90893117e-04]
  [2.39829962e-06 1.53847055e-02 1.47931179e+01 7.89454208e-04
   4.75155784e-04 3.90689440e-04 3.90689440e-04]
  [2.38860078e-06 1.51419278e-02 1.49858605e+01 7.91381669e-04
   4.74001797e-04 3.90388240e-04 3.90388240e-04]
  [3.88451496e-06 1.53500285e-02 1.48648690e+01 7.87765509e-04
   4.75808133e-04 3.90892619e-04 3.90892619e-04]
  [1.76464827e-06 1.54641475e-02 1.48684467e+01 7.85818763e-04
   4.75782903e-04 3.90830038e-04 3.90830038e-04]
  [2.97735177e-06 1.53170299e-02 1.48902538e+01 7.88932001e-04
   4.75227961e-04 3.91095376e-04 3.91095376e-04]]

 [[2.27852691e-06 1.50107919e-02 1.54630912e+01 7.93676512e-04
   4.74011250e-04 3.90594437e-04 3.90594437e-04]
  [2.38887235e-06 1.55796385e-02 1.45582867e+01 7.87661164e-04
   4.75697520e-04 3.91053634e-04 3.91053634e-04]
  [2.15973773e-06 1.52479972e-02 1.48700564e+01 7.88889221e-04
   4.75023808e-04 3.90831069e-04 3.90831069e-04]
  [3.51942642e-06 1.51437747e-02 1.49900836e+01 7.88245360e-04
   4.74760498e-04 3.90478629e-04 3.90478629e-04]
  [3.10725233e-06 1.50558125e-02 1.46643436e+01 7.86544062e-04
   4.75969512e-04 3.90868759e-04 3.90868759e-04]
  [1.85869288e-06 1.52232694e-02 1.50357637e+01 7.86209947e-04
   4.75588991e-04 3.91124560e-04 3.91124560e-04]
  [3.01230392e-06 1.51693802e-02 1.48911492e+01 7.85650657e-04
   4.75857059e-04 3.90836176e-04 3.90836176e-04]
  [2.36432692e-06 1.51752340e-02 1.51298367e+01 7.87437960e-04
   4.75344597e-04 3.91036017e-04 3.91036017e-04]]

 [[1.94111214e-06 1.52308708e-02 1.48325459e+01 7.88301200e-04
   4.74623586e-04 3.90677514e-04 3.90677514e-04]
  [2.46568727e-06 1.52556872e-02 1.49632671e+01 7.88010515e-04
   4.75198501e-04 3.91226740e-04 3.91226740e-04]
  [4.63778987e-06 1.53418655e-02 1.44985874e+01 7.87631467e-04
   4.75688861e-04 3.91094349e-04 3.91094349e-04]
  [3.02507595e-06 1.51856333e-02 1.48716067e+01 7.85510712e-04
   4.76653036e-04 3.91119002e-04 3.91119002e-04]
  [3.87633868e-06 1.51714771e-02 1.48775302e+01 7.90657206e-04
   4.74135155e-04 3.90395378e-04 3.90395378e-04]
  [2.23446130e-06 1.52768128e-02 1.48532644e+01 7.90107329e-04
   4.75487238e-04 3.90881658e-04 3.90881658e-04]
  [2.22929038e-06 1.49763090e-02 1.51374609e+01 7.87720421e-04
   4.75525869e-04 3.90159596e-04 3.90159596e-04]
  [3.18442103e-06 1.52569040e-02 1.49531403e+01 7.88356520e-04
   4.75537884e-04 3.90847585e-04 3.90847585e-04]]

 [[1.67767911e-06 1.51596523e-02 1.51054281e+01 7.87298805e-04
   4.75290969e-04 3.90980650e-04 3.90980650e-04]
  [2.66903719e-06 1.50193283e-02 1.52806927e+01 7.89331368e-04
   4.74671079e-04 3.90653706e-04 3.90653706e-04]
  [1.03311923e-05 1.53141799e-02 1.46609667e+01 7.88634245e-04
   4.74445512e-04 3.90917160e-04 3.90917160e-04]
  [2.90371066e-06 1.53769733e-02 1.46922501e+01 7.88982177e-04
   4.75525481e-04 3.91067861e-04 3.91067861e-04]
  [2.13407214e-06 1.56828990e-02 1.48057530e+01 7.89126586e-04
   4.75697091e-04 3.90966123e-04 3.90966123e-04]
  [2.34777513e-06 1.48972218e-02 1.49677790e+01 7.86350833e-04
   4.76168357e-04 3.91153153e-04 3.91153153e-04]
  [1.99780446e-06 1.51208451e-02 1.48418472e+01 7.88241548e-04
   4.75228857e-04 3.90833365e-04 3.90833365e-04]
  [1.68933196e-06 1.53283440e-02 1.49137498e+01 7.85433622e-04
   4.75999058e-04 3.91221582e-04 3.91221582e-04]]

 [[2.03422138e-06 1.52869129e-02 1.44355008e+01 7.88935062e-04
   4.75859647e-04 3.90922126e-04 3.90922126e-04]
  [5.15061878e-06 1.51868442e-02 1.47787192e+01 7.85581952e-04
   4.75620857e-04 3.90968414e-04 3.90968414e-04]
  [3.56601698e-06 1.52315627e-02 1.47135959e+01 7.90666056e-04
   4.74882949e-04 3.90696779e-04 3.90696779e-04]
  [2.17882997e-06 1.52194436e-02 1.51525661e+01 7.90288027e-04
   4.74950874e-04 3.91045723e-04 3.91045723e-04]
  [1.96947247e-06 1.51249592e-02 1.51929358e+01 7.89458675e-04
   4.74745020e-04 3.90796042e-04 3.90796042e-04]
  [2.31565015e-06 1.51783377e-02 1.52611040e+01 7.91194319e-04
   4.74989338e-04 3.90626213e-04 3.90626213e-04]
  [2.56535875e-06 1.52438091e-02 1.45062776e+01 7.83903348e-04
   4.76447813e-04 3.91292239e-04 3.91292239e-04]
  [1.12096705e-04 1.66592625e+00 2.05442915e+01 7.34725391e-04
   6.17257934e-04 3.91085645e-04 4.10697435e-04]]]

Cumulative Reward: 5591.41922306333
