Scheduler Table:
[[[7.45569979e-06 2.95953707e-02 3.06436026e+01 1.57837602e-03
   9.49582501e-04 7.81473794e-04 7.81473794e-04]
  [7.45733010e-06 2.95833674e-02 3.06600937e+01 1.57706308e-03
   9.50521090e-04 7.81947907e-04 7.81947907e-04]
  [7.95438049e-06 2.96452462e-02 3.10129104e+01 1.57767159e-03
   9.50245528e-04 7.81681784e-04 7.81681784e-04]]

 [[7.02337452e-06 2.96067163e-02 3.05210986e+01 1.57808556e-03
   9.49831437e-04 7.81512296e-04 7.81512296e-04]
  [7.25868382e-06 2.81643750e-02 3.42995607e+01 1.57855816e-03
   9.49299731e-04 7.81765310e-04 7.81765310e-04]
  [4.82776687e-05 8.33347470e-01 5.01113133e+01 1.56665709e-03
   9.93746031e-04 7.82041713e-04 7.84617455e-04]]

 [[8.40504769e-06 2.96608295e-02 3.06515140e+01 1.57674424e-03
   9.50367210e-04 7.81712663e-04 7.81712663e-04]
  [5.10610788e-06 2.29495939e-02 5.04270379e+01 1.57143480e-03
   9.68466832e-04 7.80765903e-04 7.89803594e-04]
  [8.78586459e-06 2.96476341e-02 3.06865205e+01 1.57760558e-03
   9.49945637e-04 7.81544404e-04 7.81544404e-04]]]

Buffer Table:
[[[4.76702101e-05 8.33281857e-01 4.98773757e+01 1.55822295e-03
   1.00932446e-03 7.81517962e-04 7.90420088e-04]
  [7.91096096e-06 2.96188291e-02 3.07162137e+01 1.57691240e-03
   9.50308613e-04 7.81663731e-04 7.81663731e-04]
  [7.67412492e-06 2.94788379e-02 3.11443339e+01 1.57729497e-03
   9.50233929e-04 7.81784576e-04 7.81784576e-04]]

 [[7.15408187e-06 2.79327137e-02 3.75051405e+01 1.57751089e-03
   9.50741502e-04 7.81441316e-04 7.81441316e-04]
  [7.42528327e-06 2.96172783e-02 3.07010624e+01 1.57739694e-03
   9.49647523e-04 7.81458505e-04 7.81458505e-04]
  [1.06603354e-05 2.96662226e-02 3.04400088e+01 1.57769256e-03
   9.50607350e-04 7.81619907e-04 7.81619907e-04]]

 [[7.68907416e-06 2.95917504e-02 3.07347714e+01 1.57738003e-03
   9.50126484e-04 7.81772567e-04 7.81772567e-04]
  [7.48413319e-06 2.92923475e-02 3.20287096e+01 1.57719556e-03
   9.50240253e-04 7.81560512e-04 7.81560512e-04]
  [8.80173602e-06 2.95884051e-02 3.05942110e+01 1.57568021e-03
   9.50942345e-04 7.81834361e-04 7.81834361e-04]]]

Arbiter Table:
[[[4.76702079e-05 8.33281858e-01 4.98773700e+01 1.55822295e-03
   1.00932446e-03 7.81517961e-04 7.90420087e-04]
  [6.98736745e-06 2.88652110e-02 3.22614749e+01 1.57640249e-03
   9.50041594e-04 7.81750089e-04 7.81750089e-04]
  [7.61040989e-06 2.93824761e-02 3.09736768e+01 1.57772753e-03
   9.50091111e-04 7.81747101e-04 7.81747101e-04]]

 [[8.11107425e-06 2.69924315e-02 3.85665809e+01 1.57844408e-03
   9.49291107e-04 7.81578433e-04 7.81578433e-04]
  [7.75192831e-06 2.97372389e-02 3.03819293e+01 1.57723139e-03
   9.50215413e-04 7.81721303e-04 7.81721303e-04]
  [7.77739624e-06 2.95998446e-02 3.03109245e+01 1.57855013e-03
   9.49901282e-04 7.81687007e-04 7.81687007e-04]]

 [[7.60946187e-06 2.96101777e-02 3.07568089e+01 1.57743328e-03
   9.50029268e-04 7.81741901e-04 7.81741901e-04]
  [6.93641505e-06 2.87798412e-02 3.27255254e+01 1.57871999e-03
   9.49552194e-04 7.81555674e-04 7.81555674e-04]
  [9.53026173e-06 2.96392822e-02 3.05604748e+01 1.57703514e-03
   9.50270259e-04 7.81487058e-04 7.81487058e-04]]]

Page Table:
[[[8.85445951e-06 3.10525461e-02 3.08264854e+01 1.57588186e-03
   9.50855738e-04 7.81669679e-04 7.81669679e-04]
  [7.66276707e-06 3.08184792e-02 3.07945106e+01 1.57713849e-03
   9.50687710e-04 7.81619395e-04 7.81619395e-04]
  [1.49542998e-05 3.11407212e-02 3.05200040e+01 1.57407163e-03
   9.51623224e-04 7.82089307e-04 7.82089307e-04]
  [6.13916511e-06 2.68512180e-02 3.93796735e+01 1.57162273e-03
   9.53210558e-04 7.81603991e-04 7.81603991e-04]]

 [[8.11019734e-06 2.99054904e-02 3.27803211e+01 1.57544502e-03
   9.51777233e-04 7.81606207e-04 7.81606207e-04]
  [8.09564130e-06 3.09951824e-02 3.05068933e+01 1.57695641e-03
   9.50343334e-04 7.81886283e-04 7.81886283e-04]
  [1.13616100e-05 3.07961089e-02 3.07095859e+01 1.57450195e-03
   9.51683862e-04 7.82033037e-04 7.82033037e-04]
  [5.19322934e-06 2.30413399e-02 5.02052518e+01 1.57142230e-03
   9.68473689e-04 7.80773189e-04 7.89810880e-04]]

 [[1.65150251e-05 3.03725096e-02 3.20289502e+01 1.57649510e-03
   9.50421920e-04 7.81434246e-04 7.81434246e-04]
  [9.01630761e-06 3.10176611e-02 3.07641884e+01 1.57907279e-03
   9.49793830e-04 7.81565492e-04 7.81565492e-04]
  [7.94596306e-06 3.10354684e-02 3.07139829e+01 1.57647143e-03
   9.50623429e-04 7.82004174e-04 7.82004174e-04]
  [8.25080232e-06 3.10141128e-02 3.07965644e+01 1.57538108e-03
   9.51102203e-04 7.81806185e-04 7.81806185e-04]]

 [[6.93220052e-06 3.00967925e-02 3.21010775e+01 1.57534914e-03
   9.51237018e-04 7.81444569e-04 7.81444569e-04]
  [4.83640243e-05 8.33438410e-01 4.98914769e+01 1.56664470e-03
   9.93752828e-04 7.82048935e-04 7.84624677e-04]
  [7.74257401e-06 3.09705099e-02 3.06921109e+01 1.57743626e-03
   9.50389586e-04 7.81611003e-04 7.81611003e-04]
  [7.48634588e-06 3.08645450e-02 3.08731513e+01 1.57776021e-03
   9.50269462e-04 7.81506572e-04 7.81506572e-04]]]

Response Table:
[[[6.51423350e-06 2.87548081e-02 3.06619656e+01]
  [6.54438736e-06 2.87806514e-02 3.07980694e+01]]

 [[6.45587081e-06 2.87477247e-02 3.06538035e+01]
  [4.76702098e-05 8.33281856e-01 4.98773777e+01]]]

Refresh Table:
[[[7.50831616e-06 2.88526762e-02 3.05824850e+01]
  [5.10803021e-06 2.69392111e-02 3.62230977e+01]]

 [[6.87754855e-06 2.84504384e-02 3.15786486e+01]
  [4.76744447e-05 8.33285499e-01 4.98646540e+01]]]

Request Buffer Table:
[[[1.36857634e-04 2.45937561e-01 2.95197697e+01]
  [1.35067799e-04 2.43390209e-01 2.94109978e+01]
  [1.38872511e-04 2.47476260e-01 2.95759219e+01]
  [1.35295524e-04 2.43524941e-01 2.97423312e+01]
  [1.37830069e-04 2.48103987e-01 2.98316800e+01]
  [1.06900089e-04 1.94121329e-01 3.24368106e+01]
  [1.32536858e-04 2.38608728e-01 2.98061651e+01]
  [1.36007500e-04 2.42163540e-01 2.98589455e+01]]

 [[1.35528188e-04 2.44027016e-01 2.93333605e+01]
  [1.43182663e-04 2.56924438e-01 2.93749619e+01]
  [1.39736662e-04 2.51278485e-01 2.95301984e+01]
  [1.35502000e-04 2.44104633e-01 2.96481110e+01]
  [1.32942173e-04 2.38337560e-01 3.00453024e+01]
  [1.39851715e-04 2.51184771e-01 2.96827196e+01]
  [1.34620072e-04 2.41972757e-01 2.96086441e+01]
  [1.32052075e-04 2.38360704e-01 2.96428913e+01]]

 [[1.64555055e-04 2.73665011e-01 2.94213123e+01]
  [1.37527107e-04 2.47557893e-01 2.94413586e+01]
  [1.44584136e-04 2.56119101e-01 2.96525811e+01]
  [1.49416028e-04 2.66335156e-01 2.94345514e+01]
  [1.34234630e-04 2.40186991e-01 2.97490300e+01]
  [1.47725159e-04 2.64518464e-01 2.94598889e+01]
  [1.37349897e-04 2.44290697e-01 2.95230929e+01]
  [1.34125856e-04 2.39052040e-01 3.03935597e+01]]

 [[1.40734685e-04 2.52760816e-01 2.95930366e+01]
  [1.42401592e-04 2.54710802e-01 2.93752565e+01]
  [1.41563210e-04 2.53798181e-01 2.97483397e+01]
  [1.42788616e-04 2.56541976e-01 2.93127031e+01]
  [1.30530996e-04 2.35153011e-01 2.97085480e+01]
  [1.40418933e-04 2.51956257e-01 2.96529030e+01]
  [1.39241804e-04 2.49951284e-01 2.96125209e+01]
  [1.35173404e-04 2.42419473e-01 2.99325747e+01]]

 [[1.37817032e-04 2.48036549e-01 2.94005225e+01]
  [1.31630183e-04 2.37793198e-01 2.96241944e+01]
  [1.53537642e-04 2.52308885e-01 2.94107866e+01]
  [1.34961001e-04 2.41306963e-01 2.99390588e+01]
  [1.34757172e-04 2.41892590e-01 2.97196394e+01]
  [1.41813412e-04 2.54282684e-01 2.93773906e+01]
  [1.04623696e-04 1.92831721e-01 3.44439608e+01]
  [1.37014274e-04 2.41880110e-01 2.97184032e+01]]

 [[1.38295943e-04 2.48399159e-01 2.94500342e+01]
  [1.34506895e-04 2.41695267e-01 2.94684010e+01]
  [1.39963751e-04 2.51518860e-01 2.96092608e+01]
  [1.41085351e-04 2.52784867e-01 2.96562295e+01]
  [1.36406389e-04 2.45455792e-01 2.96566512e+01]
  [4.84416236e-05 9.15759926e-02 3.88359169e+01]
  [1.10486262e-04 1.79878007e-01 3.64648562e+01]
  [1.36065425e-04 2.39897926e-01 3.00049033e+01]]

 [[1.34998380e-04 2.43017902e-01 2.93809078e+01]
  [1.39407391e-04 2.50552704e-01 2.95225447e+01]
  [1.37541756e-04 2.46326047e-01 2.95461007e+01]
  [1.39248966e-04 2.50016740e-01 2.95829787e+01]
  [1.32594992e-04 2.38679564e-01 2.95310596e+01]
  [1.36176173e-04 2.44436343e-01 2.96714326e+01]
  [1.31661430e-04 2.37492450e-01 2.96067859e+01]
  [5.16884170e-06 2.31078097e-02 5.04430170e+01]]

 [[1.30810396e-04 2.36102841e-01 2.94852612e+01]
  [1.35111230e-04 2.43227944e-01 2.94053822e+01]
  [1.38919477e-04 2.48195540e-01 2.97305439e+01]
  [1.41739619e-04 2.54205191e-01 2.96314725e+01]
  [1.40362039e-04 2.42113341e-01 2.97250492e+01]
  [1.44639007e-04 2.59366008e-01 2.95493977e+01]
  [4.83398510e-05 8.33504295e-01 5.01271519e+01]
  [1.36051313e-04 2.42582762e-01 2.96362715e+01]]]

Ref Max Post Table:
[[[4.76695084e-05 8.33282375e-01 4.98766416e+01]
  [7.98095894e-06 3.09188741e-02 3.12211973e+01]
  [7.76755851e-06 3.10340858e-02 3.06240755e+01]
  [7.86324706e-06 3.09454210e-02 3.07209621e+01]]

 [[8.10555158e-06 3.10245918e-02 3.06625011e+01]
  [7.98362886e-06 3.09700723e-02 3.06046353e+01]
  [8.49190086e-06 3.08639166e-02 3.05507666e+01]
  [6.46743113e-06 2.94936434e-02 3.39248833e+01]]

 [[1.49039253e-05 3.11688363e-02 3.07259906e+01]
  [7.92775583e-06 3.08723321e-02 3.08152555e+01]
  [7.64216362e-06 3.09803795e-02 3.06511189e+01]
  [8.07563100e-06 3.07839047e-02 3.08572973e+01]]

 [[7.01183443e-06 3.05812925e-02 3.24541117e+01]
  [7.88309146e-06 3.07816460e-02 3.10136652e+01]
  [9.87366542e-06 3.08688740e-02 3.08164759e+01]
  [1.24958818e-05 2.58282258e-02 4.07335295e+01]]]

Ref Max Pull Table:
[[[7.52897348e-06 3.07578095e-02 3.10345360e+01]
  [6.65227390e-06 2.87289586e-02 3.61667175e+01]
  [1.19900674e-05 3.10127997e-02 3.07148089e+01]
  [7.36465852e-06 3.09054341e-02 3.06318425e+01]]

 [[7.67422886e-06 3.07538630e-02 3.12392586e+01]
  [8.19338483e-06 3.10013072e-02 3.05383098e+01]
  [8.35551901e-06 3.09411736e-02 3.05347102e+01]
  [5.11408757e-06 2.29647411e-02 5.03901492e+01]]

 [[7.45152946e-06 3.09287469e-02 3.06308327e+01]
  [7.86520086e-06 3.09083226e-02 3.07774811e+01]
  [1.26003379e-05 3.09976113e-02 3.06935872e+01]
  [8.34045218e-06 3.11268149e-02 3.07022103e+01]]

 [[7.46992964e-06 3.08147454e-02 3.08500302e+01]
  [4.82855783e-05 8.33362484e-01 5.00747488e+01]
  [7.58006020e-06 3.09142650e-02 3.08061716e+01]
  [8.02738284e-06 3.10790213e-02 3.06930236e+01]]]

Max Activate Table:
[[[1.47491800e-04 2.59388316e-01 2.93924814e+01 1.50980013e-03
   9.12105415e-04 7.49613089e-04 7.49613089e-04]
  [1.36574343e-04 2.40621921e-01 2.94998369e+01 1.51579466e-03
   9.15257185e-04 7.52179766e-04 7.52179766e-04]
  [1.44433776e-04 2.55866152e-01 2.95028941e+01 1.51136809e-03
   9.12653010e-04 7.49967727e-04 7.49967727e-04]
  [1.42924468e-04 2.47388456e-01 2.95798670e+01 1.51325419e-03
   9.14188483e-04 7.51302707e-04 7.51302707e-04]
  [1.38743833e-04 2.44471331e-01 3.06624363e+01 1.51476749e-03
   9.14968997e-04 7.51409632e-04 7.51409632e-04]
  [4.82838237e-05 8.33441249e-01 5.01356356e+01 1.57069843e-03
   9.87104609e-04 7.82235163e-04 7.82235163e-04]
  [1.32382024e-04 2.36202951e-01 2.98273144e+01 1.51946816e-03
   9.15162445e-04 7.52562382e-04 7.52562382e-04]
  [1.34047297e-04 2.38539722e-01 2.96365618e+01 1.51790832e-03
   9.14703749e-04 7.52239821e-04 7.52239821e-04]]

 [[1.45706523e-04 2.57065844e-01 2.93247582e+01 1.51278690e-03
   9.11932090e-04 7.49721875e-04 7.49721875e-04]
  [1.51564139e-04 2.67103411e-01 2.95965804e+01 1.50753008e-03
   9.10774058e-04 7.48409773e-04 7.48409773e-04]
  [1.46742168e-04 2.56949600e-01 2.95781825e+01 1.51107241e-03
   9.12046891e-04 7.49646640e-04 7.49646640e-04]
  [1.45506354e-04 2.57361195e-01 2.96506771e+01 1.51298682e-03
   9.11903993e-04 7.49562352e-04 7.49562352e-04]
  [1.37084826e-04 2.38661605e-01 2.98428767e+01 1.51750125e-03
   9.14822233e-04 7.52054143e-04 7.52054143e-04]
  [1.37895357e-04 2.44594676e-01 2.97635661e+01 1.51564870e-03
   9.14118765e-04 7.51326891e-04 7.51326891e-04]
  [1.38691583e-04 2.46554685e-01 2.97588101e+01 1.51548968e-03
   9.13943791e-04 7.51127811e-04 7.51127811e-04]
  [1.38521028e-04 2.41090306e-01 2.97350382e+01 1.51664834e-03
   9.14727257e-04 7.51922927e-04 7.51922927e-04]]

 [[1.44391759e-04 2.55204616e-01 2.96195429e+01 1.51354690e-03
   9.12167547e-04 7.49883863e-04 7.49883863e-04]
  [1.48529336e-04 2.61799320e-01 2.94407025e+01 1.51000590e-03
   9.11431667e-04 7.48926248e-04 7.48926248e-04]
  [1.39575714e-04 2.47737961e-01 2.95702403e+01 1.51399903e-03
   9.13661764e-04 7.51074909e-04 7.51074909e-04]
  [1.51114506e-04 2.58591141e-01 2.95335961e+01 1.50929676e-03
   9.12225354e-04 7.49779196e-04 7.49779196e-04]
  [1.36350834e-04 2.42710305e-01 2.96658039e+01 1.51576118e-03
   9.14374362e-04 7.51721415e-04 7.51721415e-04]
  [1.42549683e-04 2.51678862e-01 2.97459257e+01 1.51257310e-03
   9.13422045e-04 7.50504991e-04 7.50504991e-04]
  [1.32375929e-04 2.35701600e-01 2.97801128e+01 1.51714593e-03
   9.15953576e-04 7.52852696e-04 7.52852696e-04]
  [1.37474116e-04 2.43576370e-01 2.97820729e+01 1.51614964e-03
   9.13885103e-04 7.51507020e-04 7.51507020e-04]]

 [[1.37019119e-04 2.43586826e-01 2.94731226e+01 1.51491577e-03
   9.14507310e-04 7.51689506e-04 7.51689506e-04]
  [1.41417101e-04 2.48482010e-01 2.94071388e+01 1.51432667e-03
   9.13521837e-04 7.50816942e-04 7.50816942e-04]
  [1.36891141e-04 2.41576116e-01 2.97750483e+01 1.51392743e-03
   9.15739041e-04 7.52225013e-04 7.52225013e-04]
  [1.46277780e-04 2.52987464e-01 2.94624749e+01 1.51279281e-03
   9.13049958e-04 7.50324009e-04 7.50324009e-04]
  [1.32202221e-04 2.35842963e-01 3.00826786e+01 1.51869202e-03
   9.15247870e-04 7.52535178e-04 7.52535178e-04]
  [1.45893951e-04 2.49514768e-01 2.97048307e+01 1.51324103e-03
   9.13804289e-04 7.50697286e-04 7.50697286e-04]
  [1.41983733e-04 2.51554219e-01 2.96851659e+01 1.51182277e-03
   9.13354429e-04 7.50693440e-04 7.50693440e-04]
  [1.37198505e-04 2.43314342e-01 2.97463316e+01 1.51699884e-03
   9.14122781e-04 7.51629211e-04 7.51629211e-04]]

 [[5.09829798e-06 2.30433888e-02 5.00982866e+01 1.57122861e-03
   9.68571972e-04 7.80829152e-04 7.89866844e-04]
  [1.40481217e-04 2.48632365e-01 2.95023551e+01 1.51373610e-03
   9.13589381e-04 7.50868186e-04 7.50868186e-04]
  [1.42632216e-04 2.50373747e-01 2.96087027e+01 1.51416814e-03
   9.13050362e-04 7.50658314e-04 7.50658314e-04]
  [1.43371952e-04 2.46946383e-01 2.94832688e+01 1.51499196e-03
   9.13475693e-04 7.50956766e-04 7.50956766e-04]
  [1.39173427e-04 2.44879880e-01 2.96060816e+01 1.51523802e-03
   9.14266000e-04 7.51465910e-04 7.51465910e-04]
  [1.36750168e-04 2.43422265e-01 2.96836006e+01 1.51490419e-03
   9.14480732e-04 7.51596787e-04 7.51596787e-04]
  [1.34174019e-04 2.37652097e-01 2.97387079e+01 1.51682732e-03
   9.15162662e-04 7.52269805e-04 7.52269805e-04]
  [1.31836840e-04 2.33138725e-01 2.97625881e+01 1.51689692e-03
   9.16702263e-04 7.53410329e-04 7.53410329e-04]]

 [[1.45786445e-04 2.57513701e-01 2.94073506e+01 1.51237814e-03
   9.11870251e-04 7.49469100e-04 7.49469100e-04]
  [1.47537893e-04 2.59738531e-01 2.93094101e+01 1.51109571e-03
   9.11713631e-04 7.49337176e-04 7.49337176e-04]
  [1.43803344e-04 2.53668621e-01 2.93595294e+01 1.51282671e-03
   9.12482517e-04 7.50221221e-04 7.50221221e-04]
  [1.38879168e-04 2.46705751e-01 2.96049400e+01 1.51566069e-03
   9.13752944e-04 7.51125562e-04 7.51125562e-04]
  [5.12232551e-06 2.30447314e-02 5.03685576e+01 1.58061604e-03
   9.47784263e-04 7.81483784e-04 7.81483784e-04]
  [1.43105693e-04 2.53048465e-01 2.96152830e+01 1.51258216e-03
   9.13230335e-04 7.50290628e-04 7.50290628e-04]
  [1.36460575e-04 2.42904522e-01 2.97665346e+01 1.51633626e-03
   9.14227281e-04 7.51477945e-04 7.51477945e-04]
  [1.37262992e-04 2.33260619e-01 2.96155177e+01 1.51877796e-03
   9.15854027e-04 7.53027174e-04 7.53027174e-04]]

 [[1.36256397e-04 2.41954330e-01 2.94048576e+01 1.51567940e-03
   9.14460165e-04 7.51876329e-04 7.51876329e-04]
  [1.33916971e-04 2.34767622e-01 2.99166643e+01 1.51830909e-03
   9.15669545e-04 7.52466728e-04 7.52466728e-04]
  [1.43691247e-04 2.54557288e-01 2.94775322e+01 1.51392512e-03
   9.11604519e-04 7.50032515e-04 7.50032515e-04]
  [1.32315536e-04 2.35599818e-01 2.97630021e+01 1.51926783e-03
   9.15254049e-04 7.52501330e-04 7.52501330e-04]
  [1.51352616e-04 2.63638878e-01 2.94557318e+01 1.50961598e-03
   9.11245177e-04 7.48830567e-04 7.48830567e-04]
  [1.37066062e-04 2.39578165e-01 2.97668469e+01 1.51668102e-03
   9.14908829e-04 7.52053900e-04 7.52053900e-04]
  [1.32753034e-04 2.36096755e-01 2.97235425e+01 1.51847351e-03
   9.15371651e-04 7.52482818e-04 7.52482818e-04]
  [1.35446227e-04 2.39873916e-01 2.97522077e+01 1.51606083e-03
   9.15035018e-04 7.52343183e-04 7.52343183e-04]]

 [[1.38560939e-04 2.45511992e-01 2.96347060e+01 1.51601474e-03
   9.14011191e-04 7.51375401e-04 7.51375401e-04]
  [1.39969709e-04 2.46629954e-01 2.96871056e+01 1.51316158e-03
   9.14549787e-04 7.51266665e-04 7.51266665e-04]
  [1.40789187e-04 2.49484093e-01 2.94495404e+01 1.51492329e-03
   9.12853917e-04 7.50575020e-04 7.50575020e-04]
  [1.35551055e-04 2.39861143e-01 2.97698188e+01 1.51684075e-03
   9.14948595e-04 7.52292782e-04 7.52292782e-04]
  [1.33101876e-04 2.35970285e-01 2.99992646e+01 1.51823771e-03
   9.15246050e-04 7.52623585e-04 7.52623585e-04]
  [1.35822458e-04 2.37586304e-01 2.97338507e+01 1.51798181e-03
   9.15181018e-04 7.52370601e-04 7.52370601e-04]
  [1.35038618e-04 2.36586640e-01 2.96561370e+01 1.51563287e-03
   9.16023487e-04 7.52544726e-04 7.52544726e-04]
  [1.35953327e-04 2.41314787e-01 2.96410399e+01 1.51700726e-03
   9.14399340e-04 7.51778278e-04 7.51778278e-04]]]

Cumulative Reward: 6423.516265739587
