Scheduler Table:
[[[8.48001775e-06 3.55052117e-02 2.39594300e+01 7.18888856e-04
   8.50205859e-03 1.14084860e-03 1.14084860e-03]
  [8.37250829e-06 3.52471698e-02 2.40034140e+01 7.19029332e-04
   8.49643814e-03 1.14098536e-03 1.14098536e-03]
  [8.10314511e-06 3.54197279e-02 2.40046741e+01 7.18991366e-04
   8.50451579e-03 1.14116415e-03 1.14116415e-03]]

 [[8.40844536e-06 3.56143595e-02 2.39472540e+01 7.19245722e-04
   8.46248250e-03 1.14099772e-03 1.14099772e-03]
  [8.82030003e-06 3.53016081e-02 2.40321446e+01 7.19382256e-04
   8.45152431e-03 1.14087680e-03 1.14087680e-03]
  [7.95183557e-06 3.44064129e-02 2.43710254e+01 7.19500942e-04
   8.45190327e-03 1.14101478e-03 1.14101478e-03]]

 [[8.11781445e-06 3.53311724e-02 2.39690333e+01 7.19365849e-04
   8.44363859e-03 1.14078142e-03 1.14078142e-03]
  [8.59586971e-06 3.52337982e-02 2.40290014e+01 7.19442610e-04
   8.44952472e-03 1.14095569e-03 1.14095569e-03]
  [1.29783395e-05 2.52799356e-02 2.73973413e+01 7.17315435e-04
   8.69714113e-03 1.13982779e-03 1.14878641e-03]]]

Buffer Table:
[[[8.18032466e-06 3.52436007e-02 2.40060778e+01 7.19151965e-04
   8.46939165e-03 1.14084018e-03 1.14084018e-03]
  [8.77652466e-06 3.54170265e-02 2.40017941e+01 7.19321213e-04
   8.46388109e-03 1.14108383e-03 1.14108383e-03]
  [8.11547616e-06 3.51569164e-02 2.40466999e+01 7.19688244e-04
   8.42129217e-03 1.14083179e-03 1.14083179e-03]]

 [[8.11292969e-06 3.53224401e-02 2.40139124e+01 7.19294216e-04
   8.45295198e-03 1.14088001e-03 1.14088001e-03]
  [8.96668878e-06 3.53606071e-02 2.40013442e+01 7.18952436e-04
   8.50429090e-03 1.14090021e-03 1.14090021e-03]
  [8.48698834e-06 3.52153659e-02 2.39779234e+01 7.19103143e-04
   8.49361953e-03 1.14123360e-03 1.14123360e-03]]

 [[8.11331266e-06 3.53131943e-02 2.40042925e+01 7.19063946e-04
   8.47458170e-03 1.14085905e-03 1.14085905e-03]
  [8.57344192e-06 3.52549050e-02 2.40067828e+01 7.19176376e-04
   8.47613111e-03 1.14071293e-03 1.14071293e-03]
  [1.29774685e-05 2.52769830e-02 2.73985785e+01 7.17316070e-04
   8.69710314e-03 1.13982770e-03 1.14878631e-03]]]

Arbiter Table:
[[[1.29819986e-05 2.53080658e-02 2.73866434e+01 7.17313448e-04
   8.69699395e-03 1.13982526e-03 1.14878387e-03]
  [8.14519717e-06 3.51406139e-02 2.40585655e+01 7.19082225e-04
   8.48094761e-03 1.14083912e-03 1.14083912e-03]
  [8.41432980e-06 3.52296813e-02 2.40430474e+01 7.19496029e-04
   8.44308757e-03 1.14095354e-03 1.14095354e-03]]

 [[7.87847499e-06 3.37556999e-02 2.46269217e+01 7.19563846e-04
   8.45484118e-03 1.14103256e-03 1.14103256e-03]
  [8.22420687e-06 3.56267196e-02 2.39615374e+01 7.19187185e-04
   8.47203550e-03 1.14079299e-03 1.14079299e-03]
  [8.48440715e-06 3.54943228e-02 2.39843975e+01 7.19301852e-04
   8.46363742e-03 1.14114377e-03 1.14114377e-03]]

 [[8.28557611e-06 3.39927575e-02 2.45511624e+01 7.19645397e-04
   8.43698978e-03 1.14084933e-03 1.14084933e-03]
  [8.22580224e-06 3.54943087e-02 2.39994431e+01 7.19192572e-04
   8.45808425e-03 1.14075344e-03 1.14075344e-03]
  [9.01761367e-06 3.55053154e-02 2.39884768e+01 7.19298221e-04
   8.46575627e-03 1.14107086e-03 1.14107086e-03]]]

Page Table:
[[[1.21445129e-05 6.88022511e-02 2.37076898e+01 7.09200329e-04
   8.37470496e-03 1.12550553e-03 1.12550553e-03]
  [1.06012108e-05 5.32053468e-02 2.49155452e+01 7.13358800e-04
   8.37592039e-03 1.13134232e-03 1.13134232e-03]
  [1.24286754e-05 6.93086578e-02 2.35648036e+01 7.09398491e-04
   8.32754218e-03 1.12508121e-03 1.12508121e-03]
  [1.26368081e-05 6.72893613e-02 2.37434420e+01 7.09595026e-04
   8.40194790e-03 1.12620635e-03 1.12620635e-03]]

 [[1.25313174e-05 6.55743376e-02 2.38002677e+01 7.10048517e-04
   8.37570815e-03 1.12677044e-03 1.12677044e-03]
  [1.30944613e-05 6.55888986e-02 2.37106815e+01 7.10342670e-04
   8.34752802e-03 1.12656484e-03 1.12656484e-03]
  [1.20839686e-05 6.69329513e-02 2.35775884e+01 7.09646310e-04
   8.37460393e-03 1.12593690e-03 1.12593690e-03]
  [9.57291814e-06 2.75527972e-02 2.72084392e+01 7.17218541e-04
   8.68177196e-03 1.13926159e-03 1.14822021e-03]]

 [[1.19579771e-05 6.60326733e-02 2.38243962e+01 7.10342349e-04
   8.33699268e-03 1.12648859e-03 1.12648859e-03]
  [1.25837395e-05 6.65928013e-02 2.37167209e+01 7.09956064e-04
   8.36371510e-03 1.12634026e-03 1.12634026e-03]
  [1.22096376e-05 6.79421508e-02 2.35826503e+01 7.09139131e-04
   8.39027456e-03 1.12555794e-03 1.12555794e-03]
  [1.26482351e-05 6.70497395e-02 2.37037904e+01 7.09814809e-04
   8.36094517e-03 1.12603938e-03 1.12603938e-03]]

 [[1.20115610e-05 6.56913455e-02 2.38382761e+01 7.10155231e-04
   8.37731913e-03 1.12706812e-03 1.12706812e-03]
  [1.02379779e-05 2.75574562e-02 2.72437665e+01 7.17730035e-04
   8.54617188e-03 1.14091275e-03 1.14091275e-03]
  [1.20885608e-05 6.73726570e-02 2.35927724e+01 7.09656954e-04
   8.36716148e-03 1.12601172e-03 1.12601172e-03]
  [1.21935251e-05 6.65612473e-02 2.37080399e+01 7.09866839e-04
   8.37920773e-03 1.12617054e-03 1.12617054e-03]]]

Response Table:
[[[6.98903076e-06 3.02392840e-02 2.39852741e+01]
  [6.63875462e-06 3.01348290e-02 2.40030178e+01]]

 [[6.68336564e-06 3.01394671e-02 2.40018687e+01]
  [1.29774627e-05 2.52769643e-02 2.73985788e+01]]]

Refresh Table:
[[[1.29774630e-05 2.52769645e-02 2.73985787e+01]
  [6.74636744e-06 3.01237452e-02 2.40017241e+01]]

 [[6.81390751e-06 3.02443441e-02 2.40105621e+01]
  [6.71263378e-06 3.01159856e-02 2.40074124e+01]]]

Request Buffer Table:
[[[2.14783677e-05 2.05507712e-01 1.56981353e+01]
  [2.19525663e-05 2.06289973e-01 1.56812013e+01]
  [2.17258184e-05 2.04444569e-01 1.57849110e+01]
  [2.18036887e-05 2.04680390e-01 1.57959523e+01]
  [2.20933865e-05 2.06367445e-01 1.57223939e+01]
  [2.16973436e-05 2.05020109e-01 1.58034023e+01]
  [1.89393539e-05 1.62748264e-01 1.83299288e+01]
  [2.17710897e-05 2.07634724e-01 1.56789205e+01]]

 [[2.13720959e-05 2.03665213e-01 1.57901420e+01]
  [2.20549414e-05 2.10611843e-01 1.54874236e+01]
  [2.26688835e-05 2.09157366e-01 1.55379409e+01]
  [2.19893646e-05 2.06468982e-01 1.56966289e+01]
  [2.19477085e-05 2.07825248e-01 1.56356284e+01]
  [2.22874081e-05 2.06060882e-01 1.57274205e+01]
  [1.97923577e-05 1.77318662e-01 1.73628673e+01]
  [2.18891533e-05 2.09040799e-01 1.55669968e+01]]

 [[2.22692972e-05 2.12500787e-01 1.54030298e+01]
  [2.18074247e-05 2.07150490e-01 1.56507693e+01]
  [2.20430011e-05 2.07881723e-01 1.56368454e+01]
  [2.29446049e-05 2.14769501e-01 1.52930317e+01]
  [2.15836931e-05 2.04530680e-01 1.58349100e+01]
  [2.22084674e-05 2.11954536e-01 1.54363682e+01]
  [2.11121703e-05 1.93491288e-01 1.63407382e+01]
  [2.14847151e-05 2.03885023e-01 1.58391602e+01]]

 [[2.15224959e-05 2.05391124e-01 1.57223993e+01]
  [2.18539061e-05 2.08186211e-01 1.55683214e+01]
  [2.21417559e-05 2.11036993e-01 1.54765236e+01]
  [2.27910812e-05 2.10413306e-01 1.55077368e+01]
  [2.20257262e-05 2.05780832e-01 1.57889891e+01]
  [2.44895848e-05 2.09973367e-01 1.55420446e+01]
  [2.09498897e-05 1.92535054e-01 1.63535928e+01]
  [2.22509890e-05 2.07790117e-01 1.56696222e+01]]

 [[2.16798717e-05 2.04519835e-01 1.57443653e+01]
  [2.15063785e-05 2.03174403e-01 1.58424687e+01]
  [2.16673233e-05 2.07217399e-01 1.56254573e+01]
  [2.22076487e-05 2.03493910e-01 1.58556450e+01]
  [2.19693796e-05 2.07865889e-01 1.56857861e+01]
  [2.19963881e-05 2.09499844e-01 1.55711939e+01]
  [2.15130361e-05 1.90438316e-01 1.65147537e+01]
  [2.23790750e-05 2.06861798e-01 1.57298709e+01]]

 [[2.17269257e-05 2.06724555e-01 1.56380181e+01]
  [2.19639077e-05 2.06951976e-01 1.56298010e+01]
  [2.17991085e-05 2.08377373e-01 1.55759455e+01]
  [2.22352627e-05 2.06730425e-01 1.57117715e+01]
  [2.18629307e-05 2.08583230e-01 1.56038438e+01]
  [2.31043646e-05 2.07855957e-01 1.56833699e+01]
  [2.09950666e-05 1.92856730e-01 1.63716926e+01]
  [2.53075633e-05 2.07651078e-01 1.56796497e+01]]

 [[2.07347062e-05 1.93896865e-01 1.62848661e+01]
  [2.29109865e-05 1.93333230e-01 1.63012750e+01]
  [2.14621178e-05 2.00326090e-01 1.59877025e+01]
  [2.13067899e-05 2.00584700e-01 1.59711769e+01]
  [2.10971253e-05 1.98800422e-01 1.60405940e+01]
  [2.15727724e-05 2.00580176e-01 1.59694601e+01]
  [1.32956718e-05 2.84036324e-02 2.71960208e+01]
  [2.13286754e-05 2.00328112e-01 1.60019598e+01]]

 [[2.15016743e-05 2.04614510e-01 1.57339408e+01]
  [2.25605430e-05 2.09968550e-01 1.54744710e+01]
  [2.16599658e-05 2.06733467e-01 1.56710599e+01]
  [2.24189669e-05 2.11949680e-01 1.54419387e+01]
  [2.17856864e-05 2.05715029e-01 1.57315178e+01]
  [2.21625849e-05 2.09178486e-01 1.56006626e+01]
  [2.11484539e-05 1.92392813e-01 1.64061901e+01]
  [2.17398846e-05 2.06890741e-01 1.57333831e+01]]]

Ref Max Post Table:
[[[1.23761288e-05 6.62875201e-02 2.37018640e+01]
  [1.24092981e-05 6.46279211e-02 2.37650132e+01]
  [1.38726247e-05 6.79626861e-02 2.36865476e+01]
  [1.20455825e-05 6.64457775e-02 2.36880708e+01]]

 [[1.23585756e-05 6.56330695e-02 2.36926145e+01]
  [1.18239503e-05 6.47577354e-02 2.37099337e+01]
  [1.23342996e-05 6.56581158e-02 2.37064080e+01]
  [1.03079743e-05 5.81038138e-02 2.44330594e+01]]

 [[1.28468388e-05 6.66315235e-02 2.36844307e+01]
  [1.29133546e-05 6.59448895e-02 2.36954511e+01]
  [1.23660372e-05 6.59941467e-02 2.37047141e+01]
  [1.19174443e-05 6.63529705e-02 2.37001994e+01]]

 [[1.26401534e-05 6.59950025e-02 2.37105775e+01]
  [1.17771608e-05 6.43522786e-02 2.37726031e+01]
  [1.25240005e-05 6.70812144e-02 2.37068325e+01]
  [1.30935456e-05 2.57361275e-02 2.73567808e+01]]]

Ref Max Pull Table:
[[[1.17903665e-05 6.57743260e-02 2.37047308e+01]
  [1.25070805e-05 6.63296592e-02 2.37075210e+01]
  [9.54966269e-06 2.82651490e-02 2.71869967e+01]
  [1.25780688e-05 6.51267102e-02 2.37077148e+01]]

 [[1.07126051e-05 2.82700452e-02 2.72285780e+01]
  [1.31463824e-05 6.69370494e-02 2.37042298e+01]
  [1.21186752e-05 6.66938245e-02 2.36892120e+01]
  [1.28904870e-05 6.58345056e-02 2.37021539e+01]]

 [[1.16837773e-05 6.40249969e-02 2.39926741e+01]
  [1.23415247e-05 6.74213145e-02 2.36996272e+01]
  [1.21634697e-05 6.68077321e-02 2.36998679e+01]
  [6.17797187e-06 2.82772552e-02 2.72183834e+01]]

 [[1.23001890e-05 6.53499734e-02 2.37153720e+01]
  [6.68176644e-06 2.82736703e-02 2.71987496e+01]
  [1.21159084e-05 6.60552212e-02 2.37124318e+01]
  [1.31495173e-05 6.57430108e-02 2.37109194e+01]]]

Max Activate Table:
[[[2.20354900e-05 2.14799759e-01 1.53267400e+01 4.59941311e-04
   5.44453714e-03 7.30133137e-04 7.30133137e-04]
  [2.12186558e-05 2.03216231e-01 1.58735537e+01 4.76735252e-04
   5.58710429e-03 7.55909152e-04 7.55909152e-04]
  [2.29011481e-05 2.15275100e-01 1.53286868e+01 4.59600171e-04
   5.41299292e-03 7.29190262e-04 7.29190262e-04]
  [2.19290768e-05 2.07315929e-01 1.56892972e+01 4.70796425e-04
   5.52547699e-03 7.46706943e-04 7.46706943e-04]
  [2.18454051e-05 2.12219415e-01 1.55032292e+01 4.64178109e-04
   5.43512565e-03 7.35906450e-04 7.35906450e-04]
  [2.02241792e-05 1.92559598e-01 1.63954049e+01 4.91111317e-04
   5.82771067e-03 7.79745337e-04 7.79745337e-04]
  [2.16270537e-05 2.08677734e-01 1.56683765e+01 4.68652809e-04
   5.53379467e-03 7.43706129e-04 7.43706129e-04]
  [2.20723473e-05 2.10530159e-01 1.55615873e+01 4.66132069e-04
   5.49717276e-03 7.39509232e-04 7.39509232e-04]]

 [[2.19406735e-05 2.11362987e-01 1.54401993e+01 4.65054522e-04
   5.47190766e-03 7.37732856e-04 7.37732856e-04]
  [2.55453984e-05 2.14871456e-01 1.53495526e+01 4.60017741e-04
   5.43410646e-03 7.29981307e-04 7.29981307e-04]
  [2.22425282e-05 2.16606293e-01 1.52834965e+01 4.57496167e-04
   5.40658651e-03 7.26111238e-04 7.26111238e-04]
  [2.21859413e-05 2.15780831e-01 1.53309762e+01 4.59404961e-04
   5.36592354e-03 7.28021673e-04 7.28021673e-04]
  [2.17099237e-05 2.01809451e-01 1.59613689e+01 4.78447759e-04
   5.61523256e-03 7.58681884e-04 7.58681884e-04]
  [2.21339661e-05 1.93518309e-01 1.63568704e+01 4.89908053e-04
   5.78716202e-03 7.77347622e-04 7.77347622e-04]
  [2.18636307e-05 2.06653392e-01 1.57915153e+01 4.71643154e-04
   5.56747455e-03 7.48451294e-04 7.48451294e-04]
  [2.13876681e-05 2.07533172e-01 1.57030365e+01 4.70139813e-04
   5.58667972e-03 7.46514549e-04 7.46514549e-04]]

 [[2.15115064e-05 2.10694898e-01 1.55322408e+01 4.65936950e-04
   5.49179716e-03 7.39263965e-04 7.39263965e-04]
  [2.18006592e-05 2.10745255e-01 1.55070927e+01 4.65612508e-04
   5.52468990e-03 7.39169105e-04 7.39169105e-04]
  [2.14346897e-05 2.06844618e-01 1.57220598e+01 4.71308424e-04
   5.57085450e-03 7.47932196e-04 7.47932196e-04]
  [2.22128955e-05 2.10995850e-01 1.55344634e+01 4.65444373e-04
   5.50397421e-03 7.38563942e-04 7.38563942e-04]
  [2.15628519e-05 2.07819329e-01 1.56897086e+01 4.70074735e-04
   5.52036971e-03 7.45440086e-04 7.45440086e-04]
  [1.99224724e-05 1.91581931e-01 1.64503996e+01 4.92394888e-04
   5.83289686e-03 7.81734636e-04 7.81734636e-04]
  [2.15765942e-05 2.06412624e-01 1.57480034e+01 4.71674691e-04
   5.60161679e-03 7.48799638e-04 7.48799638e-04]
  [2.25076818e-05 2.14822008e-01 1.53570931e+01 4.60194422e-04
   5.42134892e-03 7.30071729e-04 7.30071729e-04]]

 [[2.25503167e-05 2.08435190e-01 1.55928498e+01 4.68935942e-04
   5.55444160e-03 7.44342733e-04 7.44342733e-04]
  [2.16074458e-05 2.06883576e-01 1.56907885e+01 4.71340715e-04
   5.55032203e-03 7.47616863e-04 7.47616863e-04]
  [2.09865793e-05 2.03551533e-01 1.58972614e+01 4.76228985e-04
   5.57726073e-03 7.55111739e-04 7.55111739e-04]
  [2.39017984e-05 2.11303012e-01 1.54967129e+01 4.65107358e-04
   5.48545359e-03 7.37877567e-04 7.37877567e-04]
  [2.21910674e-05 2.03297432e-01 1.59677337e+01 4.76613373e-04
   5.60052576e-03 7.55800213e-04 7.55800213e-04]
  [2.02869625e-05 1.93497455e-01 1.63904726e+01 4.90222321e-04
   5.76470355e-03 7.77540619e-04 7.77540619e-04]
  [2.18462112e-05 2.11118494e-01 1.55280697e+01 4.65301007e-04
   5.48655552e-03 7.38318919e-04 7.38318919e-04]
  [2.14304127e-05 2.08952177e-01 1.56572720e+01 4.68398066e-04
   5.50922291e-03 7.43023771e-04 7.43023771e-04]]

 [[2.14791902e-05 2.08983791e-01 1.55934563e+01 4.68441866e-04
   5.50322669e-03 7.42802599e-04 7.42802599e-04]
  [2.20643516e-05 2.10203950e-01 1.55375520e+01 4.66813706e-04
   5.48049937e-03 7.40152348e-04 7.40152348e-04]
  [2.13970803e-05 2.06278710e-01 1.57486613e+01 4.71959442e-04
   5.58097828e-03 7.49079402e-04 7.49079402e-04]
  [2.16089265e-05 2.06027051e-01 1.57654720e+01 4.72408262e-04
   5.57649278e-03 7.49663691e-04 7.49663691e-04]
  [2.19151122e-05 2.11745259e-01 1.54933091e+01 4.64349839e-04
   5.46652058e-03 7.36764920e-04 7.36764920e-04]
  [2.26648465e-05 1.88977715e-01 1.66529671e+01 4.95999434e-04
   5.88892958e-03 7.87519437e-04 7.87519437e-04]
  [2.10876587e-05 2.02540211e-01 1.59057635e+01 4.77279001e-04
   5.63264434e-03 7.57342372e-04 7.57342372e-04]
  [2.17142609e-05 2.10756970e-01 1.55835091e+01 4.66001360e-04
   5.47863956e-03 7.39066903e-04 7.39066903e-04]]

 [[2.04647181e-05 1.97066144e-01 1.61237060e+01 4.85011351e-04
   5.73335294e-03 7.69894408e-04 7.69894408e-04]
  [2.17383710e-05 2.00011550e-01 1.60350427e+01 4.80943510e-04
   5.65861778e-03 7.62951900e-04 7.62951900e-04]
  [2.09914610e-05 2.01456547e-01 1.59585709e+01 4.78978994e-04
   5.64959719e-03 7.59740201e-04 7.59740201e-04]
  [2.14103666e-05 2.00149249e-01 1.60415412e+01 4.80657468e-04
   5.67168006e-03 7.62697990e-04 7.62697990e-04]
  [2.17274167e-05 1.99200703e-01 1.61298223e+01 4.82078393e-04
   5.67568516e-03 7.64843558e-04 7.64843558e-04]
  [1.29775156e-05 2.52775886e-02 2.73985489e+01 7.17315194e-04
   8.69709288e-03 1.13982631e-03 1.14878492e-03]
  [2.08281856e-05 1.98894445e-01 1.61122201e+01 4.82461813e-04
   5.68053466e-03 7.65385046e-04 7.65385046e-04]
  [2.08083397e-05 1.99951997e-01 1.60687185e+01 4.80726005e-04
   5.69129015e-03 7.62934996e-04 7.62934996e-04]]

 [[2.12733021e-05 2.05490457e-01 1.57253242e+01 4.73381950e-04
   5.56391938e-03 7.50820185e-04 7.50820185e-04]
  [2.17872596e-05 2.03314710e-01 1.58872198e+01 4.76557440e-04
   5.59108177e-03 7.55656029e-04 7.55656029e-04]
  [2.17777137e-05 2.09779928e-01 1.56057802e+01 4.67445965e-04
   5.48081342e-03 7.41121520e-04 7.41121520e-04]
  [2.16190287e-05 2.05285680e-01 1.58051719e+01 4.73844135e-04
   5.55462175e-03 7.51312055e-04 7.51312055e-04]
  [2.34056947e-05 2.19643235e-01 1.50931057e+01 4.52990095e-04
   5.36352497e-03 7.19079470e-04 7.19079470e-04]
  [2.01675232e-05 1.92609164e-01 1.63824896e+01 4.91095973e-04
   5.80294556e-03 7.79605909e-04 7.79605909e-04]
  [2.23783004e-05 2.09066691e-01 1.56390307e+01 4.68109306e-04
   5.52723440e-03 7.42755654e-04 7.42755654e-04]
  [2.17139098e-05 2.08225925e-01 1.56873578e+01 4.69065582e-04
   5.57061717e-03 7.44889116e-04 7.44889116e-04]]

 [[2.11303187e-05 2.05508116e-01 1.57557517e+01 4.73008777e-04
   5.59619053e-03 7.50694705e-04 7.50694705e-04]
  [2.21466976e-05 2.11755844e-01 1.54684684e+01 4.64621334e-04
   5.45220353e-03 7.36827234e-04 7.36827234e-04]
  [2.54105568e-05 2.09238798e-01 1.56374767e+01 4.67582344e-04
   5.56577465e-03 7.42720065e-04 7.42720065e-04]
  [2.18129812e-05 2.06988061e-01 1.57217669e+01 4.70948754e-04
   5.56649569e-03 7.47527450e-04 7.47527450e-04]
  [2.15938161e-05 2.07251642e-01 1.57363998e+01 4.70853331e-04
   5.52050526e-03 7.46413581e-04 7.46413581e-04]
  [2.01880747e-05 1.93572916e-01 1.63448276e+01 4.90186909e-04
   5.75650735e-03 7.77168320e-04 7.77168320e-04]
  [2.13450959e-05 2.04810301e-01 1.58407818e+01 4.73800654e-04
   5.64220769e-03 7.52625034e-04 7.52625034e-04]
  [2.16991258e-05 2.09102815e-01 1.56301844e+01 4.68085775e-04
   5.54531486e-03 7.42911998e-04 7.42911998e-04]]]

Cumulative Reward: 3423.282821542901
