Scheduler Table:
[[[3.12571259e-06 1.41128464e-02 1.79959769e+01 3.35294086e-04
   7.66662703e-02 3.86625659e-03 3.86625659e-03]
  [2.77470708e-06 1.42578192e-02 1.85385191e+01 3.35322906e-04
   8.31686328e-02 3.86798653e-03 3.86798653e-03]
  [3.40857085e-06 1.40896994e-02 1.88771130e+01 3.35384751e-04
   7.75288100e-02 3.81785785e-03 3.81785785e-03]]

 [[3.18207396e-06 1.42744410e-02 1.78456850e+01 3.35259597e-04
   7.88252632e-02 3.87133490e-03 3.87133490e-03]
  [3.77808810e-07 1.10792276e-02 2.38319306e+01 3.34504297e-04
   4.47542163e-01 3.42569949e-03 5.47054109e-03]
  [1.79935687e-06 1.15637918e-02 2.27488911e+01 3.40617274e-04
   6.81355743e-02 3.19305861e-03 3.19305861e-03]]

 [[2.26505188e-06 1.41756384e-02 1.84099570e+01 3.35098898e-04
   9.54739706e-02 3.90106214e-03 3.90106214e-03]
  [1.73203930e-06 1.14617380e-02 2.27445198e+01 3.40325057e-04
   6.86668585e-02 3.20562169e-03 3.20562169e-03]
  [2.58226172e-06 1.42593871e-02 1.87096561e+01 3.35234121e-04
   8.51888891e-02 3.83498724e-03 3.83498724e-03]]]

Buffer Table:
[[[2.24607472e-06 1.43004514e-02 1.78521899e+01 3.35385814e-04
   7.92559992e-02 3.85793920e-03 3.85793920e-03]
  [4.03176597e-07 1.11216640e-02 2.38383974e+01 3.34623103e-04
   1.04225571e-01 3.68459226e-03 3.68459226e-03]
  [1.77445144e-06 1.38610408e-02 2.02138168e+01 3.35218838e-04
   8.04979763e-02 3.81426909e-03 3.81426909e-03]]

 [[4.01584139e-07 1.10746637e-02 2.38522791e+01 3.34550949e-04
   4.46630497e-01 3.45034568e-03 5.49518728e-03]
  [2.30666482e-06 1.41653382e-02 1.81169347e+01 3.35096559e-04
   9.00994137e-02 3.92226681e-03 3.92226681e-03]
  [2.58191808e-06 1.42648889e-02 1.74631286e+01 3.36055528e-04
   6.42276762e-02 3.68044584e-03 3.68044584e-03]]

 [[2.67428757e-06 1.42312274e-02 1.71425373e+01 3.35637995e-04
   6.90305433e-02 3.79698075e-03 3.79698075e-03]
  [1.52629527e-06 1.34706092e-02 2.08877942e+01 3.35060979e-04
   8.79654221e-02 3.80372236e-03 3.80372236e-03]
  [2.38209482e-06 1.41210489e-02 1.81914884e+01 3.35332669e-04
   7.63122164e-02 3.89110719e-03 3.89110719e-03]]]

Arbiter Table:
[[[2.29687680e-06 1.21431383e-02 2.05553838e+01 3.47806593e-04
   5.02116454e-02 2.80555233e-03 2.80555233e-03]
  [1.41020939e-06 1.30761412e-02 2.06171143e+01 3.39356766e-04
   6.63810474e-02 3.42914861e-03 3.42914861e-03]
  [2.10244021e-06 1.40858664e-02 1.89844642e+01 3.35262208e-04
   8.54169517e-02 3.84738263e-03 3.84738263e-03]]

 [[1.80392927e-06 1.25475083e-02 2.06498398e+01 3.44693751e-04
   5.25351834e-02 3.00253397e-03 3.00253397e-03]
  [2.24398021e-06 1.43217735e-02 1.74251053e+01 3.35737327e-04
   6.45848450e-02 3.71191304e-03 3.71191304e-03]
  [4.03176597e-07 1.11216640e-02 2.38383974e+01 3.34623103e-04
   1.04225571e-01 3.68459226e-03 3.68459226e-03]]

 [[1.84390423e-06 1.43275682e-02 1.85681999e+01 3.35173377e-04
   8.37310060e-02 3.81859472e-03 3.81859472e-03]
  [4.01584139e-07 1.10746637e-02 2.38522791e+01 3.34550949e-04
   4.46630497e-01 3.45034568e-03 5.49518728e-03]
  [2.33996504e-06 1.41405813e-02 1.84577393e+01 3.35339274e-04
   9.39079830e-02 3.90381071e-03 3.90381071e-03]]]

Page Table:
[[[3.77808810e-07 1.10792276e-02 2.38319306e+01 3.34504297e-04
   4.47542163e-01 3.42569949e-03 5.47054109e-03]
  [1.53781536e-06 1.43887389e-02 1.82671836e+01 3.35564656e-04
   7.76485568e-02 3.73088576e-03 3.73088576e-03]
  [2.05818901e-06 1.40347889e-02 1.86394802e+01 3.35237896e-04
   9.90036434e-02 3.75385895e-03 3.75385895e-03]
  [1.80749846e-06 1.40972562e-02 1.92183059e+01 3.35272280e-04
   9.31139351e-02 3.78885072e-03 3.78885072e-03]]

 [[2.06555864e-06 1.34657847e-02 2.04357362e+01 3.35211934e-04
   9.78761252e-02 3.74587504e-03 3.74587504e-03]
  [1.81557453e-06 1.42629886e-02 1.83945979e+01 3.35198708e-04
   8.93762202e-02 3.79676991e-03 3.79676991e-03]
  [2.71841254e-06 1.43771309e-02 1.77086645e+01 3.35496049e-04
   7.46041620e-02 3.71691854e-03 3.71691854e-03]
  [2.02085860e-06 1.42559309e-02 1.79063378e+01 3.35494116e-04
   7.76809584e-02 3.85255315e-03 3.85255315e-03]]

 [[1.38257919e-06 1.43452202e-02 1.81982278e+01 3.35361754e-04
   9.92164507e-02 3.85449627e-03 3.85449627e-03]
  [2.18567580e-06 1.37655718e-02 2.00846851e+01 3.35135914e-04
   9.67034922e-02 3.78945965e-03 3.78945965e-03]
  [6.58985150e-06 1.43763816e-02 1.79016296e+01 3.35570292e-04
   7.36891043e-02 3.69263296e-03 3.69263296e-03]
  [3.48253387e-06 1.43617672e-02 1.75159657e+01 3.35342687e-04
   7.89491487e-02 3.88086863e-03 3.88086863e-03]]

 [[1.44787624e-06 1.34194907e-02 2.04324299e+01 3.35067809e-04
   1.04807909e-01 3.75442544e-03 3.75442544e-03]
  [1.58010362e-06 1.44021995e-02 1.85556872e+01 3.35263417e-04
   8.29715408e-02 3.78298231e-03 3.78298231e-03]
  [6.07364762e-06 1.43858184e-02 1.84545741e+01 3.35492808e-04
   8.27685395e-02 3.69401495e-03 3.69401495e-03]
  [1.69038274e-06 1.44390927e-02 1.75968667e+01 3.35196415e-04
   8.20104379e-02 3.80907604e-03 3.80907604e-03]]]

Response Table:
[[[1.98949237e-06 1.41165650e-02 1.78411859e+01]
  [1.48164973e-06 1.40913536e-02 1.91955945e+01]]

 [[1.53289070e-06 1.40641685e-02 1.88226876e+01]
  [3.77808810e-07 1.10792276e-02 2.38319306e+01]]]

Refresh Table:
[[[1.63109265e-06 1.41702745e-02 1.85483740e+01]
  [4.01584139e-07 1.10746637e-02 2.38522791e+01]]

 [[4.03176597e-07 1.11216640e-02 2.38383974e+01]
  [2.72901331e-06 1.27373071e-02 2.03872282e+01]]]

Request Buffer Table:
[[[3.23324539e-06 1.52174071e-02 1.77408779e+01]
  [4.19723966e-06 1.51141003e-02 1.83682037e+01]
  [4.20905430e-06 1.51514842e-02 1.77462757e+01]
  [5.15758850e-06 1.52188739e-02 1.77566580e+01]
  [3.69196857e-06 1.51668732e-02 1.87377041e+01]
  [3.74469889e-06 1.52316772e-02 1.87154784e+01]
  [3.40183840e-06 1.45642030e-02 1.97461341e+01]
  [5.11193185e-06 1.51947907e-02 1.83848213e+01]]

 [[3.36891664e-06 1.50942029e-02 1.77840899e+01]
  [5.85442896e-06 1.53328072e-02 1.81776751e+01]
  [4.06772359e-06 1.52512426e-02 1.73102435e+01]
  [4.22173569e-06 1.53437349e-02 1.79836094e+01]
  [4.15121913e-06 1.52774889e-02 1.79302748e+01]
  [3.50541527e-06 1.50649291e-02 1.77664049e+01]
  [7.69391161e-06 1.53117667e-02 1.83491900e+01]
  [2.85271008e-06 1.42220388e-02 2.09480144e+01]]

 [[3.90886122e-06 1.52724843e-02 1.78894502e+01]
  [4.20221251e-06 1.52676718e-02 1.79262769e+01]
  [1.73373267e-05 1.53178462e-02 1.84552669e+01]
  [2.13300501e-06 1.37097361e-02 2.12549935e+01]
  [1.06485838e-05 1.52558367e-02 1.82179285e+01]
  [3.98428836e-06 1.54669674e-02 1.84060422e+01]
  [3.57132568e-06 1.51698134e-02 1.78691406e+01]
  [4.26666915e-06 1.53166008e-02 1.84722856e+01]]

 [[4.44242821e-06 1.51886280e-02 1.86142786e+01]
  [3.92709868e-06 1.52832652e-02 1.83258500e+01]
  [8.10887145e-06 1.53716328e-02 1.89713129e+01]
  [4.27220501e-06 1.53041033e-02 1.81967993e+01]
  [1.09721610e-05 1.51398638e-02 1.70777881e+01]
  [2.23107131e-06 1.37669705e-02 2.07234606e+01]
  [5.43550352e-06 1.53795289e-02 1.79350706e+01]
  [4.30028090e-06 1.51238372e-02 1.79532713e+01]]

 [[4.27696723e-06 1.51974984e-02 1.74988079e+01]
  [4.01749445e-06 1.45703625e-02 2.01029963e+01]
  [6.80411271e-06 1.51524355e-02 1.75129222e+01]
  [4.00554805e-06 1.52361104e-02 1.84029095e+01]
  [4.74962554e-06 1.52327152e-02 1.82395777e+01]
  [3.88134735e-06 1.52122803e-02 1.85039642e+01]
  [4.97778465e-06 1.52846246e-02 1.80275304e+01]
  [3.84704018e-06 1.51839635e-02 1.80620754e+01]]

 [[3.17554084e-06 1.47407544e-02 1.93814042e+01]
  [3.30866644e-06 1.45672193e-02 1.99422449e+01]
  [4.68653526e-06 1.54609315e-02 1.81018377e+01]
  [4.68461734e-06 1.52383068e-02 1.82633620e+01]
  [3.71113546e-06 1.51612801e-02 1.81252826e+01]
  [3.77808810e-07 1.10792276e-02 2.38319306e+01]
  [3.26004968e-06 1.47734002e-02 1.92643328e+01]
  [5.10189303e-06 1.52606659e-02 1.84169274e+01]]

 [[3.89239241e-06 1.52882854e-02 1.78726569e+01]
  [3.72944370e-06 1.51257038e-02 1.85793788e+01]
  [3.90485244e-06 1.52675209e-02 1.83640106e+01]
  [4.68776716e-06 1.53438346e-02 1.80379337e+01]
  [3.96799793e-06 1.45289655e-02 1.99206672e+01]
  [3.67351194e-06 1.53275412e-02 1.83909861e+01]
  [4.36081115e-06 1.54999433e-02 1.85445391e+01]
  [3.42197304e-06 1.50407815e-02 1.77220536e+01]]

 [[3.31788520e-06 1.50500338e-02 1.80350047e+01]
  [4.45853626e-06 1.54614597e-02 1.75521425e+01]
  [2.34485185e-06 1.39462752e-02 2.09922848e+01]
  [4.31746446e-06 1.53643927e-02 1.84082539e+01]
  [7.54069931e-06 1.52865055e-02 1.83532970e+01]
  [4.41329956e-06 1.53829132e-02 1.81141162e+01]
  [3.54038423e-06 1.51169034e-02 1.87255342e+01]
  [4.60157923e-06 1.51942395e-02 1.82490709e+01]]]

Ref Max Post Table:
[[[1.10725049e-06 1.43463794e-02 1.84021417e+01]
  [7.78238450e-06 1.42792234e-02 1.83308186e+01]
  [2.27244445e-06 1.44232729e-02 1.74272810e+01]
  [1.09726068e-06 1.35782334e-02 2.04120159e+01]]

 [[1.45500969e-05 1.43756825e-02 1.74292259e+01]
  [1.21233793e-06 1.44478449e-02 1.78829845e+01]
  [6.66650939e-07 1.28612099e-02 2.26447543e+01]
  [1.25418541e-06 1.44017315e-02 1.75316721e+01]]

 [[1.24822151e-06 1.41834997e-02 1.93750378e+01]
  [1.18031305e-06 1.40691224e-02 1.96857410e+01]
  [3.77808810e-07 1.10792276e-02 2.38319306e+01]
  [6.61051047e-06 1.24680940e-02 2.16469174e+01]]

 [[1.58611013e-06 1.43257020e-02 1.84333664e+01]
  [1.51567528e-06 1.42607442e-02 1.88255890e+01]
  [6.48927867e-06 1.25084277e-02 2.18931854e+01]
  [2.13261091e-06 1.43368115e-02 1.85940038e+01]]]

Ref Max Pull Table:
[[[1.44912677e-06 1.44178172e-02 1.89234852e+01]
  [6.63362672e-07 1.10725770e-02 2.38211129e+01]
  [1.92316721e-06 1.43773994e-02 1.75413306e+01]
  [2.00243517e-06 1.43217987e-02 1.82630286e+01]]

 [[1.33633480e-06 1.42085064e-02 1.85538687e+01]
  [1.40926352e-06 1.43016568e-02 1.84233016e+01]
  [1.42215516e-06 1.42575374e-02 1.81576987e+01]
  [6.54449337e-07 1.11640258e-02 2.38709285e+01]]

 [[8.83187632e-07 1.30202713e-02 2.16550808e+01]
  [5.78016732e-07 1.11863821e-02 2.38772886e+01]
  [8.44938560e-07 1.21827717e-02 2.20957299e+01]
  [1.27928503e-06 1.43271062e-02 1.77256304e+01]]

 [[6.45810971e-07 1.10708190e-02 2.38617378e+01]
  [1.45288616e-06 1.35874622e-02 2.00290001e+01]
  [1.13594451e-06 1.32399713e-02 2.00579858e+01]
  [2.49966113e-06 1.44775802e-02 1.83788188e+01]]]

Max Activate Table:
[[[4.19170779e-06 1.52807525e-02 1.80843733e+01 3.35502310e-04
   8.78177291e-02 3.66651371e-03 3.66651371e-03]
  [3.85317818e-06 1.52392769e-02 1.81576705e+01 3.35441336e-04
   8.81353403e-02 3.79024053e-03 3.79024053e-03]
  [4.70035300e-06 1.53593615e-02 1.78396478e+01 3.35329792e-04
   9.05863483e-02 3.65859508e-03 3.65859508e-03]
  [3.91621734e-06 1.52763423e-02 1.76780877e+01 3.35536345e-04
   8.68630833e-02 3.71618092e-03 3.71618092e-03]
  [4.62060343e-06 1.53572673e-02 1.84515771e+01 3.35349646e-04
   9.02122983e-02 3.63458463e-03 3.63458463e-03]
  [3.87917813e-06 1.51669249e-02 1.88571740e+01 3.35452698e-04
   8.78198657e-02 3.76120662e-03 3.76120662e-03]
  [3.48148602e-06 1.50856072e-02 1.93898149e+01 3.35512656e-04
   8.60533809e-02 3.72818286e-03 3.72818286e-03]
  [3.49706766e-06 1.50269701e-02 1.86034662e+01 3.35480007e-04
   8.48558301e-02 3.76949670e-03 3.76949670e-03]]

 [[3.91186814e-06 1.54593981e-02 1.72635996e+01 3.35379252e-04
   9.14828159e-02 3.74764606e-03 3.74764606e-03]
  [4.34117027e-06 1.53302518e-02 1.85979132e+01 3.35280814e-04
   9.05504405e-02 3.66916531e-03 3.66916531e-03]
  [4.48301743e-06 1.52220137e-02 1.86177876e+01 3.35397752e-04
   1.22276233e-01 3.85114790e-03 3.85114790e-03]
  [4.76539474e-06 1.54244436e-02 1.86458337e+01 3.35220255e-04
   9.64194410e-02 3.78098489e-03 3.78098489e-03]
  [4.65195252e-06 1.52255078e-02 1.79948258e+01 3.35336724e-04
   1.02198122e-01 3.66062777e-03 3.66062777e-03]
  [4.00465632e-06 1.51927962e-02 1.85306701e+01 3.35401590e-04
   8.74384773e-02 3.73658681e-03 3.73658681e-03]
  [3.97413328e-06 1.51470154e-02 1.92431533e+01 3.35317521e-04
   9.15850437e-02 3.71327912e-03 3.71327912e-03]
  [4.32870241e-06 1.51007787e-02 1.79356666e+01 3.35591570e-04
   8.79842079e-02 3.66733105e-03 3.66733105e-03]]

 [[5.07152268e-06 1.53567321e-02 1.79536953e+01 3.35328704e-04
   9.10824375e-02 3.67554419e-03 3.67554419e-03]
  [6.13772355e-06 1.53850160e-02 1.81164959e+01 3.35309458e-04
   9.24007265e-02 3.74277406e-03 3.74277406e-03]
  [4.06870602e-06 1.51563965e-02 1.80273027e+01 3.35553411e-04
   8.57295152e-02 3.64234603e-03 3.64234603e-03]
  [4.09866116e-06 1.54312469e-02 1.83195600e+01 3.35519314e-04
   8.98171533e-02 3.62921093e-03 3.62921093e-03]
  [4.06180844e-06 1.53210088e-02 1.80329560e+01 3.35255150e-04
   9.11923947e-02 3.77784217e-03 3.77784217e-03]
  [4.10548696e-06 1.51159879e-02 1.83062262e+01 3.35596955e-04
   1.01541842e-01 3.77756313e-03 3.77756313e-03]
  [4.03158780e-06 1.51034868e-02 1.86693050e+01 3.35327600e-04
   9.15008810e-02 3.71775319e-03 3.71775319e-03]
  [4.25384859e-06 1.52702999e-02 1.84922783e+01 3.36665850e-04
   8.76012865e-02 3.58157727e-03 3.58157727e-03]]

 [[3.67729551e-06 1.50933453e-02 1.78248998e+01 3.35365729e-04
   8.84320353e-02 3.69284527e-03 3.69284527e-03]
  [3.48031066e-06 1.50933265e-02 1.81321246e+01 3.35441330e-04
   9.56118526e-02 3.66841833e-03 3.66841833e-03]
  [4.28592074e-06 1.52370138e-02 1.79773762e+01 3.35694780e-04
   8.74199504e-02 3.65731936e-03 3.65731936e-03]
  [4.35680664e-06 1.53863009e-02 1.81072965e+01 3.35416751e-04
   9.25499326e-02 3.65845205e-03 3.65845205e-03]
  [3.94533170e-06 1.52137742e-02 1.82292312e+01 3.35633270e-04
   9.11025410e-02 3.69204380e-03 3.69204380e-03]
  [3.71623700e-06 1.50542202e-02 1.90374743e+01 3.35579595e-04
   9.55290882e-02 3.69769666e-03 3.69769666e-03]
  [4.25239037e-06 1.53071459e-02 1.69703374e+01 3.35186366e-04
   1.00640801e-01 3.85190288e-03 3.85190288e-03]
  [1.49565432e-05 1.52338398e-02 1.80623904e+01 3.35407644e-04
   8.49614819e-02 3.77399032e-03 3.77399032e-03]]

 [[3.76241324e-06 1.52434541e-02 1.79303356e+01 3.35237331e-04
   9.06992689e-02 3.72818731e-03 3.72818731e-03]
  [3.57843859e-06 1.55731569e-02 1.75107194e+01 3.35249100e-04
   8.90856636e-02 3.70664813e-03 3.70664813e-03]
  [3.94254022e-06 1.50825913e-02 1.88570722e+01 3.35237050e-04
   1.15089176e-01 3.84339519e-03 3.84339519e-03]
  [3.60183708e-06 1.51014136e-02 1.81128989e+01 3.35560708e-04
   8.61787123e-02 3.65639847e-03 3.65639847e-03]
  [4.03319126e-06 1.53428016e-02 1.80672514e+01 3.35294270e-04
   8.82716613e-02 3.64104137e-03 3.64104137e-03]
  [4.16073342e-06 1.52023661e-02 1.80062591e+01 3.35466836e-04
   8.97049153e-02 3.81246243e-03 3.81246243e-03]
  [4.40317960e-06 1.51793682e-02 1.71655899e+01 3.35326778e-04
   9.47339263e-02 3.77833171e-03 3.77833171e-03]
  [3.56283742e-06 1.50758689e-02 1.94759205e+01 3.35822914e-04
   8.77935944e-02 3.64488701e-03 3.64488701e-03]]

 [[4.02316534e-06 1.53707955e-02 1.74756234e+01 3.35316778e-04
   9.12240562e-02 3.70774317e-03 3.70774317e-03]
  [7.54303941e-06 1.55562959e-02 1.77695665e+01 3.35682215e-04
   9.03608449e-02 3.69248770e-03 3.69248770e-03]
  [4.86887697e-06 1.53058847e-02 1.82346799e+01 3.35595725e-04
   8.86440008e-02 3.64524208e-03 3.64524208e-03]
  [4.41532994e-06 1.53783273e-02 1.84842674e+01 3.35215677e-04
   9.48342001e-02 3.66618200e-03 3.66618200e-03]
  [3.55616978e-06 1.50463510e-02 1.90703397e+01 3.35572534e-04
   8.54199913e-02 3.67011484e-03 3.67011484e-03]
  [4.50795026e-06 1.53603593e-02 1.80896834e+01 3.35462726e-04
   9.59084293e-02 3.71724398e-03 3.71724398e-03]
  [4.03176597e-07 1.11216640e-02 2.38383974e+01 3.34623103e-04
   1.04225571e-01 3.68459226e-03 3.68459226e-03]
  [4.14519943e-06 1.51454693e-02 1.84172603e+01 3.35583183e-04
   8.61383785e-02 3.78185138e-03 3.78185138e-03]]

 [[3.40444087e-06 1.51195857e-02 1.86261795e+01 3.35328790e-04
   8.97173584e-02 3.75819065e-03 3.75819065e-03]
  [3.66837964e-06 1.50514068e-02 1.84400258e+01 3.35453245e-04
   9.53696446e-02 3.75032332e-03 3.75032332e-03]
  [6.48649506e-06 1.53824959e-02 1.80705724e+01 3.35488135e-04
   9.27174808e-02 3.64012497e-03 3.64012497e-03]
  [3.76537655e-06 1.54056460e-02 1.78516865e+01 3.35599845e-04
   9.76914075e-02 3.63546320e-03 3.63546320e-03]
  [3.81492558e-06 1.52289534e-02 1.84320383e+01 3.35363149e-04
   8.55594506e-02 3.64008605e-03 3.64008605e-03]
  [4.01584139e-07 1.10746637e-02 2.38522791e+01 3.34550949e-04
   4.46630497e-01 3.45034568e-03 5.49518728e-03]
  [3.37598445e-06 1.49607059e-02 1.85703159e+01 3.35334337e-04
   9.24135465e-02 3.84490444e-03 3.84490444e-03]
  [3.89871686e-06 1.52867899e-02 1.83682639e+01 3.35224009e-04
   1.02348882e-01 3.76670709e-03 3.76670709e-03]]

 [[4.24818437e-06 1.53323916e-02 1.84654997e+01 3.35340849e-04
   9.04093812e-02 3.71255685e-03 3.71255685e-03]
  [3.81287632e-06 1.52547929e-02 1.83913231e+01 3.35291531e-04
   9.29392739e-02 3.76296538e-03 3.76296538e-03]
  [3.92270435e-06 1.51247197e-02 1.84470770e+01 3.35990073e-04
   8.77119009e-02 3.66489580e-03 3.66489580e-03]
  [2.57751645e-05 1.52020691e-02 1.84300748e+01 3.35369998e-04
   8.89687042e-02 3.67015071e-03 3.67015071e-03]
  [3.73249170e-06 1.51539204e-02 1.74175318e+01 3.35376979e-04
   8.48564616e-02 3.70132426e-03 3.70132426e-03]
  [1.68255555e-06 1.41504273e-02 2.20944475e+01 3.35181639e-04
   1.20292206e-01 3.79177526e-03 3.79177526e-03]
  [3.96839537e-06 1.50943551e-02 1.87127060e+01 3.35287936e-04
   8.68219803e-02 3.82297408e-03 3.82297408e-03]
  [4.24908540e-06 1.53128030e-02 1.85049252e+01 3.35363163e-04
   9.21010525e-02 3.66348300e-03 3.66348300e-03]]]

Cumulative Reward: 9255.878303348689
