Scheduler Table:
[[[2.70886671e-06 1.41914262e-02 1.87530019e+01 3.92557457e-04
   1.14242853e-03 1.01508333e-03 1.01508333e-03]
  [2.26263603e-06 1.42092364e-02 1.94070448e+01 3.92557548e-04
   1.14275357e-03 1.01538285e-03 1.01538285e-03]
  [2.66818058e-06 1.42033523e-02 1.84859903e+01 3.92533789e-04
   1.14271794e-03 1.01532099e-03 1.01532099e-03]]

 [[2.15601193e-06 1.42545518e-02 1.86628788e+01 3.92554355e-04
   1.14302472e-03 1.01565576e-03 1.01565576e-03]
  [2.33816104e-06 1.42317894e-02 1.94585975e+01 3.92563787e-04
   1.14261926e-03 1.01526264e-03 1.01526264e-03]
  [5.53313004e-07 1.14586469e-02 2.41676793e+01 4.09229000e-04
   7.98170584e-04 6.15194779e-04 7.94462305e-04]]

 [[2.76377175e-06 1.42675807e-02 1.88004070e+01 3.92555679e-04
   1.14273139e-03 1.01534399e-03 1.01534399e-03]
  [5.61393106e-07 1.14591221e-02 2.44322823e+01 4.13268709e-04
   6.31117052e-04 6.31117052e-04 6.31117052e-04]
  [1.23378632e-06 1.27965742e-02 2.10774812e+01 4.31778195e-04
   8.48979791e-04 7.84348368e-04 7.84348368e-04]]]

Buffer Table:
[[[3.99873049e-07 1.14543941e-02 2.42500910e+01 4.08597231e-04
   7.99339297e-04 6.16363292e-04 7.95630819e-04]
  [2.77440683e-06 1.42682822e-02 1.90552065e+01 3.92572154e-04
   1.14229986e-03 1.01497907e-03 1.01497907e-03]
  [2.31390943e-06 1.42190347e-02 1.91221453e+01 3.92557533e-04
   1.14268441e-03 1.01529180e-03 1.01529180e-03]]

 [[2.33977016e-06 1.40970001e-02 1.92061720e+01 3.93952299e-04
   1.11220830e-03 9.92485069e-04 9.92485069e-04]
  [1.39652397e-06 1.29916923e-02 2.04867249e+01 4.05740849e-04
   9.04202916e-04 8.35408411e-04 8.35408411e-04]
  [2.47459826e-06 1.40708882e-02 2.07186294e+01 3.92566982e-04
   1.14296128e-03 1.01561373e-03 1.01561373e-03]]

 [[2.76234107e-06 1.42562854e-02 1.80148508e+01 3.92565857e-04
   1.14286899e-03 1.01551473e-03 1.01551473e-03]
  [1.93394245e-06 1.37526918e-02 2.18790168e+01 3.92563594e-04
   1.14331473e-03 1.01595978e-03 1.01595978e-03]
  [2.69054277e-06 1.41445160e-02 1.91271836e+01 3.92543830e-04
   1.14251653e-03 1.01513328e-03 1.01513328e-03]]]

Arbiter Table:
[[[3.99869539e-07 1.14543898e-02 2.42500956e+01 4.08597277e-04
   7.99338483e-04 6.16362678e-04 7.95630204e-04]
  [1.89212806e-06 1.39270166e-02 2.03490820e+01 3.92565209e-04
   1.14329645e-03 1.01594493e-03 1.01594493e-03]
  [2.03006912e-06 1.39801076e-02 2.09394259e+01 3.92574987e-04
   1.14315994e-03 1.01582132e-03 1.01582132e-03]]

 [[1.57479864e-06 1.34977919e-02 2.20246422e+01 3.92588508e-04
   1.14402684e-03 1.01672077e-03 1.01672077e-03]
  [3.02758254e-06 1.43225377e-02 1.75645525e+01 3.92567226e-04
   1.14263667e-03 1.01528830e-03 1.01528830e-03]
  [2.50018166e-06 1.42092975e-02 1.88376518e+01 3.92536195e-04
   1.14282967e-03 1.01542642e-03 1.01542642e-03]]

 [[1.70571792e-06 1.36914208e-02 2.17088361e+01 3.92592579e-04
   1.14427078e-03 1.01695291e-03 1.01695291e-03]
  [2.95077834e-06 1.42254845e-02 1.88146588e+01 3.92566915e-04
   1.14251756e-03 1.01516749e-03 1.01516749e-03]
  [2.63839113e-06 1.41919282e-02 1.87243018e+01 3.92549315e-04
   1.14253624e-03 1.01514839e-03 1.01514839e-03]]]

Page Table:
[[[3.99869539e-07 1.14543898e-02 2.42500956e+01 4.08597277e-04
   7.99338483e-04 6.16362678e-04 7.95630204e-04]
  [3.01384234e-06 1.43404901e-02 1.97037659e+01 3.92559627e-04
   1.14280760e-03 1.01543598e-03 1.01543598e-03]
  [2.50954595e-06 1.42889901e-02 1.89397442e+01 3.92553167e-04
   1.14284864e-03 1.01548450e-03 1.01548450e-03]
  [2.79224563e-06 1.41497321e-02 1.99135455e+01 3.92547152e-04
   1.14274988e-03 1.01535717e-03 1.01535717e-03]]

 [[1.77793647e-06 1.37111597e-02 2.16710665e+01 3.92585430e-04
   1.14298770e-03 1.01565939e-03 1.01565939e-03]
  [3.25247757e-06 1.44043141e-02 1.83603774e+01 3.92560365e-04
   1.14260099e-03 1.01523492e-03 1.01523492e-03]
  [3.35717352e-06 1.44347253e-02 1.86242364e+01 3.92560637e-04
   1.14260067e-03 1.01525232e-03 1.01525232e-03]
  [3.17773237e-06 1.43438156e-02 1.85711312e+01 3.92540038e-04
   1.14248522e-03 1.01513628e-03 1.01513628e-03]]

 [[4.69972778e-06 1.44126447e-02 1.84122787e+01 3.92558561e-04
   1.14224891e-03 1.01489798e-03 1.01489798e-03]
  [2.16959459e-06 1.40354503e-02 2.08127773e+01 3.92564342e-04
   1.14311870e-03 1.01573970e-03 1.01573970e-03]
  [3.82144516e-06 1.44171562e-02 1.85423880e+01 3.92563877e-04
   1.14236853e-03 1.01502725e-03 1.01502725e-03]
  [4.21105664e-06 1.43461670e-02 1.82500712e+01 3.92545111e-04
   1.14283782e-03 1.01544103e-03 1.01544103e-03]]

 [[2.23763818e-06 1.36042633e-02 2.13979455e+01 3.92577510e-04
   1.14325876e-03 1.01591629e-03 1.01591629e-03]
  [2.96481614e-06 1.43745716e-02 1.92445092e+01 3.92560700e-04
   1.14267789e-03 1.01531373e-03 1.01531373e-03]
  [4.29300748e-06 1.43930011e-02 1.88994036e+01 3.92541746e-04
   1.14264747e-03 1.01524846e-03 1.01524846e-03]
  [4.63152509e-06 1.44502674e-02 1.80765378e+01 3.92571668e-04
   1.14289880e-03 1.01556851e-03 1.01556851e-03]]]

Response Table:
[[[1.85498639e-06 1.41369531e-02 1.87217178e+01]
  [1.56071123e-06 1.41220608e-02 1.88578384e+01]]

 [[1.47919888e-06 1.41023082e-02 1.92030866e+01]
  [3.99869539e-07 1.14543898e-02 2.42500956e+01]]]

Refresh Table:
[[[3.99869539e-07 1.14543898e-02 2.42500956e+01]
  [4.89934620e-05 1.14549795e-02 2.17361732e+01]]

 [[4.65164964e-05 1.15355763e-02 2.17586197e+01]
  [1.68503455e-06 1.41342454e-02 1.87767108e+01]]]

Request Buffer Table:
[[[1.25929849e-05 1.55520350e-02 1.82558238e+01]
  [4.44835993e-06 1.54802369e-02 1.87409918e+01]
  [6.05717326e-06 1.55344465e-02 1.93023524e+01]
  [5.04790714e-06 1.57043799e-02 1.94183028e+01]
  [5.58855591e-06 1.52532271e-02 2.05262776e+01]
  [7.49540148e-06 1.55340971e-02 1.97315336e+01]
  [5.65638710e-06 1.54358485e-02 1.96416181e+01]
  [5.58317809e-06 1.55586497e-02 1.96975866e+01]]

 [[4.22171539e-06 1.55311394e-02 1.83920124e+01]
  [5.38839472e-06 1.57195779e-02 1.86597963e+01]
  [7.34022233e-06 1.57509281e-02 1.89807025e+01]
  [4.46100599e-06 1.57710240e-02 1.90611818e+01]
  [5.11588265e-06 1.55314292e-02 1.82433835e+01]
  [4.12576832e-06 1.44942089e-02 2.09177266e+01]
  [5.45097489e-06 1.55166296e-02 1.83057632e+01]
  [4.21177663e-06 1.53678355e-02 1.84799949e+01]]

 [[5.69440545e-06 1.60525367e-02 1.85715345e+01]
  [9.34209615e-06 1.56755044e-02 1.87374576e+01]
  [5.23574909e-06 1.56484008e-02 1.92587523e+01]
  [5.62235119e-06 1.58760214e-02 1.92880543e+01]
  [6.60916160e-06 1.55167608e-02 1.90238296e+01]
  [3.96476780e-06 1.41514328e-02 2.23990127e+01]
  [5.27644849e-06 1.54224253e-02 1.81512821e+01]
  [5.20531709e-06 1.56794739e-02 1.97890924e+01]]

 [[5.34683087e-06 1.60182454e-02 1.89511807e+01]
  [4.92907465e-06 1.56460516e-02 1.89651659e+01]
  [5.97241037e-06 1.55824090e-02 1.98451876e+01]
  [5.41706974e-06 1.57756392e-02 1.86924881e+01]
  [5.93680640e-06 1.55274471e-02 1.99232390e+01]
  [1.08304379e-05 1.56409965e-02 2.02105569e+01]
  [4.33847611e-06 1.57802124e-02 1.82302508e+01]
  [4.80323968e-06 1.55874571e-02 1.94489831e+01]]

 [[5.54006319e-06 1.57063753e-02 1.93065035e+01]
  [4.79025995e-06 1.53226280e-02 1.94351175e+01]
  [5.79356444e-06 1.54197987e-02 1.85084922e+01]
  [4.57867160e-06 1.57174963e-02 1.99175906e+01]
  [5.96524864e-06 1.57319143e-02 1.89802423e+01]
  [4.74506278e-06 1.56152907e-02 1.89881258e+01]
  [4.70071424e-06 1.51074037e-02 2.09435517e+01]
  [4.36071301e-06 1.54327165e-02 1.89283573e+01]]

 [[5.34697943e-06 1.52008801e-02 2.02241683e+01]
  [5.45812497e-06 1.53626617e-02 1.94024919e+01]
  [7.73406380e-06 1.56704678e-02 1.91531360e+01]
  [4.69112557e-06 1.58637432e-02 1.93784117e+01]
  [4.95928954e-06 1.53689410e-02 1.88486453e+01]
  [3.99869539e-07 1.14543898e-02 2.42500956e+01]
  [7.06454141e-06 1.52670355e-02 2.04379610e+01]
  [5.96899203e-06 1.56020144e-02 1.93963325e+01]]

 [[4.25778421e-06 1.54962142e-02 1.85253313e+01]
  [8.74456565e-06 1.57393419e-02 1.89660197e+01]
  [7.77360372e-06 1.55961885e-02 1.93798341e+01]
  [5.27981625e-06 1.58234444e-02 1.88963145e+01]
  [5.52002694e-06 1.53667050e-02 1.79392873e+01]
  [5.49068123e-06 1.55198397e-02 1.89103998e+01]
  [5.51554477e-06 1.54811181e-02 1.84609795e+01]
  [3.72847224e-06 1.48802757e-02 2.15130336e+01]]

 [[7.47521037e-06 1.55132105e-02 1.82020274e+01]
  [4.75539416e-06 1.54329998e-02 1.92298396e+01]
  [4.63072972e-06 1.44374206e-02 2.20193118e+01]
  [4.50466658e-06 1.57961916e-02 1.91856675e+01]
  [5.47909320e-06 1.54925441e-02 1.94926246e+01]
  [8.13586221e-06 1.60288586e-02 1.84357064e+01]
  [4.78559432e-06 1.54642553e-02 1.93228140e+01]
  [5.11162504e-06 1.56096001e-02 1.92505008e+01]]]

Ref Max Post Table:
[[[3.05284806e-06 1.44216640e-02 1.85665146e+01]
  [5.62795174e-06 1.43734376e-02 1.87195257e+01]
  [3.21560819e-06 1.44440336e-02 1.84484874e+01]
  [2.20559508e-06 1.38098899e-02 2.13687024e+01]]

 [[6.35384441e-06 1.44338033e-02 1.82657879e+01]
  [3.11487380e-06 1.44680083e-02 1.86434710e+01]
  [3.28104188e-06 1.43024206e-02 1.87771605e+01]
  [5.53312780e-07 1.14586469e-02 2.41676793e+01]]

 [[3.24046120e-06 1.43940918e-02 1.91923396e+01]
  [3.79260186e-06 1.44508487e-02 1.90587563e+01]
  [3.91563390e-06 1.44199517e-02 1.83935420e+01]
  [2.86999773e-06 1.41226889e-02 2.04758377e+01]]

 [[2.84829374e-06 1.42501268e-02 1.98843202e+01]
  [5.61392873e-07 1.14591221e-02 2.44322823e+01]
  [3.07374468e-06 1.41338540e-02 1.95982739e+01]
  [1.92745764e-06 1.31432731e-02 2.01168049e+01]]]

Ref Max Pull Table:
[[[3.01808505e-06 1.44079892e-02 1.89820402e+01]
  [5.23558738e-06 1.16889417e-02 2.21599652e+01]
  [3.38889551e-06 1.44259639e-02 1.89889531e+01]
  [3.23959536e-06 1.43522505e-02 1.84200526e+01]]

 [[5.87279322e-06 1.16735640e-02 2.19392284e+01]
  [3.70088083e-06 1.31106244e-02 2.02172094e+01]
  [3.39303427e-06 1.42267054e-02 1.92081539e+01]
  [5.61426431e-07 1.14591225e-02 2.44322822e+01]]

 [[3.53121741e-06 1.43905145e-02 1.90659310e+01]
  [6.46522748e-06 1.28049717e-02 2.07027359e+01]
  [4.28834084e-06 1.44532936e-02 1.86898369e+01]
  [5.06836554e-06 1.43751014e-02 1.80742194e+01]]

 [[3.31682064e-06 1.43179916e-02 1.95145776e+01]
  [5.53344918e-07 1.14586473e-02 2.41676792e+01]
  [3.17926621e-06 1.43573526e-02 1.96274278e+01]
  [4.88814114e-06 1.44770576e-02 1.88963798e+01]]]

Max Activate Table:
[[[5.86391546e-06 1.58019167e-02 1.87629902e+01 3.92473476e-04
   1.14057476e-03 1.01304632e-03 1.01304632e-03]
  [4.28698546e-06 1.55963332e-02 1.86977596e+01 3.92485419e-04
   1.14026693e-03 1.01281126e-03 1.01281126e-03]
  [4.63663291e-06 1.57372403e-02 1.91596523e+01 3.92459306e-04
   1.14046408e-03 1.01293434e-03 1.01293434e-03]
  [5.32889538e-06 1.56997352e-02 1.87598833e+01 3.92476724e-04
   1.14078743e-03 1.01328363e-03 1.01328363e-03]
  [9.64507259e-06 1.57609424e-02 1.90397308e+01 3.92485169e-04
   1.14075106e-03 1.01325772e-03 1.01325772e-03]
  [3.37148646e-05 1.57690359e-02 1.87985162e+01 3.92477454e-04
   1.14024544e-03 1.01274066e-03 1.01274066e-03]
  [4.61096570e-06 1.54563817e-02 2.03428784e+01 3.92493410e-04
   1.14090302e-03 1.01345392e-03 1.01345392e-03]
  [4.97100206e-06 1.54076770e-02 1.94715772e+01 3.92486484e-04
   1.14027565e-03 1.01280854e-03 1.01280854e-03]]

 [[4.75939114e-06 1.59090866e-02 1.81818734e+01 3.92458688e-04
   1.14007182e-03 1.01254899e-03 1.01254899e-03]
  [5.12782849e-06 1.58429359e-02 1.94416785e+01 3.92462831e-04
   1.14021765e-03 1.01269924e-03 1.01269924e-03]
  [4.31283569e-06 1.57643710e-02 1.94304387e+01 3.92431136e-04
   1.14026659e-03 1.01269575e-03 1.01269575e-03]
  [4.65475066e-06 1.58525074e-02 2.06952833e+01 3.92458734e-04
   1.13978641e-03 1.01225266e-03 1.01225266e-03]
  [5.88974665e-06 1.54924398e-02 1.87685152e+01 3.92472903e-04
   1.14125625e-03 1.01373851e-03 1.01373851e-03]
  [4.67500762e-06 1.56106835e-02 1.94098554e+01 3.92464804e-04
   1.14048374e-03 1.01295873e-03 1.01295873e-03]
  [4.64358178e-06 1.55565892e-02 1.93461501e+01 3.92463836e-04
   1.14090159e-03 1.01337561e-03 1.01337561e-03]
  [4.78068322e-06 1.55132415e-02 1.88746160e+01 3.92474776e-04
   1.14035376e-03 1.01284862e-03 1.01284862e-03]]

 [[4.83396585e-06 1.55552844e-02 1.93021510e+01 3.92482894e-04
   1.14060846e-03 1.01310492e-03 1.01310492e-03]
  [6.94164703e-06 1.58930312e-02 1.87525251e+01 3.92445513e-04
   1.14027877e-03 1.01272887e-03 1.01272887e-03]
  [4.90225809e-06 1.55002576e-02 1.89638920e+01 3.92493417e-04
   1.14066404e-03 1.01320778e-03 1.01320778e-03]
  [5.64100211e-06 1.58036557e-02 1.89546573e+01 3.92441836e-04
   1.14036473e-03 1.01279036e-03 1.01279036e-03]
  [5.05590443e-06 1.57053696e-02 1.87608321e+01 3.92469795e-04
   1.14081701e-03 1.01330882e-03 1.01330882e-03]
  [4.43800916e-06 1.56468530e-02 1.95921976e+01 3.92462464e-04
   1.14049225e-03 1.01296067e-03 1.01296067e-03]
  [1.55468078e-06 1.18079066e-02 2.41010463e+01 4.12373499e-04
   6.73176070e-04 6.62252084e-04 6.62252084e-04]
  [4.86475112e-06 1.54224037e-02 1.94365823e+01 3.92476887e-04
   1.14033997e-03 1.01283850e-03 1.01283850e-03]]

 [[5.08910308e-06 1.54821546e-02 1.86107880e+01 3.92490209e-04
   1.14031371e-03 1.01284315e-03 1.01284315e-03]
  [6.17705373e-06 1.55674721e-02 1.84370050e+01 3.92511421e-04
   1.14143279e-03 1.01399795e-03 1.01399795e-03]
  [4.89631424e-06 1.56162413e-02 1.87660728e+01 3.92453481e-04
   1.14051308e-03 1.01298177e-03 1.01298177e-03]
  [7.23056455e-06 1.57144240e-02 1.80646320e+01 3.92487411e-04
   1.14109879e-03 1.01361111e-03 1.01361111e-03]
  [7.97859994e-06 1.56507925e-02 1.92474403e+01 3.92476325e-04
   1.14032624e-03 1.01284367e-03 1.01284367e-03]
  [5.63517382e-06 1.52728483e-02 2.10856032e+01 3.93708052e-04
   1.11050552e-03 9.90680014e-04 9.90680014e-04]
  [4.31191267e-06 1.55399758e-02 1.94222146e+01 3.92442761e-04
   1.14071294e-03 1.01314520e-03 1.01314520e-03]
  [5.15792266e-06 1.57422037e-02 1.90443292e+01 3.92461346e-04
   1.14059112e-03 1.01305911e-03 1.01305911e-03]]

 [[5.74481217e-06 1.56365051e-02 1.91700576e+01 3.92464377e-04
   1.14077303e-03 1.01325170e-03 1.01325170e-03]
  [4.56445860e-06 1.59051427e-02 1.83883144e+01 3.92444387e-04
   1.13999469e-03 1.01243231e-03 1.01243231e-03]
  [1.58523881e-06 1.18172641e-02 2.36169765e+01 4.12396590e-04
   6.74586243e-04 6.63380368e-04 6.63380368e-04]
  [5.84784692e-06 1.56272443e-02 1.81765329e+01 3.92478089e-04
   1.14111450e-03 1.01366038e-03 1.01366038e-03]
  [8.59165861e-06 1.57655044e-02 1.92545995e+01 3.92482988e-04
   1.14069364e-03 1.01319765e-03 1.01319765e-03]
  [4.75954597e-06 1.55804618e-02 1.89176571e+01 3.92478031e-04
   1.14042595e-03 1.01292849e-03 1.01292849e-03]
  [5.67980259e-06 1.55741235e-02 1.85663203e+01 3.92482425e-04
   1.14069835e-03 1.01321933e-03 1.01321933e-03]
  [5.27434865e-06 1.55612828e-02 1.91666480e+01 3.92474248e-04
   1.14029497e-03 1.01280129e-03 1.01280129e-03]]

 [[5.11131032e-06 1.57554271e-02 1.90157742e+01 3.92462354e-04
   1.14022793e-03 1.01271731e-03 1.01271731e-03]
  [5.74776314e-06 1.58478082e-02 1.94984356e+01 3.92451235e-04
   1.13979937e-03 1.01227826e-03 1.01227826e-03]
  [4.85479797e-06 1.58358343e-02 1.87387614e+01 3.92441379e-04
   1.14056842e-03 1.01301767e-03 1.01301767e-03]
  [8.13795605e-06 1.58372520e-02 1.91884992e+01 3.92455912e-04
   1.14035163e-03 1.01281348e-03 1.01281348e-03]
  [4.32471435e-06 1.54225295e-02 1.83076913e+01 3.92487326e-04
   1.14072020e-03 1.01324231e-03 1.01324231e-03]
  [4.62888402e-06 1.54793534e-02 1.91983423e+01 3.92478646e-04
   1.14029291e-03 1.01279237e-03 1.01279237e-03]
  [3.97779373e-06 1.31122722e-02 2.26252619e+01 4.08186798e-04
   8.32526017e-04 7.80668022e-04 7.80668022e-04]
  [4.82032027e-06 1.55274451e-02 1.90823389e+01 3.92471438e-04
   1.14083477e-03 1.01332322e-03 1.01332322e-03]]

 [[4.69942457e-06 1.55020599e-02 1.92368769e+01 3.92484933e-04
   1.14066964e-03 1.01318349e-03 1.01318349e-03]
  [6.46070368e-06 1.53896196e-02 1.90976147e+01 3.92466005e-04
   1.14065725e-03 1.01313074e-03 1.01313074e-03]
  [6.20413546e-06 1.58047008e-02 1.88656153e+01 3.92449975e-04
   1.14085263e-03 1.01330604e-03 1.01330604e-03]
  [5.73487527e-06 1.52768587e-02 2.03321258e+01 3.93488322e-04
   1.11078651e-03 9.90919510e-04 9.90919510e-04]
  [1.52489175e-06 1.17989035e-02 2.37292181e+01 4.08414794e-04
   8.39229536e-04 6.45604545e-04 8.24872071e-04]
  [4.33416503e-06 1.53886222e-02 1.93286741e+01 3.92476376e-04
   1.14084558e-03 1.01336420e-03 1.01336420e-03]
  [1.96149684e-06 1.31363737e-02 2.16940052e+01 4.13977519e-04
   8.23781080e-04 7.72784630e-04 7.72784630e-04]
  [5.78708909e-06 1.55522795e-02 1.87850888e+01 3.92448719e-04
   1.14056018e-03 1.01302738e-03 1.01302738e-03]]

 [[6.71596230e-06 1.58002231e-02 1.81550719e+01 3.92437272e-04
   1.14043998e-03 1.01288169e-03 1.01288169e-03]
  [8.24289713e-06 1.54615512e-02 1.92506568e+01 3.92474587e-04
   1.14092032e-03 1.01340762e-03 1.01340762e-03]
  [4.24449563e-06 1.55231091e-02 1.92821958e+01 3.92465742e-04
   1.14052796e-03 1.01299778e-03 1.01299778e-03]
  [4.97750882e-06 1.56408549e-02 1.92724149e+01 3.92475446e-04
   1.14053074e-03 1.01305840e-03 1.01305840e-03]
  [7.36603172e-06 1.57274326e-02 1.82472772e+01 3.92461172e-04
   1.14057582e-03 1.01304813e-03 1.01304813e-03]
  [5.71783481e-06 1.57128811e-02 1.89725157e+01 3.92455999e-04
   1.14028758e-03 1.01272999e-03 1.01272999e-03]
  [4.34785446e-06 1.54499753e-02 1.92799594e+01 3.92460687e-04
   1.14033471e-03 1.01280603e-03 1.01280603e-03]
  [4.47736537e-06 1.58257117e-02 1.93358736e+01 3.92452317e-04
   1.14021899e-03 1.01268141e-03 1.01268141e-03]]]

Cumulative Reward: 9878.119763279572
