Scheduler Table:
[[[4.65212655e-06 1.52832499e-02 1.99672700e+01 3.92486468e-04
   1.14071320e-03 1.01324425e-03 1.01324425e-03]
  [4.20381637e-06 1.51930487e-02 2.02551348e+01 3.92491742e-04
   1.14088266e-03 1.01341590e-03 1.01341590e-03]
  [4.69672526e-06 1.52833787e-02 2.00293535e+01 3.92482062e-04
   1.14080227e-03 1.01331430e-03 1.01331430e-03]]

 [[4.62971008e-06 1.52973209e-02 1.97951466e+01 3.92488311e-04
   1.14079491e-03 1.01331958e-03 1.01331958e-03]
  [4.04099069e-06 1.15079292e-02 2.36050929e+01 4.18533934e-04
   6.50992937e-04 6.20456225e-04 6.50334146e-04]
  [4.70229814e-06 1.52066418e-02 2.03237704e+01 3.92491970e-04
   1.14084756e-03 1.01337513e-03 1.01337513e-03]]

 [[4.28084195e-06 1.52377949e-02 2.00287013e+01 3.92489085e-04
   1.14073894e-03 1.01326278e-03 1.01326278e-03]
  [4.09460703e-06 1.51999629e-02 2.02664347e+01 3.92491663e-04
   1.14090717e-03 1.01343158e-03 1.01343158e-03]
  [1.17270669e-06 1.36368702e-02 2.50909380e+01 3.92610346e-04
   1.14440246e-03 1.01711809e-03 1.01711809e-03]]]

Buffer Table:
[[[4.10162888e-06 1.52318603e-02 2.00833060e+01 3.92491488e-04
   1.14084881e-03 1.01337656e-03 1.01337656e-03]
  [4.20647000e-06 1.52191696e-02 2.01002329e+01 3.92491377e-04
   1.14081319e-03 1.01334068e-03 1.01334068e-03]
  [4.40533694e-06 1.51598774e-02 2.04305116e+01 3.92887251e-04
   1.13560513e-03 1.00941125e-03 1.00941125e-03]]

 [[4.15204398e-06 1.52197799e-02 2.02242620e+01 3.92717208e-04
   1.13572954e-03 1.00952424e-03 1.00952424e-03]
  [4.07581855e-06 1.15459794e-02 2.35656114e+01 4.18097960e-04
   6.56610354e-04 6.24740786e-04 6.54618707e-04]
  [4.75633345e-06 1.51884837e-02 2.02311521e+01 3.92497482e-04
   1.14086971e-03 1.01340923e-03 1.01340923e-03]]

 [[4.12918993e-06 1.52373293e-02 2.03180813e+01 3.92490082e-04
   1.14074157e-03 1.01327272e-03 1.01327272e-03]
  [4.05826907e-06 1.46617189e-02 2.18075008e+01 3.96564783e-04
   1.09170859e-03 9.75940357e-04 9.75940357e-04]
  [5.60262693e-06 1.52332345e-02 1.99162950e+01 3.92483033e-04
   1.14071650e-03 1.01323500e-03 1.01323500e-03]]]

Arbiter Table:
[[[4.04099069e-06 1.15079292e-02 2.36050929e+01 4.18533934e-04
   6.50992937e-04 6.20456225e-04 6.50334146e-04]
  [4.57740024e-06 1.51688429e-02 2.03869223e+01 3.92492149e-04
   1.14080642e-03 1.01334096e-03 1.01334096e-03]
  [4.29029027e-06 1.52028380e-02 2.00967886e+01 3.92496269e-04
   1.14103408e-03 1.01357263e-03 1.01357263e-03]]

 [[4.09443567e-06 1.48655084e-02 2.17253727e+01 3.92508032e-04
   1.14153389e-03 1.01409252e-03 1.01409252e-03]
  [4.45402226e-06 1.53221578e-02 1.97809929e+01 3.92480634e-04
   1.14069708e-03 1.01320857e-03 1.01320857e-03]
  [4.35853312e-06 1.52763289e-02 1.99059663e+01 3.92489143e-04
   1.14069133e-03 1.01321577e-03 1.01321577e-03]]

 [[3.86230806e-06 1.49380860e-02 2.11023750e+01 3.92514556e-04
   1.14160515e-03 1.01416843e-03 1.01416843e-03]
  [4.54189292e-06 1.52725749e-02 2.00901339e+01 3.92482366e-04
   1.14071068e-03 1.01322031e-03 1.01322031e-03]
  [4.49148656e-06 1.52740162e-02 1.98479283e+01 3.92486629e-04
   1.14065324e-03 1.01317517e-03 1.01317517e-03]]]

Page Table:
[[[4.59415536e-06 2.51850486e-02 2.15363541e+01 3.92305265e-04
   1.14205746e-03 1.01436713e-03 1.01436713e-03]
  [1.35222071e-06 1.15680584e-02 2.35768280e+01 4.25724500e-04
   6.46000132e-04 6.13627892e-04 6.43505813e-04]
  [4.28919218e-06 2.67957764e-02 1.95299579e+01 3.92269933e-04
   1.14153521e-03 1.01381203e-03 1.01381203e-03]
  [4.98216303e-06 2.64571463e-02 2.05781968e+01 3.92268000e-04
   1.14148525e-03 1.01374819e-03 1.01374819e-03]]

 [[4.11326618e-06 1.15686923e-02 2.36387700e+01 4.26447773e-04
   6.18023841e-04 6.16137666e-04 6.16137666e-04]
  [4.59884992e-06 2.56077773e-02 2.01375984e+01 3.92297788e-04
   1.14150046e-03 1.01380190e-03 1.01380190e-03]
  [4.22746823e-06 2.65545019e-02 1.91666030e+01 3.92269494e-04
   1.14154664e-03 1.01381676e-03 1.01381676e-03]
  [5.24817991e-06 2.55463749e-02 2.03477445e+01 3.92292642e-04
   1.14165218e-03 1.01395248e-03 1.01395248e-03]]

 [[4.07382026e-06 2.38690346e-02 2.18729789e+01 3.92337030e-04
   1.14192433e-03 1.01427974e-03 1.01427974e-03]
  [4.75794234e-06 2.64012537e-02 2.01959592e+01 3.92275123e-04
   1.14156429e-03 1.01384023e-03 1.01384023e-03]
  [4.19548966e-06 2.69437186e-02 1.93752116e+01 3.92261732e-04
   1.14141548e-03 1.01367482e-03 1.01367482e-03]
  [4.86931401e-06 2.64778500e-02 2.04039242e+01 3.92275996e-04
   1.14166301e-03 1.01393979e-03 1.01393979e-03]]

 [[5.09647396e-06 2.63020998e-02 2.04779384e+01 3.92278135e-04
   1.14145548e-03 1.01373812e-03 1.01373812e-03]
  [4.42969727e-06 2.40867622e-02 2.15103855e+01 3.92328030e-04
   1.14190843e-03 1.01425365e-03 1.01425365e-03]
  [4.90968057e-06 2.70132513e-02 1.92901329e+01 3.92259543e-04
   1.14154170e-03 1.01379752e-03 1.01379752e-03]
  [4.73841126e-06 2.62336159e-02 2.02329592e+01 3.92281523e-04
   1.14165425e-03 1.01394830e-03 1.01394830e-03]]]

Response Table:
[[[4.22524876e-06 1.45686950e-02 1.98224093e+01]
  [3.84105121e-06 1.45531435e-02 1.99315563e+01]]

 [[3.91846918e-06 1.45454842e-02 2.00347433e+01]
  [4.04099069e-06 1.15079292e-02 2.36050929e+01]]]

Refresh Table:
[[[4.04099069e-06 1.15079292e-02 2.36050929e+01]
  [3.97196389e-06 1.45010655e-02 2.00288020e+01]]

 [[3.96423912e-06 1.46331633e-02 2.00073433e+01]
  [3.91422832e-06 1.44969166e-02 1.98868154e+01]]]

Request Buffer Table:
[[[8.68462246e-06 1.60211354e+00 1.73365688e+01]
  [9.34070364e-06 1.65481610e+00 1.74159972e+01]
  [1.06690992e-05 1.60426988e+00 1.77455856e+01]
  [8.75439048e-06 1.58843612e+00 1.79583186e+01]
  [9.14288513e-06 1.63411455e+00 1.78764923e+01]
  [8.55519385e-06 1.47312584e+00 1.81034020e+01]
  [7.54278416e-06 1.29809781e+00 1.97865538e+01]
  [1.00200521e-05 1.48791412e+00 1.80311993e+01]]

 [[9.14369401e-06 1.59879471e+00 1.73045120e+01]
  [9.05348305e-06 1.73490211e+00 1.73443661e+01]
  [1.23761238e-05 1.68583324e+00 1.74503735e+01]
  [9.15770618e-06 1.66446874e+00 1.77152171e+01]
  [8.58344840e-06 1.55601751e+00 1.78290544e+01]
  [8.63410986e-06 1.53530070e+00 1.78145481e+01]
  [8.15454818e-06 1.33136029e+00 1.91689582e+01]
  [8.95272907e-06 1.60774655e+00 1.77227009e+01]]

 [[9.65748387e-06 1.76203847e+00 1.73770198e+01]
  [9.00292785e-06 1.61239730e+00 1.74214685e+01]
  [8.79780472e-06 1.65364006e+00 1.78049346e+01]
  [9.50340897e-06 1.74815636e+00 1.76076255e+01]
  [8.61773003e-06 1.50511114e+00 1.84417138e+01]
  [8.39856009e-06 1.55611512e+00 1.78395587e+01]
  [8.74070028e-06 1.56494767e+00 1.79323995e+01]
  [8.11208570e-06 1.46586567e+00 1.82580947e+01]]

 [[9.16753538e-06 1.63142024e+00 1.74274549e+01]
  [8.72299172e-06 1.65337900e+00 1.71475410e+01]
  [8.73513174e-06 1.64885219e+00 1.77691630e+01]
  [1.00705753e-05 1.61688021e+00 1.76346226e+01]
  [8.49922902e-06 1.45349975e+00 1.84501905e+01]
  [8.85577363e-06 1.58486075e+00 1.76908363e+01]
  [8.84825596e-06 1.67096596e+00 1.77698727e+01]
  [8.12496459e-06 1.50389915e+00 1.80326763e+01]]

 [[9.99097014e-06 1.56903983e+00 1.74728683e+01]
  [8.88772565e-06 1.55494315e+00 1.76933910e+01]
  [8.76981496e-06 1.60923789e+00 1.74035630e+01]
  [8.14884128e-06 1.52227700e+00 1.81759016e+01]
  [8.59744773e-06 1.50931031e+00 1.79903926e+01]
  [8.36348011e-06 1.54269659e+00 1.77737331e+01]
  [1.01438865e-05 1.52030120e+00 1.82794344e+01]
  [8.27552716e-06 1.44767191e+00 1.81960363e+01]]

 [[8.86547052e-06 1.55657047e+00 1.75186362e+01]
  [8.96347404e-06 1.64151177e+00 1.72040639e+01]
  [8.70028551e-06 1.61657941e+00 1.74939214e+01]
  [8.66612946e-06 1.55832852e+00 1.80532862e+01]
  [8.72068123e-06 1.56065852e+00 1.79578803e+01]
  [9.37694740e-06 8.88569828e-01 2.05044199e+01]
  [8.31309323e-06 1.49917513e+00 1.82362536e+01]
  [1.11174209e-05 1.47432615e+00 1.81646657e+01]]

 [[1.26823916e-05 1.49531759e+00 1.79975451e+01]
  [8.67052792e-06 1.61296636e+00 1.76585022e+01]
  [9.99165786e-06 1.61563165e+00 1.77549251e+01]
  [8.77639233e-06 1.59751199e+00 1.78406699e+01]
  [8.67617138e-06 1.47403453e+00 1.81105824e+01]
  [8.83493570e-06 1.49346892e+00 1.80598193e+01]
  [1.25699471e-06 1.46288933e-01 2.30107943e+01]
  [1.12448323e-05 1.50613303e+00 1.78480597e+01]]

 [[9.18654283e-06 1.57023653e+00 1.72571802e+01]
  [1.06767052e-05 1.58736489e+00 1.72965710e+01]
  [8.16278492e-06 1.48861101e+00 1.80009011e+01]
  [8.33723611e-06 1.58301464e+00 1.77777280e+01]
  [8.85269897e-06 1.52413846e+00 1.78331277e+01]
  [8.27895653e-06 1.48129640e+00 1.81604996e+01]
  [8.74626755e-06 1.54525298e+00 1.79671903e+01]
  [1.25843811e-05 1.49943929e+00 1.81010124e+01]]]

Ref Max Post Table:
[[[4.62476366e-06 2.54803242e-02 2.00956904e+01]
  [4.67610152e-06 2.55178033e-02 2.00201879e+01]
  [4.27003599e-06 2.63531356e-02 2.01864906e+01]
  [4.47143548e-06 2.38861451e-02 2.12939795e+01]]

 [[6.08855247e-06 2.51171361e-02 2.01014576e+01]
  [4.94183510e-06 2.48416408e-02 2.01760875e+01]
  [4.34375732e-06 2.55137013e-02 2.01926479e+01]
  [1.45011015e-06 1.16348560e-02 2.38865275e+01]]

 [[4.29054650e-06 2.60593603e-02 2.00516706e+01]
  [1.11955221e-06 1.16355151e-02 2.38815477e+01]
  [4.32727234e-06 2.54578671e-02 2.01054013e+01]
  [4.78094090e-06 2.53157318e-02 2.02762209e+01]]

 [[4.63621282e-06 2.53118573e-02 2.03220227e+01]
  [5.12541026e-06 2.52316954e-02 2.01839906e+01]
  [4.44580777e-06 1.16342255e-02 2.38878358e+01]
  [4.43771577e-06 2.42197279e-02 2.08455619e+01]]]

Ref Max Pull Table:
[[[5.11116727e-06 2.52109919e-02 2.01961263e+01]
  [1.38645079e-06 1.17275463e-02 2.35366488e+01]
  [4.55378370e-06 2.64568724e-02 2.01908791e+01]
  [5.38512533e-06 2.47127395e-02 2.00937542e+01]]

 [[4.14767692e-06 1.17290220e-02 2.35983787e+01]
  [4.52436084e-06 2.42373301e-02 2.11677914e+01]
  [4.93573760e-06 2.61849414e-02 2.01136090e+01]
  [4.50581682e-06 2.50389314e-02 2.03560717e+01]]

 [[4.30698892e-06 2.63665939e-02 2.00921203e+01]
  [4.00533710e-06 2.42937102e-02 2.05679582e+01]
  [5.20057824e-06 2.67854159e-02 2.00341098e+01]
  [4.89459417e-06 2.54363533e-02 2.01169924e+01]]

 [[5.98139928e-06 2.49774111e-02 2.01462939e+01]
  [4.27517415e-06 2.53412365e-02 2.05354333e+01]
  [4.31160995e-06 2.59118912e-02 2.02982970e+01]
  [4.81356570e-06 2.52911243e-02 2.01528300e+01]]]

Max Activate Table:
[[[1.24887950e-05 1.72907627e+00 1.72132199e+01 3.37614515e-04
   1.03798151e-03 9.22205038e-04 9.22205038e-04]
  [8.35905247e-06 1.56348209e+00 1.74570766e+01 3.42906252e-04
   1.04780930e-03 9.30905767e-04 9.30905767e-04]
  [9.40668632e-06 1.74590760e+00 1.74102880e+01 3.37060903e-04
   1.03695265e-03 9.21273264e-04 9.21273264e-04]
  [9.07336767e-06 1.61406422e+00 1.74673360e+01 3.41295794e-04
   1.04499189e-03 9.28439859e-04 9.28439859e-04]
  [9.39817786e-06 1.73222036e+00 1.76783072e+01 3.37499306e-04
   1.03766308e-03 9.21895768e-04 9.21895768e-04]
  [8.10914283e-06 1.42529843e+00 1.81331011e+01 3.47339686e-04
   1.05617169e-03 9.38336314e-04 9.38336314e-04]
  [8.30158247e-06 1.45244093e+00 1.81623072e+01 3.46466121e-04
   1.05461964e-03 9.36961217e-04 9.36961217e-04]
  [8.35677792e-06 1.55006821e+00 1.78362683e+01 3.43340122e-04
   1.04878741e-03 9.31797550e-04 9.31797550e-04]]

 [[9.74992384e-06 1.70254808e+00 1.70513498e+01 3.38455130e-04
   1.03965080e-03 9.23688675e-04 9.23688675e-04]
  [8.92237051e-06 1.74734135e+00 1.72499601e+01 3.37023320e-04
   1.03678029e-03 9.21130419e-04 9.21130419e-04]
  [9.32270110e-06 1.81318779e+00 1.74742106e+01 3.34909033e-04
   1.03306924e-03 9.17872685e-04 9.17872685e-04]
  [9.19566852e-06 1.77118346e+00 1.74942151e+01 3.36263135e-04
   1.03525461e-03 9.19785542e-04 9.19785542e-04]
  [8.35206957e-06 1.52747696e+00 1.79037531e+01 3.44055683e-04
   1.05009088e-03 9.32929113e-04 9.32929113e-04]
  [8.18729842e-06 1.47341274e+00 1.79955620e+01 3.45790552e-04
   1.05314735e-03 9.35622938e-04 9.35622938e-04]
  [7.97920328e-06 1.40189394e+00 1.84080077e+01 3.48085632e-04
   1.05749960e-03 9.39499275e-04 9.39499275e-04]
  [8.96722914e-06 1.50698692e+00 1.80382048e+01 3.44713254e-04
   1.05115146e-03 9.33851976e-04 9.33851976e-04]]

 [[8.67706143e-06 1.67707386e+00 1.74632081e+01 3.39262250e-04
   1.04086223e-03 9.24714113e-04 9.24714113e-04]
  [8.55393710e-06 1.67407761e+00 1.74586217e+01 3.39363672e-04
   1.04113420e-03 9.24971971e-04 9.24971971e-04]
  [9.46715193e-06 1.61016593e+00 1.74822960e+01 3.41413889e-04
   1.04528983e-03 9.28702603e-04 9.28702603e-04]
  [8.64706802e-06 1.64178561e+00 1.75757661e+01 3.40390933e-04
   1.04304706e-03 9.26654082e-04 9.26654082e-04]
  [1.10472329e-05 1.63592384e+00 1.76998530e+01 3.40592344e-04
   1.04382783e-03 9.27426870e-04 9.27426870e-04]
  [8.68392509e-06 1.56047330e+00 1.78750689e+01 3.42993573e-04
   1.04777734e-03 9.30828507e-04 9.30828507e-04]
  [9.01806061e-06 1.38472808e+00 1.84884150e+01 3.48634558e-04
   1.05864831e-03 9.40527187e-04 9.40527187e-04]
  [8.75832122e-06 1.66716743e+00 1.76644483e+01 3.39583230e-04
   1.04143610e-03 9.25223565e-04 9.25223565e-04]]

 [[8.42952758e-06 1.63298297e+00 1.71332697e+01 3.40683279e-04
   1.04380322e-03 9.27368285e-04 9.27368285e-04]
  [8.65803043e-06 1.58919483e+00 1.74417934e+01 3.42091544e-04
   1.04639958e-03 9.29685346e-04 9.29685346e-04]
  [9.24370252e-06 1.53781338e+00 1.78086273e+01 3.43724131e-04
   1.04938710e-03 9.32297552e-04 9.32297552e-04]
  [9.26110269e-06 1.69207594e+00 1.73753490e+01 3.38798419e-04
   1.04032012e-03 9.24301944e-04 9.24301944e-04]
  [8.67685456e-06 1.53112490e+00 1.81340317e+01 3.43951918e-04
   1.05010830e-03 9.32990162e-04 9.32990162e-04]
  [1.19940319e-05 1.53988788e+00 1.82484245e+01 3.43660813e-04
   1.04914955e-03 9.32074815e-04 9.32074815e-04]
  [7.52563585e-06 1.29930184e+00 1.88991253e+01 3.54053512e-04
   1.01568619e-03 9.08684439e-04 9.08684439e-04]
  [8.59842045e-06 1.57926766e+00 1.80767666e+01 3.42402435e-04
   1.04700676e-03 9.30206829e-04 9.30206829e-04]]

 [[8.84690220e-06 1.59806450e+00 1.76646247e+01 3.41800898e-04
   1.04577737e-03 9.29104735e-04 9.29104735e-04]
  [8.96884909e-06 1.69901033e+00 1.72028463e+01 3.38569228e-04
   1.03988271e-03 9.23897584e-04 9.23897584e-04]
  [8.64299156e-06 1.61837008e+00 1.76939455e+01 3.41142576e-04
   1.04449283e-03 9.27951432e-04 9.27951432e-04]
  [9.12974324e-06 1.59460231e+00 1.77590525e+01 3.41910945e-04
   1.04590609e-03 9.29218102e-04 9.29218102e-04]
  [1.27532345e-05 1.65596987e+00 1.75834787e+01 3.39949286e-04
   1.04223765e-03 9.25959870e-04 9.25959870e-04]
  [7.82491976e-06 1.34715192e+00 1.85091950e+01 3.49844362e-04
   1.06088490e-03 9.42527783e-04 9.42527783e-04]
  [8.73861860e-06 1.46168571e+00 1.76229203e+01 3.46170424e-04
   1.05413382e-03 9.36539215e-04 9.36539215e-04]
  [1.07618672e-05 1.56340285e+00 1.81740254e+01 3.42910911e-04
   1.04772830e-03 9.30821255e-04 9.30821255e-04]]

 [[8.29682134e-06 1.56221676e+00 1.72022122e+01 3.42949073e-04
   1.04781986e-03 9.30908969e-04 9.30908969e-04]
  [8.56351515e-06 1.59769083e+00 1.73165871e+01 3.41807320e-04
   1.04581262e-03 9.29125481e-04 9.29125481e-04]
  [8.59088905e-06 1.54032890e+00 1.77248956e+01 3.43644917e-04
   1.04930890e-03 9.32233953e-04 9.32233953e-04]
  [9.15087816e-06 1.55372302e+00 1.77905816e+01 3.43217526e-04
   1.04856892e-03 9.31587255e-04 9.31587255e-04]
  [8.49395552e-06 1.43207641e+00 1.80883556e+01 3.47119983e-04
   1.05567722e-03 9.37887473e-04 9.37887473e-04]
  [7.99569077e-06 1.45077355e+00 1.79534284e+01 3.46510427e-04
   1.05444107e-03 9.36756398e-04 9.36756398e-04]
  [7.96445952e-06 1.34908232e+00 1.86920386e+01 3.49780158e-04
   1.06082164e-03 9.42467483e-04 9.42467483e-04]
  [1.26342840e-05 1.45412098e+00 1.80955220e+01 3.46412671e-04
   1.05449521e-03 9.36849692e-04 9.36849692e-04]]

 [[8.05083808e-06 1.50374747e+00 1.73309868e+01 3.44820576e-04
   1.05154237e-03 9.34231503e-04 9.34231503e-04]
  [8.18964000e-06 1.47587521e+00 1.79237029e+01 3.45713663e-04
   1.05313349e-03 9.35631321e-04 9.35631321e-04]
  [8.91586789e-06 1.48932944e+00 1.77791651e+01 3.45281697e-04
   1.05249125e-03 9.35075972e-04 9.35075972e-04]
  [8.27014507e-06 1.51630038e+00 1.78468277e+01 3.44594202e-04
   1.04600050e-03 9.30058201e-04 9.30058201e-04]
  [8.80728870e-06 1.61593107e+00 1.75508256e+01 3.41225348e-04
   1.04466610e-03 9.28111828e-04 9.28111828e-04]
  [8.35854691e-06 1.39750258e+00 1.81551526e+01 3.48224011e-04
   1.05789895e-03 9.39865229e-04 9.39865229e-04]
  [4.51156203e-06 1.02720098e-01 2.32570338e+01 4.13954402e-04
   6.76480774e-04 6.38970704e-04 6.68848625e-04]
  [8.94054699e-06 1.44700466e+00 1.82734609e+01 3.46644335e-04
   1.05513690e-03 9.37447386e-04 9.37447386e-04]]

 [[8.58471175e-06 1.54761986e+00 1.75143802e+01 3.43412963e-04
   1.04895150e-03 9.31933260e-04 9.31933260e-04]
  [8.48400232e-06 1.59526169e+00 1.75020836e+01 3.41886416e-04
   1.04593295e-03 9.29238148e-04 9.29238148e-04]
  [9.14027166e-06 1.61285103e+00 1.77549144e+01 3.41322941e-04
   1.04496283e-03 9.28387602e-04 9.28387602e-04]
  [8.26995226e-06 1.52226129e+00 1.78891289e+01 3.44233989e-04
   1.05057586e-03 9.33395640e-04 9.33395640e-04]
  [9.31175806e-06 1.50552892e+00 1.78952358e+01 3.44769055e-04
   1.05126867e-03 9.33980654e-04 9.33980654e-04]
  [8.65746152e-06 1.51155133e+00 1.81038255e+01 3.44564114e-04
   1.05086264e-03 9.33589779e-04 9.33589779e-04]
  [8.14747036e-06 1.42691812e+00 1.82133787e+01 3.47281950e-04
   1.05607180e-03 9.38228158e-04 9.38228158e-04]
  [1.06206783e-05 1.51931433e+00 1.80067400e+01 3.44322495e-04
   1.05054242e-03 9.33336119e-04 9.33336119e-04]]]

Cumulative Reward: 10842.410881329753
