Scheduler Table:
[[[3.65005579e-06 1.24330863e-02 1.27004872e+01 6.68174092e-04
   6.41204092e-04 3.35286722e-04 3.35286722e-04]
  [3.56080394e-06 1.21830240e-02 1.35223672e+01 6.66932465e-04
   6.50179716e-04 3.35250624e-04 3.35250624e-04]
  [3.61236971e-06 1.23379284e-02 1.28441634e+01 6.72846703e-04
   6.31968657e-04 3.35147234e-04 3.35147234e-04]]

 [[3.40433962e-06 1.23270218e-02 1.27922735e+01 6.70260479e-04
   6.37913458e-04 3.35141686e-04 3.35141686e-04]
  [2.44678324e-05 2.02232827e-01 3.32779168e+01 8.56553253e-04
   5.77002874e-04 3.33954681e-04 3.34139503e-04]
  [3.35902044e-06 1.22897338e-02 1.29635199e+01 6.73828474e-04
   6.48815921e-04 3.35056726e-04 3.35056726e-04]]

 [[3.50029949e-06 1.23455317e-02 1.27807164e+01 6.72643059e-04
   6.42091287e-04 3.35155231e-04 3.35155231e-04]
  [3.32447715e-06 1.22774647e-02 1.30688322e+01 6.72385219e-04
   6.44486717e-04 3.35052145e-04 3.35052145e-04]
  [1.88071134e-06 1.12798926e-02 2.53266409e+01 7.30905208e-04
   5.97900772e-04 3.34617830e-04 3.34617830e-04]]]

Buffer Table:
[[[3.40757930e-06 1.23280566e-02 1.28755328e+01 6.83113976e-04
   6.30830922e-04 3.35128200e-04 3.35128200e-04]
  [3.56438641e-06 1.23313882e-02 1.29112806e+01 6.71226805e-04
   6.37411495e-04 3.35169889e-04 3.35169889e-04]
  [2.36908385e-05 2.02277117e-01 3.20451669e+01 8.23579376e-04
   6.07040936e-04 3.34068871e-04 3.34085673e-04]]

 [[3.30517169e-06 1.20334316e-02 1.37077426e+01 6.64097560e-04
   6.39494913e-04 3.35515795e-04 3.35515795e-04]
  [3.81064410e-06 1.24487984e-02 1.27393247e+01 6.62168325e-04
   6.46457264e-04 3.35312781e-04 3.35312781e-04]
  [3.58471325e-06 1.23460527e-02 1.29661727e+01 6.67475995e-04
   6.50143422e-04 3.35128397e-04 3.35128397e-04]]

 [[4.03222698e-06 1.00063881e-02 3.21503456e+01 8.23885053e-04
   5.69666291e-04 3.34040889e-04 3.34227578e-04]
  [3.61731100e-06 1.23656487e-02 1.27982950e+01 6.62287742e-04
   6.47267611e-04 3.35285158e-04 3.35285158e-04]
  [3.27272592e-06 1.22829794e-02 1.29256131e+01 6.61429706e-04
   6.70598327e-04 3.35074294e-04 3.35074294e-04]]]

Arbiter Table:
[[[2.44680134e-05 2.02233972e-01 3.32740153e+01 8.56544962e-04
   5.77013308e-04 3.33953254e-04 3.34138076e-04]
  [3.43446872e-06 1.23213922e-02 1.29343349e+01 6.75649744e-04
   6.39471732e-04 3.35106572e-04 3.35106572e-04]
  [4.97355044e-06 1.22628061e-02 1.28665436e+01 6.65760536e-04
   6.51410222e-04 3.35184393e-04 3.35184393e-04]]

 [[3.37842444e-06 1.22825293e-02 1.30070332e+01 6.74750174e-04
   6.37737183e-04 3.35081700e-04 3.35081700e-04]
  [3.54972272e-06 1.23941742e-02 1.28485125e+01 6.70238940e-04
   6.37397249e-04 3.35201818e-04 3.35201818e-04]
  [3.59666710e-06 1.23524196e-02 1.28152250e+01 6.72811512e-04
   6.35323231e-04 3.35161092e-04 3.35161092e-04]]

 [[1.91085212e-05 1.19480307e-02 1.41405400e+01 6.66792120e-04
   6.43700803e-04 3.35294797e-04 3.35294797e-04]
  [3.54962684e-06 1.23668512e-02 1.27998379e+01 6.71217655e-04
   6.35426519e-04 3.35187507e-04 3.35187507e-04]
  [3.85258741e-06 1.24229223e-02 1.27879581e+01 6.67974498e-04
   6.42289935e-04 3.35281767e-04 3.35281767e-04]]]

Page Table:
[[[3.85603280e-06 1.32492652e-02 1.29325267e+01 6.76288920e-04
   6.38250363e-04 3.35276674e-04 3.35276674e-04]
  [4.55897288e-06 1.00567521e-02 3.09535444e+01 7.97159531e-04
   5.85611645e-04 3.34169067e-04 3.34169067e-04]
  [4.49517807e-06 1.32320239e-02 1.26853104e+01 6.72524973e-04
   6.45854596e-04 3.35233722e-04 3.35233722e-04]
  [3.75831941e-06 1.31970092e-02 1.28671653e+01 6.72030219e-04
   6.39599989e-04 3.35234086e-04 3.35234086e-04]]

 [[4.18485673e-06 1.32905361e-02 1.28313685e+01 6.74329667e-04
   6.40431913e-04 3.35307595e-04 3.35307595e-04]
  [3.58695282e-06 1.32136211e-02 1.28307524e+01 6.71171245e-04
   6.38451758e-04 3.35249309e-04 3.35249309e-04]
  [3.84218145e-06 1.32872891e-02 1.26740282e+01 6.76812492e-04
   6.49380363e-04 3.35272728e-04 3.35272728e-04]
  [3.29941549e-06 1.00562407e-02 3.09096536e+01 7.94804881e-04
   5.89379657e-04 3.34213614e-04 3.34400303e-04]]

 [[4.62268716e-06 1.33433267e-02 1.27831236e+01 6.67748137e-04
   6.55750115e-04 3.35319695e-04 3.35319695e-04]
  [3.60466799e-06 1.32276284e-02 1.28011974e+01 6.78872110e-04
   6.43283185e-04 3.35241205e-04 3.35241205e-04]
  [3.76139688e-06 1.33004703e-02 1.26470428e+01 6.77081043e-04
   6.45037457e-04 3.35303661e-04 3.35303661e-04]
  [3.45688319e-06 1.29998230e-02 1.41065417e+01 6.78916064e-04
   6.45714416e-04 3.35141791e-04 3.35141791e-04]]

 [[2.31763613e-05 2.02326976e-01 3.08745735e+01 7.93785526e-04
   6.26831329e-04 3.34237091e-04 3.34237091e-04]
  [3.78938302e-06 1.31918121e-02 1.29963433e+01 6.77565441e-04
   6.43979147e-04 3.35225288e-04 3.35225288e-04]
  [3.84154608e-06 1.32575746e-02 1.26667680e+01 6.70852164e-04
   6.50712196e-04 3.35251530e-04 3.35251530e-04]
  [4.39266764e-06 1.26660132e-02 1.43951361e+01 6.76190326e-04
   6.39021951e-04 3.35417105e-04 3.35417105e-04]]]

Response Table:
[[[2.89329972e-06 1.19394804e-02 1.30134876e+01]
  [2.25527536e-05 1.17771046e-02 1.34207013e+01]]

 [[2.70976933e-06 1.18892235e-02 1.30985261e+01]
  [2.44678324e-05 2.02232827e-01 3.32779168e+01]]]

Refresh Table:
[[[2.44678325e-05 2.02232827e-01 3.32779167e+01]
  [2.69147562e-06 1.18555675e-02 1.30161752e+01]]

 [[2.72484800e-06 1.19477842e-02 1.31624697e+01]
  [2.19103647e-06 1.02898651e-02 2.54759918e+01]]]

Request Buffer Table:
[[[9.70007800e-06 1.20611927e-01 1.16990418e+01]
  [1.11107138e-05 1.27216887e-01 1.16220004e+01]
  [1.01188271e-05 1.24382882e-01 1.17144709e+01]
  [1.02983426e-05 1.27471529e-01 1.16805898e+01]
  [1.06939462e-05 1.25125519e-01 1.17248962e+01]
  [1.00530691e-05 1.16506531e-01 1.18668667e+01]
  [9.56857313e-06 1.11740561e-01 1.20992124e+01]
  [9.59671437e-06 1.18448876e-01 1.17949338e+01]]

 [[1.05182640e-05 1.24238044e-01 1.16671119e+01]
  [1.02663784e-05 1.29007102e-01 1.16080229e+01]
  [1.06480422e-05 1.28584699e-01 1.17068860e+01]
  [1.02048557e-05 1.27025890e-01 1.16838770e+01]
  [1.56085984e-05 1.29094104e-01 1.16807997e+01]
  [1.07916273e-05 1.31951231e-01 1.17323738e+01]
  [9.79636011e-06 1.10795253e-01 1.20593689e+01]
  [9.76610140e-06 1.19999024e-01 1.18443457e+01]]

 [[1.04729928e-05 1.26070800e-01 1.16176224e+01]
  [1.00360593e-05 1.24760898e-01 1.16531389e+01]
  [1.08400798e-05 1.26420169e-01 1.16625581e+01]
  [1.17341250e-05 1.29104241e-01 1.16555186e+01]
  [1.08206454e-05 1.24137254e-01 1.18015685e+01]
  [1.06142626e-05 1.24498034e-01 1.17128194e+01]
  [1.00697324e-05 1.15604350e-01 1.18971977e+01]
  [9.14897664e-06 1.09772763e-01 1.21492985e+01]]

 [[1.07597384e-05 1.34029871e-01 1.15411049e+01]
  [1.06088300e-05 1.26151723e-01 1.15635089e+01]
  [1.00312734e-05 1.24352450e-01 1.17097930e+01]
  [1.13785905e-05 1.39935978e-01 1.15003371e+01]
  [1.07615523e-05 1.22602290e-01 1.17577609e+01]
  [9.17761278e-06 1.05616615e-01 1.23730669e+01]
  [9.91574375e-06 1.15460840e-01 1.18854120e+01]
  [9.87422283e-06 1.23518785e-01 1.17741545e+01]]

 [[9.92619528e-06 1.20077480e-01 1.16790695e+01]
  [1.20556286e-05 1.28226083e-01 1.16194854e+01]
  [1.02029147e-05 1.23612238e-01 1.17589140e+01]
  [9.94731938e-06 1.22294428e-01 1.17093292e+01]
  [1.19146410e-05 1.20901374e-01 1.17954322e+01]
  [9.55099952e-06 1.10505409e-01 1.22351924e+01]
  [9.83840137e-06 1.12714354e-01 1.18904920e+01]
  [1.23213060e-05 1.21530793e-01 1.18568051e+01]]

 [[1.07023753e-05 1.22133598e-01 1.16397919e+01]
  [1.02251448e-05 1.24943727e-01 1.16739637e+01]
  [1.09512662e-05 1.16810354e-01 1.18323174e+01]
  [9.66465330e-06 1.15812882e-01 1.17985877e+01]
  [1.06329017e-05 1.17094400e-01 1.17917660e+01]
  [1.18174976e-05 1.11932816e-01 1.18750901e+01]
  [8.73052534e-06 9.95933192e-02 1.33946551e+01]
  [9.36484071e-06 1.13310935e-01 1.18498498e+01]]

 [[9.68791156e-06 1.18648282e-01 1.17192030e+01]
  [1.07540766e-05 1.28229554e-01 1.15855209e+01]
  [1.13395494e-05 1.19156174e-01 1.17693622e+01]
  [1.03445812e-05 1.18606417e-01 1.17546536e+01]
  [1.04528799e-05 1.18847313e-01 1.17761258e+01]
  [1.03705825e-05 1.13716816e-01 1.17815509e+01]
  [9.99889048e-06 1.12578850e-01 1.19019943e+01]
  [7.45555540e-06 7.76112049e-02 1.68690485e+01]]

 [[9.95214001e-06 1.21063967e-01 1.16852580e+01]
  [1.08017881e-05 1.23783477e-01 1.16204976e+01]
  [9.63544498e-06 1.16043958e-01 1.17902128e+01]
  [9.77537713e-06 1.18554764e-01 1.18073099e+01]
  [9.91566423e-06 1.14319951e-01 1.19530155e+01]
  [9.64819066e-06 1.10715599e-01 1.19036879e+01]
  [9.98440717e-06 1.13506985e-01 1.17910548e+01]
  [2.44678760e-05 2.02233612e-01 3.32778492e+01]]]

Ref Max Post Table:
[[[2.44678334e-05 2.02232827e-01 3.32779162e+01]
  [3.55878180e-06 1.30882917e-02 1.32058568e+01]
  [3.64135285e-06 1.31919707e-02 1.30972845e+01]
  [4.77653226e-05 1.30818481e-02 1.33238203e+01]]

 [[3.46705585e-06 1.27785095e-02 1.40693407e+01]
  [3.96752645e-06 1.31985384e-02 1.28083793e+01]
  [3.61599104e-06 1.31577824e-02 1.28161898e+01]
  [3.79745838e-06 1.32254393e-02 1.27887130e+01]]

 [[3.39943047e-06 1.28937520e-02 1.46900949e+01]
  [3.77939077e-06 1.32655334e-02 1.27203051e+01]
  [3.78952325e-06 1.33694612e-02 1.27236671e+01]
  [3.91598767e-06 1.32176866e-02 1.27587764e+01]]

 [[2.22189631e-04 1.25651178e-02 1.55722437e+01]
  [3.62521421e-06 1.32002654e-02 1.27765785e+01]
  [4.03120156e-06 1.32518279e-02 1.28029809e+01]
  [3.81954199e-06 1.33236138e-02 1.28931400e+01]]]

Ref Max Pull Table:
[[[3.95104473e-06 1.31640386e-02 1.27932467e+01]
  [3.83984892e-06 1.33265278e-02 1.28791650e+01]
  [4.03262111e-06 1.31898085e-02 1.27995841e+01]
  [3.53071733e-06 1.31674703e-02 1.30691409e+01]]

 [[3.73373409e-06 1.32260728e-02 1.29250856e+01]
  [2.44678324e-05 2.02232827e-01 3.32779168e+01]
  [3.84230496e-06 1.31184496e-02 1.29930720e+01]
  [3.55685329e-06 1.33027356e-02 1.30238788e+01]]

 [[4.19192567e-06 1.31819240e-02 1.27748158e+01]
  [3.64715135e-06 1.32095743e-02 1.29554184e+01]
  [2.23411364e-06 1.14771551e-02 2.52196855e+01]
  [3.47559573e-06 1.31274367e-02 1.28954693e+01]]

 [[3.90365157e-06 1.32489192e-02 1.27469188e+01]
  [3.42050580e-06 1.27764125e-02 1.42761082e+01]
  [3.95851031e-06 1.31976337e-02 1.27986216e+01]
  [3.57602139e-06 1.31566556e-02 1.28878822e+01]]]

Max Activate Table:
[[[1.12942311e-05 1.38054833e-01 1.15500485e+01 6.17475371e-04
   5.91609040e-04 3.05368042e-04 3.05368042e-04]
  [1.29624965e-05 1.23775892e-01 1.16809114e+01 6.30130189e-04
   5.90009277e-04 3.08688910e-04 3.08688910e-04]
  [1.07356470e-05 1.25190163e-01 1.16633280e+01 6.25029918e-04
   5.95418543e-04 3.08447724e-04 3.08447724e-04]
  [1.14015187e-05 1.40447958e-01 1.14709864e+01 6.22015052e-04
   5.84119301e-04 3.04718172e-04 3.04718172e-04]
  [1.04112701e-05 1.27670281e-01 1.18344661e+01 6.19936123e-04
   5.90320260e-04 3.07810067e-04 3.07810067e-04]
  [1.00704859e-05 1.17319449e-01 1.19109730e+01 6.34519577e-04
   5.92022072e-04 3.10290937e-04 3.10290937e-04]
  [1.00116227e-05 1.15349404e-01 1.18059481e+01 6.30268842e-04
   5.96826523e-04 3.10686586e-04 3.10686586e-04]
  [9.28388818e-06 1.10151088e-01 1.20619581e+01 6.35720538e-04
   6.00728597e-04 3.11945236e-04 3.11945236e-04]]

 [[1.06230746e-05 1.31735455e-01 1.16238437e+01 6.20587713e-04
   5.97795907e-04 3.06809774e-04 3.06809774e-04]
  [1.18048346e-05 1.26441315e-01 1.16333914e+01 6.28862247e-04
   5.95159025e-04 3.08109921e-04 3.08109921e-04]
  [1.06943759e-05 1.25404564e-01 1.17752548e+01 6.30334573e-04
   5.88157291e-04 3.08321124e-04 3.08321124e-04]
  [1.01961070e-05 1.27528223e-01 1.16309435e+01 6.26226815e-04
   5.87868567e-04 3.07888503e-04 3.07888503e-04]
  [1.15468411e-05 1.41370611e-01 1.15017462e+01 6.16634296e-04
   5.86939169e-04 3.04712859e-04 3.04712859e-04]
  [1.00737273e-05 1.15139126e-01 1.18433980e+01 6.33654374e-04
   5.98052523e-04 3.10780113e-04 3.10780113e-04]
  [9.90030924e-06 1.08370623e-01 1.18546766e+01 6.29362253e-04
   6.05299127e-04 3.12376204e-04 3.12376204e-04]
  [9.32698004e-06 1.10557102e-01 1.22536905e+01 6.36103103e-04
   5.94466743e-04 3.11854759e-04 3.11854759e-04]]

 [[9.79060266e-06 1.20375923e-01 1.17934874e+01 6.24967007e-04
   5.90580283e-04 3.09526991e-04 3.09526991e-04]
  [1.06333820e-05 1.26918994e-01 1.18694020e+01 6.21907183e-04
   5.96441050e-04 3.08089737e-04 3.08089737e-04]
  [1.04183342e-05 1.23848607e-01 1.17418728e+01 6.24737445e-04
   5.93015231e-04 3.08804957e-04 3.08804957e-04]
  [1.09797289e-05 1.32687085e-01 1.15782061e+01 6.20338586e-04
   5.91750228e-04 3.06665410e-04 3.06665410e-04]
  [1.01559541e-05 1.24301062e-01 1.17255151e+01 6.25161922e-04
   5.90241304e-04 3.08687743e-04 3.08687743e-04]
  [7.72572314e-06 7.72305526e-02 1.46609314e+01 6.35836903e-04
   6.33464694e-04 3.20014568e-04 3.20014568e-04]
  [9.66281301e-06 1.12530107e-01 1.18256199e+01 6.35240670e-04
   5.94770811e-04 3.11457464e-04 3.11457464e-04]
  [1.00862406e-05 1.22212135e-01 1.17363277e+01 6.27591860e-04
   5.89625038e-04 3.09186537e-04 3.09186537e-04]]

 [[1.04816158e-05 1.25813670e-01 1.17041172e+01 6.25239847e-04
   5.94344819e-04 3.08227593e-04 3.08227593e-04]
  [1.40024737e-05 1.28268952e-01 1.16447196e+01 6.25945420e-04
   5.90676311e-04 3.07759633e-04 3.07759633e-04]
  [1.01564879e-05 1.24620103e-01 1.16655202e+01 6.25873308e-04
   5.89834978e-04 3.08588638e-04 3.08588638e-04]
  [1.11917944e-05 1.20917367e-01 1.17441255e+01 6.21157603e-04
   6.00163493e-04 3.09427868e-04 3.09427868e-04]
  [1.00057072e-05 1.20277934e-01 1.18425702e+01 6.26097729e-04
   5.91719793e-04 3.09553251e-04 3.09553251e-04]
  [9.45382783e-06 1.08665362e-01 1.18576154e+01 6.33381151e-04
   6.01061989e-04 3.12395931e-04 3.12395931e-04]
  [1.19456370e-05 1.29674475e-01 1.17906618e+01 6.22026377e-04
   5.90231740e-04 3.07314942e-04 3.07314942e-04]
  [1.00354937e-05 1.21312375e-01 1.17031093e+01 6.32562175e-04
   5.88790691e-04 3.09340151e-04 3.09340151e-04]]

 [[1.08107575e-05 1.31036630e-01 1.15399637e+01 6.21983057e-04
   5.90850037e-04 3.06985938e-04 3.06985938e-04]
  [1.04812640e-05 1.26329639e-01 1.17526355e+01 6.25435769e-04
   5.92984736e-04 3.08115754e-04 3.08115754e-04]
  [1.12267534e-05 1.27865624e-01 1.16331068e+01 6.27131835e-04
   5.90437149e-04 3.07845067e-04 3.07845067e-04]
  [1.06857491e-05 1.26773551e-01 1.17106036e+01 6.22657841e-04
   5.88480532e-04 3.08012549e-04 3.08012549e-04]
  [1.01250875e-05 1.22183672e-01 1.17168556e+01 6.24811994e-04
   5.92476090e-04 3.09170119e-04 3.09170119e-04]
  [9.31454463e-06 1.07310129e-01 1.19591330e+01 6.35981884e-04
   5.97566194e-04 3.12623419e-04 3.12623419e-04]
  [1.13129372e-05 1.20008245e-01 1.19353189e+01 6.23266039e-04
   5.91028869e-04 3.09627998e-04 3.09627998e-04]
  [9.24234060e-06 1.10340627e-01 1.21335421e+01 6.34834224e-04
   5.92619577e-04 3.11887379e-04 3.11887379e-04]]

 [[9.87910083e-06 1.18748462e-01 1.19807027e+01 6.30730729e-04
   5.92263554e-04 3.09971552e-04 3.09971552e-04]
  [9.96570219e-06 1.16620013e-01 1.19117840e+01 6.28612968e-04
   5.98696169e-04 3.10433756e-04 3.10433756e-04]
  [1.24261173e-05 1.16289485e-01 1.17441221e+01 6.25423642e-04
   5.98312466e-04 3.10490467e-04 3.10490467e-04]
  [1.09290779e-05 1.15745379e-01 1.17386839e+01 6.33214548e-04
   5.92309467e-04 3.10660741e-04 3.10660741e-04]
  [9.44268250e-06 1.12292398e-01 1.19253236e+01 6.34742055e-04
   5.90044492e-04 3.11367870e-04 3.11367870e-04]
  [2.44728631e-05 2.02312594e-01 3.32660564e+01 8.56480636e-04
   5.76993371e-04 3.33935843e-04 3.34120665e-04]
  [9.40671289e-06 1.06138311e-01 1.20074864e+01 6.31355998e-04
   6.07369922e-04 3.12861785e-04 3.12861785e-04]
  [9.48685858e-06 1.13248115e-01 1.18245369e+01 6.31924181e-04
   6.03055733e-04 3.11261346e-04 3.11261346e-04]]

 [[9.79687554e-06 1.19142422e-01 1.17504120e+01 6.32921168e-04
   5.90825307e-04 3.09828062e-04 3.09828062e-04]
  [1.12431613e-05 1.16740539e-01 1.18852069e+01 6.34067812e-04
   6.02813024e-04 3.10410130e-04 3.10410130e-04]
  [9.82768916e-06 1.17355130e-01 1.17828274e+01 6.27176152e-04
   5.95603744e-04 3.10259400e-04 3.10259400e-04]
  [9.88261596e-06 1.17957637e-01 1.16956043e+01 6.27155817e-04
   6.05622801e-04 3.10130007e-04 3.10130007e-04]
  [1.00975409e-05 1.17456453e-01 1.17897009e+01 6.26163181e-04
   5.90631761e-04 3.10213959e-04 3.10213959e-04]
  [9.39881144e-06 1.08502053e-01 1.19227953e+01 6.28913558e-04
   6.03747993e-04 3.12324426e-04 3.12324426e-04]
  [1.00475745e-05 1.08372984e-01 1.19147086e+01 6.36277385e-04
   5.99642206e-04 3.12326449e-04 3.12326449e-04]
  [9.75113858e-06 1.17252620e-01 1.18625452e+01 6.27494113e-04
   5.93969002e-04 3.10489716e-04 3.10489716e-04]]

 [[1.02777319e-05 1.22773174e-01 1.16237445e+01 6.28724751e-04
   5.93804857e-04 3.08970716e-04 3.08970716e-04]
  [9.93045087e-06 1.17260075e-01 1.17816814e+01 6.32390094e-04
   5.96154523e-04 3.10298809e-04 3.10298809e-04]
  [9.01019380e-06 1.00850613e-01 1.27211425e+01 6.34137054e-04
   6.08499420e-04 3.14111467e-04 3.14111467e-04]
  [1.05155525e-05 1.22589686e-01 1.16801324e+01 6.25831864e-04
   5.89674288e-04 3.09174140e-04 3.09174140e-04]
  [9.58189773e-06 1.15142414e-01 1.17912253e+01 6.31444949e-04
   5.90076230e-04 3.10741730e-04 3.10741730e-04]
  [9.93904165e-06 1.19614782e-01 1.17924593e+01 6.32004325e-04
   5.92150761e-04 3.09616841e-04 3.09616841e-04]
  [9.46249210e-06 1.07948401e-01 1.18638819e+01 6.33599307e-04
   6.05125715e-04 3.12439860e-04 3.12439860e-04]
  [9.84939874e-06 1.17870795e-01 1.18067290e+01 6.29915159e-04
   5.98074610e-04 3.10183861e-04 3.10183861e-04]]]

Cumulative Reward: 9165.527757769292
