Scheduler Table:
[[[2.19849492e-06 1.42362044e-02 1.82367871e+01 3.35292147e-04
   7.95072492e-02 3.83895255e-03 3.83895255e-03]
  [2.23912338e-06 1.42958476e-02 1.88139755e+01 3.35420363e-04
   8.03111233e-02 3.81519471e-03 3.81519471e-03]
  [2.24411027e-06 1.42379628e-02 1.82745943e+01 3.35418467e-04
   7.78494941e-02 3.78739437e-03 3.78739437e-03]]

 [[2.15696976e-06 1.43315236e-02 1.81842181e+01 3.35269167e-04
   8.09414503e-02 3.83613641e-03 3.83613641e-03]
  [7.48498296e-06 1.36319841e-02 2.11897531e+01 3.35094361e-04
   8.54239717e-02 3.76429124e-03 3.76429124e-03]
  [1.65859414e-06 1.15485420e-02 2.41366526e+01 3.34693624e-04
   1.02806814e-01 3.71696290e-03 3.71696290e-03]]

 [[2.19133980e-06 1.42770188e-02 1.85323644e+01 3.35165497e-04
   9.61617932e-02 3.85603982e-03 3.85603982e-03]
  [1.61622971e-06 1.15480395e-02 2.41144968e+01 3.34640795e-04
   3.47432550e-01 3.54690222e-03 5.00750336e-03]
  [2.14274237e-06 1.43255043e-02 1.88388409e+01 3.35322090e-04
   8.26368562e-02 3.79450605e-03 3.79450605e-03]]]

Buffer Table:
[[[1.71568051e-06 1.43220668e-02 1.82060519e+01 3.35460399e-04
   7.64355646e-02 3.79185901e-03 3.79185901e-03]
  [1.80443208e-06 1.43040948e-02 1.85984503e+01 3.35381309e-04
   7.55811069e-02 3.80099669e-03 3.80099669e-03]
  [1.33512350e-06 1.39186302e-02 2.02356597e+01 3.35319888e-04
   8.20754055e-02 3.76219533e-03 3.76219533e-03]]

 [[1.51667333e-06 1.41194725e-02 1.87072704e+01 3.35250478e-04
   1.12156612e-01 3.77788449e-03 3.77788449e-03]
  [9.01709596e-07 1.15591990e-02 2.40382734e+01 3.34584629e-04
   3.48267667e-01 3.52279271e-03 4.98339386e-03]
  [1.51126644e-06 1.41278362e-02 1.96869264e+01 3.35331862e-04
   7.82119078e-02 3.76052886e-03 3.76052886e-03]]

 [[1.76833313e-06 1.42881163e-02 1.80578527e+01 3.35417785e-04
   7.57366591e-02 3.80477852e-03 3.80477852e-03]
  [1.13521361e-06 1.32162205e-02 2.13712682e+01 3.35023072e-04
   9.27765213e-02 3.75061331e-03 3.75061331e-03]
  [1.69143850e-06 1.42727715e-02 1.86962532e+01 3.35261065e-04
   8.27343661e-02 3.81724244e-03 3.81724244e-03]]]

Arbiter Table:
[[[8.96034877e-07 1.15415419e-02 2.40787670e+01 3.34581332e-04
   3.48612691e-01 3.52220917e-03 4.98281032e-03]
  [1.59073327e-06 1.40163323e-02 1.98716691e+01 3.35303663e-04
   7.96966208e-02 3.77946688e-03 3.77946688e-03]
  [3.68431088e-06 1.40460511e-02 1.95881692e+01 3.35370062e-04
   7.61871060e-02 3.80610728e-03 3.80610728e-03]]

 [[1.22495771e-06 1.35428843e-02 2.10547163e+01 3.35149327e-04
   8.99993874e-02 3.73351757e-03 3.73351757e-03]
  [2.23980481e-06 1.43560215e-02 1.76062361e+01 3.35354058e-04
   6.95072548e-02 3.80169123e-03 3.80169123e-03]
  [2.00946283e-06 1.42391357e-02 1.83917752e+01 3.35241692e-04
   8.37071486e-02 3.82024051e-03 3.82024051e-03]]

 [[4.60849297e-06 1.36933849e-02 2.08393129e+01 3.35274885e-04
   7.63628522e-02 3.79561566e-03 3.79561566e-03]
  [2.16015520e-06 1.43022991e-02 1.88437955e+01 3.35235354e-04
   9.24898937e-02 3.78242524e-03 3.78242524e-03]
  [2.18773385e-06 1.42800561e-02 1.84920087e+01 3.35390360e-04
   9.19863986e-02 3.79797347e-03 3.79797347e-03]]]

Page Table:
[[[8.96034877e-07 1.15415419e-02 2.40787670e+01 3.34581332e-04
   3.48612691e-01 3.52220917e-03 4.98281032e-03]
  [2.57689682e-06 1.44111507e-02 1.91271715e+01 3.35351331e-04
   9.62908804e-02 3.79236150e-03 3.79236150e-03]
  [2.66612457e-06 1.43840702e-02 1.82390234e+01 3.35276948e-04
   1.00640056e-01 3.71582485e-03 3.71582485e-03]
  [2.48081880e-06 1.42619249e-02 1.93297582e+01 3.35338245e-04
   9.06942119e-02 3.76159213e-03 3.76159213e-03]]

 [[2.44276556e-06 1.37587170e-02 2.08554866e+01 3.35134290e-04
   1.00154942e-01 3.71421330e-03 3.71421330e-03]
  [2.63402395e-06 1.44186336e-02 1.83279095e+01 3.35452307e-04
   8.20297576e-02 3.77234547e-03 3.77234547e-03]
  [2.71907085e-06 1.45017236e-02 1.79835804e+01 3.35577255e-04
   7.67367505e-02 3.74075319e-03 3.74075319e-03]
  [2.57074693e-06 1.43755600e-02 1.83039734e+01 3.35548917e-04
   7.82708790e-02 3.79100912e-03 3.79100912e-03]]

 [[3.07334267e-06 1.44634747e-02 1.86088433e+01 3.35470615e-04
   8.49003068e-02 3.77540765e-03 3.77540765e-03]
  [2.83724694e-06 1.41580888e-02 1.99297910e+01 3.35217047e-04
   9.36805123e-02 3.74644572e-03 3.74644572e-03]
  [2.96062572e-06 1.44849692e-02 1.81232194e+01 3.35498420e-04
   8.00376423e-02 3.71382024e-03 3.71382024e-03]
  [2.97789689e-06 1.44736429e-02 1.82171942e+01 3.35488189e-04
   8.09065957e-02 3.81313606e-03 3.81313606e-03]]

 [[1.92658332e-06 1.36810190e-02 2.05489681e+01 3.35114555e-04
   1.07502805e-01 3.76626465e-03 3.76626465e-03]
  [2.71309615e-06 1.44820897e-02 1.86431423e+01 3.35273207e-04
   9.00249615e-02 3.74149425e-03 3.74149425e-03]
  [2.80880088e-06 1.44755991e-02 1.82837797e+01 3.35422528e-04
   8.57515907e-02 3.70992065e-03 3.70992065e-03]
  [2.80313961e-06 1.44887896e-02 1.79242961e+01 3.35412948e-04
   8.20766521e-02 3.78772488e-03 3.78772488e-03]]]

Response Table:
[[[9.25074822e-07 1.41605192e-02 1.83308957e+01]
  [8.31951939e-07 1.41574511e-02 1.84351179e+01]]

 [[8.15589443e-07 1.41318824e-02 1.88794001e+01]
  [8.96034877e-07 1.15415419e-02 2.40787670e+01]]]

Refresh Table:
[[[8.96034877e-07 1.15415419e-02 2.40787670e+01]
  [8.82684642e-07 1.19831384e-02 2.20185784e+01]]

 [[9.06024187e-07 1.21159780e-02 2.21639303e+01]
  [1.01368433e-06 1.41431301e-02 1.84442798e+01]]]

Request Buffer Table:
[[[5.44969347e-06 1.58106137e-02 1.77194884e+01]
  [4.34701667e-06 1.57093831e-02 1.83454390e+01]
  [4.62378839e-06 1.58005400e-02 1.87157247e+01]
  [5.24714157e-06 1.57289459e-02 1.84999509e+01]
  [2.97714969e-06 1.49711907e-02 2.04971799e+01]
  [4.42780277e-06 1.57487625e-02 1.87842857e+01]
  [6.01264173e-06 1.56526053e-02 1.87972609e+01]
  [7.21491301e-06 1.57603365e-02 1.88148896e+01]]

 [[4.84550421e-06 1.58000474e-02 1.78231379e+01]
  [4.30492447e-06 1.59726896e-02 1.80701780e+01]
  [4.32201515e-06 1.58823354e-02 1.80148506e+01]
  [4.32700290e-06 1.60013026e-02 1.83861429e+01]
  [4.67801021e-06 1.57772126e-02 1.84324565e+01]
  [4.21606318e-06 1.58296459e-02 1.85370555e+01]
  [4.27458348e-06 1.48397929e-02 1.97584641e+01]
  [2.68275991e-06 1.15615780e-02 2.41623401e+01]]

 [[5.52598484e-06 1.58170259e-02 1.82008871e+01]
  [4.51322298e-06 1.59245507e-02 1.82075795e+01]
  [3.94842638e-06 1.58592074e-02 1.86330376e+01]
  [4.33616921e-06 1.61696079e-02 1.86031657e+01]
  [4.27949285e-06 1.57820554e-02 1.88141385e+01]
  [5.12621040e-06 1.61511747e-02 1.83545622e+01]
  [5.16160153e-06 1.56948877e-02 1.80689435e+01]
  [4.02908747e-06 1.59467233e-02 1.85038501e+01]]

 [[4.34874748e-06 1.61978282e-02 1.83414655e+01]
  [6.58500052e-06 1.59982406e-02 1.78288416e+01]
  [5.60650917e-06 1.58752878e-02 1.91040834e+01]
  [3.84987173e-06 1.59588235e-02 1.82475185e+01]
  [4.15405782e-06 1.57823048e-02 1.89909727e+01]
  [3.92459408e-06 1.60477258e-02 1.89591168e+01]
  [4.90920477e-06 1.60253368e-02 1.82600364e+01]
  [5.55537606e-06 1.56567205e-02 1.84413522e+01]]

 [[6.98949948e-06 1.58700337e-02 1.75318777e+01]
  [1.34577230e-06 1.34357212e-02 2.24880963e+01]
  [4.86253824e-06 1.57266896e-02 1.81178710e+01]
  [3.98207858e-06 1.58851696e-02 1.87838748e+01]
  [4.57295471e-06 1.58855080e-02 1.87162378e+01]
  [4.73473749e-06 1.59489724e-02 1.81574856e+01]
  [5.25997940e-06 1.57178502e-02 1.85094636e+01]
  [5.26365093e-06 1.58870753e-02 1.83477570e+01]]

 [[4.90471582e-06 1.56894078e-02 1.84842078e+01]
  [4.36504168e-06 1.57623211e-02 1.82097967e+01]
  [3.81767550e-06 1.59682071e-02 1.82295879e+01]
  [4.38192889e-06 1.59191339e-02 1.87297423e+01]
  [4.34426213e-06 1.56997495e-02 1.82458317e+01]
  [4.33180475e-06 1.56281643e-02 1.92469408e+01]
  [4.51666725e-06 1.56564132e-02 1.85315877e+01]
  [5.20443468e-06 1.57894028e-02 1.88349905e+01]]

 [[3.74028947e-06 1.55288165e-02 1.93862353e+01]
  [2.59094448e-06 1.15604247e-02 2.41469801e+01]
  [5.34001447e-06 1.59771283e-02 1.84306029e+01]
  [4.38039073e-06 1.59412819e-02 1.83077882e+01]
  [4.16195978e-06 1.56013451e-02 1.84952863e+01]
  [4.74363057e-06 1.55988412e-02 1.85312863e+01]
  [4.29032243e-06 1.59819332e-02 1.82132589e+01]
  [4.30761076e-06 1.58647402e-02 1.81859519e+01]]

 [[4.45305626e-06 1.56829805e-02 1.77755163e+01]
  [4.20353355e-06 1.57427169e-02 1.81128317e+01]
  [3.76864095e-06 1.57306209e-02 1.87622174e+01]
  [4.49205415e-06 1.59513967e-02 1.81586446e+01]
  [6.73306110e-06 1.59914378e-02 1.85521069e+01]
  [3.77893130e-06 1.61195374e-02 1.86037471e+01]
  [2.63638617e-06 1.15609284e-02 2.41651115e+01]
  [5.30637977e-06 1.57347828e-02 1.84971628e+01]]]

Ref Max Post Table:
[[[3.21693487e-06 1.45212091e-02 1.80669628e+01]
  [3.77562919e-06 1.44652529e-02 1.83099455e+01]
  [4.30366363e-06 1.46006748e-02 1.80992331e+01]
  [4.04721919e-06 1.38637872e-02 2.03461634e+01]]

 [[3.73016035e-06 1.44153367e-02 1.79597833e+01]
  [2.92152722e-06 1.44840281e-02 1.82990481e+01]
  [2.47240696e-06 1.42466553e-02 1.97625272e+01]
  [3.19218490e-06 1.44533833e-02 1.85826693e+01]]

 [[3.30122277e-06 1.44779673e-02 1.88155388e+01]
  [3.72498463e-06 1.45196345e-02 1.85427005e+01]
  [3.39666930e-06 1.44693648e-02 1.79833642e+01]
  [4.19788083e-06 1.34000455e-02 2.15498964e+01]]

 [[3.12059957e-06 1.43441236e-02 1.89436993e+01]
  [2.70396851e-06 1.43290129e-02 1.93053775e+01]
  [2.53058448e-06 1.41026716e-02 2.00428945e+01]
  [8.96034801e-07 1.15415420e-02 2.40787670e+01]]]

Ref Max Pull Table:
[[[2.69496616e-06 1.44265709e-02 1.83391216e+01]
  [3.20439925e-06 1.45145799e-02 1.86920417e+01]
  [3.10845518e-06 1.44846180e-02 1.83041036e+01]
  [6.35622522e-06 1.20893968e-02 2.35638641e+01]]

 [[2.29115772e-06 1.38026072e-02 2.03178836e+01]
  [3.04005765e-06 1.44954358e-02 1.84793151e+01]
  [2.95238119e-06 1.44330802e-02 1.86301605e+01]
  [1.64777101e-06 1.15539176e-02 2.41265463e+01]]

 [[1.93167068e-06 1.34551963e-02 2.07814784e+01]
  [2.91741942e-06 1.44408283e-02 1.83909513e+01]
  [3.15599268e-06 1.44779086e-02 1.81163487e+01]
  [3.95217013e-06 1.44743254e-02 1.80476089e+01]]

 [[2.21129134e-06 1.36860705e-02 2.06375487e+01]
  [1.60576330e-06 1.15532380e-02 2.41047237e+01]
  [2.86407833e-06 1.43116274e-02 1.89842218e+01]
  [3.93795665e-06 1.45764877e-02 1.82905422e+01]]]

Max Activate Table:
[[[3.91587141e-06 1.59949737e-02 1.82106358e+01 3.35502888e-04
   9.18275410e-02 3.67007889e-03 3.67007889e-03]
  [3.99884405e-06 1.57965586e-02 1.81678165e+01 3.35559736e-04
   9.07985972e-02 3.72120689e-03 3.72120689e-03]
  [4.10413364e-06 1.59386272e-02 1.83031324e+01 3.35446954e-04
   8.82742594e-02 3.65989511e-03 3.65989511e-03]
  [4.62565614e-06 1.58555859e-02 1.80816083e+01 3.35456436e-04
   8.98103380e-02 3.71166391e-03 3.71166391e-03]
  [7.16964496e-06 1.59592108e-02 1.85800770e+01 3.35403498e-04
   9.04091509e-02 3.74592495e-03 3.74592495e-03]
  [4.53987431e-06 1.57967789e-02 1.89036706e+01 3.35375685e-04
   9.13574333e-02 3.73124435e-03 3.73124435e-03]
  [3.88626101e-06 1.20394173e-02 2.35999236e+01 3.34853169e-04
   1.00290619e-01 3.74993390e-03 3.74993390e-03]
  [6.42363040e-06 1.56433589e-02 1.83918788e+01 3.35410561e-04
   8.99466319e-02 3.73021359e-03 3.73021359e-03]]

 [[4.35111051e-06 1.61109119e-02 1.75634801e+01 3.35321038e-04
   9.11499686e-02 3.70089215e-03 3.70089215e-03]
  [5.36855089e-06 1.61703942e-02 1.87571458e+01 3.35246007e-04
   9.65053452e-02 3.68261062e-03 3.68261062e-03]
  [4.90000934e-06 1.59493005e-02 1.88805718e+01 3.35775402e-04
   1.12495972e-01 3.75358305e-03 3.75358305e-03]
  [3.89913115e-06 1.59401283e-02 1.89244440e+01 3.35348721e-04
   9.33143019e-02 3.70250478e-03 3.70250478e-03]
  [4.58146189e-06 1.56837145e-02 1.83326282e+01 3.35200086e-04
   1.00318941e-01 3.69833460e-03 3.69833460e-03]
  [4.19029804e-06 1.58699909e-02 1.86938322e+01 3.35466199e-04
   9.07620181e-02 3.75147233e-03 3.75147233e-03]
  [4.22108266e-06 1.58898018e-02 1.89012305e+01 3.35343211e-04
   9.27917516e-02 3.67148125e-03 3.67148125e-03]
  [4.51886810e-06 1.56829766e-02 1.81277146e+01 3.35545545e-04
   9.16507477e-02 3.67971259e-03 3.67971259e-03]]

 [[3.51304461e-06 1.17977045e-02 2.39377729e+01 3.34844565e-04
   1.00555732e-01 3.73374732e-03 3.73374732e-03]
  [5.46484868e-06 1.59898106e-02 1.82057501e+01 3.35610543e-04
   9.12201252e-02 3.68534069e-03 3.68534069e-03]
  [3.75030883e-06 1.57747802e-02 1.86792119e+01 3.35466240e-04
   8.83520511e-02 3.66825647e-03 3.66825647e-03]
  [4.39622454e-06 1.60765737e-02 1.84929029e+01 3.35375035e-04
   1.02510263e-01 3.67166713e-03 3.67166713e-03]
  [3.68058681e-06 1.58736321e-02 1.88210069e+01 3.35335100e-04
   9.08432052e-02 3.79320882e-03 3.79320882e-03]
  [4.63938371e-06 1.57073551e-02 1.86962038e+01 3.35587652e-04
   1.05133710e-01 3.76891651e-03 3.76891651e-03]
  [3.83916295e-06 1.58426266e-02 1.87957592e+01 3.35424122e-04
   9.31587585e-02 3.68133678e-03 3.68133678e-03]
  [6.93265167e-06 1.57279226e-02 1.86878162e+01 3.35622084e-04
   8.75529207e-02 3.65072127e-03 3.65072127e-03]]

 [[5.37221320e-06 1.58417404e-02 1.79128937e+01 3.35286294e-04
   9.25905546e-02 3.70285527e-03 3.70285527e-03]
  [5.27760274e-06 1.58574232e-02 1.78099128e+01 3.35399703e-04
   9.59494138e-02 3.68286861e-03 3.68286861e-03]
  [3.84528893e-06 1.58132615e-02 1.80859370e+01 3.35349843e-04
   9.66583352e-02 3.74537773e-03 3.74537773e-03]
  [3.51727740e-06 1.59832605e-02 1.76157272e+01 3.35271309e-04
   9.72501727e-02 3.66410101e-03 3.66410101e-03]
  [4.53310312e-06 1.20378702e-02 2.35833000e+01 3.34863914e-04
   1.03715930e-01 3.73582495e-03 3.73582495e-03]
  [5.10002134e-06 1.60539189e-02 1.87291756e+01 3.35330985e-04
   9.22362821e-02 3.69945909e-03 3.69945909e-03]
  [4.06014043e-06 1.59516479e-02 1.86440226e+01 3.35327993e-04
   9.79501964e-02 3.71001830e-03 3.71001830e-03]
  [4.27941318e-06 1.58859806e-02 1.85105310e+01 3.35455864e-04
   8.92208117e-02 3.71956606e-03 3.71956606e-03]]

 [[4.31428628e-06 1.58792661e-02 1.87112939e+01 3.35281613e-04
   9.30349465e-02 3.77605530e-03 3.77605530e-03]
  [4.97932920e-06 1.57618747e-02 1.85967349e+01 3.35394071e-04
   8.82938721e-02 3.72365994e-03 3.72365994e-03]
  [4.25107352e-06 1.57918893e-02 1.89327488e+01 3.35398405e-04
   1.03114328e-01 3.74790028e-03 3.74790028e-03]
  [5.80961743e-06 1.58774707e-02 1.77251204e+01 3.35471806e-04
   9.14232323e-02 3.68744990e-03 3.68744990e-03]
  [8.94953828e-06 1.60690488e-02 1.83235530e+01 3.35241076e-04
   9.23815749e-02 3.67272641e-03 3.67272641e-03]
  [4.45251475e-06 1.58363876e-02 1.84030659e+01 3.35230602e-04
   9.92502010e-02 3.80702699e-03 3.80702699e-03]
  [4.44659034e-06 1.56159541e-02 1.80533322e+01 3.35247982e-04
   9.35199867e-02 3.74352275e-03 3.74352275e-03]
  [4.15019173e-06 1.17230118e-02 2.40332485e+01 3.34863883e-04
   9.98723843e-02 3.73574032e-03 3.73574032e-03]]

 [[5.65492986e-06 1.60646713e-02 1.80206764e+01 3.35686095e-04
   9.14006859e-02 3.69033088e-03 3.69033088e-03]
  [5.53308355e-06 1.61381935e-02 1.76845466e+01 3.35581600e-04
   9.45760420e-02 3.68337138e-03 3.68337138e-03]
  [4.09308902e-06 1.58960941e-02 1.81462600e+01 3.35573465e-04
   9.03888999e-02 3.67247136e-03 3.67247136e-03]
  [6.24833829e-06 1.59814618e-02 1.86914919e+01 3.35248416e-04
   9.50807427e-02 3.70297135e-03 3.70297135e-03]
  [4.52220714e-06 1.57029092e-02 1.82151305e+01 3.35650099e-04
   8.87885669e-02 3.68135664e-03 3.68135664e-03]
  [5.75464896e-06 1.59354720e-02 1.82792179e+01 3.35498336e-04
   9.66362392e-02 3.71165552e-03 3.71165552e-03]
  [4.21557233e-06 1.56914598e-02 1.87592632e+01 3.35419553e-04
   1.03327411e-01 3.72076463e-03 3.72076463e-03]
  [4.28834874e-06 1.56536897e-02 1.89901072e+01 3.35589317e-04
   8.73533316e-02 3.72312071e-03 3.72312071e-03]]

 [[6.18761287e-06 1.58088978e-02 1.80391402e+01 3.35296453e-04
   9.40261000e-02 3.71586446e-03 3.71586446e-03]
  [4.61206319e-06 1.56173835e-02 1.84018138e+01 3.35422814e-04
   9.59480336e-02 3.75274404e-03 3.75274404e-03]
  [4.24162105e-06 1.59410217e-02 1.82660355e+01 3.35692698e-04
   8.83111028e-02 3.64069331e-03 3.64069331e-03]
  [4.23303491e-06 1.20886190e-02 2.34986123e+01 3.34824893e-04
   3.45022548e-01 3.57443586e-03 5.03503701e-03]
  [3.92959054e-06 1.56044976e-02 1.96510795e+01 3.35408041e-04
   1.02999627e-01 3.72884083e-03 3.72884083e-03]
  [4.19428360e-06 1.55789245e-02 1.85154096e+01 3.35226912e-04
   9.41282177e-02 3.75455863e-03 3.75455863e-03]
  [2.66442934e-06 1.37550499e-02 2.11445309e+01 3.35029893e-04
   1.09669574e-01 3.74182546e-03 3.74182546e-03]
  [4.36622630e-06 1.59936326e-02 1.85707873e+01 3.35126338e-04
   1.00278033e-01 3.70004231e-03 3.70004231e-03]]

 [[3.87241200e-06 1.58381967e-02 1.77658059e+01 3.35438067e-04
   9.10417172e-02 3.70805898e-03 3.70805898e-03]
  [4.17782229e-06 1.59821156e-02 1.81899150e+01 3.35304574e-04
   9.52529491e-02 3.71972609e-03 3.71972609e-03]
  [3.60711439e-06 1.16365380e-02 2.41739808e+01 3.34923451e-04
   9.57738583e-02 3.73242966e-03 3.73242966e-03]
  [4.89905803e-06 1.57967443e-02 1.87813459e+01 3.35352870e-04
   9.06029320e-02 3.69426480e-03 3.69426480e-03]
  [3.77289006e-06 1.57690879e-02 1.76989916e+01 3.35391033e-04
   8.83325109e-02 3.68574974e-03 3.68574974e-03]
  [4.43655569e-06 1.56736164e-02 1.87228244e+01 3.35649547e-04
   8.96265900e-02 3.67658862e-03 3.67658862e-03]
  [4.33994557e-06 1.37666555e-02 2.13329732e+01 3.35138193e-04
   9.50989217e-02 3.80267679e-03 3.80267679e-03]
  [4.24147673e-06 1.58919310e-02 1.87811518e+01 3.35829372e-04
   8.64833270e-02 3.66689658e-03 3.66689658e-03]]]

Cumulative Reward: 9292.511082485877
