Scheduler Table:
[[[1.81402322e-06 1.42462494e-02 1.51246639e+01 7.89942659e-04
   4.74091420e-04 3.90531797e-04 3.90531797e-04]
  [1.78834639e-06 1.41843421e-02 1.51797948e+01 7.87074595e-04
   4.75305020e-04 3.90792616e-04 3.90792616e-04]
  [7.81623797e-05 1.49001035e+00 1.79225572e+01 7.60390303e-04
   5.58426375e-04 3.91481305e-04 3.98259574e-04]]

 [[1.76814551e-06 1.43163525e-02 1.49779188e+01 7.89544839e-04
   4.74199784e-04 3.90479936e-04 3.90479936e-04]
  [1.75724296e-06 1.42596064e-02 1.52695764e+01 7.87120909e-04
   4.75248468e-04 3.90790617e-04 3.90790617e-04]
  [3.98630714e-06 1.37208778e-02 1.63619065e+01 7.88709834e-04
   4.74544597e-04 3.90781820e-04 3.90781820e-04]]

 [[1.14295230e-05 1.14158250e-02 1.80731831e+01 7.70560209e-04
   5.10735861e-04 3.89526935e-04 4.04589753e-04]
  [1.72527290e-06 1.42761793e-02 1.48570945e+01 7.87422279e-04
   4.75158805e-04 3.90946978e-04 3.90946978e-04]
  [1.94021951e-06 1.43402436e-02 1.50202705e+01 7.88066123e-04
   4.74880517e-04 3.90683685e-04 3.90683685e-04]]]

Buffer Table:
[[[3.48326777e-06 1.36673445e-02 1.74180192e+01 7.89872286e-04
   4.74386027e-04 3.90575740e-04 3.90575740e-04]
  [1.83927492e-06 1.42764382e-02 1.49983319e+01 7.88264504e-04
   4.74944621e-04 3.90670195e-04 3.90670195e-04]
  [1.64455489e-06 1.42124948e-02 1.52810190e+01 7.88073806e-04
   4.74971721e-04 3.91013472e-04 3.91013472e-04]]

 [[1.66340329e-06 1.42855717e-02 1.52144186e+01 7.89628213e-04
   4.74494556e-04 3.90683498e-04 3.90683498e-04]
  [1.84691404e-06 1.42504837e-02 1.49964953e+01 7.89053587e-04
   4.74027361e-04 3.90452197e-04 3.90452197e-04]
  [1.98655333e-06 1.43131781e-02 1.46817909e+01 7.88837454e-04
   4.75257712e-04 3.90622563e-04 3.90622563e-04]]

 [[1.87173340e-06 1.42733000e-02 1.50521403e+01 7.88965093e-04
   4.74584622e-04 3.90827716e-04 3.90827716e-04]
  [1.88228549e-06 1.43216560e-02 1.51507009e+01 7.87302494e-04
   4.74664874e-04 3.90709617e-04 3.90709617e-04]
  [8.16691643e-05 1.49000349e+00 1.76897604e+01 7.50145912e-04
   5.77058541e-04 3.90927321e-04 4.05236998e-04]]]

Arbiter Table:
[[[8.16691643e-05 1.49000349e+00 1.76897604e+01 7.50145912e-04
   5.77058541e-04 3.90927321e-04 4.05236998e-04]
  [2.71763301e-06 1.38773280e-02 1.55741223e+01 7.85948163e-04
   4.75368369e-04 3.90858304e-04 3.90858304e-04]
  [1.84200819e-06 1.38922223e-02 1.54534285e+01 7.90305600e-04
   4.73895410e-04 3.90795220e-04 3.90795220e-04]]

 [[2.70479371e-06 1.33285912e-02 1.61598890e+01 7.87428557e-04
   4.75038751e-04 3.90651596e-04 3.90651596e-04]
  [1.72865355e-06 1.43420840e-02 1.48227693e+01 7.87969229e-04
   4.75002577e-04 3.90890032e-04 3.90890032e-04]
  [1.63805473e-06 1.42249342e-02 1.47079608e+01 7.90338164e-04
   4.74275944e-04 3.90641390e-04 3.90641390e-04]]

 [[2.35752691e-05 1.35107920e-02 1.62348392e+01 7.91605858e-04
   4.73677581e-04 3.90907113e-04 3.90907113e-04]
  [1.68262188e-06 1.42836312e-02 1.52058966e+01 7.87555378e-04
   4.75143565e-04 3.90791064e-04 3.90791064e-04]
  [1.69330156e-06 1.42676688e-02 1.49089430e+01 7.87765137e-04
   4.75127287e-04 3.90655621e-04 3.90655621e-04]]]

Page Table:
[[[1.74123554e-06 1.30341527e-02 1.69786758e+01 7.88076249e-04
   4.74841483e-04 3.90328555e-04 3.90328555e-04]
  [2.54462033e-06 1.44786316e-02 1.51189646e+01 7.87016057e-04
   4.75226190e-04 3.91069027e-04 3.91069027e-04]
  [2.54085049e-06 1.42837204e-02 1.50459287e+01 7.84990192e-04
   4.76905913e-04 3.91284777e-04 3.91284777e-04]
  [1.14296407e-05 1.14159589e-02 1.80730209e+01 7.70560085e-04
   5.10735908e-04 3.89526986e-04 4.04589804e-04]]

 [[2.69116515e-06 1.44543740e-02 1.50653022e+01 7.88050737e-04
   4.75132007e-04 3.90897912e-04 3.90897912e-04]
  [2.98697552e-06 1.44490398e-02 1.48880756e+01 7.89710060e-04
   4.74922525e-04 3.91020585e-04 3.91020585e-04]
  [2.69864270e-06 1.45468204e-02 1.50100819e+01 7.89235745e-04
   4.74826327e-04 3.91190346e-04 3.91190346e-04]
  [2.82398484e-06 1.34846602e-02 1.63367526e+01 7.83072493e-04
   4.77391617e-04 3.90699146e-04 3.90699146e-04]]

 [[2.97428042e-06 1.44599322e-02 1.49101020e+01 7.88907039e-04
   4.74473232e-04 3.90620176e-04 3.90620176e-04]
  [2.85384158e-06 1.40015340e-02 1.54243848e+01 7.88757680e-04
   4.74439362e-04 3.90449797e-04 3.90449797e-04]
  [2.90882406e-06 1.44780557e-02 1.50047189e+01 7.89018879e-04
   4.74806735e-04 3.91229832e-04 3.91229832e-04]
  [2.58146204e-06 1.44252469e-02 1.50091620e+01 7.87202598e-04
   4.75155886e-04 3.90926770e-04 3.90926770e-04]]

 [[7.81624936e-05 1.49001048e+00 1.79224004e+01 7.60390183e-04
   5.58426421e-04 3.91481355e-04 3.98259623e-04]
  [2.55041951e-06 1.44512529e-02 1.51293893e+01 7.89250284e-04
   4.74736107e-04 3.90778794e-04 3.90778794e-04]
  [2.60332019e-06 1.44499774e-02 1.51716758e+01 7.91803300e-04
   4.73852361e-04 3.90532609e-04 3.90532609e-04]
  [2.67788216e-06 1.44581559e-02 1.48910492e+01 7.89135784e-04
   4.74614937e-04 3.90591383e-04 3.90591383e-04]]]

Response Table:
[[[6.44343638e-07 1.41323932e-02 1.50796651e+01]
  [6.52822744e-07 1.41643528e-02 1.52698942e+01]]

 [[6.34230003e-07 1.41221545e-02 1.49182219e+01]
  [8.16691643e-05 1.49000349e+00 1.76897604e+01]]]

Refresh Table:
[[[7.09838173e-07 1.42179911e-02 1.50958946e+01]
  [3.70351197e-06 1.31304747e-02 1.63671085e+01]]

 [[1.72308635e-06 1.38109348e-02 1.53963746e+01]
  [8.16691643e-05 1.49000349e+00 1.76897604e+01]]]

Request Buffer Table:
[[[4.24566374e-06 1.59208408e-02 1.49113683e+01]
  [3.99825093e-06 1.58599246e-02 1.48637354e+01]
  [4.90637740e-06 1.59230187e-02 1.50849780e+01]
  [3.45892061e-06 1.60947033e-02 1.51930267e+01]
  [3.88901426e-06 1.59551458e-02 1.52692339e+01]
  [4.06318467e-06 1.58445333e-02 1.52475379e+01]
  [5.13484643e-06 1.59011493e-02 1.52103146e+01]
  [2.73731110e-06 1.39716922e-02 1.76197467e+01]]

 [[4.15297144e-06 1.59227751e-02 1.47691248e+01]
  [3.43146782e-06 1.61231158e-02 1.49908057e+01]
  [3.63498644e-06 1.60536963e-02 1.51747810e+01]
  [4.51424219e-06 1.60239986e-02 1.51677577e+01]
  [3.74148136e-06 1.55673577e-02 1.54801665e+01]
  [4.39489791e-06 1.59010969e-02 1.50984045e+01]
  [4.60773681e-06 1.59286232e-02 1.50000744e+01]
  [3.80416745e-06 1.56999372e-02 1.51119421e+01]]

 [[5.27945406e-06 1.62429137e-02 1.49646467e+01]
  [3.69091110e-06 1.56696762e-02 1.51480526e+01]
  [5.05971379e-06 1.60474135e-02 1.52756233e+01]
  [3.56371042e-06 1.62710799e-02 1.49975463e+01]
  [3.61609090e-06 1.58709906e-02 1.52038056e+01]
  [3.82395083e-06 1.62515059e-02 1.50192012e+01]
  [4.35431288e-06 1.61590517e-02 1.49749850e+01]
  [5.87501087e-07 1.18411802e-02 2.03824906e+01]]

 [[4.52343768e-06 1.62483713e-02 1.48632318e+01]
  [4.66471185e-06 1.59988731e-02 1.49283168e+01]
  [4.51062865e-06 1.60044467e-02 1.52645721e+01]
  [3.70382516e-06 1.61076930e-02 1.49058483e+01]
  [3.73992034e-06 1.60789397e-02 1.53265267e+01]
  [4.19265108e-06 1.62862218e-02 1.51276356e+01]
  [6.31638242e-06 1.58958067e-02 1.54153113e+01]
  [3.44853087e-06 1.60401589e-02 1.53357008e+01]]

 [[5.15571497e-06 1.60207093e-02 1.47098842e+01]
  [3.75373270e-06 1.56820083e-02 1.51995259e+01]
  [3.99606278e-06 1.61259628e-02 1.49181202e+01]
  [4.92359538e-06 1.60071433e-02 1.52629935e+01]
  [3.40206479e-06 1.59785179e-02 1.50856571e+01]
  [4.07142667e-06 1.61069131e-02 1.49108890e+01]
  [3.26356793e-06 1.51516273e-02 1.61713871e+01]
  [4.97531555e-06 1.60247327e-02 1.52099671e+01]]

 [[4.44632472e-06 1.55724291e-02 1.51587292e+01]
  [3.68430327e-06 1.58736536e-02 1.50342480e+01]
  [6.11520833e-06 1.58936109e-02 1.52810460e+01]
  [3.53099548e-06 1.60984087e-02 1.53140987e+01]
  [3.92041754e-06 1.57711716e-02 1.51309468e+01]
  [8.16691643e-05 1.49000349e+00 1.76897604e+01]
  [4.00145129e-06 1.61148690e-02 1.52748653e+01]
  [3.78331633e-06 1.58720627e-02 1.52880503e+01]]

 [[4.87034774e-06 1.61158455e-02 1.50432892e+01]
  [3.40682604e-06 1.59089723e-02 1.51569556e+01]
  [4.60242688e-06 1.62567286e-02 1.50246367e+01]
  [4.52394595e-06 1.61206636e-02 1.49685542e+01]
  [4.09850720e-06 1.58381533e-02 1.49851490e+01]
  [2.52441434e-06 1.41501667e-02 1.67559805e+01]
  [5.16177984e-06 1.59641541e-02 1.51323663e+01]
  [4.10464149e-06 1.57998159e-02 1.48470287e+01]]

 [[4.21090320e-06 1.58137600e-02 1.47630778e+01]
  [3.61805382e-06 1.58175578e-02 1.49779782e+01]
  [1.99997292e-06 1.37032804e-02 1.73618221e+01]
  [3.46517035e-06 1.62097816e-02 1.50759581e+01]
  [4.11013929e-06 1.58573615e-02 1.51810856e+01]
  [4.44326776e-06 1.62004021e-02 1.50690307e+01]
  [4.34515495e-06 1.55822707e-02 1.54778923e+01]
  [4.30092507e-06 1.58641841e-02 1.52004336e+01]]]

Ref Max Post Table:
[[[2.70948312e-06 1.45414462e-02 1.49819896e+01]
  [2.01577306e-06 1.41875277e-02 1.62939954e+01]
  [3.03439887e-06 1.44740109e-02 1.49489156e+01]
  [2.59805386e-06 1.44111004e-02 1.49128994e+01]]

 [[2.70647344e-06 1.44550427e-02 1.48891132e+01]
  [2.58424914e-06 1.45124458e-02 1.48500484e+01]
  [1.84880578e-06 1.38229017e-02 1.67152775e+01]
  [2.50536030e-06 1.44118747e-02 1.50985654e+01]]

 [[3.06088336e-06 1.45166607e-02 1.51177438e+01]
  [2.67270687e-06 1.44311419e-02 1.50992852e+01]
  [2.57232000e-06 1.44359490e-02 1.50233443e+01]
  [1.73456908e-06 1.32892940e-02 1.79678791e+01]]

 [[2.54169973e-06 1.43337712e-02 1.51005484e+01]
  [2.06624168e-06 1.42443478e-02 1.54541217e+01]
  [2.42926055e-06 1.44348203e-02 1.52190409e+01]
  [8.16691643e-05 1.49000349e+00 1.76897604e+01]]]

Ref Max Pull Table:
[[[2.17905475e-06 1.44158374e-02 1.54294285e+01]
  [4.57916921e-06 1.31317995e-02 1.71345415e+01]
  [2.39039996e-06 1.44689655e-02 1.51113016e+01]
  [2.26664227e-06 1.44748343e-02 1.49902479e+01]]

 [[2.16792256e-06 1.42786204e-02 1.54790906e+01]
  [2.46932188e-06 1.44850868e-02 1.48825402e+01]
  [2.31625038e-06 1.44274464e-02 1.49226557e+01]
  [1.14295229e-05 1.14158250e-02 1.80731830e+01]]

 [[2.14590056e-06 1.44718401e-02 1.48001234e+01]
  [2.31522914e-06 1.44362301e-02 1.51980258e+01]
  [2.46253785e-06 1.44782609e-02 1.49765834e+01]
  [2.48131300e-06 1.44500948e-02 1.48237450e+01]]

 [[2.20575989e-06 1.44157611e-02 1.51375750e+01]
  [7.81623797e-05 1.49001035e+00 1.79225572e+01]
  [2.44893138e-06 1.44209775e-02 1.52348534e+01]
  [2.71106489e-06 1.45640814e-02 1.50478302e+01]]]

Max Activate Table:
[[[3.39543115e-06 1.61256653e-02 1.48174782e+01 7.86330895e-04
   4.76014475e-04 3.91066440e-04 3.91066440e-04]
  [4.91344682e-06 1.58718317e-02 1.50366533e+01 7.87548765e-04
   4.75606561e-04 3.90984103e-04 3.90984103e-04]
  [4.15177310e-06 1.60592875e-02 1.50155490e+01 7.88859484e-04
   4.75489925e-04 3.90804540e-04 3.90804540e-04]
  [3.70575237e-06 1.59577498e-02 1.51020199e+01 7.87251982e-04
   4.75622016e-04 3.91099925e-04 3.91099925e-04]
  [3.67938755e-06 1.63983902e-02 1.51167802e+01 7.87665374e-04
   4.76127236e-04 3.90916769e-04 3.90916769e-04]
  [3.46241983e-06 1.60525018e-02 1.54061688e+01 7.89476158e-04
   4.75354011e-04 3.91066067e-04 3.91066067e-04]
  [3.60311095e-06 1.56789890e-02 1.53297761e+01 7.89571409e-04
   4.75137283e-04 3.90784772e-04 3.90784772e-04]
  [3.80949006e-06 1.57004809e-02 1.50641436e+01 7.89922201e-04
   4.74572701e-04 3.90716164e-04 3.90716164e-04]]

 [[3.72262379e-06 1.61492428e-02 1.48475174e+01 7.88707467e-04
   4.75602861e-04 3.90950390e-04 3.90950390e-04]
  [4.29093837e-06 1.63628225e-02 1.52365000e+01 7.86808536e-04
   4.76094044e-04 3.91167519e-04 3.91167519e-04]
  [5.53808372e-06 1.60542858e-02 1.50483834e+01 7.87734571e-04
   4.75173385e-04 3.90707466e-04 3.90707466e-04]
  [3.56766003e-06 1.63549192e-02 1.52178974e+01 7.90136831e-04
   4.75228691e-04 3.90627381e-04 3.90627381e-04]
  [4.44695965e-06 1.58044091e-02 1.51832795e+01 7.89030651e-04
   4.74839394e-04 3.90677405e-04 3.90677405e-04]
  [4.65530232e-06 1.59803900e-02 1.52733448e+01 7.88091113e-04
   4.75304342e-04 3.90643872e-04 3.90643872e-04]
  [3.46240584e-06 1.58788730e-02 1.48327201e+01 7.87156801e-04
   4.75408982e-04 3.90947411e-04 3.90947411e-04]
  [3.88792751e-06 1.57875767e-02 1.52485394e+01 7.89465410e-04
   4.74727470e-04 3.90640078e-04 3.90640078e-04]]

 [[3.51439517e-06 1.59477068e-02 1.51143371e+01 7.89859268e-04
   4.75012585e-04 3.90659540e-04 3.90659540e-04]
  [4.24342152e-06 1.61444786e-02 1.50113447e+01 7.88085327e-04
   4.75182034e-04 3.90772281e-04 3.90772281e-04]
  [3.81744964e-06 1.58252658e-02 1.51226115e+01 7.87911229e-04
   4.75399755e-04 3.90870589e-04 3.90870589e-04]
  [5.52453886e-06 1.63674163e-02 1.52164483e+01 7.85599026e-04
   4.75968758e-04 3.91293652e-04 3.91293652e-04]
  [3.47691706e-06 1.60175465e-02 1.51276577e+01 7.87677812e-04
   4.75357856e-04 3.90815165e-04 3.90815165e-04]
  [3.73255161e-06 1.58408240e-02 1.51650227e+01 7.88789618e-04
   4.75144229e-04 3.90784809e-04 3.90784809e-04]
  [4.47560058e-06 1.58778819e-02 1.53241164e+01 7.89355601e-04
   4.75158152e-04 3.90710224e-04 3.90710224e-04]
  [3.62859935e-06 1.58783700e-02 1.51215401e+01 7.85950091e-04
   4.76232941e-04 3.91222638e-04 3.91222638e-04]]

 [[4.03219020e-06 1.58861793e-02 1.48363854e+01 7.87167017e-04
   4.75746742e-04 3.90984272e-04 3.90984272e-04]
  [3.64668951e-06 1.57838169e-02 1.51678920e+01 7.88328543e-04
   4.75113893e-04 3.90598753e-04 3.90598753e-04]
  [3.49093394e-06 1.59800602e-02 1.51031561e+01 7.87489252e-04
   4.75737984e-04 3.90801853e-04 3.90801853e-04]
  [5.09556075e-06 1.61980168e-02 1.48583459e+01 7.88028581e-04
   4.75735170e-04 3.90849000e-04 3.90849000e-04]
  [3.70100143e-06 1.58762659e-02 1.53911219e+01 7.89050235e-04
   4.75380891e-04 3.90980530e-04 3.90980530e-04]
  [3.89383208e-06 1.60393009e-02 1.51926329e+01 7.87704029e-04
   4.75724740e-04 3.90882064e-04 3.90882064e-04]
  [3.41736419e-06 1.60770371e-02 1.52368386e+01 7.86651823e-04
   4.75568267e-04 3.90925602e-04 3.90925602e-04]
  [3.96579196e-06 1.59725798e-02 1.51196784e+01 7.90890087e-04
   4.74240482e-04 3.90601763e-04 3.90601763e-04]]

 [[4.18911978e-06 1.60728896e-02 1.51964854e+01 7.89166976e-04
   4.74776550e-04 3.90619018e-04 3.90619018e-04]
  [4.44270330e-06 1.60632830e-02 1.48398947e+01 7.87540275e-04
   4.75726973e-04 3.90858666e-04 3.90858666e-04]
  [4.43136985e-06 1.59996897e-02 1.51460212e+01 7.88839611e-04
   4.75121020e-04 3.90927008e-04 3.90927008e-04]
  [3.88456130e-06 1.57886052e-02 1.50282159e+01 7.88034225e-04
   4.75020997e-04 3.90627955e-04 3.90627955e-04]
  [6.65568109e-06 1.61630999e-02 1.51080187e+01 7.88454269e-04
   4.75345244e-04 3.90830237e-04 3.90830237e-04]
  [3.87768926e-06 1.59555893e-02 1.51744729e+01 7.86201932e-04
   4.75755044e-04 3.91036260e-04 3.91036260e-04]
  [3.73366444e-06 1.58135284e-02 1.50995787e+01 7.86746178e-04
   4.75604273e-04 3.90870154e-04 3.90870154e-04]
  [2.81936983e-06 1.52107573e-02 1.65490575e+01 7.91385532e-04
   4.74341061e-04 3.90465027e-04 3.90465027e-04]]

 [[3.33120977e-06 1.61497255e-02 1.48595604e+01 7.87826190e-04
   4.75775629e-04 3.91135424e-04 3.91135424e-04]
  [3.56519461e-06 1.58746862e-02 1.50813103e+01 7.89641244e-04
   4.74974413e-04 3.90726652e-04 3.90726652e-04]
  [3.74965868e-06 1.60697626e-02 1.47836821e+01 7.88193706e-04
   4.75391900e-04 3.91049297e-04 3.91049297e-04]
  [3.60554240e-06 1.59710037e-02 1.51820141e+01 7.88861051e-04
   4.75396510e-04 3.90864456e-04 3.90864456e-04]
  [4.49245347e-06 1.58925470e-02 1.51423097e+01 7.89525921e-04
   4.74512228e-04 3.90513284e-04 3.90513284e-04]
  [4.09870181e-06 1.59514479e-02 1.51990887e+01 7.90677392e-04
   4.74715896e-04 3.90601012e-04 3.90601012e-04]
  [3.81059218e-06 1.57407526e-02 1.54003837e+01 7.86646991e-04
   4.75726236e-04 3.90371324e-04 3.90371324e-04]
  [8.25081411e-06 1.14289580e-02 1.81983913e+01 7.72709406e-04
   5.09602330e-04 3.89540557e-04 4.04603376e-04]]

 [[4.38765605e-06 1.58982502e-02 1.49828020e+01 7.87947201e-04
   4.75164473e-04 3.90968294e-04 3.90968294e-04]
  [4.16102481e-06 1.57168016e-02 1.52677566e+01 7.88476994e-04
   4.74981831e-04 3.90355670e-04 3.90355670e-04]
  [3.24741960e-06 1.60198042e-02 1.48772045e+01 7.88501206e-04
   4.74696983e-04 3.90893513e-04 3.90893513e-04]
  [3.29414778e-06 1.59783557e-02 1.50694878e+01 7.87870534e-04
   4.75753558e-04 3.90899562e-04 3.90899562e-04]
  [4.08759143e-06 1.61607310e-02 1.53019831e+01 7.88745398e-04
   4.75808897e-04 3.90992197e-04 3.90992197e-04]
  [1.04461755e-05 1.14295853e-02 1.84063398e+01 7.87305662e-04
   4.75429459e-04 3.90698597e-04 3.90698597e-04]
  [4.26518723e-06 1.57768338e-02 1.51711761e+01 7.88392641e-04
   4.75189879e-04 3.90735078e-04 3.90735078e-04]
  [6.54246285e-06 1.60856044e-02 1.51898343e+01 7.86225444e-04
   4.75921789e-04 3.91172909e-04 3.91172909e-04]]

 [[3.47044161e-06 1.59525165e-02 1.49554836e+01 7.89555198e-04
   4.75302722e-04 3.90745938e-04 3.90745938e-04]
  [4.08299916e-06 1.61069918e-02 1.51386977e+01 7.85246684e-04
   4.76467676e-04 3.91050726e-04 3.91050726e-04]
  [4.00851150e-06 1.61036908e-02 1.50852820e+01 7.88812834e-04
   4.75283852e-04 3.90870305e-04 3.90870305e-04]
  [4.03258296e-06 1.58900567e-02 1.52555776e+01 7.89613755e-04
   4.75069585e-04 3.91022870e-04 3.91022870e-04]
  [4.41665413e-06 1.57687588e-02 1.54990421e+01 7.88682491e-04
   4.75210872e-04 3.90783699e-04 3.90783699e-04]
  [3.54572103e-06 1.57850511e-02 1.51748768e+01 7.86838338e-04
   4.76377635e-04 3.91212103e-04 3.91212103e-04]
  [7.47772649e-05 1.49002344e+00 1.81220554e+01 7.70273806e-04
   5.41336585e-04 3.91999707e-04 3.91999707e-04]
  [5.91447576e-06 1.60083329e-02 1.50947750e+01 7.90208042e-04
   4.74854826e-04 3.90806831e-04 3.90806831e-04]]]

Cumulative Reward: 4948.966040050744
