Scheduler Table:
[[[9.80707959e-05 9.86378140e-01 9.42355693e+01 2.83090047e-03
   3.34292318e-02 4.49210797e-03 4.49210797e-03]
  [9.77619746e-05 9.83744768e-01 9.43798885e+01 2.83334510e-03
   3.34613847e-02 4.49599582e-03 4.49599582e-03]
  [9.74867611e-05 9.77077726e-01 9.45616383e+01 2.83948827e-03
   3.35183938e-02 4.50567080e-03 4.50567080e-03]]

 [[9.84525041e-05 9.92815130e-01 9.40269651e+01 2.82528108e-03
   3.33364045e-02 4.48300137e-03 4.48300137e-03]
  [9.79454715e-05 9.86105827e-01 9.43227455e+01 2.83150514e-03
   3.33918809e-02 4.49251626e-03 4.49251626e-03]
  [9.38321340e-05 9.16797699e-01 9.75534596e+01 2.89398648e-03
   3.41186106e-02 4.59139737e-03 4.59139737e-03]]

 [[9.75938347e-05 9.80416744e-01 9.44312189e+01 2.83686896e-03
   3.34222365e-02 4.50056288e-03 4.50056288e-03]
  [9.76772908e-05 9.81201747e-01 9.44809232e+01 2.83613575e-03
   3.34320118e-02 4.49959489e-03 4.49959489e-03]
  [4.65425755e-05 2.17125759e-01 1.31804092e+02 3.51256827e-03
   4.17929624e-02 5.57786392e-03 5.58682253e-03]]]

Buffer Table:
[[[9.84027772e-05 9.84218262e-01 9.42214575e+01 2.82936625e-03
   3.33934364e-02 4.48952083e-03 4.48952083e-03]
  [9.90422520e-05 9.87106558e-01 9.41486303e+01 2.82702741e-03
   3.33491945e-02 4.48557633e-03 4.48557633e-03]
  [9.78244507e-05 9.75367949e-01 9.45271165e+01 2.83790735e-03
   3.34372969e-02 4.50220872e-03 4.50220872e-03]]

 [[9.85547385e-05 9.86907377e-01 9.41562256e+01 2.82703713e-03
   3.33475407e-02 4.48556446e-03 4.48556446e-03]
  [9.95920001e-05 9.89318565e-01 9.40794313e+01 2.82457899e-03
   3.33629689e-02 4.48209300e-03 4.48209300e-03]
  [9.79552224e-05 9.75356501e-01 9.44875062e+01 2.83754594e-03
   3.34947278e-02 4.50269299e-03 4.50269299e-03]]

 [[9.81436718e-05 9.81545646e-01 9.43462596e+01 2.83200411e-03
   3.33959871e-02 4.49329595e-03 4.49329595e-03]
  [9.84714736e-05 9.81459124e-01 9.43264202e+01 2.83192924e-03
   3.34279898e-02 4.49337970e-03 4.49337970e-03]
  [4.53291600e-05 1.96261710e-01 1.32819880e+02 3.53100496e-03
   4.20102393e-02 5.60709188e-03 5.61605049e-03]]]

Arbiter Table:
[[[4.93077429e-05 2.77785945e-01 1.28813607e+02 3.45788277e-03
   4.11499402e-02 5.49126222e-03 5.50022084e-03]
  [9.60573586e-05 9.73144086e-01 9.47745671e+01 2.84157017e-03
   3.35323946e-02 4.50872324e-03 4.50872324e-03]
  [9.62985792e-05 9.74356855e-01 9.47233188e+01 2.84091345e-03
   3.34817587e-02 4.50717047e-03 4.50717047e-03]]

 [[9.21531310e-05 8.74239007e-01 9.96496534e+01 2.93075827e-03
   3.45661313e-02 4.64985977e-03 4.64985977e-03]
  [9.69654997e-05 9.87828936e-01 9.41570893e+01 2.82839334e-03
   3.33695988e-02 4.48765379e-03 4.48765379e-03]
  [9.70150153e-05 9.84441089e-01 9.42834658e+01 2.83160433e-03
   3.33940623e-02 4.49287213e-03 4.49287213e-03]]

 [[9.04821198e-05 8.84134221e-01 9.91592167e+01 2.92199183e-03
   3.44407769e-02 4.63566474e-03 4.63566474e-03]
  [9.67684914e-05 9.84685725e-01 9.42913840e+01 2.83125797e-03
   3.33879099e-02 4.49213008e-03 4.49213008e-03]
  [9.76356361e-05 9.85424239e-01 9.42546529e+01 2.83072978e-03
   3.33832593e-02 4.49135887e-03 4.49135887e-03]]]

Page Table:
[[[8.51223948e-05 9.52104838e-01 7.43523118e+01 2.19853639e-03
   2.59824611e-02 3.48926796e-03 3.48926796e-03]
  [5.91446016e-05 4.23089128e-01 1.14098411e+02 3.09451457e-03
   3.66339338e-02 4.91298636e-03 4.91298636e-03]
  [8.83931555e-05 1.01351078e+00 6.96562302e+01 2.09482750e-03
   2.46805756e-02 3.32331123e-03 3.32331123e-03]
  [8.91444643e-05 1.01839836e+00 6.94605334e+01 2.08611082e-03
   2.46573434e-02 3.31045486e-03 3.31045486e-03]]

 [[5.67259101e-05 4.22907399e-01 1.14065950e+02 3.09422559e-03
   3.67715001e-02 4.91168150e-03 4.92064012e-03]
  [9.10398595e-05 1.01523120e+00 6.96094868e+01 2.09199110e-03
   2.46491735e-02 3.31893106e-03 3.31893106e-03]
  [8.86121964e-05 1.01694455e+00 6.93756768e+01 2.08870774e-03
   2.46489733e-02 3.31408398e-03 3.31408398e-03]
  [8.87531598e-05 1.01492343e+00 6.96419439e+01 2.09253917e-03
   2.46604415e-02 3.31983603e-03 3.31983603e-03]]

 [[8.46195729e-05 9.24964991e-01 7.64124403e+01 2.24631940e-03
   2.64660206e-02 3.56355784e-03 3.56355784e-03]
  [8.95042818e-05 1.01795822e+00 6.94537588e+01 2.08709784e-03
   2.46216575e-02 3.31158499e-03 3.31158499e-03]
  [8.87337298e-05 1.01753306e+00 6.93562766e+01 2.08749082e-03
   2.46529920e-02 3.31250069e-03 3.31250069e-03]
  [8.93348448e-05 1.02248906e+00 6.91847538e+01 2.07910933e-03
   2.45412712e-02 3.29905745e-03 3.29905745e-03]]

 [[8.83229902e-05 1.00900115e+00 6.99945370e+01 2.10264249e-03
   2.48034985e-02 3.33643686e-03 3.33643686e-03]
  [9.04766381e-05 1.01768703e+00 6.95327944e+01 2.08771682e-03
   2.46071677e-02 3.31225422e-03 3.31225422e-03]
  [8.89630105e-05 1.02134749e+00 6.91298350e+01 2.08112501e-03
   2.45698084e-02 3.30237674e-03 3.30237674e-03]
  [8.87927093e-05 1.01736787e+00 6.94837430e+01 2.08804978e-03
   2.46487154e-02 3.31308469e-03 3.31308469e-03]]]

Response Table:
[[[7.37665976e-05 4.62917534e-01 1.16344256e+02]
  [7.29010707e-05 4.58945146e-01 1.16406866e+02]]

 [[7.30122608e-05 4.59434114e-01 1.16399838e+02]
  [4.32858483e-05 1.53679554e-01 1.34630867e+02]]]

Refresh Table:
[[[7.07093136e-05 4.26957913e-01 1.18702000e+02]
  [5.11174960e-05 2.33964281e-01 1.29973855e+02]]

 [[5.35346006e-05 2.34072411e-01 1.30012767e+02]
  [7.33784184e-05 4.63827581e-01 1.16377945e+02]]]

Request Buffer Table:
[[[3.80158096e-05 4.64924390e-01 2.32275133e+01]
  [3.64712672e-05 4.65128939e-01 2.31751427e+01]
  [3.79702219e-05 4.64495535e-01 2.33874745e+01]
  [3.65253037e-05 4.64613419e-01 2.33808521e+01]
  [3.61768956e-05 4.65156770e-01 2.32196151e+01]
  [3.62377179e-05 4.64675242e-01 2.33950242e+01]
  [3.86304357e-05 4.18282317e-01 3.89635933e+01]
  [3.60118556e-05 4.65613258e-01 2.30973343e+01]]

 [[3.63822551e-05 4.64191148e-01 2.34458039e+01]
  [3.61179713e-05 4.66629769e-01 2.27204512e+01]
  [3.72398790e-05 4.66138040e-01 2.28596281e+01]
  [3.62989826e-05 4.65193437e-01 2.31940520e+01]
  [3.61077074e-05 4.65621414e-01 2.30484124e+01]
  [3.65450725e-05 4.65198702e-01 2.32132007e+01]
  [3.78651102e-05 4.36349334e-01 3.27454171e+01]
  [3.59288125e-05 4.66067726e-01 2.28949264e+01]]

 [[3.61878032e-05 4.67394485e-01 2.25004305e+01]
  [3.64568580e-05 4.65417656e-01 2.30947999e+01]
  [3.65300564e-05 4.65760787e-01 2.30284389e+01]
  [3.64823983e-05 4.68123623e-01 2.22679136e+01]
  [3.60451011e-05 4.64443304e-01 2.34462283e+01]
  [3.62807214e-05 4.67187612e-01 2.25710567e+01]
  [3.67380553e-05 4.60585645e-01 2.46391309e+01]
  [3.60524883e-05 4.64190163e-01 2.35075354e+01]]

 [[3.65950856e-05 4.64941759e-01 2.32555519e+01]
  [3.60645632e-05 4.65823088e-01 2.29374581e+01]
  [3.60349837e-05 4.66839968e-01 2.26714459e+01]
  [3.67309006e-05 4.66647565e-01 2.27341736e+01]
  [3.62863284e-05 4.64903727e-01 2.33218771e+01]
  [3.82958528e-05 4.66535217e-01 2.27879294e+01]
  [3.66569300e-05 4.60218994e-01 2.47263002e+01]
  [3.65100264e-05 4.65672940e-01 2.30698853e+01]]

 [[3.62313840e-05 4.64557406e-01 2.33404488e+01]
  [3.62468496e-05 4.63967376e-01 2.35445343e+01]
  [3.61561093e-05 4.65484704e-01 2.30506845e+01]
  [3.64256157e-05 4.64160974e-01 2.35295910e+01]
  [3.61226891e-05 4.65534236e-01 2.31103573e+01]
  [3.58150117e-05 4.66340150e-01 2.28509679e+01]
  [3.74497945e-05 4.59377338e-01 2.50277684e+01]
  [3.67157418e-05 4.65299783e-01 2.32048250e+01]]

 [[3.65073386e-05 4.65333918e-01 2.31113109e+01]
  [3.74179239e-05 4.65375634e-01 2.30805131e+01]
  [3.60052248e-05 4.65831483e-01 2.29513078e+01]
  [3.64817097e-05 4.65349696e-01 2.31597866e+01]
  [3.59639914e-05 4.65980899e-01 2.29516326e+01]
  [3.65213932e-05 4.65686295e-01 2.30825750e+01]
  [3.67846287e-05 4.60350897e-01 2.47170658e+01]
  [3.94897420e-05 4.65619836e-01 2.31064875e+01]]

 [[3.67495447e-05 4.59320218e-01 2.50191922e+01]
  [3.86393199e-05 4.60465777e-01 2.46218314e+01]
  [3.64702996e-05 4.63016709e-01 2.38470054e+01]
  [3.61811992e-05 4.63157668e-01 2.38023207e+01]
  [3.60326724e-05 4.62430963e-01 2.39974346e+01]
  [3.68773531e-05 4.63146502e-01 2.38050868e+01]
  [3.90789473e-05 1.91467393e-01 1.14349128e+02]
  [3.64033012e-05 4.63064214e-01 2.38606168e+01]]

 [[3.66369218e-05 4.64550312e-01 2.33287379e+01]
  [3.65729301e-05 4.66423042e-01 2.27363560e+01]
  [3.60959167e-05 4.65266349e-01 2.31457049e+01]
  [3.62631433e-05 4.67228741e-01 2.25785033e+01]
  [3.61003104e-05 4.64918725e-01 2.32713862e+01]
  [3.63098026e-05 4.66294127e-01 2.28956598e+01]
  [3.68848333e-05 4.60152219e-01 2.47783560e+01]
  [3.60800800e-05 4.65351920e-01 2.31827986e+01]]]

Ref Max Post Table:
[[[8.79458404e-05 1.02077703e+00 6.91444657e+01]
  [9.05552256e-05 1.01829683e+00 6.92761709e+01]
  [8.85800669e-05 1.02596594e+00 6.88165496e+01]
  [8.45069720e-05 9.37463481e-01 7.51329081e+01]]

 [[8.81980195e-05 1.01633260e+00 6.93823534e+01]
  [8.79453527e-05 1.01391519e+00 6.95170738e+01]
  [8.92956026e-05 1.01710877e+00 6.93314055e+01]
  [8.47488091e-05 9.39643343e-01 7.49774008e+01]]

 [[8.78686931e-05 1.01845818e+00 6.92376479e+01]
  [8.93511958e-05 1.01836129e+00 6.92601600e+01]
  [8.83617055e-05 1.01854163e+00 6.92543476e+01]
  [8.73642932e-05 1.00572748e+00 7.00168303e+01]]

 [[8.82332887e-05 1.00961765e+00 6.97869391e+01]
  [8.76075742e-05 1.00634072e+00 6.99952198e+01]
  [8.84528112e-05 1.01382170e+00 6.95439288e+01]
  [4.74650188e-05 2.69123914e-01 1.25473666e+02]]]

Ref Max Pull Table:
[[[8.86111157e-05 1.01390021e+00 6.98278536e+01]
  [8.51267345e-05 9.38118758e-01 7.54708596e+01]
  [8.93930124e-05 1.02535831e+00 6.91826051e+01]
  [9.00228845e-05 1.02074577e+00 6.94426922e+01]]

 [[8.86050219e-05 1.01319472e+00 6.98831804e+01]
  [4.74827008e-05 2.56355451e-01 1.26501503e+02]
  [8.91627214e-05 1.01813128e+00 6.95660173e+01]
  [9.02296788e-05 1.01368692e+00 6.98646102e+01]]

 [[8.91656120e-05 1.02205446e+00 6.93446542e+01]
  [8.87728863e-05 1.01637198e+00 6.96931789e+01]
  [8.96703454e-05 1.02577996e+00 6.91341535e+01]
  [9.01003616e-05 1.01547709e+00 6.97438314e+01]]

 [[8.98562218e-05 1.01754666e+00 6.96302172e+01]
  [8.92809360e-05 1.01088642e+00 7.00245655e+01]
  [8.92869920e-05 1.02014783e+00 6.94846439e+01]
  [9.12403158e-05 1.02154304e+00 6.94032395e+01]]]

Max Activate Table:
[[[3.57049854e-05 4.67827680e-01 2.24008427e+01 6.74661172e-04
   7.97922123e-03 1.07083273e-03 1.07083273e-03]
  [3.61185542e-05 4.63792000e-01 2.36480470e+01 7.12375824e-04
   8.36948093e-03 1.12981282e-03 1.12981282e-03]
  [3.63794099e-05 4.68148211e-01 2.23457380e+01 6.72628500e-04
   7.92771278e-03 1.06720416e-03 1.06720416e-03]
  [3.66028279e-05 4.65279152e-01 2.32006019e+01 6.98419592e-04
   8.21284303e-03 1.10788547e-03 1.10788547e-03]
  [3.59206652e-05 4.67057816e-01 2.27081167e+01 6.82848737e-04
   8.01600082e-03 1.08287131e-03 1.08287131e-03]
  [3.61554469e-05 4.59949807e-01 2.48441107e+01 7.46760003e-04
   8.84576536e-03 1.18539227e-03 1.18539227e-03]
  [3.59987696e-05 4.65637158e-01 2.31286734e+01 6.94820105e-04
   8.20410273e-03 1.10257475e-03 1.10257475e-03]
  [3.64656313e-05 4.66325777e-01 2.28897339e+01 6.88432620e-04
   8.12159961e-03 1.09223931e-03 1.09223931e-03]]

 [[3.58533204e-05 4.66707846e-01 2.27036226e+01 6.85313573e-04
   8.07168767e-03 1.08721836e-03 1.08721836e-03]
  [4.10159523e-05 4.67851518e-01 2.24126384e+01 6.74508647e-04
   7.96667223e-03 1.07032485e-03 1.07032485e-03]
  [3.58769685e-05 4.68389527e-01 2.22530722e+01 6.69163482e-04
   7.90545499e-03 1.06196916e-03 1.06196916e-03]
  [3.62503909e-05 4.68237346e-01 2.23238589e+01 6.71759903e-04
   7.87261324e-03 1.06496703e-03 1.06496703e-03]
  [3.67910522e-05 4.63237653e-01 2.38258846e+01 7.16758040e-04
   8.42878152e-03 1.13682027e-03 1.13682027e-03]
  [3.78839366e-05 4.60346561e-01 2.47348620e+01 7.43448672e-04
   8.78032359e-03 1.17964990e-03 1.17964990e-03]
  [3.72621729e-05 4.65064665e-01 2.33397356e+01 7.00564120e-04
   8.27056508e-03 1.11169356e-03 1.11169356e-03]
  [3.58625678e-05 4.65381724e-01 2.31976136e+01 6.97510980e-04
   8.27149469e-03 1.10729698e-03 1.10729698e-03]]

 [[3.56197267e-05 4.66507174e-01 2.28252901e+01 6.87439260e-04
   8.10619430e-03 1.09072137e-03 1.09072137e-03]
  [3.64917700e-05 4.66440714e-01 2.28210594e+01 6.87418482e-04
   8.14328515e-03 1.09111093e-03 1.09111093e-03]
  [3.59820761e-05 4.65090978e-01 2.32805332e+01 7.00296822e-04
   8.27385696e-03 1.11127095e-03 1.11127095e-03]
  [3.63289521e-05 4.66654330e-01 2.27950312e+01 6.85851745e-04
   8.10618868e-03 1.08829284e-03 1.08829284e-03]
  [3.59543203e-05 4.65337255e-01 2.32028574e+01 6.97735374e-04
   8.20769443e-03 1.10667175e-03 1.10667175e-03]
  [3.58248699e-05 4.59565496e-01 2.49639184e+01 7.50073356e-04
   8.87526827e-03 1.19060760e-03 1.19060760e-03]
  [3.61486207e-05 4.64929534e-01 2.33309462e+01 7.01404775e-04
   8.31431176e-03 1.11332670e-03 1.11332670e-03]
  [3.63379622e-05 4.67877930e-01 2.24172139e+01 6.74475955e-04
   7.95115528e-03 1.07007854e-03 1.07007854e-03]]

 [[3.68104633e-05 4.65624698e-01 2.30582860e+01 6.95077200e-04
   8.22389969e-03 1.10316460e-03 1.10316460e-03]
  [3.73681518e-05 4.65109773e-01 2.32237860e+01 6.99792168e-04
   8.24685979e-03 1.11009972e-03 1.11009972e-03]
  [3.57521996e-05 4.63933876e-01 2.36491049e+01 7.11167205e-04
   8.35094415e-03 1.12790020e-03 1.12790020e-03]
  [3.80944606e-05 4.66664982e-01 2.27592870e+01 6.85519413e-04
   8.08765783e-03 1.08761323e-03 1.08761323e-03]
  [3.70899455e-05 4.63853390e-01 2.37339313e+01 7.12023448e-04
   8.37986097e-03 1.12933669e-03 1.12933669e-03]
  [3.61285589e-05 4.60345992e-01 2.47670480e+01 7.43884282e-04
   8.75950831e-03 1.18003663e-03 1.18003663e-03]
  [3.60009560e-05 4.66565670e-01 2.28298045e+01 6.86441315e-04
   8.09772094e-03 1.08921528e-03 1.08921528e-03]
  [3.61262604e-05 4.65866527e-01 2.30588622e+01 6.92973776e-04
   8.16056327e-03 1.09936581e-03 1.09936581e-03]]

 [[3.57160515e-05 4.65905531e-01 2.29954171e+01 6.92977407e-04
   8.15400866e-03 1.09908168e-03 1.09908168e-03]
  [3.63489118e-05 4.66264466e-01 2.28837660e+01 6.89605319e-04
   8.11066708e-03 1.09366096e-03 1.09366096e-03]
  [3.60122239e-05 4.64879908e-01 2.33390289e+01 7.02114143e-04
   8.29812656e-03 1.11427413e-03 1.11427413e-03]
  [3.65490804e-05 4.64783007e-01 2.33586460e+01 7.02693480e-04
   8.29517978e-03 1.11506333e-03 1.11506333e-03]
  [3.60880118e-05 4.66828782e-01 2.27421768e+01 6.84346351e-04
   8.06336805e-03 1.08583725e-03 1.08583725e-03]
  [3.88399851e-05 4.58410770e-01 2.53931698e+01 7.60287096e-04
   9.00861233e-03 1.20687322e-03 1.20687322e-03]
  [3.59935598e-05 4.63569007e-01 2.37225264e+01 7.14135186e-04
   8.42917204e-03 1.13317408e-03 1.13317408e-03]
  [3.57679227e-05 4.66551931e-01 2.28715806e+01 6.87164726e-04
   8.09021298e-03 1.09000063e-03 1.09000063e-03]]

 [[3.58492411e-05 4.61599785e-01 2.42880849e+01 7.32076433e-04
   8.65056387e-03 1.16192860e-03 1.16192860e-03]
  [3.70453486e-05 4.62659872e-01 2.40027162e+01 7.22235812e-04
   8.50670465e-03 1.14580794e-03 1.14580794e-03]
  [3.60061974e-05 4.63190442e-01 2.38309863e+01 7.17491459e-04
   8.46563774e-03 1.13819922e-03 1.13819922e-03]
  [3.71738082e-05 4.62753385e-01 2.39857191e+01 7.21492112e-04
   8.51512431e-03 1.14483961e-03 1.14483961e-03]
  [3.69632240e-05 4.62383305e-01 2.41496363e+01 7.24932306e-04
   8.54292016e-03 1.15018907e-03 1.15018907e-03]
  [4.02537639e-05 1.53870823e-01 1.27017952e+02 3.35714700e-03
   3.99616158e-02 5.33125104e-03 5.34020966e-03]
  [3.60710006e-05 4.62259156e-01 2.41461029e+01 7.25797168e-04
   8.55329310e-03 1.15149313e-03 1.15149313e-03]
  [3.61793557e-05 4.62669516e-01 2.40328563e+01 7.21951366e-04
   8.53920679e-03 1.14569784e-03 1.14569784e-03]]

 [[3.58931741e-05 4.64612897e-01 2.33546960e+01 7.04523289e-04
   8.29240119e-03 1.11757628e-03 1.11757628e-03]
  [3.67957862e-05 4.63843834e-01 2.36493551e+01 7.11816374e-04
   8.36847382e-03 1.12894645e-03 1.12894645e-03]
  [3.59917037e-05 4.66171718e-01 2.29672137e+01 6.90821446e-04
   8.11757954e-03 1.09555409e-03 1.09555409e-03]
  [3.62573385e-05 4.64611148e-01 2.34349783e+01 7.05179940e-04
   8.28551435e-03 1.11837602e-03 1.11837602e-03]
  [3.71174239e-05 4.69397450e-01 2.18952429e+01 6.59661037e-04
   7.80347298e-03 1.04701318e-03 1.04701318e-03]
  [3.61290858e-05 4.59976603e-01 2.48218539e+01 7.46532863e-04
   8.81886491e-03 1.18492121e-03 1.18492121e-03]
  [3.67033738e-05 4.65861091e-01 2.30483364e+01 6.92796067e-04
   8.17993525e-03 1.09927152e-03 1.09927152e-03]
  [3.62275229e-05 4.65672602e-01 2.31330442e+01 6.94701261e-04
   8.23443973e-03 1.10291270e-03 1.10291270e-03]]

 [[3.67115507e-05 4.64551137e-01 2.33970517e+01 7.04652707e-04
   8.33103881e-03 1.11825618e-03 1.11825618e-03]
  [3.67587607e-05 4.66826551e-01 2.27120416e+01 6.84365817e-04
   8.04611917e-03 1.08549734e-03 1.08549734e-03]
  [3.96623100e-05 4.65954007e-01 2.30331208e+01 6.91860045e-04
   8.21362090e-03 1.09859078e-03 1.09859078e-03]
  [3.62999053e-05 4.65150771e-01 2.32644818e+01 6.99441644e-04
   8.26401925e-03 1.11008562e-03 1.11008562e-03]
  [3.60035055e-05 4.65301884e-01 2.32396384e+01 6.98422914e-04
   8.20703163e-03 1.10750594e-03 1.10750594e-03]
  [3.60057975e-05 4.60369974e-01 2.47181494e+01 7.43713136e-04
   8.74950004e-03 1.17944590e-03 1.17944590e-03]
  [3.60144677e-05 4.64446772e-01 2.35049120e+01 7.06143743e-04
   8.38579939e-03 1.12130085e-03 1.12130085e-03]
  [3.62160345e-05 4.66028359e-01 2.30156841e+01 6.92133177e-04
   8.19079691e-03 1.09841841e-03 1.09841841e-03]]]

Cumulative Reward: 3403.1890854482217
