Scheduler Table:
[[[1.70704386e-06 1.33525556e-02 1.32619235e+01 9.82949239e-04
   1.17460586e-01 3.66257036e-04 3.66257036e-04]
  [1.40760648e-06 1.33207693e-02 1.36970035e+01 1.03149674e-03
   8.50705943e-02 3.65305442e-04 3.65305442e-04]
  [1.13350064e-06 1.32450749e-02 1.42950101e+01 1.08836500e-03
   6.05737633e-02 3.64865125e-04 3.64865125e-04]]

 [[1.50907123e-06 1.32651240e-02 1.33093477e+01 1.01314590e-03
   9.75470271e-02 3.65732378e-04 3.65732378e-04]
  [1.86452260e-04 1.12726147e+00 1.82916832e+01 1.09035716e-03
   3.50501372e-01 3.62749160e-04 3.88688404e-04]
  [7.81879926e-07 1.17365555e-02 1.74263068e+01 9.77125268e-04
   1.26697620e-02 3.63407201e-04 3.63407201e-04]]

 [[1.21536150e-06 1.32820731e-02 1.33296548e+01 1.04769200e-03
   6.79868202e-02 3.64810319e-04 3.64810319e-04]
  [8.64556638e-07 1.16555600e-02 1.75150301e+01 9.27528596e-04
   1.07862228e-02 3.62486593e-04 3.62486593e-04]
  [1.77490322e-06 1.33247197e-02 1.34902979e+01 9.45940332e-04
   1.11425126e-01 3.65821074e-04 3.65821074e-04]]]

Buffer Table:
[[[1.66513130e-06 1.26068759e-02 1.59196259e+01 1.07015854e-03
   5.18246662e-02 3.64682613e-04 3.64682613e-04]
  [2.06318409e-06 1.33204698e-02 1.31723639e+01 1.01473661e-03
   7.37635911e-02 3.65950341e-04 3.65950341e-04]
  [1.79719305e-06 1.28809177e-02 1.46668364e+01 1.07795416e-03
   5.73690691e-02 3.64559384e-04 3.64559384e-04]]

 [[2.10413295e-06 1.32923804e-02 1.35840702e+01 1.02069533e-03
   7.70262931e-02 3.64973745e-04 3.64973745e-04]
  [2.21982766e-06 1.33037558e-02 1.31876728e+01 1.03215035e-03
   8.41322490e-02 3.64483833e-04 3.64483833e-04]
  [2.25943382e-06 1.33943101e-02 1.32040966e+01 1.01387413e-03
   8.40828458e-02 3.65810790e-04 3.65810790e-04]]

 [[2.15678711e-06 1.31982177e-02 1.35704453e+01 1.02379333e-03
   7.52774443e-02 3.64743468e-04 3.64743468e-04]
  [2.13571552e-06 1.33568367e-02 1.34788369e+01 1.01890560e-03
   8.77277746e-02 3.65282197e-04 3.65282197e-04]
  [1.86450637e-04 1.12725965e+00 1.82933514e+01 1.09087602e-03
   3.50460284e-01 3.62750099e-04 3.88689343e-04]]]

Arbiter Table:
[[[2.49856393e-06 1.33122690e-02 1.33909214e+01 9.98445935e-04
   7.26111750e-02 3.65799398e-04 3.65799398e-04]
  [1.86696821e-04 1.12726217e+00 1.81545122e+01 1.10115159e-03
   3.50451117e-01 3.63192815e-04 3.80764561e-04]
  [2.16601348e-06 1.33172843e-02 1.34974309e+01 1.03418024e-03
   6.02410753e-02 3.65398314e-04 3.65398314e-04]]

 [[7.84708224e-06 1.11562926e-02 1.86497964e+01 1.14377290e-03
   4.95258267e-04 3.61298528e-04 3.89190188e-04]
  [1.65067027e-06 1.27607975e-02 1.55321037e+01 1.06878054e-03
   4.38770119e-02 3.64787603e-04 3.64787603e-04]
  [1.94003003e-06 1.32209688e-02 1.45557850e+01 1.06451373e-03
   5.17898499e-02 3.65123126e-04 3.65123126e-04]]

 [[6.49787001e-06 1.28068359e-02 1.79006307e+01 1.09516179e-03
   3.87559603e-02 3.64248000e-04 3.64248000e-04]
  [2.03085813e-06 1.32560453e-02 1.37571436e+01 1.05694886e-03
   5.48759366e-02 3.64335111e-04 3.64335111e-04]
  [2.03512724e-06 1.33740267e-02 1.32331520e+01 1.05033227e-03
   5.59196382e-02 3.64673318e-04 3.64673318e-04]]]

Page Table:
[[[1.84014505e-06 1.30241676e-02 1.60467508e+01 9.20414216e-04
   3.07822009e-02 3.63423605e-04 3.63423605e-04]
  [7.07597719e-06 1.11649859e-02 1.75805994e+01 1.16972027e-03
   4.86435990e-04 3.62403430e-04 3.62403430e-04]
  [1.65916895e-06 1.33523345e-02 1.48536509e+01 1.06253676e-03
   4.83264889e-02 3.63936593e-04 3.63936593e-04]
  [3.14824005e-06 1.31659391e-02 1.44163526e+01 1.07576162e-03
   6.29257267e-02 3.65447140e-04 3.65447140e-04]]

 [[2.70261040e-06 1.34959657e-02 1.33362275e+01 1.03577144e-03
   8.37316803e-02 3.64878850e-04 3.64878850e-04]
  [2.63587225e-06 1.33805163e-02 1.37276255e+01 1.04288430e-03
   8.72123727e-02 3.65494785e-04 3.65494785e-04]
  [2.90437391e-06 1.34040228e-02 1.34400987e+01 1.01103954e-03
   8.68037825e-02 3.64951138e-04 3.64951138e-04]
  [6.86926443e-06 1.11649785e-02 1.90121616e+01 1.12306751e-03
   5.17388234e-04 3.61592811e-04 3.89484471e-04]]

 [[1.55325676e-06 1.19765905e-02 1.74022847e+01 1.08779538e-03
   9.66378201e-03 3.63442314e-04 3.63442314e-04]
  [2.69762156e-06 1.34938517e-02 1.40534889e+01 1.02218190e-03
   8.20380836e-02 3.66201566e-04 3.66201566e-04]
  [3.21908834e-06 1.34095517e-02 1.35929745e+01 1.00363563e-03
   8.91846806e-02 3.66135897e-04 3.66135897e-04]
  [3.12334687e-06 1.34100190e-02 1.36929486e+01 9.56797004e-04
   1.00882491e-01 3.65620014e-04 3.65620014e-04]]

 [[1.85916591e-04 1.12727048e+00 1.77346354e+01 1.11113101e-03
   3.50452596e-01 3.63973556e-04 3.63973556e-04]
  [3.37099198e-06 1.34376405e-02 1.37133196e+01 9.80748084e-04
   9.57887766e-02 3.65574910e-04 3.65574910e-04]
  [2.68634908e-06 1.34351769e-02 1.42504331e+01 1.02297700e-03
   9.20249817e-02 3.65334501e-04 3.65334501e-04]
  [2.97238099e-06 1.33385988e-02 1.35934953e+01 1.00030368e-03
   9.68270161e-02 3.65338609e-04 3.65338609e-04]]]

Response Table:
[[[1.09464777e-05 1.31559370e-02 1.65630088e+01]
  [6.33196683e-07 1.31808155e-02 1.41470346e+01]]

 [[6.87867664e-07 1.32895090e-02 1.32111200e+01]
  [1.86450637e-04 1.12725965e+00 1.82933514e+01]]]

Refresh Table:
[[[1.86450637e-04 1.12725965e+00 1.82933514e+01]
  [6.76398073e-07 1.31740616e-02 1.34350996e+01]]

 [[6.86199816e-07 1.32916447e-02 1.37915770e+01]
  [6.69427575e-07 1.32050220e-02 1.44527777e+01]]]

Request Buffer Table:
[[[3.10392560e-06 1.35377312e-02 1.60021799e+01]
  [3.56196126e-06 1.41443659e-02 1.37924042e+01]
  [3.99580527e-06 1.42603012e-02 1.34746861e+01]
  [4.37602013e-06 1.39411121e-02 1.35461085e+01]
  [5.36010171e-06 1.42871459e-02 1.36310302e+01]
  [6.86894962e-06 1.11644955e-02 1.90130723e+01]
  [5.34441363e-06 1.39580446e-02 1.37431712e+01]
  [3.83578773e-06 1.41458378e-02 1.36693625e+01]]

 [[5.73402987e-06 1.40874892e-02 1.36632427e+01]
  [3.93542968e-06 1.40309284e-02 1.34973861e+01]
  [3.22484234e-06 1.41876026e-02 1.40911346e+01]
  [3.32093458e-06 1.40965087e-02 1.36401020e+01]
  [5.25613963e-06 1.39738645e-02 1.50204236e+01]
  [4.40027998e-06 1.40848181e-02 1.36053221e+01]
  [4.28969127e-06 1.41451859e-02 1.37013143e+01]
  [3.62803385e-06 1.41744477e-02 1.37734927e+01]]

 [[4.23750319e-06 1.40767696e-02 1.34870163e+01]
  [4.19159465e-06 1.41361475e-02 1.35841320e+01]
  [5.03141719e-06 1.41060231e-02 1.37392029e+01]
  [5.34872073e-06 1.39942723e-02 1.48115537e+01]
  [4.74871320e-06 1.42588116e-02 1.42052494e+01]
  [4.08366778e-06 1.42262920e-02 1.40243426e+01]
  [1.85518328e-05 1.34062236e-02 1.85521575e+01]
  [3.97867660e-06 1.40882091e-02 1.36211640e+01]]

 [[3.65891536e-06 1.40761719e-02 1.37640904e+01]
  [3.46919180e-06 1.41931472e-02 1.36314591e+01]
  [3.92135913e-06 1.43361461e-02 1.36568105e+01]
  [3.10567679e-06 1.42018045e-02 1.38112283e+01]
  [1.20397143e-05 1.39622960e-02 1.39056619e+01]
  [3.55587825e-06 1.41261502e-02 1.39723630e+01]
  [4.34182568e-06 1.40353731e-02 1.48567594e+01]
  [3.10057780e-06 1.40249655e-02 1.40239403e+01]]

 [[3.56358410e-06 1.40617823e-02 1.39742113e+01]
  [3.79151850e-06 1.43041206e-02 1.39907820e+01]
  [3.96963051e-06 1.39430682e-02 1.47972299e+01]
  [7.38638353e-06 1.39822013e-02 1.34649409e+01]
  [4.34131437e-06 1.40913031e-02 1.41414550e+01]
  [5.48086173e-06 1.41247916e-02 1.40128723e+01]
  [3.74164765e-06 1.45346769e-02 1.37412916e+01]
  [4.22186629e-06 1.42405210e-02 1.40989206e+01]]

 [[3.41807152e-06 1.38313707e-02 1.48695481e+01]
  [4.77812333e-06 1.40080112e-02 1.43316156e+01]
  [3.49325383e-06 1.40754275e-02 1.37611863e+01]
  [3.26079566e-06 1.44447925e-02 1.39472265e+01]
  [5.75012956e-06 1.41479212e-02 1.39422671e+01]
  [6.26468419e-06 1.43204248e-02 1.38861864e+01]
  [1.85916285e-04 1.12727001e+00 1.77355181e+01]
  [3.52043932e-06 1.40988649e-02 1.37963530e+01]]

 [[7.07565241e-06 1.11644875e-02 1.75815390e+01]
  [3.36854695e-06 1.42325439e-02 1.36334025e+01]
  [3.81363839e-06 1.41823145e-02 1.35854927e+01]
  [6.12547514e-06 1.40184597e-02 1.42188307e+01]
  [2.93542774e-06 1.43262887e-02 1.35401399e+01]
  [2.42813832e-06 1.34110685e-02 1.51952049e+01]
  [7.32627414e-06 1.39285744e-02 1.39072926e+01]
  [3.09783937e-06 1.40346684e-02 1.41226697e+01]]

 [[3.95618534e-06 1.40904640e-02 1.39446024e+01]
  [5.85083892e-06 1.42596548e-02 1.39128548e+01]
  [4.32541006e-06 1.42119555e-02 1.35864925e+01]
  [3.42588098e-06 1.41954097e-02 1.36865385e+01]
  [3.95885271e-06 1.41124022e-02 1.42298007e+01]
  [4.61060378e-06 1.42679576e-02 1.38779790e+01]
  [5.02803473e-06 1.41843280e-02 1.36609056e+01]
  [8.78626921e-06 1.43152604e-02 1.37186289e+01]]]

Ref Max Post Table:
[[[2.70980798e-06 1.34199721e-02 1.38260725e+01]
  [1.86696821e-04 1.12726217e+00 1.81545122e+01]
  [2.67326424e-06 1.34067764e-02 1.34738322e+01]
  [2.77718873e-06 1.33979748e-02 1.34354770e+01]]

 [[7.84708224e-06 1.11562926e-02 1.86497964e+01]
  [1.79937725e-06 1.28492170e-02 1.50426157e+01]
  [2.42483384e-06 1.32155721e-02 1.44403383e+01]
  [3.40725548e-06 1.34900430e-02 1.35215152e+01]]

 [[2.28748105e-06 1.32219513e-02 1.52930481e+01]
  [2.25447868e-06 1.34061303e-02 1.37044110e+01]
  [4.10465812e-06 1.34411278e-02 1.34065529e+01]
  [7.33634861e-06 1.35172638e-02 1.34373322e+01]]

 [[2.88275909e-06 1.34304757e-02 1.50022235e+01]
  [2.53779889e-06 1.34921397e-02 1.34938682e+01]
  [4.21690419e-06 1.34939437e-02 1.34386373e+01]
  [3.07529674e-06 1.35201908e-02 1.36646057e+01]]]

Ref Max Pull Table:
[[[1.85094947e-06 1.30123755e-02 1.51785612e+01]
  [4.72410513e-06 1.14386412e-02 1.76320339e+01]
  [2.79227434e-06 1.33959038e-02 1.37902853e+01]
  [4.36914810e-06 1.29628305e-02 1.51087167e+01]]

 [[2.79559256e-06 1.26221527e-02 1.57943247e+01]
  [1.86450637e-04 1.12725965e+00 1.82933514e+01]
  [2.87729962e-06 1.32780305e-02 1.45299462e+01]
  [2.89841491e-06 1.34104010e-02 1.37901456e+01]]

 [[4.43591705e-06 1.33485780e-02 1.34842220e+01]
  [3.13138131e-06 1.34692655e-02 1.35850231e+01]
  [3.00953690e-06 1.34904813e-02 1.34463707e+01]
  [2.54698874e-06 1.32632530e-02 1.39975023e+01]]

 [[2.82596688e-06 1.18261503e-02 1.70284113e+01]
  [2.92785771e-06 1.34959813e-02 1.35346298e+01]
  [3.14021048e-06 1.34191210e-02 1.31946277e+01]
  [2.70470776e-06 1.33303590e-02 1.36249474e+01]]]

Max Activate Table:
[[[3.58788855e-06 1.40979295e-02 1.36748812e+01 1.01915036e-03
   6.48869449e-02 3.64551276e-04 3.64551276e-04]
  [3.42864908e-06 1.40282556e-02 1.37244263e+01 1.03684890e-03
   3.43716645e-02 3.63934888e-04 3.63934888e-04]
  [3.16260980e-06 1.40062444e-02 1.34912829e+01 1.05543511e-03
   1.17480363e-01 3.63528346e-04 3.63528346e-04]
  [3.25008884e-06 1.42304114e-02 1.38302602e+01 1.05136201e-03
   2.54323626e-02 3.64186701e-04 3.64186701e-04]
  [6.74614627e-06 1.45086084e-02 1.36532378e+01 1.06338007e-03
   4.39287742e-02 3.63937563e-04 3.63937563e-04]
  [3.17942021e-06 1.41227186e-02 1.38277054e+01 1.05633998e-03
   3.00215919e-02 3.63239192e-04 3.63239192e-04]
  [4.25823834e-06 1.41863406e-02 1.37072889e+01 1.04086753e-03
   2.41958079e-02 3.63411714e-04 3.63411714e-04]
  [4.61404807e-06 1.41047247e-02 1.35610113e+01 1.01843430e-03
   1.19018660e-01 3.64219955e-04 3.64219955e-04]]

 [[3.10724955e-06 1.42522026e-02 1.38105467e+01 1.02505705e-03
   6.28459625e-02 3.63527716e-04 3.63527716e-04]
  [4.79969380e-06 1.43351384e-02 1.38315037e+01 1.05319275e-03
   1.91816774e-02 3.64233124e-04 3.64233124e-04]
  [4.38918252e-06 1.42373166e-02 1.39822985e+01 1.06267897e-03
   2.54525058e-02 3.64146332e-04 3.64146332e-04]
  [9.17253008e-06 1.42082140e-02 1.48586715e+01 1.03032442e-03
   3.69522974e-02 3.66073506e-04 3.66073506e-04]
  [3.20004967e-06 1.41228007e-02 1.40426337e+01 1.02871045e-03
   4.78606977e-02 3.65545841e-04 3.65545841e-04]
  [4.04259309e-06 1.41473359e-02 1.39976232e+01 1.06146948e-03
   7.17518297e-02 3.65450497e-04 3.65450497e-04]
  [3.82020956e-06 1.41017066e-02 1.40773318e+01 1.03342155e-03
   4.10356449e-02 3.64997403e-04 3.64997403e-04]
  [2.90301935e-06 1.42487660e-02 1.40033664e+01 1.02032212e-03
   3.72941317e-01 3.64136059e-04 3.64136059e-04]]

 [[4.35304523e-06 1.41470797e-02 1.37604606e+01 1.00281750e-03
   8.77804188e-02 3.64741247e-04 3.64741247e-04]
  [3.68811391e-06 1.41005658e-02 1.37861879e+01 1.05155032e-03
   3.56021777e-02 3.65453298e-04 3.65453298e-04]
  [3.31357770e-06 1.41164918e-02 1.38209259e+01 1.09151188e-03
   8.31521645e-02 3.63468605e-04 3.63468605e-04]
  [3.33599108e-06 1.41832771e-02 1.37036945e+01 1.06109548e-03
   2.40526924e-02 3.65078272e-04 3.65078272e-04]
  [4.45605603e-06 1.40890576e-02 1.38527058e+01 1.03770880e-03
   6.26070661e-02 3.64736705e-04 3.64736705e-04]
  [5.56237593e-06 1.41198635e-02 1.41835189e+01 1.07450918e-03
   4.03522704e-02 3.66286995e-04 3.66286995e-04]
  [3.56186415e-06 1.42310961e-02 1.37788366e+01 9.91545406e-04
   1.13539108e-01 3.64599361e-04 3.64599361e-04]
  [4.32787051e-06 1.39779841e-02 1.38597733e+01 9.56199808e-04
   2.93511410e-02 3.64415924e-04 3.64415924e-04]]

 [[3.54337586e-06 1.41629860e-02 1.37951917e+01 1.00865083e-03
   6.63722776e-02 3.64744506e-04 3.64744506e-04]
  [4.48465306e-06 1.41483506e-02 1.37239788e+01 1.06856851e-03
   2.25675266e-02 3.65681482e-04 3.65681482e-04]
  [4.38637856e-06 1.42104258e-02 1.38720875e+01 1.04952213e-03
   4.32745605e-02 3.64799785e-04 3.64799785e-04]
  [3.35562745e-06 1.42240179e-02 1.39313762e+01 1.06319897e-03
   2.36418760e-02 3.64504245e-04 3.64504245e-04]
  [3.90469960e-06 1.42541613e-02 1.37429480e+01 1.06913494e-03
   4.49881663e-02 3.64832294e-04 3.64832294e-04]
  [2.93738145e-05 1.35497544e-02 1.64338202e+01 1.06518918e-03
   3.55178688e-02 3.64687852e-04 3.64687852e-04]
  [5.46170715e-06 1.40773167e-02 1.40249331e+01 1.04462457e-03
   4.26606477e-02 3.65427885e-04 3.65427885e-04]
  [3.59971029e-06 1.43082748e-02 1.40237757e+01 1.07048063e-03
   2.51409475e-02 3.64237678e-04 3.64237678e-04]]

 [[3.84928912e-06 1.41294836e-02 1.38691933e+01 1.00130847e-03
   6.90511896e-02 3.65020600e-04 3.65020600e-04]
  [4.23675294e-06 1.42398851e-02 1.35295311e+01 9.95778344e-04
   1.28665536e-01 3.65072287e-04 3.65072287e-04]
  [6.91204771e-06 1.41822506e-02 1.46122503e+01 1.08519616e-03
   4.39393675e-02 3.64463128e-04 3.64463128e-04]
  [4.20430274e-06 1.40611595e-02 1.40547988e+01 1.06173561e-03
   5.49294850e-02 3.64459202e-04 3.64459202e-04]
  [4.51274277e-06 1.40568842e-02 1.41164648e+01 1.05394507e-03
   2.84454652e-02 3.64686276e-04 3.64686276e-04]
  [4.73499388e-06 1.40884245e-02 1.40542793e+01 1.01024152e-03
   8.15598042e-02 3.64184242e-04 3.64184242e-04]
  [4.37096554e-06 1.42983476e-02 1.36706310e+01 1.07225686e-03
   3.05632592e-02 3.64277445e-04 3.64277445e-04]
  [5.20247464e-06 1.41527025e-02 1.36644789e+01 1.08320694e-03
   4.44187504e-02 3.63711919e-04 3.63711919e-04]]

 [[4.53417409e-06 1.42724167e-02 1.36575094e+01 1.06064756e-03
   2.05712300e-02 3.63636346e-04 3.63636346e-04]
  [4.19855933e-06 1.43514369e-02 1.37509415e+01 1.06758910e-03
   2.32814366e-02 3.64689986e-04 3.64689986e-04]
  [3.67684520e-06 1.40241995e-02 1.40333603e+01 1.04697010e-03
   1.01287186e-01 3.64159776e-04 3.64159776e-04]
  [1.65673362e-05 1.40741250e-02 1.41744586e+01 1.01533997e-03
   2.80250976e-02 3.64849546e-04 3.64849546e-04]
  [8.29162866e-06 1.42326855e-02 1.37940289e+01 1.03971556e-03
   3.88622345e-02 3.64920301e-04 3.64920301e-04]
  [4.09214808e-06 1.41238176e-02 1.37703746e+01 1.07517862e-03
   6.75096917e-02 3.63932657e-04 3.63932657e-04]
  [6.44029701e-06 1.41179821e-02 1.38423740e+01 1.01347516e-03
   2.20613912e-02 3.64727190e-04 3.64727190e-04]
  [7.84708224e-06 1.11562926e-02 1.86497964e+01 1.14377290e-03
   4.95258267e-04 3.61298528e-04 3.89190188e-04]]

 [[3.53326958e-06 1.40199749e-02 1.38448660e+01 1.04459597e-03
   4.35668123e-02 3.64241610e-04 3.64241610e-04]
  [4.84419469e-06 1.45430827e-02 1.35689178e+01 1.07124755e-03
   3.35190108e-02 3.63708869e-04 3.63708869e-04]
  [3.91821185e-06 1.40076358e-02 1.36714541e+01 1.01553239e-03
   1.39760102e-01 3.65369247e-04 3.65369247e-04]
  [3.67269673e-06 1.38559934e-02 1.44706261e+01 1.06466170e-03
   5.72556514e-02 3.65364177e-04 3.65364177e-04]
  [4.56503610e-06 1.40148791e-02 1.40021201e+01 1.05389479e-03
   7.47778540e-02 3.65236801e-04 3.65236801e-04]
  [3.29717208e-06 1.40789193e-02 1.38893907e+01 1.05936983e-03
   2.96156276e-02 3.64275954e-04 3.64275954e-04]
  [3.19482545e-06 1.32352517e-02 1.75698857e+01 1.09288022e-03
   4.55287922e-02 3.63617150e-04 3.63617150e-04]
  [7.08747362e-06 1.40634004e-02 1.38906101e+01 1.02087990e-03
   3.90552542e-02 3.65442662e-04 3.65442662e-04]]

 [[2.91902473e-06 1.41707421e-02 1.40049489e+01 1.08740308e-03
   3.13809301e-02 3.63333062e-04 3.63333062e-04]
  [3.95280255e-06 1.39162520e-02 1.42523862e+01 1.02961480e-03
   5.34330626e-02 3.64631984e-04 3.64631984e-04]
  [4.25866646e-06 1.39636720e-02 1.36841514e+01 1.01298938e-03
   1.25300633e-01 3.64649504e-04 3.64649504e-04]
  [3.99323072e-06 1.42853293e-02 1.36685435e+01 1.06860843e-03
   1.25036190e-01 3.63723354e-04 3.63723354e-04]
  [3.53528875e-06 1.43173368e-02 1.38609840e+01 1.03175915e-03
   2.28900833e-02 3.64450151e-04 3.64450151e-04]
  [1.86696821e-04 1.12726217e+00 1.81545122e+01 1.10115159e-03
   3.50451117e-01 3.63192815e-04 3.80764561e-04]
  [4.85520261e-06 1.40288877e-02 1.43960570e+01 1.07359797e-03
   4.61351087e-02 3.63888721e-04 3.63888721e-04]
  [5.23490124e-06 1.40305710e-02 1.38985820e+01 1.03014415e-03
   8.79164632e-02 3.63990867e-04 3.63990867e-04]]]

Cumulative Reward: 6442.01054626658
