Scheduler Table:
[[[5.35242751e-05 1.57206322e-01 1.44129359e+02 1.05439863e-02
   4.39837157e-01 3.63951297e-03 3.63951297e-03]
  [5.42859053e-05 1.57718435e-01 1.44670547e+02 1.05151601e-02
   4.48680588e-01 3.63857438e-03 3.63857438e-03]
  [5.33199625e-05 1.57134499e-01 1.44651474e+02 1.05601276e-02
   4.38622673e-01 3.63866048e-03 3.63866048e-03]]

 [[5.38273931e-05 1.57376135e-01 1.44180139e+02 1.05528545e-02
   4.42856337e-01 3.63881361e-03 3.63881361e-03]
  [4.20697836e-05 1.24271500e-01 2.19054249e+02 1.06133032e-02
   8.82083058e-02 3.62963127e-03 3.62963127e-03]
  [5.30619405e-05 1.20324683e-01 2.27003056e+02 1.08535613e-02
   6.10605795e-02 3.62838438e-03 3.64830699e-03]]

 [[5.34196980e-05 1.57171929e-01 1.44117341e+02 1.05388775e-02
   4.39420824e-01 3.63880011e-03 3.63880011e-03]
  [2.12232762e-04 8.54359829e-01 2.26948919e+02 1.08310137e-02
   3.10838213e-01 3.62979965e-03 3.63966134e-03]
  [5.47508826e-05 1.57765470e-01 1.44494268e+02 1.04984045e-02
   4.50082814e-01 3.63878213e-03 3.63878213e-03]]]

Buffer Table:
[[[4.57068242e-05 1.36284279e-01 2.08988550e+02 1.06274551e-02
   1.95768704e-01 3.63408508e-03 3.63408508e-03]
  [5.15660497e-05 1.57527790e-01 1.44566053e+02 1.05197438e-02
   3.89320213e-01 3.63992707e-03 3.63992707e-03]
  [4.92399019e-05 1.47963171e-01 1.55420068e+02 1.06986472e-02
   2.88779043e-01 3.63652905e-03 3.63652905e-03]]

 [[5.14790721e-05 1.57445778e-01 1.44611508e+02 1.05424065e-02
   3.90408034e-01 3.63907110e-03 3.63907110e-03]
  [5.21738704e-05 1.57742427e-01 1.44443395e+02 1.05410869e-02
   3.93847551e-01 3.63868192e-03 3.63868192e-03]
  [5.12750436e-05 1.57371414e-01 1.44636672e+02 1.05520037e-02
   3.87046272e-01 3.63967668e-03 3.63967668e-03]]

 [[5.10734503e-05 1.57135913e-01 1.45687157e+02 1.05447066e-02
   3.85722857e-01 3.63903824e-03 3.63903824e-03]
  [5.18355671e-05 1.57695577e-01 1.44463538e+02 1.05369679e-02
   3.93968865e-01 3.63969366e-03 3.63969366e-03]
  [2.11903025e-04 8.50029817e-01 2.32830210e+02 1.08444937e-02
   2.80875789e-01 3.62862266e-03 3.64844566e-03]]]

Arbiter Table:
[[[2.10638547e-04 8.47388198e-01 2.46542500e+02 1.08186007e-02
   2.60600276e-01 3.62800945e-03 3.64783245e-03]
  [5.55955856e-05 1.57233909e-01 1.44409522e+02 1.05529939e-02
   3.97114803e-01 3.63977707e-03 3.63977707e-03]
  [5.37464033e-05 1.40343636e-01 1.70616348e+02 1.07295296e-02
   2.30857541e-01 3.63404037e-03 3.63404037e-03]]

 [[5.55256255e-05 1.57116519e-01 1.45315941e+02 1.05527682e-02
   3.96752660e-01 3.63942108e-03 3.63942108e-03]
  [5.57259943e-05 1.57281704e-01 1.44762836e+02 1.05432344e-02
   3.97770729e-01 3.63879799e-03 3.63879799e-03]
  [5.56365825e-05 1.57213575e-01 1.44579313e+02 1.05296433e-02
   3.97872969e-01 3.63956075e-03 3.63956075e-03]]

 [[4.93676959e-05 1.30964019e-01 1.85182589e+02 1.07960140e-02
   1.33702973e-01 3.63219704e-03 3.63219704e-03]
  [5.57602184e-05 1.57224464e-01 1.44458407e+02 1.05528650e-02
   3.98885421e-01 3.63859506e-03 3.63859506e-03]
  [5.36832982e-05 1.40497480e-01 1.70863958e+02 1.07270664e-02
   2.32413249e-01 3.63443803e-03 3.63443803e-03]]]

Page Table:
[[[6.44896399e-05 2.33783947e-01 1.43436591e+02 1.04903913e-02
   3.28267262e-01 3.60321091e-03 3.60321091e-03]
  [6.46947454e-05 2.33832297e-01 1.43491127e+02 1.04870128e-02
   3.25945356e-01 3.60346661e-03 3.60346661e-03]
  [6.48519534e-05 2.34066698e-01 1.43409699e+02 1.04998418e-02
   3.25013496e-01 3.60299440e-03 3.60299440e-03]
  [5.21284025e-05 1.54341567e-01 2.08245735e+02 1.06220356e-02
   1.02505197e-01 3.62076522e-03 3.62076522e-03]]

 [[5.52768051e-05 2.18402422e-01 1.50016241e+02 1.05775851e-02
   2.77251850e-01 3.60758899e-03 3.60758899e-03]
  [6.39740604e-05 2.32758388e-01 1.43442263e+02 1.05194046e-02
   3.23155666e-01 3.60426974e-03 3.60426974e-03]
  [6.44298153e-05 2.33390559e-01 1.43724227e+02 1.05041452e-02
   3.26595230e-01 3.60323808e-03 3.60323808e-03]
  [5.10785403e-05 1.31897798e-01 2.31150930e+02 1.07864453e-02
   5.58515292e-02 3.62313386e-03 3.64305647e-03]]

 [[5.66410963e-05 2.13309101e-01 1.53376639e+02 1.05258962e-02
   2.63650567e-01 3.60979844e-03 3.60979844e-03]
  [6.40505611e-05 2.32960278e-01 1.43677262e+02 1.05131402e-02
   3.23917942e-01 3.60431162e-03 3.60431162e-03]
  [6.56947997e-05 2.34875620e-01 1.43611917e+02 1.04751082e-02
   3.25215515e-01 3.60295486e-03 3.60295486e-03]
  [6.49553573e-05 2.34329109e-01 1.43746679e+02 1.04816915e-02
   3.24837622e-01 3.60357796e-03 3.60357796e-03]]

 [[6.15304878e-05 2.28472415e-01 1.46106387e+02 1.04920176e-02
   3.15736349e-01 3.60545864e-03 3.60545864e-03]
  [2.10255965e-04 8.65894410e-01 2.31082982e+02 1.07641213e-02
   3.05646507e-01 3.62456661e-03 3.63442831e-03]
  [6.45097637e-05 2.33391656e-01 1.43555760e+02 1.04952800e-02
   3.30179886e-01 3.60366803e-03 3.60366803e-03]
  [5.25553038e-05 1.86088831e-01 1.63305058e+02 1.06918579e-02
   2.04522763e-01 3.61487919e-03 3.61487919e-03]]]

Response Table:
[[[4.38438346e-05 1.36392310e-01 1.65666342e+02]
  [4.78325300e-05 1.39983665e-01 1.44395345e+02]]

 [[4.81057106e-05 1.40101404e-01 1.44153792e+02]
  [2.10866358e-04 8.46751286e-01 2.47606990e+02]]]

Refresh Table:
[[[2.10866350e-04 8.46751279e-01 2.47607029e+02]
  [4.27012533e-05 1.40148993e-01 1.43828128e+02]]

 [[4.28114904e-05 1.40293239e-01 1.44056277e+02]
  [4.26510862e-05 1.40178629e-01 1.44617777e+02]]]

Request Buffer Table:
[[[9.56998209e-05 6.08809724e-01 9.96800567e+01]
  [9.43673974e-05 6.07171917e-01 9.95196268e+01]
  [9.48767580e-05 6.06159680e-01 9.96281384e+01]
  [9.37858604e-05 6.05776199e-01 9.93491863e+01]
  [9.53234270e-05 6.06986542e-01 9.97457409e+01]
  [9.42292967e-05 6.03882486e-01 9.99540898e+01]
  [4.54484110e-05 1.45938922e-01 2.26904726e+02]
  [9.49293707e-05 6.02363184e-01 9.97899622e+01]]

 [[9.45335305e-05 6.05012798e-01 9.95888550e+01]
  [9.49459235e-05 6.07948700e-01 9.92714903e+01]
  [9.39250206e-05 6.07503988e-01 9.95485022e+01]
  [9.49154763e-05 6.07821636e-01 9.92728084e+01]
  [9.59546750e-05 6.07615283e-01 9.96247195e+01]
  [9.40289817e-05 6.07419603e-01 9.97577069e+01]
  [9.48061222e-05 6.07145033e-01 9.93595421e+01]
  [7.96327443e-05 4.80197325e-01 1.23697981e+02]]

 [[9.32234640e-05 6.01036331e-01 1.00169903e+02]
  [9.50308746e-05 6.07672654e-01 9.92962774e+01]
  [9.33713882e-05 6.02626997e-01 9.98809655e+01]
  [9.35962589e-05 6.02741233e-01 1.00294550e+02]
  [9.47977521e-05 6.05418595e-01 9.99134938e+01]
  [9.45709465e-05 6.07123588e-01 9.95739847e+01]
  [9.57944680e-05 6.07385322e-01 1.00330931e+02]
  [9.98824844e-05 6.05023864e-01 9.99876622e+01]]

 [[9.34592407e-05 6.03678033e-01 9.97022763e+01]
  [9.50284897e-05 6.07138876e-01 9.93825745e+01]
  [9.62778590e-05 6.13012045e-01 9.90882147e+01]
  [9.53760540e-05 6.07473416e-01 9.95876284e+01]
  [9.62164269e-05 6.07687208e-01 9.92533491e+01]
  [9.38942282e-05 6.03545686e-01 1.00580174e+02]
  [9.43179243e-05 6.08866534e-01 9.98663135e+01]
  [9.42016683e-05 6.02547642e-01 1.00107466e+02]]

 [[9.44317998e-05 6.04710849e-01 9.99646031e+01]
  [9.59203251e-05 6.11000765e-01 9.94304439e+01]
  [9.37322121e-05 6.09051934e-01 9.91944658e+01]
  [9.48087174e-05 6.00612850e-01 9.99456304e+01]
  [9.52490167e-05 6.04503016e-01 9.97901901e+01]
  [2.03857167e-04 8.79888261e-01 2.25253411e+02]
  [9.42982954e-05 6.22833714e-01 9.81997402e+01]
  [9.41843963e-05 6.04246249e-01 1.00134857e+02]]

 [[4.51599892e-05 1.45976845e-01 2.25664759e+02]
  [9.39764049e-05 6.02094259e-01 9.99651199e+01]
  [9.43405851e-05 6.07207987e-01 9.94433593e+01]
  [9.64167010e-05 6.15166975e-01 9.89735776e+01]
  [9.43161146e-05 6.08921072e-01 9.91164178e+01]
  [9.50683342e-05 6.06800833e-01 9.93211851e+01]
  [9.58144306e-05 6.13363912e-01 9.89928202e+01]
  [9.52412885e-05 6.05695416e-01 9.95781474e+01]]

 [[9.66155314e-05 6.01867901e-01 1.00236283e+02]
  [9.70825383e-05 6.10852434e-01 9.93830872e+01]
  [9.43892671e-05 6.07660020e-01 9.94734844e+01]
  [9.63838865e-05 6.12101079e-01 9.91691601e+01]
  [9.79496174e-05 6.11467761e-01 9.88122368e+01]
  [6.77019492e-05 3.80238393e-01 1.42983114e+02]
  [8.78080330e-05 5.55942334e-01 1.09519568e+02]
  [5.41460490e-05 1.45900399e-01 2.26414800e+02]]

 [[9.77607201e-05 6.10024200e-01 9.94593961e+01]
  [9.83405623e-05 6.14413109e-01 9.86985231e+01]
  [9.59506399e-05 6.09610688e-01 9.91138572e+01]
  [9.44503220e-05 6.05193686e-01 9.94928177e+01]
  [5.38313039e-05 1.45861999e-01 2.24908858e+02]
  [9.53621047e-05 6.09607740e-01 9.96068997e+01]
  [9.74691031e-05 6.07022217e-01 9.93393708e+01]
  [9.76749091e-05 6.09479531e-01 9.91570477e+01]]]

Ref Max Post Table:
[[[6.67879241e-05 2.33422085e-01 1.43734415e+02]
  [5.96231272e-05 1.92904696e-01 1.59257249e+02]
  [6.71293393e-05 2.34392703e-01 1.43379768e+02]
  [6.70448752e-05 2.33788144e-01 1.43351192e+02]]

 [[6.63976022e-05 2.33379445e-01 1.45225618e+02]
  [2.10877991e-04 8.46813930e-01 2.47582582e+02]
  [6.65853339e-05 2.32907323e-01 1.43743369e+02]
  [6.69245282e-05 2.34600076e-01 1.43344564e+02]]

 [[6.41444274e-05 2.20700843e-01 1.50165409e+02]
  [6.68647535e-05 2.34118379e-01 1.43518740e+02]
  [6.84615026e-05 2.34025534e-01 1.43477281e+02]
  [6.88629489e-05 2.36295820e-01 1.43475877e+02]]

 [[6.68819056e-05 2.34593829e-01 1.43465246e+02]
  [6.57505759e-05 2.33022797e-01 1.43833339e+02]
  [6.83755805e-05 2.34666389e-01 1.43449533e+02]
  [6.18278838e-05 2.26972892e-01 1.46889873e+02]]]

Ref Max Pull Table:
[[[2.11670421e-04 8.67779606e-01 2.25419146e+02]
  [6.56045281e-05 2.32731979e-01 1.44582346e+02]
  [6.61870473e-05 2.33492841e-01 1.43781575e+02]
  [6.57197334e-05 2.32751630e-01 1.43870159e+02]]

 [[5.20563572e-05 1.91500961e-01 1.61590437e+02]
  [6.59977976e-05 2.33979255e-01 1.43531511e+02]
  [6.58096769e-05 2.33478646e-01 1.43625517e+02]
  [6.56288892e-05 2.33275246e-01 1.43743075e+02]]

 [[6.56002197e-05 2.34641303e-01 1.43687694e+02]
  [6.03427304e-05 2.19222277e-01 1.49916062e+02]
  [5.71451831e-05 1.75458689e-01 2.06608464e+02]
  [6.53653960e-05 2.34275491e-01 1.43846267e+02]]

 [[6.50236240e-05 2.09129199e-01 1.62731077e+02]
  [6.55576738e-05 2.34037365e-01 1.43358712e+02]
  [6.56088351e-05 2.34453552e-01 1.43490577e+02]
  [6.59342148e-05 2.32737088e-01 1.43667254e+02]]]

Max Activate Table:
[[[9.49824951e-05 6.03824524e-01 9.96173099e+01 7.29555105e-03
   1.94807066e-01 2.50722410e-03 2.50722410e-03]
  [9.40405465e-05 6.11309548e-01 9.93171699e+01 7.27803455e-03
   1.61677308e-01 2.48802323e-03 2.48802323e-03]
  [9.49579499e-05 6.05315424e-01 9.94618795e+01 7.27887451e-03
   1.71413825e-01 2.50331046e-03 2.50331046e-03]
  [9.56522655e-05 6.06055392e-01 9.96787228e+01 7.29601962e-03
   2.13488031e-01 2.50135201e-03 2.50135201e-03]
  [9.48935499e-05 6.25308504e-01 9.77721410e+01 7.19242392e-03
   1.56356208e-01 2.45434488e-03 2.45434488e-03]
  [9.63837849e-05 6.11040560e-01 9.91173362e+01 7.30763723e-03
   1.59335607e-01 2.48912171e-03 2.48912171e-03]
  [9.52610752e-05 6.06599352e-01 9.93754943e+01 7.33835633e-03
   1.52638787e-01 2.49982446e-03 2.49982446e-03]
  [9.29882840e-05 5.94808063e-01 1.00726300e+02 7.38786863e-03
   1.81808836e-01 2.52815382e-03 2.52815382e-03]]

 [[9.55684432e-05 6.12708004e-01 9.86016136e+01 7.24741972e-03
   1.58681900e-01 2.48457271e-03 2.48457271e-03]
  [9.69044581e-05 6.07392086e-01 9.95361525e+01 7.31006793e-03
   1.52708819e-01 2.49848236e-03 2.49848236e-03]
  [9.44125288e-05 6.10324524e-01 9.87859819e+01 7.29816176e-03
   1.57138503e-01 2.49044740e-03 2.49044740e-03]
  [9.45210403e-05 6.03147436e-01 1.00512981e+02 7.32536462e-03
   2.08058011e-01 2.51039906e-03 2.51039906e-03]
  [9.41798592e-05 6.01011676e-01 1.00141965e+02 7.30729144e-03
   2.63838388e-01 2.51439425e-03 2.51439425e-03]
  [9.57749950e-05 6.01128756e-01 9.99590207e+01 7.36279618e-03
   1.75049074e-01 2.51395228e-03 2.51395228e-03]
  [9.60845316e-05 6.06176340e-01 9.93315408e+01 7.31848465e-03
   1.67214915e-01 2.50129657e-03 2.50129657e-03]
  [9.64610132e-05 6.04311779e-01 1.00568382e+02 7.31514857e-03
   1.55179783e-01 2.50673308e-03 2.50673308e-03]]

 [[9.27806909e-05 5.94844711e-01 1.00523590e+02 7.40269520e-03
   1.78192555e-01 2.52803574e-03 2.52803574e-03]
  [9.53688573e-05 6.06247576e-01 9.94640401e+01 7.29818347e-03
   2.32359414e-01 2.50128982e-03 2.50128982e-03]
  [9.45216047e-05 6.02436372e-01 9.96344374e+01 7.35276989e-03
   2.63999881e-01 2.50951160e-03 2.50951160e-03]
  [8.30630752e-05 5.00286102e-01 1.20895574e+02 8.08411381e-03
   1.99345207e-01 2.74767558e-03 2.74767558e-03]
  [2.08881603e-04 8.68653245e-01 2.39368523e+02 1.06270212e-02
   2.63661368e-01 3.58245947e-03 3.58245947e-03]
  [9.34537827e-05 6.02836921e-01 9.99016673e+01 7.31711004e-03
   1.59193254e-01 2.50888329e-03 2.50888329e-03]
  [8.85212253e-05 4.85512181e-01 1.21103203e+02 8.12762186e-03
   1.63183721e-01 2.78666304e-03 2.78666304e-03]
  [9.32268460e-05 5.98718647e-01 1.00037667e+02 7.32720276e-03
   2.23362211e-01 2.51917175e-03 2.51917175e-03]]

 [[9.42798052e-05 6.04426048e-01 9.99587014e+01 7.27597232e-03
   1.84344093e-01 2.50548833e-03 2.50548833e-03]
  [9.57015420e-05 6.11202970e-01 9.86189630e+01 7.30365144e-03
   1.58406837e-01 2.48977123e-03 2.48977123e-03]
  [5.21435222e-05 1.34634872e-01 2.38845334e+02 1.06329489e-02
   1.37253492e-02 3.58068673e-03 3.60060934e-03]
  [9.42724636e-05 6.03304160e-01 9.96205736e+01 7.31627723e-03
   2.29043516e-01 2.50858697e-03 2.50858697e-03]
  [9.34988805e-05 6.06809560e-01 9.90435686e+01 7.29956391e-03
   1.99460482e-01 2.49994414e-03 2.49994414e-03]
  [9.38999315e-05 6.00875658e-01 9.98682486e+01 7.33210357e-03
   1.81333633e-01 2.51422278e-03 2.51422278e-03]
  [9.52280004e-05 6.05234845e-01 9.93930439e+01 7.31950827e-03
   1.55885369e-01 2.50404879e-03 2.50404879e-03]
  [9.47875918e-05 6.03474807e-01 1.00184784e+02 7.32120792e-03
   1.69908482e-01 2.50779821e-03 2.50779821e-03]]

 [[9.42599169e-05 6.00905050e-01 9.98726096e+01 7.34864626e-03
   1.71891635e-01 2.51391016e-03 2.51391016e-03]
  [9.59900729e-05 6.05061801e-01 9.94282339e+01 7.32716380e-03
   2.09230491e-01 2.50420449e-03 2.50420449e-03]
  [9.28506537e-05 5.95711308e-01 1.00236172e+02 7.38378317e-03
   2.44834720e-01 2.52608196e-03 2.52608196e-03]
  [4.77155231e-05 1.34681314e-01 2.39977195e+02 1.06653213e-02
   1.37207888e-02 3.58103191e-03 3.58103191e-03]
  [9.70253856e-05 6.08536787e-01 9.99153472e+01 7.29393130e-03
   1.64756444e-01 2.49532888e-03 2.49532888e-03]
  [9.34899929e-05 6.00100516e-01 1.00047712e+02 7.34109229e-03
   2.24848579e-01 2.51569567e-03 2.51569567e-03]
  [9.66118916e-05 6.08463720e-01 9.96920241e+01 7.29016398e-03
   1.95143943e-01 2.49651533e-03 2.49651533e-03]
  [9.43324600e-05 6.03263051e-01 9.97738959e+01 7.32739540e-03
   1.79965184e-01 2.50843909e-03 2.50843909e-03]]

 [[9.45668712e-05 6.07629121e-01 9.91628697e+01 7.29342789e-03
   2.15436912e-01 2.49646646e-03 2.49646646e-03]
  [9.38520983e-05 6.10657107e-01 9.89975734e+01 7.25041716e-03
   1.55348711e-01 2.49020243e-03 2.49020243e-03]
  [9.76802282e-05 6.08507533e-01 9.94155233e+01 7.26130818e-03
   2.94268300e-01 2.49614351e-03 2.49614351e-03]
  [9.28296602e-05 5.97036280e-01 1.00228992e+02 7.32739935e-03
   2.12105628e-01 2.52344851e-03 2.52344851e-03]
  [9.43620989e-05 6.03782734e-01 9.96951248e+01 7.31786382e-03
   1.63418894e-01 2.50736353e-03 2.50736353e-03]
  [9.35989164e-05 6.03949501e-01 9.93668747e+01 7.31333106e-03
   2.00677852e-01 2.50511941e-03 2.50511941e-03]
  [9.47565757e-05 6.09707408e-01 9.92328023e+01 7.27310637e-03
   1.50412707e-01 2.49271795e-03 2.49271795e-03]
  [9.37173881e-05 6.01972513e-01 9.98237804e+01 7.33546811e-03
   1.77632734e-01 2.51123571e-03 2.51123571e-03]]

 [[9.51975632e-05 6.10601700e-01 9.92115971e+01 7.26657719e-03
   1.55862920e-01 2.49022932e-03 2.49022932e-03]
  [9.98260557e-05 6.32746804e-01 9.68134632e+01 7.15108984e-03
   1.67244905e-01 2.43542946e-03 2.43542946e-03]
  [9.49761733e-05 6.00273695e-01 9.97004757e+01 7.32386090e-03
   1.93195829e-01 2.51594289e-03 2.51594289e-03]
  [9.50506080e-05 6.06875290e-01 9.90172612e+01 7.31321843e-03
   2.01929831e-01 2.49950135e-03 2.49950135e-03]
  [5.68893748e-05 2.55830554e-01 1.68138101e+02 9.78689671e-03
   6.74128411e-02 3.32084853e-03 3.32084853e-03]
  [9.46098573e-05 6.06967062e-01 9.94388129e+01 7.31889162e-03
   1.54170828e-01 2.49934840e-03 2.49934840e-03]
  [1.18906698e-04 6.20938817e-01 9.81292473e+01 7.22989558e-03
   1.62701542e-01 2.46424107e-03 2.46424107e-03]
  [9.41004946e-05 6.04476459e-01 9.97171528e+01 7.30770330e-03
   1.73073802e-01 2.50573491e-03 2.50573491e-03]]

 [[9.37674166e-05 5.96895039e-01 1.00346782e+02 7.36028762e-03
   1.95915039e-01 2.52379674e-03 2.52379674e-03]
  [9.49656505e-05 6.04497736e-01 1.00386272e+02 7.30171712e-03
   2.12770465e-01 2.50596560e-03 2.50596560e-03]
  [9.29075523e-05 5.95405422e-01 1.00270796e+02 7.38908046e-03
   2.14552698e-01 2.52715085e-03 2.52715085e-03]
  [9.54465437e-05 6.08701001e-01 9.90293884e+01 7.30797135e-03
   1.53799812e-01 2.49506980e-03 2.49506980e-03]
  [9.55662018e-05 6.13408492e-01 9.86723953e+01 7.26825676e-03
   1.57242122e-01 2.48372671e-03 2.48372671e-03]
  [9.35902087e-05 6.03988309e-01 9.99335809e+01 7.29873993e-03
   1.85740295e-01 2.50587694e-03 2.50587694e-03]
  [9.29781259e-05 5.94874852e-01 1.01199240e+02 7.37237105e-03
   2.24117033e-01 2.52882292e-03 2.52882292e-03]
  [9.34072230e-05 5.95374539e-01 1.00390539e+02 7.38234281e-03
   1.96353764e-01 2.52694607e-03 2.52694607e-03]]]

Cumulative Reward: 7165.654390101834
