Scheduler Table:
[[[1.20214419e-06 1.44009076e-02 1.83076352e+01 3.35332394e-04
   8.64461316e-02 3.79117926e-03 3.79117926e-03]
  [1.23280399e-06 1.44631560e-02 1.87942490e+01 3.35494607e-04
   8.46754010e-02 3.76145162e-03 3.76145162e-03]
  [1.23048960e-06 1.44358342e-02 1.86919179e+01 3.35397607e-04
   8.02588364e-02 3.72537526e-03 3.72537526e-03]]

 [[1.23489314e-06 1.44633262e-02 1.83363712e+01 3.35399961e-04
   8.72299154e-02 3.80157448e-03 3.80157448e-03]
  [2.28312816e-06 1.41322527e-02 2.07266986e+01 3.35306766e-04
   8.66415518e-02 3.74477548e-03 3.74477548e-03]
  [2.98591735e-06 1.15659957e-02 2.53270076e+01 3.34766912e-04
   1.01344765e-01 3.73347776e-03 3.73347776e-03]]

 [[1.20975462e-06 1.44148794e-02 1.85575326e+01 3.35262237e-04
   9.25093052e-02 3.76938582e-03 3.76938582e-03]
  [2.94014710e-06 1.15654330e-02 2.53633183e+01 3.34730429e-04
   2.47955216e-01 3.63049496e-03 4.50685565e-03]
  [1.19859241e-06 1.44302730e-02 1.88130326e+01 3.35351935e-04
   8.22038503e-02 3.74177348e-03 3.74177348e-03]]]

Buffer Table:
[[[2.03283163e-06 1.35812587e-02 2.05555331e+01 3.35261810e-04
   1.02793831e-01 3.77991955e-03 3.77991955e-03]
  [1.23773119e-06 1.44397260e-02 1.86872917e+01 3.35447958e-04
   7.89242296e-02 3.76308447e-03 3.76308447e-03]
  [3.73788849e-06 1.16978881e-02 2.50919196e+01 3.34820323e-04
   9.95306438e-02 3.73836442e-03 3.73836442e-03]]

 [[3.66338204e-06 1.16942377e-02 2.51675257e+01 3.34828216e-04
   2.43328566e-01 3.64079931e-03 4.51716000e-03]
  [1.24955505e-06 1.44356160e-02 1.88443040e+01 3.35256367e-04
   8.82332424e-02 3.80975788e-03 3.80975788e-03]
  [1.23019766e-06 1.44612870e-02 1.79566934e+01 3.35564204e-04
   7.91950903e-02 3.68591969e-03 3.68591969e-03]]

 [[1.21886536e-06 1.44152231e-02 1.85003575e+01 3.35410174e-04
   8.06045481e-02 3.77032362e-03 3.77032362e-03]
  [3.70045842e-06 1.16960087e-02 2.50260651e+01 3.34832417e-04
   9.76738713e-02 3.74637614e-03 3.74637614e-03]
  [1.19561483e-06 1.44234560e-02 1.86467404e+01 3.35377384e-04
   8.52506588e-02 3.74219891e-03 3.74219891e-03]]]

Arbiter Table:
[[[1.83050244e-06 1.15502048e-02 2.53248807e+01 3.34673777e-04
   2.49321917e-01 3.61861091e-03 4.49497160e-03]
  [9.94640961e-07 1.43109659e-02 1.95282039e+01 3.35319984e-04
   8.15942195e-02 3.75061209e-03 3.75061209e-03]
  [1.01504230e-05 1.43073916e-02 1.93720289e+01 3.35469980e-04
   8.23336232e-02 3.78645200e-03 3.78645200e-03]]

 [[1.65181240e-06 1.39814632e-02 2.15216232e+01 3.35225200e-04
   8.72949299e-02 3.73177971e-03 3.73177971e-03]
  [1.16291116e-06 1.44967611e-02 1.81080842e+01 3.35344114e-04
   7.92351311e-02 3.76895964e-03 3.76895964e-03]
  [1.09680082e-06 1.44024674e-02 1.84594344e+01 3.35433244e-04
   8.47105230e-02 3.75394963e-03 3.75394963e-03]]

 [[1.88393429e-06 1.40776480e-02 2.12050441e+01 3.35294056e-04
   8.29708314e-02 3.77094147e-03 3.77094147e-03]
  [1.09737314e-06 1.44145200e-02 1.87237842e+01 3.35349620e-04
   9.13235212e-02 3.76762504e-03 3.76762504e-03]
  [1.14353999e-06 1.44109174e-02 1.84875294e+01 3.35380563e-04
   9.19536590e-02 3.76775453e-03 3.76775453e-03]]]

Page Table:
[[[1.34700151e-06 1.37891573e-02 2.22457855e+01 3.35348868e-04
   9.34878691e-02 3.77211240e-03 3.77211240e-03]
  [2.98591735e-06 1.15659957e-02 2.53270076e+01 3.34766912e-04
   1.01344765e-01 3.73347776e-03 3.73347776e-03]
  [2.26447366e-06 1.47782999e-02 1.79556057e+01 3.35342648e-04
   1.03157844e-01 3.70596901e-03 3.70596901e-03]
  [2.09021371e-06 1.46676182e-02 1.90953442e+01 3.35302359e-04
   9.50695606e-02 3.74371158e-03 3.74371158e-03]]

 [[2.94014710e-06 1.15654330e-02 2.53633183e+01 3.34730429e-04
   2.47955216e-01 3.63049496e-03 4.50685565e-03]
  [2.12606911e-06 1.47130074e-02 1.85592988e+01 3.35416651e-04
   8.76734228e-02 3.72681216e-03 3.72681216e-03]
  [2.23398853e-06 1.46366379e-02 1.82746972e+01 3.35434824e-04
   9.13854081e-02 3.71303789e-03 3.71303789e-03]
  [1.99785793e-06 1.46170090e-02 1.89322440e+01 3.35430968e-04
   8.61482239e-02 3.74007521e-03 3.74007521e-03]]

 [[2.26700298e-06 1.47336489e-02 1.88518342e+01 3.35412939e-04
   9.11174310e-02 3.73400850e-03 3.73400850e-03]
  [2.05742963e-06 1.41013659e-02 2.18809601e+01 3.35178341e-04
   1.02941474e-01 3.73214402e-03 3.73214402e-03]
  [2.22654116e-06 1.47477946e-02 1.79929340e+01 3.35437975e-04
   8.70504955e-02 3.71920712e-03 3.71920712e-03]
  [2.23711739e-06 1.47579951e-02 1.85398141e+01 3.35501156e-04
   8.46891084e-02 3.74815686e-03 3.74815686e-03]]

 [[1.80148804e-06 1.41412960e-02 2.05295172e+01 3.35194815e-04
   1.05177564e-01 3.76681182e-03 3.76681182e-03]
  [2.10044723e-06 1.47297577e-02 1.87435989e+01 3.35397748e-04
   9.01035345e-02 3.71392096e-03 3.71392096e-03]
  [2.13311382e-06 1.46928160e-02 1.79777017e+01 3.35390674e-04
   8.79914584e-02 3.71702005e-03 3.71702005e-03]
  [2.09976692e-06 1.46961890e-02 1.82464797e+01 3.35425155e-04
   8.52707599e-02 3.75790845e-03 3.75790845e-03]]]

Response Table:
[[[5.69534928e-07 1.42076241e-02 1.84694100e+01]
  [5.53850940e-07 1.42415734e-02 1.88207697e+01]]

 [[5.53092327e-07 1.42133208e-02 1.89837592e+01]
  [1.83050244e-06 1.15502048e-02 2.53248807e+01]]]

Refresh Table:
[[[1.83050244e-06 1.15502048e-02 2.53248807e+01]
  [5.41930749e-07 1.41834935e-02 1.87517600e+01]]

 [[5.42328506e-07 1.43227634e-02 1.90035141e+01]
  [5.39025516e-07 1.41752110e-02 1.85381164e+01]]]

Request Buffer Table:
[[[4.45605807e-06 1.91326058e-02 1.80648848e+01]
  [4.37168282e-06 1.89846573e-02 1.83986141e+01]
  [4.62057639e-06 1.91694233e-02 1.86462776e+01]
  [4.26365103e-06 1.86308009e-02 1.92679784e+01]
  [4.29703851e-06 1.90036462e-02 1.88760073e+01]
  [4.43098978e-06 1.89301960e-02 1.87309461e+01]
  [4.26067384e-06 1.90971903e-02 1.88568125e+01]
  [4.66644774e-06 1.90607501e-02 1.89067459e+01]]

 [[4.28285111e-06 1.90117717e-02 1.80930717e+01]
  [4.90489704e-06 1.95133552e-02 1.84744960e+01]
  [4.60007529e-06 1.91878646e-02 1.83498510e+01]
  [4.55928410e-06 1.91048471e-02 1.85452807e+01]
  [4.21306518e-06 1.86741047e-02 1.90953034e+01]
  [4.78951242e-06 1.92889030e-02 1.85306823e+01]
  [4.42151608e-06 1.88265165e-02 1.84548787e+01]
  [4.47921113e-06 1.90451899e-02 1.84465701e+01]]

 [[4.72307481e-06 1.97356101e-02 1.82835446e+01]
  [4.59670716e-06 1.90454667e-02 1.84403275e+01]
  [4.43521816e-06 1.93182197e-02 1.87028876e+01]
  [5.30119338e-06 1.97013179e-02 1.84241713e+01]
  [4.07532233e-06 1.84790366e-02 1.92551206e+01]
  [4.70360112e-06 1.97372157e-02 1.84088918e+01]
  [5.08935978e-06 1.91069907e-02 1.84704823e+01]
  [4.40291891e-06 1.90495406e-02 1.86544496e+01]]

 [[4.71688018e-06 1.96320280e-02 1.83969009e+01]
  [4.55474084e-06 1.94094540e-02 1.80554848e+01]
  [4.34884600e-06 1.85330659e-02 1.92244716e+01]
  [4.73714426e-06 1.92246963e-02 1.83462975e+01]
  [4.30742548e-06 1.88135071e-02 1.86441540e+01]
  [5.24236695e-06 1.94448729e-02 1.86240105e+01]
  [4.28753760e-06 1.93880435e-02 1.83394783e+01]
  [4.24506959e-06 1.91569635e-02 1.87082894e+01]]

 [[4.25009651e-06 1.90553993e-02 1.81824920e+01]
  [4.68954209e-06 1.89256605e-02 1.87199440e+01]
  [4.71452782e-06 1.91286364e-02 1.81286742e+01]
  [4.59081671e-06 1.89972752e-02 1.87098183e+01]
  [4.46067345e-06 1.89195486e-02 1.82032978e+01]
  [5.38688966e-06 1.93588798e-02 1.85250534e+01]
  [4.10079395e-06 1.89128865e-02 1.88119874e+01]
  [3.52620493e-06 1.77372663e-02 2.04384591e+01]]

 [[4.48389913e-06 1.95686610e-02 1.85174011e+01]
  [4.30466756e-06 1.91129789e-02 1.83150573e+01]
  [4.74503895e-06 1.93702963e-02 1.83721239e+01]
  [5.04583355e-06 1.90664563e-02 1.88422788e+01]
  [4.21414194e-06 1.88570130e-02 1.86213076e+01]
  [4.57525657e-06 1.88439694e-02 1.90433600e+01]
  [4.34123013e-06 1.91919943e-02 1.88507250e+01]
  [4.29439492e-06 1.91208060e-02 1.87582251e+01]]

 [[4.10965197e-06 1.86609637e-02 1.89546468e+01]
  [4.59568975e-06 1.90091079e-02 1.86349656e+01]
  [4.88095767e-06 1.92361720e-02 1.84398972e+01]
  [4.40004002e-06 1.91591535e-02 1.85936440e+01]
  [4.55448554e-06 1.89301209e-02 1.83350904e+01]
  [4.44264393e-06 1.92459234e-02 1.85866986e+01]
  [1.83050244e-06 1.15502048e-02 2.53248807e+01]
  [4.24306883e-06 1.90818983e-02 1.87205928e+01]]

 [[4.16012959e-06 1.88201803e-02 1.83758584e+01]
  [4.51163045e-06 1.88699042e-02 1.84376007e+01]
  [4.36920567e-06 1.90899211e-02 1.86601039e+01]
  [4.63230931e-06 1.96524281e-02 1.85961817e+01]
  [4.39592947e-06 1.91885948e-02 1.85287170e+01]
  [5.82593715e-06 1.96993941e-02 1.82521888e+01]
  [3.01025540e-06 1.60817111e-02 2.22299930e+01]
  [4.23118399e-06 1.90074279e-02 1.85426358e+01]]]

Ref Max Post Table:
[[[2.26819748e-06 1.48309754e-02 1.85391290e+01]
  [2.17216357e-06 1.47368951e-02 1.81987572e+01]
  [2.03515247e-06 1.46834740e-02 1.84544373e+01]
  [3.11751105e-06 1.43414402e-02 2.03030076e+01]]

 [[2.15266683e-06 1.47228643e-02 1.82218303e+01]
  [2.01873038e-06 1.47046612e-02 1.84973169e+01]
  [2.05456436e-06 1.46652345e-02 1.86250375e+01]
  [2.49873171e-06 1.44086679e-02 2.10432309e+01]]

 [[2.30828412e-06 1.47637202e-02 1.84662536e+01]
  [2.08773181e-06 1.47521251e-02 1.88064865e+01]
  [2.05176607e-06 1.46592510e-02 1.85346227e+01]
  [2.09124706e-06 1.39844529e-02 2.04020979e+01]]

 [[2.12329335e-06 1.46874650e-02 1.87480936e+01]
  [2.21967215e-06 1.46597972e-02 1.93529586e+01]
  [1.96052323e-06 1.45958601e-02 1.89966290e+01]
  [1.83049790e-06 1.15502316e-02 2.53248193e+01]]]

Ref Max Pull Table:
[[[1.80929536e-06 1.15586613e-02 2.53063576e+01]
  [1.93234982e-06 1.46050953e-02 1.91655784e+01]
  [2.10142856e-06 1.46446915e-02 1.87671966e+01]
  [1.96661510e-06 1.47040919e-02 1.86844810e+01]]

 [[4.00124508e-06 1.35751271e-02 2.14058322e+01]
  [2.18050504e-06 1.47169659e-02 1.85135517e+01]
  [2.10434842e-06 1.46879945e-02 1.85648109e+01]
  [2.02656437e-06 1.46973188e-02 1.87024161e+01]]

 [[2.05182420e-06 1.47243972e-02 1.85971823e+01]
  [1.84746754e-06 1.44299438e-02 1.92531904e+01]
  [2.19672848e-06 1.47963436e-02 1.81792374e+01]
  [2.13965839e-06 1.47758316e-02 1.82437477e+01]]

 [[1.96197907e-06 1.46863154e-02 1.89179074e+01]
  [2.16918174e-06 1.47831234e-02 1.91271455e+01]
  [2.06767803e-06 1.46716884e-02 1.86725384e+01]
  [2.22412362e-06 1.47997794e-02 1.82859575e+01]]]

Max Activate Table:
[[[4.82773963e-06 1.97606930e-02 1.83909570e+01 3.34860160e-04
   9.47672395e-02 3.68223190e-03 3.68223190e-03]
  [4.27116057e-06 1.89889574e-02 1.82359214e+01 3.35000179e-04
   9.30168525e-02 3.68543797e-03 3.68543797e-03]
  [5.16880296e-06 2.03052076e-02 1.84732091e+01 3.34608942e-04
   9.46498506e-02 3.68354687e-03 3.68354687e-03]
  [4.55576800e-06 1.91268132e-02 1.83663955e+01 3.34946486e-04
   9.30004120e-02 3.69066348e-03 3.69066348e-03]
  [4.35043131e-06 1.90926412e-02 1.90710623e+01 3.34886317e-04
   9.41139172e-02 3.77294958e-03 3.77294958e-03]
  [4.44547423e-06 1.91273067e-02 1.87102702e+01 3.34836936e-04
   9.33625079e-02 3.66828472e-03 3.66828472e-03]
  [4.34677816e-06 1.89224228e-02 1.87659916e+01 3.35029097e-04
   9.08462948e-02 3.69110209e-03 3.69110209e-03]
  [4.19025153e-06 1.88566728e-02 1.83412478e+01 3.34858243e-04
   9.43090693e-02 3.71660424e-03 3.71660424e-03]]

 [[4.62799720e-06 1.96794300e-02 1.78090031e+01 3.34693127e-04
   9.36956828e-02 3.68422892e-03 3.68422892e-03]
  [4.80214565e-06 2.01236156e-02 1.85882844e+01 3.34642166e-04
   9.76325544e-02 3.68890814e-03 3.68890814e-03]
  [4.77327566e-06 1.97664949e-02 1.88846956e+01 3.34794782e-04
   1.07541685e-01 3.74373115e-03 3.74373115e-03]
  [4.57405168e-06 1.94901643e-02 1.87542492e+01 3.34833287e-04
   9.36657549e-02 3.70262002e-03 3.70262002e-03]
  [4.09273496e-06 1.85693927e-02 1.87255158e+01 3.34821092e-04
   9.75623759e-02 3.69643947e-03 3.69643947e-03]
  [4.31986621e-06 1.89867439e-02 1.88231276e+01 3.34885061e-04
   9.18162210e-02 3.71866722e-03 3.71866722e-03]
  [4.57353848e-06 1.91167493e-02 1.87271628e+01 3.34858209e-04
   9.40120033e-02 3.66977873e-03 3.66977873e-03]
  [4.18195242e-06 1.90002407e-02 1.84338368e+01 3.34984389e-04
   9.63692159e-02 3.70058682e-03 3.70058682e-03]]

 [[4.92593500e-06 1.97222829e-02 1.83375840e+01 3.34790196e-04
   9.86423727e-02 3.68459200e-03 3.68459200e-03]
  [8.09660525e-06 1.96044601e-02 1.82737029e+01 3.35225651e-04
   9.37131937e-02 3.66213127e-03 3.66213127e-03]
  [4.43844184e-06 1.89873543e-02 1.85833021e+01 3.34886340e-04
   9.12878985e-02 3.68451015e-03 3.68451015e-03]
  [4.19658860e-06 1.88401250e-02 1.87381881e+01 3.34920931e-04
   9.10456885e-02 3.68642184e-03 3.68642184e-03]
  [3.92585874e-06 1.86624494e-02 1.92367462e+01 3.34902271e-04
   9.53515081e-02 3.73211641e-03 3.73211641e-03]
  [3.91228133e-06 1.20156500e-02 2.49610705e+01 3.34801992e-04
   1.01863976e-01 3.72290527e-03 3.72290527e-03]
  [4.10614637e-06 1.86868995e-02 1.90397125e+01 3.34870574e-04
   9.77642666e-02 3.67920984e-03 3.67920984e-03]
  [4.30134181e-06 1.91264730e-02 1.87108451e+01 3.34791974e-04
   9.60335679e-02 3.69173998e-03 3.69173998e-03]]

 [[4.59661202e-06 1.92416627e-02 1.80596378e+01 3.34833394e-04
   9.46345254e-02 3.69890107e-03 3.69890107e-03]
  [5.27841239e-06 1.91231551e-02 1.81448096e+01 3.34941545e-04
   9.54260999e-02 3.66969401e-03 3.66969401e-03]
  [4.25021186e-06 1.88321600e-02 1.88539287e+01 3.34854994e-04
   9.20348606e-02 3.68124520e-03 3.68124520e-03]
  [4.75480649e-06 1.95837109e-02 1.82771908e+01 3.34925502e-04
   9.59724923e-02 3.67796701e-03 3.67796701e-03]
  [4.00590571e-06 1.88385701e-02 1.87346279e+01 3.34963088e-04
   9.43102738e-02 3.75538104e-03 3.75538104e-03]
  [4.59096547e-06 1.93919854e-02 1.88572991e+01 3.34982965e-04
   9.21305356e-02 3.68382489e-03 3.68382489e-03]
  [4.28398616e-06 1.89950332e-02 1.90773188e+01 3.34869212e-04
   9.58089489e-02 3.69584235e-03 3.69584235e-03]
  [4.15233953e-06 1.89258467e-02 1.86249287e+01 3.34867336e-04
   9.42309268e-02 3.70521282e-03 3.70521282e-03]]

 [[4.41016142e-06 1.92804415e-02 1.87722517e+01 3.34816683e-04
   9.35570551e-02 3.81083533e-03 3.81083533e-03]
  [4.70967029e-06 1.93316576e-02 1.81916887e+01 3.34738580e-04
   9.57103396e-02 3.76167485e-03 3.76167485e-03]
  [3.84076048e-06 1.19745432e-02 2.50700287e+01 3.34811828e-04
   2.45613196e-01 3.62678919e-03 4.50314988e-03]
  [4.52190889e-06 1.88925910e-02 1.83489612e+01 3.34970907e-04
   9.12885460e-02 3.69946835e-03 3.69946835e-03]
  [4.44890613e-06 1.92746918e-02 1.81596012e+01 3.34792334e-04
   9.37056918e-02 3.71448891e-03 3.71448891e-03]
  [4.05672256e-06 1.87032066e-02 1.87162712e+01 3.34815985e-04
   9.37555799e-02 3.74064772e-03 3.74064772e-03]
  [4.93994546e-06 1.85451681e-02 1.89296935e+01 3.34835152e-04
   9.45484670e-02 3.71481790e-03 3.71481790e-03]
  [4.20414012e-06 1.90384827e-02 1.87365610e+01 3.34862559e-04
   9.50350894e-02 3.69965284e-03 3.69965284e-03]]

 [[4.51874959e-06 1.94507482e-02 1.80794478e+01 3.34795878e-04
   9.27115774e-02 3.70648158e-03 3.70648158e-03]
  [6.01902311e-06 1.97448071e-02 1.80148859e+01 3.34853022e-04
   9.71169155e-02 3.69281026e-03 3.69281026e-03]
  [4.56452903e-06 1.91241366e-02 1.85974626e+01 3.34890929e-04
   9.41165876e-02 3.68327423e-03 3.68327423e-03]
  [4.80197864e-06 1.92379152e-02 1.86221812e+01 3.34878281e-04
   9.58001166e-02 3.67702255e-03 3.67702255e-03]
  [3.88224705e-06 1.19678577e-02 2.49339847e+01 3.34814823e-04
   1.00040127e-01 3.73178270e-03 3.73178270e-03]
  [4.42143883e-06 1.90632549e-02 1.83079471e+01 3.34804056e-04
   9.41133523e-02 3.74082325e-03 3.74082325e-03]
  [4.46644283e-06 1.89072696e-02 1.84774706e+01 3.34904573e-04
   9.34680234e-02 3.68568442e-03 3.68568442e-03]
  [3.98108979e-06 1.86545260e-02 1.84609984e+01 3.35048532e-04
   9.35138858e-02 3.71406501e-03 3.71406501e-03]]

 [[4.29445759e-06 1.89521878e-02 1.79959323e+01 3.34824380e-04
   9.49687640e-02 3.73258501e-03 3.73258501e-03]
  [4.22801816e-06 1.86892199e-02 1.87806039e+01 3.35032053e-04
   9.32503696e-02 3.69826243e-03 3.69826243e-03]
  [5.87103553e-06 1.93651504e-02 1.83520948e+01 3.34958883e-04
   9.29333080e-02 3.65885519e-03 3.65885519e-03]
  [4.20002488e-06 1.89534782e-02 1.86133140e+01 3.34869530e-04
   9.34393579e-02 3.68213646e-03 3.68213646e-03]
  [5.55788726e-06 2.01350843e-02 1.82661746e+01 3.34738540e-04
   9.70877373e-02 3.68951995e-03 3.68951995e-03]
  [4.09333293e-06 1.87354784e-02 1.86924396e+01 3.34829795e-04
   9.38561595e-02 3.72146353e-03 3.72146353e-03]
  [4.26764263e-06 1.88862256e-02 1.85623318e+01 3.34859753e-04
   9.65225457e-02 3.68574493e-03 3.68574493e-03]
  [9.17281741e-06 1.79817650e-02 1.99067785e+01 3.34902585e-04
   9.83565503e-02 3.69927612e-03 3.69927612e-03]]

 [[4.44929304e-06 1.92303621e-02 1.83000439e+01 3.34848408e-04
   9.43713841e-02 3.70334331e-03 3.70334331e-03]
  [4.53360278e-06 1.90390012e-02 1.86059933e+01 3.34878021e-04
   9.19876553e-02 3.70640939e-03 3.70640939e-03]
  [4.88447493e-06 1.96520895e-02 1.84676754e+01 3.35053909e-04
   9.32380239e-02 3.65292917e-03 3.65292917e-03]
  [4.07448125e-06 1.87957698e-02 1.88980843e+01 3.34841149e-04
   9.26029440e-02 3.69533588e-03 3.69533588e-03]
  [4.36612743e-06 1.92038499e-02 1.82913062e+01 3.34805017e-04
   9.18833403e-02 3.67642101e-03 3.67642101e-03]
  [1.08197108e-05 1.58395693e-02 2.18770251e+01 3.34994638e-04
   9.70642055e-02 3.71402619e-03 3.71402619e-03]
  [4.30926468e-06 1.88662437e-02 1.82042434e+01 3.34901032e-04
   9.38339221e-02 3.79154643e-03 3.79154643e-03]
  [4.49774820e-06 1.93991295e-02 1.86565158e+01 3.34739424e-04
   9.73673188e-02 3.67095184e-03 3.67095184e-03]]]

Cumulative Reward: 9848.10615826203
