Scheduler Table:
[[[7.34666739e-04 3.42351102e+00 1.95514562e+02 3.87737664e-03
   1.14495788e-02 1.01695764e-02 1.01695764e-02]
  [7.32314096e-04 3.42026249e+00 1.96309748e+02 3.87741586e-03
   1.14496383e-02 1.01696122e-02 1.01696122e-02]
  [7.37142923e-04 3.44343290e+00 1.95878582e+02 3.87706029e-03
   1.14498221e-02 1.01697276e-02 1.01697276e-02]]

 [[7.31691391e-04 3.40782450e+00 1.95536967e+02 3.87761051e-03
   1.14497162e-02 1.01697397e-02 1.01697397e-02]
  [4.69873673e-05 1.07711670e-01 2.33783567e+02 4.30762864e-03
   6.52744030e-03 6.32113962e-03 6.41077338e-03]
  [7.37584382e-04 3.43938414e+00 1.96230617e+02 3.87713798e-03
   1.14495744e-02 1.01695110e-02 1.01695110e-02]]

 [[7.48160625e-04 3.46451919e+00 1.96034099e+02 3.87676931e-03
   1.14497423e-02 1.01696306e-02 1.01696306e-02]
  [7.29354374e-04 3.40288246e+00 1.96506697e+02 3.87767159e-03
   1.14494675e-02 1.01694739e-02 1.01694739e-02]
  [7.47125059e-04 3.47226069e+00 1.96027664e+02 3.87665570e-03
   1.14499151e-02 1.01697897e-02 1.01697897e-02]]]

Buffer Table:
[[[6.43977829e-04 3.40453314e+00 1.96079602e+02 3.87770248e-03
   1.14506220e-02 1.01705563e-02 1.01705563e-02]
  [6.51081761e-04 3.43272475e+00 1.96142391e+02 3.87728220e-03
   1.14504514e-02 1.01703249e-02 1.01703249e-02]
  [5.90455510e-04 3.07361437e+00 2.05214117e+02 3.88372971e-03
   1.14330593e-02 1.01574817e-02 1.01574817e-02]]

 [[6.39715435e-04 3.38135881e+00 1.96458053e+02 3.87871760e-03
   1.14350139e-02 1.01587853e-02 1.01587853e-02]
  [1.41703787e-04 6.21186012e-01 2.27266565e+02 4.22330050e-03
   7.28245820e-03 6.90975511e-03 6.99938887e-03]
  [6.16422326e-04 3.25120210e+00 2.00912680e+02 3.87995265e-03
   1.14499774e-02 1.01702210e-02 1.01702210e-02]]

 [[6.47637315e-04 3.41068827e+00 1.96118540e+02 3.87760523e-03
   1.14504753e-02 1.01703867e-02 1.01703867e-02]
  [3.96870024e-04 1.97773068e+00 2.25491372e+02 4.00330474e-03
   1.04247101e-02 9.37132422e-03 9.37132422e-03]
  [6.46244957e-04 3.40496442e+00 1.95899067e+02 3.87767046e-03
   1.14502981e-02 1.01701939e-02 1.01701939e-02]]]

Arbiter Table:
[[[4.72997669e-05 1.09510574e-01 2.33733073e+02 4.30760208e-03
   6.52744603e-03 6.32114154e-03 6.41077530e-03]
  [5.77128215e-04 3.03672436e+00 2.05845340e+02 3.88295367e-03
   1.14483758e-02 1.01691656e-02 1.01691656e-02]
  [6.33787426e-04 3.33434141e+00 1.98011609e+02 3.87856891e-03
   1.14495387e-02 1.01697175e-02 1.01697175e-02]]

 [[4.01132379e-04 2.02317619e+00 2.34597193e+02 3.89792656e-03
   1.14453528e-02 1.01682917e-02 1.01682917e-02]
  [6.53594977e-04 3.44635529e+00 1.95089398e+02 3.87691340e-03
   1.14501818e-02 1.01701215e-02 1.01701215e-02]
  [6.49047191e-04 3.41745209e+00 1.95600596e+02 3.87734726e-03
   1.14498835e-02 1.01698900e-02 1.01698900e-02]]

 [[6.51433271e-04 3.41168209e+00 1.95895253e+02 3.87742753e-03
   1.14500144e-02 1.01700253e-02 1.01700253e-02]
  [5.61017279e-04 2.93779616e+00 2.09042856e+02 3.88440004e-03
   1.14478916e-02 1.01688582e-02 1.01688582e-02]
  [6.50296727e-04 3.43845485e+00 1.95612212e+02 3.87702346e-03
   1.14498472e-02 1.01697925e-02 1.01697925e-02]]]

Page Table:
[[[1.37095381e-03 9.98234363e+00 2.13037023e+02 3.70290717e-03
   1.10888812e-02 9.85255937e-03 9.85255937e-03]
  [9.93900721e-05 5.24522934e-01 2.39737029e+02 4.27637063e-03
   7.26126088e-03 6.86179042e-03 6.95142418e-03]
  [1.74207665e-03 1.27953079e+01 1.91065478e+02 3.63921418e-03
   1.09859701e-02 9.75999706e-03 9.75999706e-03]
  [1.87537672e-03 1.37908357e+01 1.83971634e+02 3.61668108e-03
   1.09505481e-02 9.72825691e-03 9.72825691e-03]]

 [[9.95568778e-05 5.25262802e-01 2.39790975e+02 4.27866309e-03
   7.17916555e-03 6.87063893e-03 6.87063893e-03]
  [1.88470370e-03 1.38748192e+01 1.82846189e+02 3.61479763e-03
   1.09476002e-02 9.72565829e-03 9.72565829e-03]
  [1.88612057e-03 1.38835948e+01 1.82639344e+02 3.61459770e-03
   1.09474554e-02 9.72554795e-03 9.72554795e-03]
  [1.87077140e-03 1.37549710e+01 1.83692993e+02 3.61749509e-03
   1.09519423e-02 9.72953947e-03 9.72953947e-03]]

 [[1.07681624e-03 7.80167284e+00 2.29816227e+02 3.75220002e-03
   1.11632290e-02 9.91861600e-03 9.91861600e-03]
  [1.89231849e-03 1.39313205e+01 1.83482359e+02 3.61351349e-03
   1.09456719e-02 9.72393058e-03 9.72393058e-03]
  [1.89579663e-03 1.39570162e+01 1.82721436e+02 3.61293712e-03
   1.09447178e-02 9.72308693e-03 9.72308693e-03]
  [1.89957546e-03 1.39824857e+01 1.83113089e+02 3.61235696e-03
   1.09441147e-02 9.72256974e-03 9.72256974e-03]]

 [[1.88102502e-03 1.38086544e+01 1.83586760e+02 3.61628208e-03
   1.09498694e-02 9.72765471e-03 9.72765471e-03]
  [1.40517932e-03 1.02386499e+01 2.10967646e+02 3.69709159e-03
   1.10791977e-02 9.84381887e-03 9.84381887e-03]
  [1.89087947e-03 1.39191152e+01 1.82566524e+02 3.61378028e-03
   1.09462500e-02 9.72444909e-03 9.72444909e-03]
  [1.87962195e-03 1.38221957e+01 1.83145975e+02 3.61598184e-03
   1.09496695e-02 9.72753227e-03 9.72753227e-03]]]

Response Table:
[[[8.04321361e-05 1.74520224e-01 1.97172702e+02]
  [8.16760474e-05 1.74417653e-01 1.97252265e+02]]

 [[8.01751418e-05 1.74282999e-01 1.97515425e+02]
  [4.69833896e-05 1.07691773e-01 2.33783575e+02]]]

Refresh Table:
[[[7.66460925e-05 1.82282898e-01 1.97510320e+02]
  [6.80683602e-05 1.60693818e-01 2.29592651e+02]]

 [[7.42886714e-05 1.78300302e-01 2.03745071e+02]
  [4.70273075e-05 1.07807375e-01 2.33616147e+02]]]

Request Buffer Table:
[[[2.18886121e-03 2.37580160e+01 9.46424158e+01]
  [2.17796043e-03 2.36328831e+01 9.53617734e+01]
  [2.19877868e-03 2.38532325e+01 9.47840044e+01]
  [2.19670601e-03 2.38431756e+01 9.48455632e+01]
  [2.20025326e-03 2.38778711e+01 9.50910360e+01]
  [1.79334948e-03 1.92824620e+01 1.31267353e+02]
  [2.19106689e-03 2.37658873e+01 9.52915105e+01]
  [2.19664998e-03 2.38395615e+01 9.47673942e+01]]

 [[2.19127707e-03 2.37813103e+01 9.43069103e+01]
  [2.21418691e-03 2.40040083e+01 9.36738183e+01]
  [2.20945283e-03 2.39217870e+01 9.46086138e+01]
  [2.20852124e-03 2.39745007e+01 9.43527366e+01]
  [2.19453203e-03 2.38121906e+01 9.51424282e+01]
  [1.83835107e-03 1.97921094e+01 1.26593844e+02]
  [2.20308766e-03 2.39108557e+01 9.45919305e+01]
  [2.19111883e-03 2.37697177e+01 9.51179035e+01]]

 [[2.25001090e-03 2.43432682e+01 9.26808900e+01]
  [2.18853231e-03 2.37317494e+01 9.46431110e+01]
  [2.20470774e-03 2.39330363e+01 9.45393437e+01]
  [2.22830171e-03 2.41740787e+01 9.34267020e+01]
  [2.18998489e-03 2.37502656e+01 9.54882062e+01]
  [2.20747608e-03 2.39620852e+01 9.40128423e+01]
  [2.19039505e-03 2.37781107e+01 9.52707379e+01]
  [2.18097552e-03 2.36750509e+01 9.63264291e+01]]

 [[2.19570311e-03 2.38267994e+01 9.50820369e+01]
  [2.20267461e-03 2.38899849e+01 9.39235942e+01]
  [2.19944823e-03 2.38829517e+01 9.49219256e+01]
  [2.21069534e-03 2.39810463e+01 9.37525358e+01]
  [4.08120709e-04 4.33012155e+00 2.53813950e+02]
  [2.19424786e-03 2.38243278e+01 9.47007694e+01]
  [2.23238245e-03 2.42290737e+01 9.30191762e+01]
  [2.20431513e-03 2.39261322e+01 9.44236870e+01]]

 [[2.20350600e-03 2.39150366e+01 9.37565144e+01]
  [2.17840440e-03 2.36176068e+01 9.55997680e+01]
  [2.20190610e-03 2.38823699e+01 9.42014088e+01]
  [9.43747486e-04 1.01748105e+01 2.06328221e+02]
  [2.19127197e-03 2.37719712e+01 9.50279945e+01]
  [2.19089840e-03 2.37779632e+01 9.53957008e+01]
  [2.18305708e-03 2.36822205e+01 9.58483685e+01]
  [2.19138746e-03 2.37837032e+01 9.53468531e+01]]

 [[2.17597398e-03 2.35690902e+01 9.64991898e+01]
  [2.17051653e-03 2.35281781e+01 9.59813780e+01]
  [2.19446415e-03 2.38118724e+01 9.49074095e+01]
  [2.20526382e-03 2.39243380e+01 9.45919824e+01]
  [2.17596983e-03 2.36102979e+01 9.59058104e+01]
  [5.03385973e-05 1.45030595e-01 2.33478609e+02]
  [2.18343680e-03 2.36739028e+01 9.59564068e+01]
  [2.18204100e-03 2.36767273e+01 9.60586648e+01]]

 [[2.20488559e-03 2.39276220e+01 9.38546479e+01]
  [2.19886107e-03 2.38416235e+01 9.45554790e+01]
  [2.20875443e-03 2.39687773e+01 9.43008483e+01]
  [2.20091166e-03 2.38805851e+01 9.44965245e+01]
  [2.18982975e-03 2.37649560e+01 9.48588439e+01]
  [1.79689134e-03 1.93384607e+01 1.30233716e+02]
  [2.20723210e-03 2.39608337e+01 9.45601327e+01]
  [2.24767821e-03 2.42850019e+01 9.27809684e+01]]

 [[2.19046780e-03 2.37728895e+01 9.44884651e+01]
  [2.20008961e-03 2.38637802e+01 9.39087158e+01]
  [2.18503795e-03 2.37192757e+01 9.52850333e+01]
  [2.22922046e-03 2.42091172e+01 9.27768542e+01]
  [2.20223125e-03 2.38997512e+01 9.40280395e+01]
  [2.20050792e-03 2.38892325e+01 9.43809275e+01]
  [2.18318327e-03 2.36952184e+01 9.57647179e+01]
  [2.19167213e-03 2.37949561e+01 9.53071834e+01]]]

Ref Max Post Table:
[[[1.86613568e-03 1.38238262e+01 1.83236185e+02]
  [1.85765292e-03 1.37743362e+01 1.83435852e+02]
  [1.86894782e-03 1.38502106e+01 1.83277309e+02]
  [1.48478487e-03 1.09095883e+01 2.05027032e+02]]

 [[1.85455915e-03 1.37452965e+01 1.83383568e+02]
  [1.84777669e-03 1.36988229e+01 1.83446843e+02]
  [1.84832848e-03 1.36931235e+01 1.83870135e+02]
  [1.45905429e-03 1.06469502e+01 2.07314810e+02]]

 [[1.88743779e-03 1.39953761e+01 1.83175795e+02]
  [1.85093038e-03 1.37241476e+01 1.83652353e+02]
  [1.86716376e-03 1.38451286e+01 1.83094219e+02]
  [1.46972376e-03 1.07696462e+01 1.98085815e+02]]

 [[1.84993598e-03 1.37053060e+01 1.83931186e+02]
  [1.83091354e-03 1.35485444e+01 1.84954844e+02]
  [1.84121277e-03 1.36364741e+01 1.84037454e+02]
  [1.77363201e-04 1.10104531e+00 2.28854985e+02]]]

Ref Max Pull Table:
[[[1.69592534e-03 1.36152985e+01 1.83913015e+02]
  [8.02568607e-04 6.30327378e+00 2.36974722e+02]
  [1.72180069e-03 1.38256516e+01 1.83572357e+02]
  [1.71381779e-03 1.36770508e+01 1.83763680e+02]]

 [[1.37813765e-03 1.09941819e+01 2.04716021e+02]
  [1.23872304e-03 9.87371940e+00 2.13490445e+02]
  [1.71007871e-03 1.37308840e+01 1.83841707e+02]
  [3.75740557e-04 2.80790049e+00 2.26849194e+02]]

 [[1.70909435e-03 1.36885980e+01 1.83630964e+02]
  [1.30005742e-03 1.03949366e+01 1.98795234e+02]
  [1.71409204e-03 1.37639764e+01 1.83317966e+02]
  [1.71839070e-03 1.37977950e+01 1.83171120e+02]]

 [[1.70931363e-03 1.36717838e+01 1.84085203e+02]
  [3.75086722e-04 2.80313537e+00 2.26818070e+02]
  [1.71289647e-03 1.37500030e+01 1.83841117e+02]
  [1.73101842e-03 1.38986386e+01 1.83431235e+02]]]

Max Activate Table:
[[[2.25817270e-03 2.41904484e+01 9.33362409e+01 1.83513921e-03
   5.81025118e-03 5.16276866e-03 5.16276866e-03]
  [2.22245801e-03 2.38358015e+01 9.47445700e+01 1.86596782e-03
   5.89273416e-03 5.23604399e-03 5.23604399e-03]
  [2.26674781e-03 2.43131275e+01 9.30489371e+01 1.82446541e-03
   5.78175628e-03 5.13747424e-03 5.13747424e-03]
  [2.23078531e-03 2.39050292e+01 9.44668975e+01 1.85995329e-03
   5.87706156e-03 5.22215777e-03 5.22215777e-03]
  [2.26429301e-03 2.42649942e+01 9.34880711e+01 1.82863959e-03
   5.79257876e-03 5.14700785e-03 5.14700785e-03]
  [2.22523680e-03 2.38587305e+01 9.45106886e+01 1.86398670e-03
   5.88776033e-03 5.23166417e-03 5.23166417e-03]
  [2.20376665e-03 2.36253156e+01 9.65383624e+01 1.88426987e-03
   5.94218669e-03 5.28002315e-03 5.28002315e-03]
  [2.22191209e-03 2.38361760e+01 9.50898822e+01 1.86593656e-03
   5.89287177e-03 5.23617694e-03 5.23617694e-03]]

 [[2.25944218e-03 2.42394813e+01 9.26576078e+01 1.83087434e-03
   5.79884208e-03 5.15264932e-03 5.15264932e-03]
  [2.26286533e-03 2.42840142e+01 9.29893203e+01 1.82699794e-03
   5.78839764e-03 5.14335350e-03 5.14335350e-03]
  [2.25451666e-03 2.41879938e+01 9.36546043e+01 1.83532844e-03
   5.81063301e-03 5.16307257e-03 5.16307257e-03]
  [2.25764639e-03 2.41769081e+01 9.38667155e+01 1.83631965e-03
   5.81397659e-03 5.16617444e-03 5.16617444e-03]
  [2.04962596e-03 2.19423341e+01 1.10224244e+02 2.03128176e-03
   6.32057767e-03 5.61850616e-03 5.61850616e-03]
  [2.21531789e-03 2.37615919e+01 9.55761632e+01 1.87241584e-03
   5.91020324e-03 5.25155803e-03 5.25155803e-03]
  [2.21711602e-03 2.37817969e+01 9.54565436e+01 1.87065899e-03
   5.90562348e-03 5.24750499e-03 5.24750499e-03]
  [2.23531732e-03 2.39526962e+01 9.47289817e+01 1.85579778e-03
   5.86568430e-03 5.21201353e-03 5.21201353e-03]]

 [[2.23699085e-03 2.40014003e+01 9.49541528e+01 1.85156953e-03
   5.85428882e-03 5.20189113e-03 5.20189113e-03]
  [2.25210215e-03 2.41659007e+01 9.34337711e+01 1.83726031e-03
   5.81581995e-03 5.16767114e-03 5.16767114e-03]
  [2.21998409e-03 2.38077445e+01 9.50230208e+01 1.86840611e-03
   5.89972703e-03 5.24228725e-03 5.24228725e-03]
  [2.26071883e-03 2.42583102e+01 9.31841742e+01 1.82921525e-03
   5.79428580e-03 5.14854128e-03 5.14854128e-03]
  [2.22410583e-03 2.38485034e+01 9.50919057e+01 1.86486322e-03
   5.89014353e-03 5.23377584e-03 5.23377584e-03]
  [2.21809327e-03 2.37958636e+01 9.53470669e+01 1.86942776e-03
   5.90236928e-03 5.24459738e-03 5.24459738e-03]
  [2.20630539e-03 2.36443479e+01 9.64872420e+01 1.88260486e-03
   5.93763172e-03 5.27593153e-03 5.27593153e-03]
  [2.24133373e-03 2.40277613e+01 9.45540084e+01 1.84927147e-03
   5.84808956e-03 5.19637398e-03 5.19637398e-03]]

 [[2.23360476e-03 2.39613874e+01 9.41195308e+01 1.85505259e-03
   5.86371347e-03 5.21028745e-03 5.21028745e-03]
  [2.23757487e-03 2.39964037e+01 9.38763370e+01 1.85202114e-03
   5.85575772e-03 5.20326134e-03 5.20326134e-03]
  [2.23014736e-03 2.38089416e+01 9.53940918e+01 1.86828898e-03
   5.89924281e-03 5.24180895e-03 5.24180895e-03]
  [2.25304924e-03 2.41738930e+01 9.32512846e+01 1.83657940e-03
   5.81433969e-03 5.16644047e-03 5.16644047e-03]
  [1.91731040e-03 2.05079187e+01 1.18516636e+02 2.19120758e-03
   6.30328328e-03 5.64123229e-03 5.64123229e-03]
  [2.23779125e-03 2.39491286e+01 9.50099121e+01 1.85611538e-03
   5.86652544e-03 5.21275521e-03 5.21275521e-03]
  [2.23396992e-03 2.39602254e+01 9.48373100e+01 1.85515114e-03
   5.86383422e-03 5.21035534e-03 5.21035534e-03]
  [2.23181488e-03 2.39409832e+01 9.49212906e+01 1.85681340e-03
   5.86849440e-03 5.21449689e-03 5.21449689e-03]]

 [[2.24230101e-03 2.40396261e+01 9.45116722e+01 1.84823760e-03
   5.84533752e-03 5.19393165e-03 5.19393165e-03]
  [2.24536279e-03 2.40919402e+01 9.34075968e+01 1.84369962e-03
   5.83340963e-03 5.18337505e-03 5.18337505e-03]
  [2.22951097e-03 2.39138057e+01 9.48544222e+01 1.85917524e-03
   5.87462968e-03 5.21993571e-03 5.21993571e-03]
  [2.23655461e-03 2.39634924e+01 9.42106658e+01 1.85486050e-03
   5.86322470e-03 5.20984991e-03 5.20984991e-03]
  [2.24681803e-03 2.40506869e+01 9.39530343e+01 1.84728060e-03
   5.84273828e-03 5.19159492e-03 5.19159492e-03]
  [1.14062856e-03 1.20668057e+01 1.73963847e+02 3.03892688e-03
   7.04504416e-03 6.43840160e-03 6.43840160e-03]
  [2.21440108e-03 2.37472936e+01 9.55749864e+01 1.87364985e-03
   5.91402657e-03 5.25499857e-03 5.25499857e-03]
  [2.22848119e-03 2.38948366e+01 9.55885902e+01 1.86084527e-03
   5.87933594e-03 5.22417379e-03 5.22417379e-03]]

 [[2.22937341e-03 2.39150160e+01 9.38704574e+01 1.85909890e-03
   5.87461516e-03 5.22000294e-03 5.22000294e-03]
  [2.25787814e-03 2.42293654e+01 9.27985974e+01 1.83174096e-03
   5.80095890e-03 5.15446514e-03 5.15446514e-03]
  [2.24051027e-03 2.40334329e+01 9.37648214e+01 1.84877869e-03
   5.84713280e-03 5.19555913e-03 5.19555913e-03]
  [2.23568483e-03 2.39614778e+01 9.45497548e+01 1.85503424e-03
   5.86389162e-03 5.21044205e-03 5.21044205e-03]
  [2.23823114e-03 2.40074700e+01 9.48427192e+01 1.85104519e-03
   5.85294784e-03 5.20072029e-03 5.20072029e-03]
  [2.21515458e-03 2.37617240e+01 9.50716470e+01 1.87240173e-03
   5.91017259e-03 5.25153532e-03 5.25153532e-03]
  [2.20279034e-03 2.35923055e+01 9.67048622e+01 1.88892661e-03
   5.93241625e-03 5.27318779e-03 5.27318779e-03]
  [5.75035487e-04 5.86821419e+00 2.06171334e+02 3.69910174e-03
   6.79996805e-03 6.42720743e-03 6.42720743e-03]]

 [[2.22441094e-03 2.38642661e+01 9.45661582e+01 1.86349241e-03
   5.88644108e-03 5.23047325e-03 5.23047325e-03]
  [2.19676721e-03 2.35237758e+01 9.73581245e+01 1.89397601e-03
   5.95036309e-03 5.28934196e-03 5.28934196e-03]
  [2.21374367e-03 2.37413828e+01 9.53038592e+01 1.87416645e-03
   5.91510168e-03 5.25592230e-03 5.25592230e-03]
  [2.22481050e-03 2.38519483e+01 9.51749837e+01 1.86456115e-03
   5.88950822e-03 5.23321818e-03 5.23321818e-03]
  [2.24683271e-03 2.41039781e+01 9.40121403e+01 1.84264710e-03
   5.83035375e-03 5.18060965e-03 5.18060965e-03]
  [2.21002113e-03 2.37063290e+01 9.56852567e+01 1.87721472e-03
   5.92326845e-03 5.26319117e-03 5.26319117e-03]
  [2.21546245e-03 2.37198110e+01 9.59207890e+01 1.87604147e-03
   5.92011384e-03 5.26037635e-03 5.26037635e-03]
  [2.22229876e-03 2.38351335e+01 9.53331697e+01 1.86601765e-03
   5.89330153e-03 5.23656985e-03 5.23656985e-03]]

 [[2.22486929e-03 2.38550858e+01 9.47932000e+01 1.86427063e-03
   5.88855068e-03 5.23231833e-03 5.23231833e-03]
  [2.24384443e-03 2.40765168e+01 9.36566137e+01 1.84503390e-03
   5.83697363e-03 5.18652216e-03 5.18652216e-03]
  [2.24273828e-03 2.40518790e+01 9.38348773e+01 1.84717192e-03
   5.84252967e-03 5.19142550e-03 5.19142550e-03]
  [2.21684413e-03 2.37714880e+01 9.58516212e+01 1.87205666e-03
   5.89298891e-03 5.23843390e-03 5.23843390e-03]
  [2.21266057e-03 2.37279838e+01 9.58378180e+01 1.87533515e-03
   5.91808688e-03 5.25857534e-03 5.25857534e-03]
  [5.74029839e-04 5.85804838e+00 2.06176699e+02 3.69783171e-03
   6.88273229e-03 6.41914115e-03 6.50877492e-03]
  [2.21215793e-03 2.37102491e+01 9.57701419e+01 1.87685955e-03
   5.92239108e-03 5.26239170e-03 5.26239170e-03]
  [2.24741588e-03 2.40862460e+01 9.42582878e+01 1.84419314e-03
   5.83446032e-03 5.18426694e-03 5.18426694e-03]]]

Cumulative Reward: 11037.885315526835
