Scheduler Table:
[[[5.89566810e-06 1.07373410e-02 1.20085971e+01 5.90927567e-04
   7.51809159e-04 3.37871171e-04 3.37871171e-04]
  [2.26289392e-06 1.07413282e-02 1.32189821e+01 5.79556520e-04
   7.62101812e-04 3.37289156e-04 3.37289156e-04]
  [1.15944123e-04 1.15583526e+00 2.20758268e+01 8.45834741e-04
   7.72658758e-04 3.34340074e-04 3.34944947e-04]]

 [[1.63291254e-06 1.01172253e-02 1.77763955e+01 7.50822586e-04
   6.08639023e-04 3.35354346e-04 3.35354346e-04]
  [2.05702286e-06 1.08533605e-02 1.20212227e+01 5.92407935e-04
   7.47596385e-04 3.38149171e-04 3.38149171e-04]
  [2.79786796e-06 1.06597509e-02 1.19851481e+01 5.82127483e-04
   7.87598690e-04 3.37223565e-04 3.37223565e-04]]

 [[3.24570485e-07 9.52282509e-03 2.21749491e+01 8.65312457e-04
   5.32290772e-04 3.34035254e-04 3.35155388e-04]
  [1.46196597e-06 1.05564438e-02 1.20005737e+01 6.17423628e-04
   7.14599916e-04 3.37276209e-04 3.37276209e-04]
  [2.93967732e-06 1.03397443e-02 1.19326028e+01 5.65499267e-04
   9.05724590e-04 3.35919561e-04 3.35919561e-04]]]

Buffer Table:
[[[2.29448017e-06 1.07803353e-02 1.19474017e+01 5.98383128e-04
   7.29420400e-04 3.37582109e-04 3.37582109e-04]
  [1.85862555e-06 1.06743934e-02 1.19195786e+01 5.90136271e-04
   7.65092858e-04 3.37611392e-04 3.37611392e-04]
  [2.06451722e-06 1.07763508e-02 1.19629111e+01 5.97168382e-04
   7.27221778e-04 3.37637336e-04 3.37637336e-04]]

 [[3.14815266e-06 1.06334482e-02 1.19127291e+01 5.93796959e-04
   8.04188476e-04 3.37056019e-04 3.37056019e-04]
  [2.92396995e-06 1.03688452e-02 1.18783281e+01 5.77229560e-04
   9.13492723e-04 3.35560567e-04 3.35560567e-04]
  [1.95313921e-06 1.04738208e-02 1.25206007e+01 6.24396306e-04
   7.05454977e-04 3.37228740e-04 3.37228740e-04]]

 [[2.45215190e-06 1.07995294e-02 1.19597450e+01 6.03409462e-04
   7.47644998e-04 3.37428329e-04 3.37428329e-04]
  [1.46569742e-06 1.08085789e-02 1.20124591e+01 6.08733852e-04
   7.30606837e-04 3.37793291e-04 3.37793291e-04]
  [1.15940894e-04 1.15582302e+00 2.19263276e+01 8.37176579e-04
   7.83962421e-04 3.34432934e-04 3.35485860e-04]]]

Arbiter Table:
[[[1.15940894e-04 1.15582302e+00 2.19263276e+01 8.37176579e-04
   7.83962421e-04 3.34432934e-04 3.35485860e-04]
  [3.74594309e-06 1.05002498e-02 1.19420128e+01 6.14125724e-04
   7.17365589e-04 3.37417327e-04 3.37417327e-04]
  [8.41369673e-07 9.80335820e-03 1.37598339e+01 6.52587831e-04
   6.41633264e-04 3.38514778e-04 3.38514778e-04]]

 [[4.75154736e-06 1.06501569e-02 1.20093804e+01 6.03214631e-04
   7.26688320e-04 3.37596632e-04 3.37596632e-04]
  [2.73913720e-06 1.08397840e-02 1.19711570e+01 5.97122188e-04
   7.53921504e-04 3.37714203e-04 3.37714203e-04]
  [2.05604330e-06 1.07025143e-02 1.19835861e+01 5.91145786e-04
   7.41539492e-04 3.37732231e-04 3.37732231e-04]]

 [[8.22286413e-07 9.86321356e-03 1.38288076e+01 6.54378506e-04
   6.37510059e-04 3.38643170e-04 3.38643170e-04]
  [5.65676827e-06 1.06802644e-02 1.19769709e+01 5.91024337e-04
   7.53491347e-04 3.37692312e-04 3.37692312e-04]
  [1.48583554e-06 1.05285974e-02 1.19813017e+01 5.81769266e-04
   7.47963112e-04 3.38357629e-04 3.38357629e-04]]]

Page Table:
[[[1.27103376e-06 1.08044409e-02 1.22019335e+01 6.02131555e-04
   7.18402793e-04 3.37568144e-04 3.37568144e-04]
  [6.97321798e-07 1.02118649e-02 1.39787817e+01 6.85661212e-04
   6.05981619e-04 3.38798063e-04 3.38798063e-04]
  [1.42078305e-06 1.08986782e-02 1.22155034e+01 6.16296991e-04
   6.91513074e-04 3.37188131e-04 3.37188131e-04]
  [1.15942908e-04 1.15583441e+00 2.20847688e+01 8.46021554e-04
   7.72403931e-04 3.34337106e-04 3.34941978e-04]]

 [[4.86697156e-07 9.93480683e-03 1.39472622e+01 6.86533703e-04
   6.29029526e-04 3.39479434e-04 3.39479434e-04]
  [1.48546780e-06 1.11585079e-02 1.22204765e+01 6.24517852e-04
   6.76286374e-04 3.36913062e-04 3.36913062e-04]
  [1.75014351e-06 1.15085094e-02 1.21602971e+01 6.29021683e-04
   6.98207834e-04 3.35114310e-04 3.35114310e-04]
  [1.33792531e-06 1.09809638e-02 1.21822615e+01 6.04578540e-04
   7.43896582e-04 3.36569902e-04 3.36569902e-04]]

 [[1.31851219e-06 1.13139287e-02 1.21882764e+01 6.24894910e-04
   6.86424317e-04 3.36289821e-04 3.36289821e-04]
  [5.00667686e-06 1.11560779e-02 1.24649217e+01 6.09545097e-04
   7.45093732e-04 3.36156506e-04 3.36156506e-04]
  [1.00622908e-05 1.08896210e-02 1.21118842e+01 6.04850889e-04
   7.51404357e-04 3.36639568e-04 3.36639568e-04]
  [1.29784978e-06 1.09148229e-02 1.21793432e+01 6.00042185e-04
   7.71457780e-04 3.36532248e-04 3.36532248e-04]]

 [[3.23301368e-07 9.52194427e-03 2.21842863e+01 8.65507527e-04
   5.32024683e-04 3.34032154e-04 3.35152288e-04]
  [1.65952662e-06 1.09566616e-02 1.21287039e+01 6.08095180e-04
   7.74635706e-04 3.36103831e-04 3.36103831e-04]
  [7.52330279e-06 1.08836547e-02 1.21544844e+01 6.15768628e-04
   7.15743983e-04 3.36498437e-04 3.36498437e-04]
  [1.51257978e-06 1.05603334e-02 1.21353862e+01 5.91224451e-04
   8.28889401e-04 3.35377830e-04 3.35377830e-04]]]

Response Table:
[[[4.08512064e-06 1.04044302e-02 1.17936426e+01]
  [3.59918249e-06 1.00003879e-02 1.84883120e+01]]

 [[2.53692527e-06 9.80544466e-03 1.83956695e+01]
  [1.16360024e-04 1.15587965e+00 2.14464617e+01]]]

Refresh Table:
[[[8.13003833e-06 1.05145731e-02 1.17193887e+01]
  [3.23301368e-07 9.52194427e-03 2.21842863e+01]]

 [[1.15942908e-04 1.15583441e+00 2.20847688e+01]
  [1.80498826e-06 1.04868681e-02 1.17216313e+01]]]

Request Buffer Table:
[[[3.24034854e-06 1.24753364e-02 1.23022783e+01]
  [4.17758496e-06 1.27124928e-02 1.22974105e+01]
  [3.77913682e-06 1.26454184e-02 1.22149982e+01]
  [2.85160536e-06 1.25657440e-02 1.22818830e+01]
  [2.87206396e-06 1.24292005e-02 1.23042919e+01]
  [3.20376276e-06 1.24815827e-02 1.23410189e+01]
  [3.13987232e-06 1.24743082e-02 1.24048310e+01]
  [2.58435025e-06 1.22146248e-02 1.24259284e+01]]

 [[3.03877971e-06 1.24689195e-02 1.24271498e+01]
  [3.22834326e-06 1.24772406e-02 1.23485075e+01]
  [2.40315895e-06 1.14108794e-02 1.24467712e+01]
  [2.66010883e-06 1.21897573e-02 1.23942532e+01]
  [3.01567519e-06 1.25181850e-02 1.23089412e+01]
  [2.24183239e-06 1.21831408e-02 1.24156119e+01]
  [2.51428753e-06 1.21994498e-02 1.23873767e+01]
  [1.01545144e-05 1.17474342e-02 1.24511889e+01]]

 [[3.20984024e-06 1.25481479e-02 1.22928085e+01]
  [2.50981335e-06 1.23539702e-02 1.23827098e+01]
  [2.74552973e-06 1.25669137e-02 1.23767471e+01]
  [2.34933725e-06 1.16383332e-02 1.23684907e+01]
  [8.02221816e-06 1.15647731e-02 1.23752509e+01]
  [3.20431897e-06 1.24258404e-02 1.23478473e+01]
  [2.81622933e-06 1.26089220e-02 1.23225126e+01]
  [2.41609677e-06 1.13991723e-02 1.25731310e+01]]

 [[4.05557872e-06 1.26050359e-02 1.22412962e+01]
  [2.81736539e-06 1.24969467e-02 1.23429215e+01]
  [3.51868736e-06 1.26326908e-02 1.22702876e+01]
  [3.00081429e-06 1.04133498e-02 1.23770525e+01]
  [5.98019335e-06 1.16651666e-02 1.23280712e+01]
  [2.46121192e-06 1.21390643e-02 1.23633705e+01]
  [2.93979283e-06 1.03308277e-02 1.23806594e+01]
  [1.28558186e-06 1.06956981e-02 1.24004851e+01]]

 [[2.76586702e-06 1.24285088e-02 1.23352881e+01]
  [3.39382111e-06 1.19310867e-02 1.23664884e+01]
  [4.38170390e-06 1.20449489e-02 1.23694156e+01]
  [2.98436860e-06 1.25185069e-02 1.22842222e+01]
  [2.74392057e-06 1.24502354e-02 1.22708838e+01]
  [2.60711620e-06 1.21406676e-02 1.23327651e+01]
  [2.57501685e-06 1.08987097e-02 1.27514956e+01]
  [3.32290504e-06 1.17097230e-02 1.23705140e+01]]

 [[3.21641632e-06 1.25417138e-02 1.22507887e+01]
  [5.06126329e-06 1.16823868e-02 1.24843274e+01]
  [2.62594250e-06 1.24425685e-02 1.23292083e+01]
  [3.68787297e-06 1.26196567e-02 1.23372745e+01]
  [2.87295020e-06 1.23396988e-02 1.23375810e+01]
  [3.13810542e-06 1.24887098e-02 1.23203891e+01]
  [3.43004622e-06 1.25576747e-02 1.22810837e+01]
  [8.40011504e-06 1.25753012e-02 1.22045555e+01]]

 [[2.68181963e-06 1.27735967e-02 1.22630919e+01]
  [2.57679775e-06 1.26380067e-02 1.23620484e+01]
  [1.95617856e-06 1.17273545e-02 1.23369074e+01]
  [3.98856291e-06 1.16780521e-02 1.23585867e+01]
  [3.29699322e-06 1.14811864e-02 1.23669238e+01]
  [2.80064099e-06 1.21583887e-02 1.23665991e+01]
  [1.57973603e-06 1.13998654e-02 1.23453059e+01]
  [1.15942908e-04 1.15583441e+00 2.20847688e+01]]

 [[3.24640964e-06 1.24436325e-02 1.23570444e+01]
  [4.13417500e-06 1.11768381e-02 1.23636949e+01]
  [4.09659053e-06 1.25435670e-02 1.22564525e+01]
  [7.58838820e-06 1.10670912e-02 1.23459546e+01]
  [3.21214950e-06 1.18789228e-02 1.23641687e+01]
  [2.20257983e-06 1.20531476e-02 1.23765883e+01]
  [3.23301368e-07 9.52194427e-03 2.21842863e+01]
  [2.14752249e-06 1.18931876e-02 1.23649687e+01]]]

Ref Max Post Table:
[[[1.53842095e-06 1.03555785e-02 1.23418353e+01]
  [2.21148301e-06 1.00976343e-02 1.23220933e+01]
  [1.84903429e-06 1.01956329e-02 1.23075926e+01]
  [1.86686825e-06 1.09117476e-02 1.40536731e+01]]

 [[1.67577722e-06 1.03031542e-02 1.23192557e+01]
  [1.47885689e-06 1.12502076e-02 1.22291333e+01]
  [2.77894596e-06 1.18687946e-02 1.23173523e+01]
  [3.23301368e-07 9.52194427e-03 2.21842863e+01]]

 [[1.49837957e-06 1.07516158e-02 1.23048304e+01]
  [1.60280692e-06 1.14414774e-02 1.23595444e+01]
  [2.34221246e-05 1.14027244e-02 1.22804574e+01]
  [1.47431939e-06 1.14980514e-02 1.23170635e+01]]

 [[2.00773057e-06 1.15215029e-02 1.23506716e+01]
  [1.15942908e-04 1.15583441e+00 2.20847688e+01]
  [2.12380423e-06 1.17978185e-02 1.22505068e+01]
  [1.36584519e-06 1.10075796e-02 1.23078411e+01]]]

Ref Max Pull Table:
[[[1.92605910e-06 1.09869112e-02 1.21489396e+01]
  [1.23005027e-05 1.09943393e-02 1.21891560e+01]
  [9.89510994e-07 1.08327937e-02 1.21849600e+01]
  [1.15942908e-04 1.15583441e+00 2.20847688e+01]]

 [[2.05544164e-06 1.10255610e-02 1.21903823e+01]
  [3.26060316e-06 1.08153049e-02 1.20876590e+01]
  [1.67459774e-06 1.08995286e-02 1.21241294e+01]
  [4.61647183e-06 1.08526621e-02 1.21570409e+01]]

 [[1.59456138e-06 1.09908133e-02 1.21580312e+01]
  [4.46781531e-06 1.08332555e-02 1.21205023e+01]
  [1.32791764e-06 1.05283503e-02 1.21124782e+01]
  [1.48672037e-06 1.08923894e-02 1.21489206e+01]]

 [[3.23301368e-07 9.52194427e-03 2.21842863e+01]
  [1.80533765e-06 1.17915857e-02 1.21395551e+01]
  [2.32418569e-06 1.09513993e-02 1.21436536e+01]
  [1.05599509e-06 1.07684798e-02 1.21594098e+01]]]

Max Activate Table:
[[[3.41721233e-06 1.26518401e-02 1.22496174e+01 6.73438104e-04
   6.45316648e-04 3.35336445e-04 3.35336445e-04]
  [6.86683341e-06 1.17344422e-02 1.22560689e+01 6.37689718e-04
   6.84131351e-04 3.35628678e-04 3.35628678e-04]
  [2.96956314e-06 1.24141963e-02 1.23015661e+01 6.59594310e-04
   7.13445618e-04 3.35091688e-04 3.35091688e-04]
  [3.98035234e-06 1.26022544e-02 1.22703199e+01 6.83891846e-04
   6.29158172e-04 3.35305423e-04 3.35305423e-04]
  [9.13368237e-07 9.52262967e-03 2.19827190e+01 8.62510315e-04
   5.33074481e-04 3.34047526e-04 3.35167660e-04]
  [2.40681785e-06 1.15846631e-02 1.22990430e+01 6.29320410e-04
   6.99472849e-04 3.36126390e-04 3.36126390e-04]
  [3.25464856e-06 1.21962101e-02 1.22988257e+01 6.61876046e-04
   6.50003436e-04 3.35561625e-04 3.35561625e-04]
  [2.75340316e-06 1.19609827e-02 1.23157714e+01 6.53303065e-04
   6.86598840e-04 3.35605572e-04 3.35605572e-04]]

 [[2.28451543e-06 1.20009701e-02 1.22954959e+01 6.61538537e-04
   6.69500851e-04 3.35895595e-04 3.35895595e-04]
  [2.72300643e-06 1.25044440e-02 1.22854313e+01 7.02640053e-04
   6.34627019e-04 3.35262732e-04 3.35262732e-04]
  [2.25633233e-06 1.20756600e-02 1.23051355e+01 6.38128780e-04
   7.08257699e-04 3.35760250e-04 3.35760250e-04]
  [3.15630612e-06 1.24841113e-02 1.22196627e+01 6.67703503e-04
   6.40231364e-04 3.35181796e-04 3.35181796e-04]
  [3.07857995e-06 1.30302492e-02 1.23122768e+01 6.73926493e-04
   6.54197708e-04 3.35839011e-04 3.35839011e-04]
  [6.62497131e-06 1.13119340e-02 1.23025174e+01 6.06725837e-04
   8.02815311e-04 3.35784547e-04 3.35784547e-04]
  [5.16898745e-06 1.12635453e-02 1.47083454e+01 6.58075875e-04
   6.59168141e-04 3.35973041e-04 3.35973041e-04]
  [3.32143669e-06 1.25096575e-02 1.22105050e+01 6.72187817e-04
   6.30956131e-04 3.35149054e-04 3.35149054e-04]]

 [[2.25398842e-06 1.17781912e-02 1.23116579e+01 6.43097069e-04
   6.79309750e-04 3.36572493e-04 3.36572493e-04]
  [3.74467380e-06 1.16068053e-02 1.22973230e+01 6.25920879e-04
   7.37327103e-04 3.36073509e-04 3.36073509e-04]
  [1.73806082e-06 1.16763957e-02 1.22968308e+01 6.25885921e-04
   6.81661589e-04 3.37002427e-04 3.37002427e-04]
  [2.71250573e-06 1.26311896e-02 1.22033053e+01 6.74730725e-04
   6.48022588e-04 3.35293017e-04 3.35293017e-04]
  [2.19820995e-06 1.18891621e-02 1.23156902e+01 6.24674780e-04
   6.83510040e-04 3.37823683e-04 3.37823683e-04]
  [2.71722488e-06 1.19422124e-02 1.23346039e+01 6.45528645e-04
   6.81480134e-04 3.36124558e-04 3.36124558e-04]
  [2.73051935e-06 1.20832990e-02 1.23965368e+01 6.49678249e-04
   6.62381990e-04 3.35589851e-04 3.35589851e-04]
  [5.14693689e-06 1.24859578e-02 1.22601824e+01 6.55025592e-04
   7.02791542e-04 3.35085253e-04 3.35085253e-04]]

 [[2.98034106e-06 1.18831350e-02 1.24308321e+01 6.57170289e-04
   6.79240180e-04 3.35729684e-04 3.35729684e-04]
  [3.53972588e-06 1.26686423e-02 1.23634523e+01 6.67692695e-04
   6.34546275e-04 3.35253173e-04 3.35253173e-04]
  [1.98434764e-06 1.18321537e-02 1.23476479e+01 6.27222393e-04
   6.71794325e-04 3.36229703e-04 3.36229703e-04]
  [3.47693271e-06 1.25196140e-02 1.22852055e+01 6.61433510e-04
   6.58341104e-04 3.35245011e-04 3.35245011e-04]
  [2.50697459e-06 1.19286379e-02 1.23507792e+01 6.43937772e-04
   6.68813962e-04 3.36470947e-04 3.36470947e-04]
  [3.53480296e-06 1.26193813e-02 1.23418519e+01 6.72818748e-04
   6.49291985e-04 3.35226156e-04 3.35226156e-04]
  [2.92836621e-06 1.25417403e-02 1.22914052e+01 6.61966285e-04
   6.64493637e-04 3.35314964e-04 3.35314964e-04]
  [1.04751387e-05 1.24131191e-02 1.22672273e+01 6.78443726e-04
   6.21139020e-04 3.35070752e-04 3.35070752e-04]]

 [[2.44639452e-06 1.19410384e-02 1.22735717e+01 6.39503660e-04
   6.82574303e-04 3.35870723e-04 3.35870723e-04]
  [3.94073940e-06 1.18353030e-02 1.22985115e+01 6.24547234e-04
   6.99754606e-04 3.36017833e-04 3.36017833e-04]
  [2.22912517e-06 1.16792503e-02 1.23058783e+01 6.37639869e-04
   7.01297871e-04 3.36310318e-04 3.36310318e-04]
  [2.98875305e-06 1.25972365e-02 1.22290215e+01 6.44688371e-04
   6.71125691e-04 3.35420126e-04 3.35420126e-04]
  [4.13937860e-06 1.14889539e-02 1.22725900e+01 6.06093790e-04
   7.44267239e-04 3.37667775e-04 3.37667775e-04]
  [2.77704377e-06 1.25587417e-02 1.22608630e+01 6.82739269e-04
   6.32245072e-04 3.35188134e-04 3.35188134e-04]
  [1.16518173e-04 1.15584822e+00 2.21344338e+01 8.56236166e-04
   7.58228529e-04 3.34209579e-04 3.34209579e-04]
  [2.48123202e-06 1.24987328e-02 1.22965749e+01 6.74728089e-04
   6.38852344e-04 3.35219247e-04 3.35219247e-04]]

 [[2.57699356e-06 1.21484102e-02 1.23013519e+01 6.56287875e-04
   6.69120750e-04 3.36150187e-04 3.36150187e-04]
  [2.81095722e-06 1.25192578e-02 1.23000235e+01 6.71476139e-04
   6.41126397e-04 3.35193409e-04 3.35193409e-04]
  [2.76508055e-06 1.25872602e-02 1.23230368e+01 6.63306140e-04
   6.33076095e-04 3.35355176e-04 3.35355176e-04]
  [4.40852857e-06 1.24500436e-02 1.22666973e+01 6.72659261e-04
   6.31853526e-04 3.35133176e-04 3.35133176e-04]
  [2.42918286e-06 1.19432355e-02 1.23009647e+01 6.43174712e-04
   6.75280131e-04 3.36233028e-04 3.36233028e-04]
  [3.96304436e-06 1.24463109e-02 1.23242478e+01 6.73826795e-04
   6.38170538e-04 3.35143320e-04 3.35143320e-04]
  [2.63599455e-06 1.19031795e-02 1.23473344e+01 6.37818930e-04
   6.78241581e-04 3.36022399e-04 3.36022399e-04]
  [2.80457442e-06 1.19420151e-02 1.22785796e+01 6.54178170e-04
   6.81598052e-04 3.35528723e-04 3.35528723e-04]]

 [[9.28661590e-07 9.57649030e-03 2.32270581e+01 8.87558837e-04
   5.04712199e-04 3.33783210e-04 3.33783210e-04]
  [1.37779253e-05 1.19931693e-02 1.22871440e+01 6.61129800e-04
   6.57460952e-04 3.35654144e-04 3.35654144e-04]
  [2.40631689e-06 1.23815956e-02 1.23242038e+01 6.59107330e-04
   6.92476392e-04 3.35098504e-04 3.35098504e-04]
  [3.19008804e-06 1.20605724e-02 1.23123103e+01 6.60203211e-04
   6.60983911e-04 3.35747085e-04 3.35747085e-04]
  [1.17702017e-06 1.09194293e-02 1.23260454e+01 5.83195741e-04
   7.22363671e-04 3.37881251e-04 3.37881251e-04]
  [3.13986878e-06 1.25364494e-02 1.23154800e+01 6.70538930e-04
   6.41580376e-04 3.35306211e-04 3.35306211e-04]
  [3.99807539e-06 1.22972355e-02 1.22841164e+01 6.69305913e-04
   6.44767307e-04 3.35881989e-04 3.35881989e-04]
  [2.23426580e-06 1.04858604e-02 1.22789393e+01 5.99047153e-04
   8.42324065e-04 3.34674206e-04 3.34674206e-04]]

 [[3.22426448e-06 1.19048953e-02 1.22441712e+01 6.63273680e-04
   6.73042409e-04 3.35518252e-04 3.35518252e-04]
  [2.62672834e-06 1.21778774e-02 1.23019012e+01 6.59935765e-04
   6.54654437e-04 3.35423149e-04 3.35423149e-04]
  [2.56260459e-06 1.19452681e-02 1.23090806e+01 6.54651185e-04
   6.74524585e-04 3.36018852e-04 3.36018852e-04]
  [4.16445063e-06 1.27747618e-02 1.22639182e+01 6.78036491e-04
   6.43607327e-04 3.35486223e-04 3.35486223e-04]
  [2.50285025e-06 1.24795703e-02 1.23004512e+01 6.87852901e-04
   6.32949000e-04 3.35239567e-04 3.35239567e-04]
  [3.06117465e-06 1.16317264e-02 1.23112728e+01 6.46598885e-04
   7.21375849e-04 3.35630914e-04 3.35630914e-04]
  [1.84934421e-06 1.10450338e-02 1.22727691e+01 6.06904976e-04
   8.11043110e-04 3.35546090e-04 3.35546090e-04]
  [2.54318921e-06 1.19484824e-02 1.23055160e+01 6.54839778e-04
   6.69031411e-04 3.35817005e-04 3.35817005e-04]]]

Cumulative Reward: 6465.631277242679
