Scheduler Table:
[[[4.68253022e-05 1.58477366e-01 1.39248016e+02 4.84885311e-03
   5.65021669e-02 7.37069680e-03 7.37069680e-03]
  [3.84456333e-05 1.58501937e-01 1.39187248e+02 4.83195521e-03
   5.98757692e-02 7.36530275e-03 7.36530275e-03]
  [4.07353525e-05 1.58421373e-01 1.39468604e+02 4.83667886e-03
   5.67317294e-02 7.37183749e-03 7.37183749e-03]]

 [[4.52967035e-05 1.58488744e-01 1.39179320e+02 4.83635604e-03
   5.87205600e-02 7.36841107e-03 7.36841107e-03]
  [3.73009581e-05 1.58683826e-01 1.39368094e+02 4.82371525e-03
   5.81131641e-02 7.36159282e-03 7.36159282e-03]
  [3.91747676e-05 1.48498473e-01 1.43813221e+02 4.81674817e-03
   5.05367304e-02 7.36568788e-03 7.36568788e-03]]

 [[3.92248060e-05 1.58393604e-01 1.39365867e+02 4.82262064e-03
   6.07165927e-02 7.36687682e-03 7.36687682e-03]
  [3.44104194e-05 1.54670382e-01 1.42362484e+02 4.82695551e-03
   5.31624171e-02 7.37384938e-03 7.37384938e-03]
  [1.91013093e-05 1.16381313e-01 1.51916929e+02 4.86359135e-03
   1.46517543e-01 7.13584020e-03 7.28680582e-03]]]

Buffer Table:
[[[4.51940859e-05 1.58496392e-01 1.39194458e+02 4.83030457e-03
   5.90318846e-02 7.36200557e-03 7.36200557e-03]
  [2.32691881e-05 1.16285920e-01 1.52328866e+02 4.85489402e-03
   1.48877033e-01 7.16974767e-03 7.32071328e-03]
  [4.31579996e-05 1.56210624e-01 1.41926619e+02 4.83553233e-03
   7.37788867e-02 7.36375286e-03 7.36375286e-03]]

 [[2.33748594e-05 1.16292199e-01 1.52446388e+02 4.86401781e-03
   3.24127460e-02 7.19050065e-03 7.19050065e-03]
  [3.76940332e-05 1.58438690e-01 1.39336485e+02 4.83099714e-03
   5.80237390e-02 7.36725862e-03 7.36725862e-03]
  [3.68102908e-05 1.58915639e-01 1.38892721e+02 4.82284103e-03
   6.18665466e-02 7.36558820e-03 7.36558820e-03]]

 [[3.97157051e-05 1.58884455e-01 1.38929902e+02 4.82853723e-03
   5.66476471e-02 7.35657557e-03 7.35657557e-03]
  [3.98700788e-05 1.51891905e-01 1.44267352e+02 4.83034531e-03
   6.26412336e-02 7.36715632e-03 7.36715632e-03]
  [4.77657550e-05 1.58566793e-01 1.39192420e+02 4.82886250e-03
   5.87380720e-02 7.36555019e-03 7.36555019e-03]]]

Arbiter Table:
[[[3.52472995e-05 1.52342871e-01 1.43795167e+02 4.82261912e-03
   5.34008915e-02 7.37222560e-03 7.37222560e-03]
  [2.32405645e-05 1.16369316e-01 1.52336455e+02 4.85458220e-03
   1.48940110e-01 7.16982211e-03 7.32078773e-03]
  [6.60905868e-05 1.26495722e-01 1.44197023e+02 4.78273338e-03
   6.36940337e-02 7.35868570e-03 7.35868570e-03]]

 [[2.33460811e-05 1.16376046e-01 1.52454018e+02 4.86370430e-03
   3.24761638e-02 7.19057550e-03 7.19057550e-03]
  [3.35467893e-05 1.32536260e-01 1.47247526e+02 4.82073228e-03
   4.72953126e-02 7.34299344e-03 7.34299344e-03]
  [3.74828542e-05 1.58685384e-01 1.39315027e+02 4.82991209e-03
   5.80116020e-02 7.36744738e-03 7.36744738e-03]]

 [[4.37136495e-05 1.43385311e-01 1.44339493e+02 4.81050709e-03
   5.83687538e-02 7.37399538e-03 7.37399538e-03]
  [3.66492929e-05 1.58915698e-01 1.39384521e+02 4.81728692e-03
   6.06021676e-02 7.36716170e-03 7.36716170e-03]
  [3.67710512e-05 1.58700777e-01 1.39406728e+02 4.81839512e-03
   5.98285965e-02 7.37118313e-03 7.37118313e-03]]]

Page Table:
[[[1.92600662e-05 1.16014301e-01 1.52046687e+02 4.86333209e-03
   1.46300987e-01 7.13545382e-03 7.28641944e-03]
  [4.42176687e-05 2.04047578e-01 1.39230816e+02 4.81547570e-03
   5.90847328e-02 7.34650554e-03 7.34650554e-03]
  [4.64963705e-05 2.03440022e-01 1.39019281e+02 4.83242682e-03
   5.65176202e-02 7.34359186e-03 7.34359186e-03]
  [4.45718978e-05 2.03986301e-01 1.39361040e+02 4.83458583e-03
   5.69271303e-02 7.34591957e-03 7.34591957e-03]]

 [[4.39215779e-05 1.85620979e-01 1.43549156e+02 4.83215083e-03
   5.17007597e-02 7.34897727e-03 7.34897727e-03]
  [4.53455155e-05 2.04046502e-01 1.38730633e+02 4.80427993e-03
   6.01070664e-02 7.34219561e-03 7.34219561e-03]
  [4.51305018e-05 2.03612604e-01 1.38904281e+02 4.80679965e-03
   5.97186613e-02 7.34249255e-03 7.34249255e-03]
  [4.40757780e-05 2.03407651e-01 1.38719262e+02 4.79751896e-03
   6.30598784e-02 7.35411299e-03 7.35411299e-03]]

 [[4.42326624e-05 2.04875085e-01 1.38921477e+02 4.82087079e-03
   5.91123077e-02 7.34751073e-03 7.34751073e-03]
  [5.16884854e-05 1.93489947e-01 1.41814417e+02 4.83615172e-03
   5.27177960e-02 7.33695721e-03 7.33695721e-03]
  [4.53800415e-05 2.04201192e-01 1.38899370e+02 4.82146387e-03
   5.83660992e-02 7.34631814e-03 7.34631814e-03]
  [5.57539885e-05 2.04975989e-01 1.38872728e+02 4.82263631e-03
   5.74489346e-02 7.34649640e-03 7.34649640e-03]]

 [[4.67250591e-05 1.86606092e-01 1.41274522e+02 4.83147288e-03
   5.42994989e-02 7.35682923e-03 7.35682923e-03]
  [4.48975716e-05 2.03656023e-01 1.39013992e+02 4.82483307e-03
   5.88788865e-02 7.35277365e-03 7.35277365e-03]
  [4.46877090e-05 2.04018710e-01 1.39020984e+02 4.82915479e-03
   5.76658019e-02 7.35003358e-03 7.35003358e-03]
  [4.42743473e-05 2.04602641e-01 1.38504442e+02 4.81043615e-03
   6.18679538e-02 7.34652224e-03 7.34652224e-03]]]

Response Table:
[[[4.85514034e-05 1.47339099e-01 1.39154390e+02]
  [4.66193140e-05 1.47271289e-01 1.39835904e+02]]

 [[4.68607579e-05 1.47279457e-01 1.39716470e+02]
  [1.92614964e-05 1.15999333e-01 1.52048471e+02]]]

Refresh Table:
[[[1.92614964e-05 1.15999333e-01 1.52048471e+02]
  [5.32552422e-05 1.47785254e-01 1.39689622e+02]]

 [[5.36841362e-05 1.48011659e-01 1.39932563e+02]
  [5.24559121e-05 1.47870394e-01 1.39920555e+02]]]

Request Buffer Table:
[[[2.10839026e-04 8.21518704e-01 1.08603947e+02]
  [2.12348563e-04 8.25260653e-01 1.08973709e+02]
  [2.10847844e-04 8.24578396e-01 1.09151894e+02]
  [2.14342407e-04 8.22200657e-01 1.08795964e+02]
  [2.09455035e-04 8.17833312e-01 1.09535460e+02]
  [2.10285365e-04 8.20196879e-01 1.09236563e+02]
  [1.77638807e-04 6.88833460e-01 1.18363410e+02]
  [2.09350610e-04 8.17611394e-01 1.09296082e+02]]

 [[2.12374488e-04 8.28436535e-01 1.08801277e+02]
  [1.92621253e-05 1.16001566e-01 1.52048349e+02]
  [2.12862449e-04 8.29374250e-01 1.08834245e+02]
  [2.18077682e-04 8.26471853e-01 1.08758847e+02]
  [2.12384552e-04 8.29253175e-01 1.08762244e+02]
  [2.14496693e-04 8.30189638e-01 1.09026138e+02]
  [2.11081903e-04 8.25093930e-01 1.08555403e+02]
  [2.07032644e-04 8.07166453e-01 1.09328541e+02]]

 [[2.11836112e-04 8.26551007e-01 1.08721846e+02]
  [2.10665818e-04 8.23177771e-01 1.09041600e+02]
  [2.18414723e-04 8.30638815e-01 1.09044952e+02]
  [2.15210459e-04 8.39473228e-01 1.08201263e+02]
  [2.40837564e-04 8.27216200e-01 1.09084461e+02]
  [2.11489115e-04 8.25211846e-01 1.08921614e+02]
  [2.09855862e-04 8.16954778e-01 1.09611803e+02]
  [2.12412004e-04 8.28520136e-01 1.08878386e+02]]

 [[2.15989833e-04 8.23799508e-01 1.09159632e+02]
  [2.14228428e-04 8.36159630e-01 1.08314059e+02]
  [2.37714790e-04 8.20036720e-01 1.09201499e+02]
  [2.36594873e-04 8.30356822e-01 1.08502137e+02]
  [1.63226150e-04 6.59218320e-01 1.18331428e+02]
  [2.23581778e-04 8.33132488e-01 1.08927179e+02]
  [1.88033860e-04 7.29413835e-01 1.15864810e+02]
  [2.14341143e-04 8.23881118e-01 1.08717298e+02]]

 [[2.39547111e-04 8.07399841e-01 1.09977419e+02]
  [2.07864447e-04 8.09882477e-01 1.09813843e+02]
  [2.14424639e-04 8.33509848e-01 1.08687086e+02]
  [5.66805433e-05 2.95548322e-01 1.37592636e+02]
  [2.22313728e-04 8.29155813e-01 1.08469816e+02]
  [2.14018699e-04 8.34326315e-01 1.08429991e+02]
  [2.12366230e-04 8.19771240e-01 1.09145827e+02]
  [2.12765089e-04 8.26851210e-01 1.08859576e+02]]

 [[2.11323216e-04 8.24875274e-01 1.08828397e+02]
  [2.10304105e-04 8.21523895e-01 1.08946672e+02]
  [2.12537158e-04 8.28762939e-01 1.08682694e+02]
  [2.12947277e-04 8.27740817e-01 1.09056742e+02]
  [2.11281141e-04 8.20946121e-01 1.09182553e+02]
  [2.09461860e-04 8.17865628e-01 1.09650968e+02]
  [2.12285554e-04 8.18561191e-01 1.09605197e+02]
  [2.11787674e-04 8.20196736e-01 1.09217882e+02]]

 [[2.12280864e-04 8.26414047e-01 1.08849915e+02]
  [2.36689241e-04 8.36820043e-01 1.08577412e+02]
  [2.15935867e-04 8.30269780e-01 1.08395738e+02]
  [2.16328894e-04 8.36282363e-01 1.08104007e+02]
  [6.27268050e-05 2.97888891e-01 1.41169973e+02]
  [2.09005008e-04 8.17284979e-01 1.09139768e+02]
  [2.14446488e-04 8.36764525e-01 1.08542132e+02]
  [2.12508755e-04 8.28813359e-01 1.08947872e+02]]

 [[2.12832369e-04 8.28589325e-01 1.08746651e+02]
  [2.15072522e-04 8.35358616e-01 1.08497572e+02]
  [2.09590848e-04 8.19586672e-01 1.09526527e+02]
  [2.16163804e-04 8.41954011e-01 1.08220940e+02]
  [2.15324020e-04 8.38332447e-01 1.08553042e+02]
  [2.15925123e-04 8.39380283e-01 1.08561059e+02]
  [2.09686547e-04 8.19349674e-01 1.09256684e+02]
  [2.13479776e-04 8.28511998e-01 1.09076379e+02]]]

Ref Max Post Table:
[[[4.71876414e-05 2.05393381e-01 1.38998878e+02]
  [4.65022462e-05 2.06248469e-01 1.39096977e+02]
  [4.67103035e-05 2.06602657e-01 1.38826968e+02]
  [2.94998764e-05 1.53610472e-01 1.45298985e+02]]

 [[4.74094564e-05 2.07969595e-01 1.38700593e+02]
  [4.75137146e-05 2.06648270e-01 1.38922745e+02]
  [4.67352461e-05 2.05641700e-01 1.38972240e+02]
  [4.54776406e-05 1.84997822e-01 1.44788447e+02]]

 [[4.87784313e-05 2.06599578e-01 1.39169786e+02]
  [9.76227999e-05 2.08009303e-01 1.38888963e+02]
  [3.77675270e-05 1.44948393e-01 1.49524929e+02]
  [3.01655535e-05 1.45834566e-01 1.46837547e+02]]

 [[4.71299284e-05 2.05580837e-01 1.39321563e+02]
  [4.39865892e-05 2.00697774e-01 1.40271684e+02]
  [4.23669901e-05 1.79132859e-01 1.43581543e+02]
  [1.90981963e-05 1.18943830e-01 1.51250893e+02]]]

Ref Max Pull Table:
[[[4.50170584e-05 2.05086267e-01 1.39103606e+02]
  [5.40057546e-05 1.89007400e-01 1.41468608e+02]
  [4.70534635e-05 2.07384554e-01 1.39045154e+02]
  [4.70674802e-05 2.04024975e-01 1.39307100e+02]]

 [[4.57400970e-05 2.03683681e-01 1.39219351e+02]
  [4.62267777e-05 2.04578103e-01 1.39308698e+02]
  [4.67768608e-05 2.04787200e-01 1.39031648e+02]
  [5.05055475e-05 1.84092348e-01 1.42674082e+02]]

 [[4.63580505e-05 2.04604654e-01 1.39019169e+02]
  [4.58631779e-05 2.04261388e-01 1.39269024e+02]
  [4.74626406e-05 2.05751496e-01 1.39104094e+02]
  [4.94774820e-05 1.86443688e-01 1.42397907e+02]]

 [[4.98046235e-05 1.92228845e-01 1.40927669e+02]
  [5.29448277e-05 1.92724764e-01 1.40506349e+02]
  [4.78276717e-05 2.04337794e-01 1.39551197e+02]
  [1.65647660e-05 1.33077797e-01 1.49185299e+02]]]

Max Activate Table:
[[[2.13490917e-04 8.07690613e-01 1.08940494e+02 3.77855757e-03
   4.85524278e-02 5.76433910e-03 5.76433910e-03]
  [2.13272132e-04 8.08953036e-01 1.08880261e+02 3.76629488e-03
   4.86300388e-02 5.76245031e-03 5.76245031e-03]
  [2.14361375e-04 8.06358480e-01 1.09233680e+02 3.79359374e-03
   4.59966141e-02 5.76776479e-03 5.76776479e-03]
  [2.14434013e-04 8.13099738e-01 1.08822504e+02 3.76787552e-03
   4.70786595e-02 5.74670033e-03 5.74670033e-03]
  [2.19953341e-04 8.34006930e-01 1.08072446e+02 3.76113772e-03
   4.65254018e-02 5.70188087e-03 5.70188087e-03]
  [2.19119570e-04 8.28711032e-01 1.08039280e+02 3.73916929e-03
   4.67519935e-02 5.70873106e-03 5.70873106e-03]
  [2.10195102e-04 7.99719695e-01 1.09502935e+02 3.76402122e-03
   5.27956366e-02 5.78934760e-03 5.78934760e-03]
  [3.74039236e-05 1.32399065e-01 1.51719536e+02 4.82203722e-03
   3.88592423e-02 7.25805178e-03 7.25805178e-03]]

 [[2.16448200e-04 8.19727707e-01 1.08198408e+02 3.76237757e-03
   4.65939620e-02 5.73837424e-03 5.73837424e-03]
  [2.18321844e-04 8.30067283e-01 1.08417927e+02 3.76475000e-03
   4.64709217e-02 5.71230795e-03 5.71230795e-03]
  [2.13777979e-04 8.09493426e-01 1.09263156e+02 3.77921393e-03
   4.68982314e-02 5.76734137e-03 5.76734137e-03]
  [2.17940098e-04 8.27736514e-01 1.08416581e+02 3.76022299e-03
   4.70421025e-02 5.71761906e-03 5.71761906e-03]
  [2.15858024e-04 8.13620390e-01 1.08874109e+02 3.78516781e-03
   4.58992537e-02 5.75296745e-03 5.75296745e-03]
  [2.17901857e-04 8.07575061e-01 1.09135987e+02 3.77547652e-03
   5.37790116e-02 5.76797241e-03 5.76797241e-03]
  [2.13211446e-04 8.08393297e-01 1.09307787e+02 3.77781145e-03
   4.64098145e-02 5.76699473e-03 5.76699473e-03]
  [2.17777964e-04 8.20567204e-01 1.08191982e+02 3.75774009e-03
   5.00808464e-02 5.73823578e-03 5.73823578e-03]]

 [[2.21928087e-04 8.04685682e-01 1.09097686e+02 3.78400867e-03
   4.60595440e-02 5.75974710e-03 5.75974710e-03]
  [2.15092692e-04 8.17351276e-01 1.08701277e+02 3.77729154e-03
   4.70635525e-02 5.74458260e-03 5.74458260e-03]
  [2.12007650e-04 8.04803664e-01 1.09393680e+02 3.79959951e-03
   4.58674689e-02 5.76425598e-03 5.76425598e-03]
  [2.19508897e-04 8.31689010e-01 1.07757194e+02 3.75452238e-03
   4.73300041e-02 5.70352461e-03 5.70352461e-03]
  [2.15331012e-04 8.15735593e-01 1.08746910e+02 3.77823249e-03
   4.60218223e-02 5.74074444e-03 5.74074444e-03]
  [2.13565470e-04 8.01589641e-01 1.09370839e+02 3.79073210e-03
   4.60936170e-02 5.76856934e-03 5.76856934e-03]
  [1.98902632e-04 7.59262444e-01 1.12082558e+02 3.85422519e-03
   5.08360135e-02 5.89573164e-03 5.89573164e-03]
  [2.28347412e-04 8.10765953e-01 1.09017373e+02 3.77714198e-03
   5.07273179e-02 5.75795273e-03 5.75795273e-03]]

 [[2.14135943e-04 8.13263405e-01 1.08680304e+02 3.76203368e-03
   4.67218457e-02 5.75201309e-03 5.75201309e-03]
  [2.13660462e-04 8.11159215e-01 1.08887142e+02 3.77279178e-03
   4.66782567e-02 5.75830458e-03 5.75830458e-03]
  [2.14854560e-04 8.04858155e-01 1.09065074e+02 3.77775636e-03
   4.84015962e-02 5.77134271e-03 5.77134271e-03]
  [2.12023793e-04 8.03890633e-01 1.09577520e+02 3.78501098e-03
   4.72642007e-02 5.77286917e-03 5.77286917e-03]
  [2.26689384e-04 7.96967353e-01 1.09934014e+02 3.79577485e-03
   4.62310040e-02 5.78909654e-03 5.78909654e-03]
  [2.14561300e-04 8.16161285e-01 1.08753525e+02 3.75632231e-03
   4.71059215e-02 5.73040526e-03 5.73040526e-03]
  [2.24723659e-04 8.19451357e-01 1.08700994e+02 3.75020643e-03
   4.76429618e-02 5.74275475e-03 5.74275475e-03]
  [2.17326588e-04 8.15901066e-01 1.08827793e+02 3.77679945e-03
   4.61986920e-02 5.74771421e-03 5.74771421e-03]]

 [[2.12450534e-04 8.08255006e-01 1.09241830e+02 3.79018434e-03
   4.61645283e-02 5.75185002e-03 5.75185002e-03]
  [2.16312711e-04 8.19858833e-01 1.08364556e+02 3.76164141e-03
   4.67079896e-02 5.73625734e-03 5.73625734e-03]
  [2.10702238e-04 7.91135074e-01 1.10280585e+02 3.80925872e-03
   4.86969743e-02 5.80814139e-03 5.80814139e-03]
  [2.17147153e-04 8.20436683e-01 1.08106453e+02 3.75850594e-03
   4.66687718e-02 5.73550421e-03 5.73550421e-03]
  [2.17449197e-04 8.22662462e-01 1.08349181e+02 3.76501487e-03
   4.67570868e-02 5.72025965e-03 5.72025965e-03]
  [2.14551936e-04 8.17363026e-01 1.08640299e+02 3.76981184e-03
   4.70734785e-02 5.74329283e-03 5.74329283e-03]
  [2.12803567e-04 8.07953278e-01 1.08781712e+02 3.78327344e-03
   5.12069460e-02 5.72674658e-03 5.72674658e-03]
  [2.13660289e-04 8.10962044e-01 1.09203351e+02 3.78806080e-03
   4.68326363e-02 5.75842220e-03 5.75842220e-03]]

 [[2.14104293e-04 8.15334102e-01 1.08643252e+02 3.78602290e-03
   4.56512341e-02 5.74718212e-03 5.74718212e-03]
  [2.14395939e-04 8.16004109e-01 1.08718618e+02 3.76375504e-03
   4.95250351e-02 5.74557823e-03 5.74557823e-03]
  [2.18229145e-04 8.21365716e-01 1.08455943e+02 3.75545122e-03
   4.55693492e-02 5.73196020e-03 5.73196020e-03]
  [2.12394702e-04 8.04863689e-01 1.09544697e+02 3.77797626e-03
   4.70054035e-02 5.76535120e-03 5.76535120e-03]
  [2.24914381e-04 8.13222606e-01 1.08763362e+02 3.78145168e-03
   4.57367874e-02 5.75469511e-03 5.75469511e-03]
  [2.13021822e-04 8.10700967e-01 1.08713315e+02 3.77809939e-03
   4.84387696e-02 5.76004715e-03 5.76004715e-03]
  [3.72609484e-05 1.32325688e-01 1.51481602e+02 4.81398999e-03
   1.55362543e-01 7.23006050e-03 7.38102612e-03]
  [2.14810706e-04 8.16292189e-01 1.08521634e+02 3.78784497e-03
   4.59522849e-02 5.72623906e-03 5.72623906e-03]]

 [[3.74756388e-05 1.32435906e-01 1.51661176e+02 4.82529992e-03
   3.89458026e-02 7.25476377e-03 7.25476377e-03]
  [2.12391758e-04 8.08281432e-01 1.09271679e+02 3.77597143e-03
   4.57617962e-02 5.76620636e-03 5.76620636e-03]
  [2.26160632e-04 8.17067794e-01 1.08861927e+02 3.76826923e-03
   4.99890028e-02 5.74150287e-03 5.74150287e-03]
  [2.13675832e-04 8.13545620e-01 1.08866377e+02 3.76875564e-03
   4.76981270e-02 5.74047086e-03 5.74047086e-03]
  [2.24458889e-04 8.22888053e-01 1.08883003e+02 3.76420494e-03
   4.56395999e-02 5.72794053e-03 5.72794053e-03]
  [2.15325484e-04 8.07511284e-01 1.09247739e+02 3.78980897e-03
   4.83839235e-02 5.76819567e-03 5.76819567e-03]
  [9.05542901e-05 3.30663751e-01 1.36835608e+02 4.52356930e-03
   5.18743610e-02 6.88647747e-03 6.88647747e-03]
  [2.12484204e-04 8.04560897e-01 1.09094950e+02 3.78987891e-03
   4.78177827e-02 5.77776602e-03 5.77776602e-03]]

 [[2.14060172e-04 8.15034782e-01 1.08625890e+02 3.76742663e-03
   4.76074536e-02 5.75161983e-03 5.75161983e-03]
  [2.11859162e-04 8.05316585e-01 1.09183639e+02 3.80228162e-03
   4.69991095e-02 5.77636535e-03 5.77636535e-03]
  [2.20637600e-04 8.38181934e-01 1.07937385e+02 3.73674302e-03
   4.61364541e-02 5.69157798e-03 5.69157798e-03]
  [2.18752863e-04 8.07848908e-01 1.09183257e+02 3.79450708e-03
   4.70489546e-02 5.76374314e-03 5.76374314e-03]
  [2.13810993e-04 7.94657687e-01 1.09712985e+02 3.79035271e-03
   4.75718651e-02 5.80028576e-03 5.80028576e-03]
  [3.73323565e-05 1.32362065e-01 1.51464763e+02 4.81654823e-03
   3.88634047e-02 7.24441384e-03 7.24441384e-03]
  [2.16449840e-04 8.08844583e-01 1.08649070e+02 3.78072761e-03
   4.70049249e-02 5.76719847e-03 5.76719847e-03]
  [2.20161142e-04 8.35713620e-01 1.07742806e+02 3.73791981e-03
   4.87399668e-02 5.69492553e-03 5.69492553e-03]]]

Cumulative Reward: 5952.654767007192
