Scheduler Table:
[[[8.51458518e-06 2.89627744e-02 2.37460887e+01 7.19610526e-04
   8.52309652e-03 1.14174467e-03 1.14174467e-03]
  [8.49129619e-06 2.90196362e-02 2.37832726e+01 7.19585436e-04
   8.55370504e-03 1.14177667e-03 1.14177667e-03]
  [8.51366693e-06 2.89417040e-02 2.37513025e+01 7.20225207e-04
   8.46203497e-03 1.14275685e-03 1.14275685e-03]]

 [[8.38592143e-06 2.90421114e-02 2.37459782e+01 7.19801632e-04
   8.46938803e-03 1.14126461e-03 1.14126461e-03]
  [8.41398736e-06 2.89929574e-02 2.37897761e+01 7.20070990e-04
   8.43687577e-03 1.14124741e-03 1.14124741e-03]
  [7.85735561e-06 2.81085983e-02 2.41533547e+01 7.20498408e-04
   8.40658842e-03 1.14148071e-03 1.14148071e-03]]

 [[8.91934011e-06 2.90544325e-02 2.37876278e+01 7.20383528e-04
   8.43618627e-03 1.14143678e-03 1.14143678e-03]
  [8.38289996e-06 2.89560898e-02 2.38906213e+01 7.21413097e-04
   8.32085272e-03 1.14187746e-03 1.14187746e-03]
  [7.28844380e-06 2.40523922e-02 2.49104994e+01 7.18184975e-04
   8.95009465e-03 1.13151041e-03 1.17630348e-03]]]

Buffer Table:
[[[8.77951583e-06 2.90841966e-02 2.37889781e+01 7.19968650e-04
   8.45343714e-03 1.14078939e-03 1.14078939e-03]
  [8.93687755e-06 2.90490716e-02 2.38148937e+01 7.20409936e-04
   8.44408429e-03 1.14195938e-03 1.14195938e-03]
  [8.28618721e-06 2.89841488e-02 2.38097416e+01 7.21058606e-04
   8.34895025e-03 1.14177318e-03 1.14177318e-03]]

 [[8.28695319e-06 2.89447013e-02 2.37734399e+01 7.20238445e-04
   8.43953271e-03 1.14154932e-03 1.14154932e-03]
  [7.28844381e-06 2.40523922e-02 2.49104994e+01 7.18184975e-04
   8.95009465e-03 1.13151041e-03 1.17630348e-03]
  [8.35750947e-06 2.87248099e-02 2.40188067e+01 7.20531241e-04
   8.39135244e-03 1.14187057e-03 1.14187057e-03]]

 [[8.82322540e-06 2.90245254e-02 2.37131774e+01 7.19901613e-04
   8.47084006e-03 1.14163228e-03 1.14163228e-03]
  [6.63961659e-06 2.78442464e-02 2.42725947e+01 7.19124535e-04
   8.57877043e-03 1.14244629e-03 1.14244629e-03]
  [8.75126417e-06 2.89413994e-02 2.38107616e+01 7.20897784e-04
   8.36468138e-03 1.14209614e-03 1.14209614e-03]]]

Arbiter Table:
[[[7.28844372e-06 2.40523923e-02 2.49104994e+01 7.18184975e-04
   8.95009465e-03 1.13151041e-03 1.17630348e-03]
  [7.74979978e-06 2.88274359e-02 2.38867721e+01 7.20091681e-04
   8.47090023e-03 1.14178756e-03 1.14178756e-03]
  [7.50214278e-06 2.81297321e-02 2.41619924e+01 7.21047687e-04
   8.35492593e-03 1.14125418e-03 1.14125418e-03]]

 [[8.44170029e-06 2.89916587e-02 2.37524189e+01 7.20591002e-04
   8.39466859e-03 1.14181359e-03 1.14181359e-03]
  [9.04294977e-06 2.90957016e-02 2.36654106e+01 7.20171243e-04
   8.46018937e-03 1.14131196e-03 1.14131196e-03]
  [7.60323566e-06 2.81910772e-02 2.41218319e+01 7.20586130e-04
   8.42006009e-03 1.14167782e-03 1.14167782e-03]]

 [[9.94321893e-06 2.72234280e-02 2.43908561e+01 7.21138299e-04
   8.34363394e-03 1.14129917e-03 1.14129917e-03]
  [8.96899100e-06 2.90454155e-02 2.37920921e+01 7.20746599e-04
   8.32224753e-03 1.14028423e-03 1.14028423e-03]
  [8.70300828e-06 2.90065136e-02 2.38345109e+01 7.21258836e-04
   8.35403853e-03 1.14228888e-03 1.14228888e-03]]]

Page Table:
[[[3.06845098e-06 2.58811208e-02 2.46223656e+01 7.17135247e-04
   8.70197656e-03 1.14216461e-03 1.14216461e-03]
  [8.42126264e-06 2.97202880e-02 2.38014284e+01 7.20714284e-04
   8.33278050e-03 1.14073230e-03 1.14073230e-03]
  [8.60684236e-06 2.96527208e-02 2.37674215e+01 7.20518454e-04
   8.36096892e-03 1.14159292e-03 1.14159292e-03]
  [7.62745804e-06 2.44441174e-02 2.48850545e+01 7.18915995e-04
   8.50704011e-03 1.14069500e-03 1.14069500e-03]]

 [[7.61693002e-06 2.76441567e-02 2.44063436e+01 7.20197202e-04
   8.41951964e-03 1.14096863e-03 1.14096863e-03]
  [8.79575061e-06 2.96837937e-02 2.37682472e+01 7.19620494e-04
   8.50320131e-03 1.14189770e-03 1.14189770e-03]
  [8.49233480e-06 2.97505616e-02 2.37500412e+01 7.20458983e-04
   8.37911956e-03 1.14097469e-03 1.14097469e-03]
  [8.24995202e-06 2.95550102e-02 2.38452912e+01 7.20027389e-04
   8.46154290e-03 1.14181905e-03 1.14181905e-03]]

 [[9.94523620e-06 2.97294294e-02 2.38505059e+01 7.20837529e-04
   8.36892788e-03 1.14129179e-03 1.14129179e-03]
  [3.00372356e-05 2.86610728e-02 2.41449049e+01 7.20447689e-04
   8.37149102e-03 1.14118225e-03 1.14118225e-03]
  [9.10529688e-06 2.97498203e-02 2.37906070e+01 7.19380024e-04
   8.51250135e-03 1.14149131e-03 1.14149131e-03]
  [9.15514772e-06 2.97476980e-02 2.37896428e+01 7.19712706e-04
   8.47870155e-03 1.14157132e-03 1.14157132e-03]]

 [[7.51444079e-06 2.43883646e-02 2.48586344e+01 7.17779510e-04
   9.01348876e-03 1.13201245e-03 1.17680552e-03]
  [8.21398241e-06 2.96822372e-02 2.37956818e+01 7.19714231e-04
   8.46302085e-03 1.14141061e-03 1.14141061e-03]
  [2.99947516e-05 2.95979609e-02 2.38280711e+01 7.20710115e-04
   8.38286718e-03 1.14173805e-03 1.14173805e-03]
  [9.28715263e-06 2.97579167e-02 2.37655573e+01 7.19427130e-04
   8.51928465e-03 1.14116695e-03 1.14116695e-03]]]

Response Table:
[[[8.46507808e-06 2.85480194e-02 2.37588166e+01]
  [7.58047329e-06 2.85104678e-02 2.37366727e+01]]

 [[7.41364968e-06 2.84863785e-02 2.37795200e+01]
  [7.28844380e-06 2.40523922e-02 2.49104994e+01]]]

Refresh Table:
[[[4.34871443e-06 2.57758466e-02 2.46622537e+01]
  [7.16963773e-06 2.40945527e-02 2.48959111e+01]]

 [[7.27684406e-06 2.41453539e-02 2.49229595e+01]
  [8.45900951e-06 2.85151365e-02 2.37645231e+01]]]

Request Buffer Table:
[[[1.15898626e-05 4.82666324e-02 2.36370159e+01]
  [1.48316570e-05 4.74282884e-02 2.37113425e+01]
  [1.14027192e-05 4.77493271e-02 2.37398493e+01]
  [1.13750731e-05 4.77445890e-02 2.37505306e+01]
  [1.11335468e-05 4.77562389e-02 2.37912234e+01]
  [1.32645362e-05 4.74674673e-02 2.37524120e+01]
  [1.28019991e-05 4.04034435e-02 2.41733729e+01]
  [1.46738781e-05 4.77600225e-02 2.37878001e+01]]

 [[1.16117782e-05 4.76990970e-02 2.36309347e+01]
  [2.39246498e-05 4.87813800e-02 2.36972029e+01]
  [1.15137936e-05 4.86392167e-02 2.36851325e+01]
  [1.25259183e-05 4.81023424e-02 2.36829507e+01]
  [1.14585759e-05 4.72274431e-02 2.37439890e+01]
  [1.49826868e-05 4.73155758e-02 2.37916622e+01]
  [1.16822072e-05 4.78761764e-02 2.37422433e+01]
  [1.33930809e-05 4.66348033e-02 2.37234565e+01]]

 [[1.17242237e-05 4.92831600e-02 2.36904054e+01]
  [1.17416066e-05 4.77936395e-02 2.36966916e+01]
  [1.09568079e-05 4.75833862e-02 2.37651326e+01]
  [1.24257553e-05 4.95251553e-02 2.37522045e+01]
  [6.10121972e-06 2.42290033e-02 2.48926709e+01]
  [1.12032296e-05 4.77519233e-02 2.37554249e+01]
  [1.33939389e-05 4.44645221e-02 2.38885759e+01]
  [1.66222202e-05 4.80956140e-02 2.37587451e+01]]

 [[1.16643871e-05 4.72753539e-02 2.38045824e+01]
  [1.67706317e-05 4.79048944e-02 2.37241154e+01]
  [6.15478500e-06 2.42779953e-02 2.49149935e+01]
  [1.16486832e-05 4.91263569e-02 2.37084303e+01]
  [1.10498162e-05 4.73779539e-02 2.37354845e+01]
  [1.43479470e-05 4.84830374e-02 2.37355958e+01]
  [1.76302902e-05 4.95059495e-02 2.36630551e+01]
  [1.13310573e-05 4.74226172e-02 2.37134224e+01]]

 [[1.19861906e-05 4.72893010e-02 2.37707112e+01]
  [1.48017724e-05 4.65064883e-02 2.37777697e+01]
  [1.21728582e-05 4.77501391e-02 2.36940523e+01]
  [6.20890743e-06 2.42337763e-02 2.49055773e+01]
  [1.08972844e-05 4.72636615e-02 2.37415927e+01]
  [1.29537434e-05 4.70224604e-02 2.37266383e+01]
  [1.19005332e-05 4.77156845e-02 2.37698223e+01]
  [1.13713396e-05 4.77016929e-02 2.37603893e+01]]

 [[1.25029531e-05 4.86713730e-02 2.36800255e+01]
  [1.36378136e-05 4.73787791e-02 2.37538381e+01]
  [1.34983338e-05 4.83522492e-02 2.37239483e+01]
  [1.17574573e-05 4.87079806e-02 2.37927443e+01]
  [1.16785207e-05 4.67156252e-02 2.37159971e+01]
  [1.36569790e-05 4.66667055e-02 2.37437808e+01]
  [1.18727344e-05 4.84028334e-02 2.37436648e+01]
  [1.26563686e-05 4.68661442e-02 2.38307306e+01]]

 [[1.15632575e-05 4.80661163e-02 2.37551561e+01]
  [1.30771634e-05 4.95756755e-02 2.37495794e+01]
  [9.89394546e-06 2.75994522e-02 2.48323177e+01]
  [2.39054573e-05 4.90316409e-02 2.37137727e+01]
  [1.42408656e-05 4.72104285e-02 2.36937110e+01]
  [1.14997520e-05 4.77324667e-02 2.37244850e+01]
  [1.13548332e-05 4.84870482e-02 2.37627004e+01]
  [1.18572718e-05 4.73432272e-02 2.37292965e+01]]

 [[1.10290636e-05 4.70814231e-02 2.36613869e+01]
  [1.23097276e-05 4.71390049e-02 2.36988980e+01]
  [1.12658286e-05 4.72907986e-02 2.37692239e+01]
  [1.23624733e-05 4.98598630e-02 2.36985405e+01]
  [1.14711598e-05 4.79580221e-02 2.37404054e+01]
  [1.20837311e-05 5.05125405e-02 2.37075188e+01]
  [1.19462187e-05 3.82021613e-02 2.42662236e+01]
  [1.15616836e-05 4.74627766e-02 2.37422287e+01]]]

Ref Max Post Table:
[[[1.17260126e-05 2.97376117e-02 2.37877080e+01]
  [9.71174084e-06 2.96995555e-02 2.38019813e+01]
  [8.81522517e-06 2.99927156e-02 2.37872124e+01]
  [1.20053554e-05 2.83448184e-02 2.41723659e+01]]

 [[9.49515572e-06 2.97579311e-02 2.37464982e+01]
  [9.00628721e-06 2.97103884e-02 2.38070669e+01]
  [9.02552889e-06 2.96100033e-02 2.38218086e+01]
  [1.03206319e-05 2.84224803e-02 2.42471037e+01]]

 [[1.16600430e-05 2.97162655e-02 2.39051828e+01]
  [9.93638928e-06 2.98337560e-02 2.38171968e+01]
  [9.08144975e-06 2.97179160e-02 2.37792260e+01]
  [9.43821543e-06 2.96037830e-02 2.38798000e+01]]

 [[1.00925615e-05 2.95527605e-02 2.38835847e+01]
  [8.14966245e-06 2.94747913e-02 2.39353721e+01]
  [1.06752339e-05 2.97398162e-02 2.38146823e+01]
  [7.28838542e-06 2.40524351e-02 2.49104901e+01]]]

Ref Max Pull Table:
[[[8.51741629e-06 2.96422130e-02 2.37777154e+01]
  [5.69197861e-06 2.71743493e-02 2.44635703e+01]
  [9.16954056e-06 2.97479646e-02 2.38099964e+01]
  [9.96862810e-06 2.97020317e-02 2.38498124e+01]]

 [[8.70627846e-06 2.95135148e-02 2.38687444e+01]
  [8.65968030e-06 2.96966857e-02 2.38454910e+01]
  [9.09502783e-06 2.96666211e-02 2.38112736e+01]
  [7.22903693e-06 2.41295065e-02 2.49259615e+01]]

 [[9.32111311e-06 2.96610683e-02 2.38172346e+01]
  [8.88063173e-06 2.96783919e-02 2.38052725e+01]
  [9.53038524e-06 2.97498523e-02 2.38041003e+01]
  [1.08615038e-05 2.96981695e-02 2.37271317e+01]]

 [[9.57596636e-06 2.96517109e-02 2.37988505e+01]
  [7.12262293e-06 2.40789680e-02 2.48988634e+01]
  [9.67274509e-06 2.96763302e-02 2.38723712e+01]
  [1.13945527e-05 2.98942808e-02 2.38261194e+01]]]

Max Activate Table:
[[[1.26462611e-05 4.86897464e-02 2.37073694e+01 7.15897817e-04
   8.44705989e-03 1.13593816e-03 1.13593816e-03]
  [1.29002290e-05 4.76203967e-02 2.37165144e+01 7.17078203e-04
   8.36593482e-03 1.13635004e-03 1.13635004e-03]
  [1.12860741e-05 4.79927045e-02 2.37607331e+01 7.16872915e-04
   8.38440378e-03 1.13647868e-03 1.13647868e-03]
  [1.26021062e-05 4.76336543e-02 2.37136626e+01 7.15999239e-04
   8.44385395e-03 1.13612844e-03 1.13612844e-03]
  [1.33530344e-05 4.80181225e-02 2.36583361e+01 7.16044960e-04
   8.45782334e-03 1.13602771e-03 1.13602771e-03]
  [1.12271149e-05 4.82595678e-02 2.37542172e+01 7.16277585e-04
   8.44996815e-03 1.13685798e-03 1.13685798e-03]
  [1.44118987e-05 4.67420734e-02 2.38108192e+01 7.16736003e-04
   8.39787704e-03 1.13615938e-03 1.13615938e-03]
  [1.29777561e-05 4.69399810e-02 2.37164650e+01 7.16285917e-04
   8.48848363e-03 1.13646500e-03 1.13646500e-03]]

 [[1.12530027e-05 4.92993855e-02 2.36126695e+01 7.15566895e-04
   8.50739012e-03 1.13669631e-03 1.13669631e-03]
  [1.24481029e-05 5.02102560e-02 2.37456608e+01 7.15677825e-04
   8.43032917e-03 1.13585926e-03 1.13585926e-03]
  [1.16849633e-05 4.83654921e-02 2.37540075e+01 7.16610890e-04
   8.35564968e-03 1.13594130e-03 1.13594130e-03]
  [3.56987937e-06 2.43122101e-02 2.49265237e+01 7.18299947e-04
   8.48316992e-03 1.14094137e-03 1.14094137e-03]
  [1.12788237e-05 4.52390006e-02 2.39156302e+01 7.17282312e-04
   8.39706362e-03 1.13750723e-03 1.13750723e-03]
  [1.37699184e-05 4.82446944e-02 2.37289533e+01 7.15564900e-04
   8.50411312e-03 1.13611940e-03 1.13611940e-03]
  [1.12227209e-05 4.72750954e-02 2.38468921e+01 7.17071898e-04
   8.36861636e-03 1.13643748e-03 1.13643748e-03]
  [1.07333041e-05 4.70384572e-02 2.37121509e+01 7.16252507e-04
   8.47894977e-03 1.13748017e-03 1.13748017e-03]]

 [[1.19974563e-05 4.74860188e-02 2.37797752e+01 7.16103609e-04
   8.47703008e-03 1.13690145e-03 1.13690145e-03]
  [1.23525917e-05 4.96182876e-02 2.37125240e+01 7.15328235e-04
   8.53753268e-03 1.13594622e-03 1.13594622e-03]
  [1.08705896e-05 4.68763384e-02 2.37813178e+01 7.16496146e-04
   8.45137536e-03 1.13682057e-03 1.13682057e-03]
  [1.18692230e-05 5.00089632e-02 2.37605864e+01 7.16358420e-04
   8.39754627e-03 1.13580896e-03 1.13580896e-03]
  [1.10325228e-05 4.80517609e-02 2.37480395e+01 7.16652631e-04
   8.37166360e-03 1.13581284e-03 1.13581284e-03]
  [1.13414308e-05 4.76764425e-02 2.37505339e+01 7.16116644e-04
   8.41414337e-03 1.13592551e-03 1.13592551e-03]
  [1.22672808e-05 4.78039599e-02 2.37698689e+01 7.15615977e-04
   8.55527725e-03 1.13666256e-03 1.13666256e-03]
  [1.14767514e-05 4.78719077e-02 2.37468246e+01 7.15157948e-04
   8.56053189e-03 1.13662269e-03 1.13662269e-03]]

 [[1.27777167e-05 4.74535901e-02 2.37015282e+01 7.16268385e-04
   8.44370354e-03 1.13635166e-03 1.13635166e-03]
  [1.18995248e-05 4.71084707e-02 2.37453706e+01 7.16329437e-04
   8.42730234e-03 1.13563493e-03 1.13563493e-03]
  [1.15317225e-05 4.77131798e-02 2.37608701e+01 7.16475434e-04
   8.41442842e-03 1.13629913e-03 1.13629913e-03]
  [1.19209154e-05 4.93134112e-02 2.36805437e+01 7.16573016e-04
   8.39156492e-03 1.13634971e-03 1.13634971e-03]
  [3.85628886e-06 2.43598425e-02 2.49335483e+01 7.18088970e-04
   8.56674162e-03 1.14163279e-03 1.14163279e-03]
  [1.14647342e-05 4.79216811e-02 2.37538077e+01 7.16685017e-04
   8.40312933e-03 1.13672222e-03 1.13672222e-03]
  [1.50110981e-05 4.77459464e-02 2.37571387e+01 7.16676361e-04
   8.38521175e-03 1.13652845e-03 1.13652845e-03]
  [1.12466024e-05 4.78843815e-02 2.37184723e+01 7.17108394e-04
   8.34866704e-03 1.13650458e-03 1.13650458e-03]]

 [[1.39572781e-05 4.81570888e-02 2.37259552e+01 7.15984918e-04
   8.43306047e-03 1.13561482e-03 1.13561482e-03]
  [1.36191858e-05 4.94248910e-02 2.36448587e+01 7.15899605e-04
   8.43656312e-03 1.13574015e-03 1.13574015e-03]
  [1.23407584e-05 4.75377124e-02 2.38006167e+01 7.16362002e-04
   8.42458948e-03 1.13647254e-03 1.13647254e-03]
  [1.21326967e-05 4.74323492e-02 2.37151236e+01 7.16571515e-04
   8.42333852e-03 1.13605395e-03 1.13605395e-03]
  [1.14723604e-05 4.85293863e-02 2.37092988e+01 7.15968798e-04
   8.42879575e-03 1.13541006e-03 1.13541006e-03]
  [1.30599791e-05 4.74384542e-02 2.37036662e+01 7.16256346e-04
   8.43837007e-03 1.13637605e-03 1.13637605e-03]
  [1.66928691e-05 4.73667839e-02 2.37216452e+01 7.16582602e-04
   8.35446083e-03 1.13596362e-03 1.13596362e-03]
  [5.49107098e-06 2.43091786e-02 2.48966876e+01 7.16542317e-04
   8.74152061e-03 1.14218313e-03 1.14218313e-03]]

 [[1.12629255e-05 4.81804222e-02 2.36923026e+01 7.16441911e-04
   8.43154114e-03 1.13589501e-03 1.13589501e-03]
  [1.18759653e-05 4.96917294e-02 2.36478824e+01 7.16011038e-04
   8.36923347e-03 1.13480208e-03 1.13480208e-03]
  [1.14758362e-05 4.86408205e-02 2.36676226e+01 7.17169401e-04
   8.35805927e-03 1.13613657e-03 1.13613657e-03]
  [1.37829466e-05 4.78918225e-02 2.37425926e+01 7.16318732e-04
   8.40086234e-03 1.13619498e-03 1.13619498e-03]
  [1.64530250e-05 4.68461629e-02 2.37145077e+01 7.17335298e-04
   8.34126013e-03 1.13696721e-03 1.13696721e-03]
  [2.35726928e-05 4.87062063e-02 2.36976317e+01 7.15371444e-04
   8.55472433e-03 1.13685215e-03 1.13685215e-03]
  [5.87463297e-06 2.43064035e-02 2.48975521e+01 7.16516890e-04
   9.07672002e-03 1.13301114e-03 1.17780421e-03]
  [1.21109172e-05 4.71383096e-02 2.37140936e+01 7.16379163e-04
   8.47715707e-03 1.13701764e-03 1.13701764e-03]]

 [[1.34359082e-05 4.74825108e-02 2.36801170e+01 7.15891479e-04
   8.49557731e-03 1.13677045e-03 1.13677045e-03]
  [5.13188642e-06 2.43628565e-02 2.49337556e+01 7.17731100e-04
   8.55325260e-03 1.14202167e-03 1.14202167e-03]
  [1.13391178e-05 4.80167873e-02 2.37063592e+01 7.15406980e-04
   8.55083552e-03 1.13682092e-03 1.13682092e-03]
  [1.38435947e-05 4.78739325e-02 2.37205478e+01 7.16300914e-04
   8.43040106e-03 1.13574941e-03 1.13574941e-03]
  [1.25045697e-05 5.04900353e-02 2.36701092e+01 7.14625306e-04
   8.53349916e-03 1.13551026e-03 1.13551026e-03]
  [1.51310311e-05 4.73960701e-02 2.37314334e+01 7.16550305e-04
   8.41013683e-03 1.13740524e-03 1.13740524e-03]
  [1.30582034e-05 4.73629370e-02 2.37227530e+01 7.16281031e-04
   8.44568328e-03 1.13654220e-03 1.13654220e-03]
  [1.22709311e-05 4.76973166e-02 2.37367561e+01 7.15662275e-04
   8.52182503e-03 1.13662210e-03 1.13662210e-03]]

 [[1.17754620e-05 4.80529530e-02 2.36421432e+01 7.15335743e-04
   8.55832046e-03 1.13630673e-03 1.13630673e-03]
  [1.24231266e-05 4.76046162e-02 2.37197862e+01 7.16918214e-04
   8.37521676e-03 1.13622574e-03 1.13622574e-03]
  [1.36293207e-05 4.86464821e-02 2.37631518e+01 7.16039499e-04
   8.45634134e-03 1.13615178e-03 1.13615178e-03]
  [1.19275579e-05 4.76143401e-02 2.37479831e+01 7.15879350e-04
   8.47499987e-03 1.13661977e-03 1.13661977e-03]
  [1.12415579e-05 4.83447355e-02 2.36708068e+01 7.16265684e-04
   8.42291891e-03 1.13524277e-03 1.13524277e-03]
  [6.56723902e-06 2.43568009e-02 2.49098292e+01 7.17242153e-04
   8.62559171e-03 1.14131230e-03 1.14131230e-03]
  [1.26501526e-05 4.77548465e-02 2.36644825e+01 7.17081334e-04
   8.39904969e-03 1.13651233e-03 1.13651233e-03]
  [1.09301879e-05 4.77744273e-02 2.37916962e+01 7.15228929e-04
   8.57427159e-03 1.13684613e-03 1.13684613e-03]]]

Cumulative Reward: 3113.4195809182033
