Scheduler Table:
[[[2.26195134e-06 1.19260211e-02 1.26596445e+01 6.56481093e-04
   6.23134377e-04 3.34747731e-04 3.34747731e-04]
  [1.24190219e-06 1.14714966e-02 1.28826993e+01 6.44653806e-04
   6.70638878e-04 3.35606876e-04 3.35606876e-04]
  [1.82979981e-06 1.18405871e-02 1.26954886e+01 6.77152375e-04
   6.10054416e-04 3.34567799e-04 3.34567799e-04]]

 [[1.65744965e-06 1.18342288e-02 1.27413935e+01 6.68953272e-04
   6.35052429e-04 3.34574935e-04 3.34574935e-04]
  [4.15231736e-06 1.10330144e-02 1.56510152e+01 6.56149311e-04
   6.63733389e-04 3.37893061e-04 3.37893061e-04]
  [6.70162302e-07 9.56396216e-03 2.31583878e+01 8.67229415e-04
   5.25846827e-04 3.34003321e-04 3.34563388e-04]]

 [[1.23517420e-06 1.14411307e-02 1.27855578e+01 6.39663634e-04
   6.73474493e-04 3.35617226e-04 3.35617226e-04]
  [5.83986160e-05 5.86171284e-01 2.30767928e+01 8.61701221e-04
   6.41903747e-04 3.34117750e-04 3.34268968e-04]
  [7.57590869e-07 1.08872507e-02 1.27841820e+01 5.84801650e-04
   7.19580595e-04 3.39255180e-04 3.39255180e-04]]]

Buffer Table:
[[[8.40134751e-07 1.09448195e-02 1.27867350e+01 5.88464199e-04
   7.10886358e-04 3.39127666e-04 3.39127666e-04]
  [1.88151901e-06 1.14721950e-02 1.28061292e+01 6.38503043e-04
   6.71469151e-04 3.36501871e-04 3.36501871e-04]
  [6.71708630e-07 9.53899876e-03 2.32830684e+01 8.70045908e-04
   5.23921808e-04 3.33928641e-04 3.34488708e-04]]

 [[1.91422370e-06 1.15976062e-02 1.27876469e+01 6.50652121e-04
   6.43773717e-04 3.35760942e-04 3.35760942e-04]
  [2.32916090e-06 1.18986166e-02 1.28057461e+01 6.52778650e-04
   6.16401252e-04 3.34631504e-04 3.34631504e-04]
  [1.58949262e-06 1.11818472e-02 1.31934357e+01 6.37050500e-04
   6.70681837e-04 3.36430866e-04 3.36430866e-04]]

 [[5.84001352e-05 5.86146758e-01 2.31992892e+01 8.64468374e-04
   6.40012451e-04 3.34044378e-04 3.34195596e-04]
  [1.93890912e-06 1.18736438e-02 1.27686206e+01 6.53209787e-04
   6.52469244e-04 3.34784353e-04 3.34784353e-04]
  [1.76151992e-06 1.16299159e-02 1.27509243e+01 6.37883884e-04
   6.96260261e-04 3.35589290e-04 3.35589290e-04]]]

Arbiter Table:
[[[5.81063279e-05 5.86121697e-01 2.31657454e+01 8.61023457e-04
   6.44431609e-04 3.34119271e-04 3.34662536e-04]
  [1.76093888e-06 1.16556522e-02 1.27505112e+01 6.41815987e-04
   6.67459163e-04 3.35582754e-04 3.35582754e-04]
  [7.93512639e-07 1.03927420e-02 1.39685967e+01 6.76823357e-04
   6.53558714e-04 3.37081242e-04 3.37081242e-04]]

 [[2.29546147e-06 1.16782410e-02 1.28028043e+01 6.39003127e-04
   6.57467302e-04 3.36495722e-04 3.36495722e-04]
  [1.33149683e-06 1.14342828e-02 1.27566512e+01 6.57964819e-04
   6.43023084e-04 3.35339140e-04 3.35339140e-04]
  [1.67368390e-06 1.16241962e-02 1.27551873e+01 6.42243963e-04
   6.71172773e-04 3.35454650e-04 3.35454650e-04]]

 [[3.11218449e-06 1.00189519e-02 1.44087367e+01 6.56788537e-04
   6.64403064e-04 3.37926763e-04 3.37926763e-04]
  [1.82461332e-06 1.18473310e-02 1.27561987e+01 6.74845862e-04
   6.11250327e-04 3.34528815e-04 3.34528815e-04]
  [1.51968403e-06 1.12299761e-02 1.32092983e+01 6.72452731e-04
   6.31637792e-04 3.35741796e-04 3.35741796e-04]]]

Page Table:
[[[2.35376368e-06 1.20866249e-02 1.26717097e+01 6.70662933e-04
   6.25016714e-04 3.34973241e-04 3.34973241e-04]
  [2.47322797e-06 1.20899817e-02 1.26527260e+01 6.60038303e-04
   6.30055219e-04 3.35078085e-04 3.35078085e-04]
  [2.24092467e-06 1.20299499e-02 1.25357996e+01 6.65157297e-04
   6.53078014e-04 3.34898568e-04 3.34898568e-04]
  [6.71708767e-07 9.53899892e-03 2.32830679e+01 8.70045906e-04
   5.23921809e-04 3.33928641e-04 3.34488708e-04]]

 [[2.27877011e-06 1.20512294e-02 1.26996486e+01 6.67688532e-04
   6.35034516e-04 3.34934919e-04 3.34934919e-04]
  [2.02717434e-06 1.19008762e-02 1.26909169e+01 6.55881383e-04
   6.39081323e-04 3.35827952e-04 3.35827952e-04]
  [2.30462137e-06 1.20336419e-02 1.25041711e+01 6.64959271e-04
   6.57508395e-04 3.34922374e-04 3.34922374e-04]
  [1.51752314e-06 1.12674065e-02 1.42002564e+01 6.54266809e-04
   6.44572693e-04 3.35184603e-04 3.35184603e-04]]

 [[2.31008106e-06 1.20699260e-02 1.25439712e+01 6.57653197e-04
   6.52426608e-04 3.34962970e-04 3.34962970e-04]
  [2.34958266e-06 1.20574201e-02 1.25161652e+01 6.68254015e-04
   6.53342617e-04 3.34969060e-04 3.34969060e-04]
  [2.38741328e-06 1.20388000e-02 1.25774786e+01 6.67402588e-04
   6.28888549e-04 3.34970801e-04 3.34970801e-04]
  [1.77179732e-06 1.19823460e-02 1.76025428e+01 7.08252733e-04
   6.23481453e-04 3.34632247e-04 3.34632247e-04]]

 [[5.84001353e-05 5.86146758e-01 2.31992887e+01 8.64468372e-04
   6.40012453e-04 3.34044378e-04 3.34195596e-04]
  [1.98183485e-06 1.18728994e-02 1.31967452e+01 6.67746083e-04
   6.40460927e-04 3.35449315e-04 3.35449315e-04]
  [2.19346941e-06 1.20336337e-02 1.26087053e+01 6.53280099e-04
   6.49239875e-04 3.34881428e-04 3.34881428e-04]
  [1.18525235e-06 1.05966844e-02 1.34439506e+01 5.97996978e-04
   6.90830017e-04 3.38593003e-04 3.38593003e-04]]]

Response Table:
[[[9.48339752e-07 1.12664237e-02 1.27665908e+01]
  [5.83926439e-05 5.86255862e-01 2.23202550e+01]]

 [[6.64084233e-07 9.65004609e-03 2.23883936e+01]
  [8.41164388e-07 1.05231116e-02 1.59055835e+01]]]

Refresh Table:
[[[9.34435462e-07 1.10402573e-02 1.26088751e+01]
  [6.71708630e-07 9.53899876e-03 2.32830684e+01]]

 [[5.84001352e-05 5.86146758e-01 2.31992892e+01]
  [1.02628376e-06 1.11323554e-02 1.25978820e+01]]]

Request Buffer Table:
[[[3.05073133e-06 1.52121774e-02 1.25198424e+01]
  [3.66287193e-06 1.58500915e-02 1.25247130e+01]
  [3.35310803e-06 1.59035182e-02 1.25087044e+01]
  [3.83478681e-06 1.50675985e-02 1.26511392e+01]
  [3.22269900e-06 1.52878656e-02 1.24933383e+01]
  [6.30408964e-06 1.54701969e-02 1.26165267e+01]
  [3.08002122e-06 1.51139533e-02 1.27325901e+01]
  [3.28196086e-06 1.59658548e-02 1.25493569e+01]]

 [[3.67263673e-06 1.55811447e-02 1.26046100e+01]
  [3.68604365e-06 1.54910216e-02 1.25291467e+01]
  [4.30965239e-06 1.58154707e-02 1.27506473e+01]
  [3.57684989e-06 1.49966861e-02 1.28922841e+01]
  [3.19487374e-06 1.55043415e-02 1.26562292e+01]
  [3.44886429e-06 1.57756145e-02 1.27921355e+01]
  [3.15946468e-06 1.54204588e-02 1.28870021e+01]
  [3.55126226e-06 1.52986333e-02 1.27251379e+01]]

 [[4.10626012e-06 1.57480732e-02 1.25124919e+01]
  [3.63438279e-06 1.53438920e-02 1.26491708e+01]
  [3.52370708e-06 1.55349250e-02 1.25298612e+01]
  [4.31973919e-06 1.54374569e-02 1.25326929e+01]
  [3.99189709e-06 1.52245299e-02 1.28023894e+01]
  [3.94331413e-06 1.59361219e-02 1.25559388e+01]
  [3.37412928e-06 1.55108281e-02 1.25185270e+01]
  [3.20109020e-06 1.50455592e-02 1.27982391e+01]]

 [[3.17242002e-06 1.55850331e-02 1.24494268e+01]
  [3.83741042e-06 1.54394348e-02 1.24977069e+01]
  [3.63562888e-06 1.56805613e-02 1.25552062e+01]
  [3.40866191e-06 1.49077242e-02 1.28080185e+01]
  [3.66123499e-06 1.53582203e-02 1.25611114e+01]
  [4.07999764e-06 1.52699100e-02 1.27341672e+01]
  [3.50212974e-06 1.55386060e-02 1.26166212e+01]
  [2.75903316e-06 1.31021471e-02 1.56257929e+01]]

 [[3.07882325e-06 1.51887186e-02 1.24077727e+01]
  [3.91460240e-06 1.58158017e-02 1.25892340e+01]
  [3.17432325e-06 1.52605431e-02 1.26803965e+01]
  [3.95798909e-06 1.47355106e-02 1.31368176e+01]
  [4.25700590e-06 1.51417626e-02 1.26679164e+01]
  [3.31555756e-06 1.55804985e-02 1.26866870e+01]
  [3.34643032e-06 1.52881704e-02 1.24691185e+01]
  [5.89242199e-05 5.86149808e-01 2.33301134e+01]]

 [[3.52140746e-06 1.54207479e-02 1.25684039e+01]
  [3.39489247e-06 1.54686357e-02 1.26969133e+01]
  [3.31489044e-06 1.52385441e-02 1.25352900e+01]
  [5.15548974e-06 1.51102383e-02 1.27571372e+01]
  [1.19942071e-06 9.56608520e-03 2.30852286e+01]
  [1.26244252e-06 1.18287666e-02 1.28917397e+01]
  [3.33340025e-06 1.55498851e-02 1.25733678e+01]
  [3.66049630e-06 1.53785416e-02 1.25214172e+01]]

 [[3.08258360e-06 1.54801424e-02 1.25356221e+01]
  [3.56575199e-06 1.55295333e-02 1.25482858e+01]
  [3.18453343e-06 1.50030983e-02 1.26669656e+01]
  [3.87179002e-06 1.52716244e-02 1.25720639e+01]
  [3.24999891e-06 1.52197263e-02 1.25851038e+01]
  [3.61895869e-06 1.54920749e-02 1.24875585e+01]
  [3.25320610e-06 1.54079579e-02 1.25355950e+01]
  [3.39058817e-06 1.50520368e-02 1.26873303e+01]]

 [[3.41514980e-06 1.53164129e-02 1.24750794e+01]
  [3.46033736e-06 1.54992171e-02 1.25907732e+01]
  [3.51573604e-06 1.53243640e-02 1.27728254e+01]
  [4.35630846e-06 1.52847582e-02 1.26455263e+01]
  [3.67320572e-06 1.51007876e-02 1.26323546e+01]
  [1.20930389e-06 9.58253473e-03 2.27748603e+01]
  [3.12102313e-06 1.50932532e-02 1.27445571e+01]
  [4.55866618e-06 1.24505933e-02 1.27577189e+01]]]

Ref Max Post Table:
[[[2.37261648e-06 1.20433276e-02 1.28055587e+01]
  [1.29860359e-06 1.10102307e-02 1.33988715e+01]
  [2.35717115e-06 1.13166165e-02 1.32189163e+01]
  [5.89242122e-05 5.86149794e-01 2.33301274e+01]]

 [[1.19941286e-06 9.56607110e-03 2.30852428e+01]
  [1.81922186e-06 1.15580868e-02 1.29414579e+01]
  [2.37241618e-06 1.20092954e-02 1.25819567e+01]
  [2.27951354e-06 1.19694899e-02 1.30769185e+01]]

 [[1.77251426e-06 1.13099059e-02 1.55199507e+01]
  [2.29389399e-06 1.20018908e-02 1.25926567e+01]
  [2.72620479e-06 1.20777796e-02 1.24302057e+01]
  [2.30138378e-06 1.19964796e-02 1.25548213e+01]]

 [[2.36918624e-06 1.20515573e-02 1.27221780e+01]
  [1.20929594e-06 9.58252047e-03 2.27748747e+01]
  [2.36480965e-06 1.20198112e-02 1.25575540e+01]
  [2.62887276e-06 1.21063566e-02 1.26043241e+01]]]

Ref Max Pull Table:
[[[2.43953109e-06 1.20356239e-02 1.26260110e+01]
  [2.70463432e-06 1.20873944e-02 1.28470077e+01]
  [2.23456963e-06 1.20199712e-02 1.27065226e+01]
  [5.84001352e-05 5.86146758e-01 2.31992892e+01]]

 [[1.12027307e-06 1.06880288e-02 1.33768885e+01]
  [6.20583703e-06 1.16959311e-02 1.32448425e+01]
  [2.27295536e-06 1.20216425e-02 1.26196867e+01]
  [1.60157416e-06 1.13984807e-02 1.35093944e+01]]

 [[2.52800916e-06 1.20473809e-02 1.26351535e+01]
  [2.35392152e-06 1.20197381e-02 1.28574450e+01]
  [2.58756346e-06 1.20572640e-02 1.26461927e+01]
  [2.19478870e-06 1.19972758e-02 1.25982793e+01]]

 [[6.71708630e-07 9.53899876e-03 2.32830684e+01]
  [1.54295814e-06 1.12314813e-02 1.34116376e+01]
  [2.43494822e-06 1.20055423e-02 1.25995263e+01]
  [2.33516695e-06 1.19858218e-02 1.26110046e+01]]]

Max Activate Table:
[[[5.39224246e-06 1.59420182e-02 1.24905111e+01 6.85183649e-04
   6.45667192e-04 3.35328560e-04 3.35328560e-04]
  [3.43925949e-06 1.54856491e-02 1.25338352e+01 6.76521937e-04
   6.41314544e-04 3.35133269e-04 3.35133269e-04]
  [3.72052724e-06 1.53394453e-02 1.27799234e+01 6.64311872e-04
   6.48337449e-04 3.35208790e-04 3.35208790e-04]
  [3.74655953e-06 1.59412855e-02 1.25246276e+01 6.81812289e-04
   6.40138665e-04 3.35152564e-04 3.35152564e-04]
  [3.32467104e-06 1.52418599e-02 1.27312789e+01 6.78563273e-04
   6.33935223e-04 3.35078410e-04 3.35078410e-04]
  [3.06887717e-06 1.52625252e-02 1.26837809e+01 6.81322164e-04
   6.40654992e-04 3.35143880e-04 3.35143880e-04]
  [3.00020220e-06 1.43346616e-02 1.28936225e+01 6.63360364e-04
   6.63398399e-04 3.35257420e-04 3.35257420e-04]
  [6.17714067e-06 1.52066630e-02 1.27250925e+01 6.74330329e-04
   6.63023274e-04 3.35186560e-04 3.35186560e-04]]

 [[4.24860606e-06 1.52325896e-02 1.27399864e+01 6.75838998e-04
   6.68741527e-04 3.35080319e-04 3.35080319e-04]
  [3.58991173e-06 1.52860090e-02 1.24799181e+01 6.91163194e-04
   6.50174988e-04 3.35236365e-04 3.35236365e-04]
  [3.51693556e-06 1.55971124e-02 1.25840486e+01 6.75530312e-04
   6.37219920e-04 3.35070789e-04 3.35070789e-04]
  [3.35197957e-06 1.56452668e-02 1.25343155e+01 6.70882192e-04
   6.43127749e-04 3.35236213e-04 3.35236213e-04]
  [3.56225820e-06 1.64771719e-02 1.25878498e+01 6.78804500e-04
   6.42312512e-04 3.35439685e-04 3.35439685e-04]
  [3.86909414e-06 1.50322405e-02 1.26306084e+01 6.86740017e-04
   6.36042408e-04 3.35129032e-04 3.35129032e-04]
  [4.29853834e-06 1.52147033e-02 1.26660056e+01 6.69431067e-04
   6.39441758e-04 3.35198750e-04 3.35198750e-04]
  [3.06973428e-06 1.35247183e-02 1.36268389e+01 6.52436850e-04
   6.45617092e-04 3.36320627e-04 3.36320627e-04]]

 [[3.20984732e-06 1.52477883e-02 1.26265530e+01 6.65532087e-04
   6.34094120e-04 3.35070084e-04 3.35070084e-04]
  [3.58542809e-06 1.53192482e-02 1.27534036e+01 6.76117599e-04
   6.59143063e-04 3.35170688e-04 3.35170688e-04]
  [3.42674157e-06 1.54214067e-02 1.26154393e+01 6.66421119e-04
   6.33998596e-04 3.35205266e-04 3.35205266e-04]
  [3.01236762e-06 1.55731475e-02 1.24604889e+01 6.71513930e-04
   6.58239007e-04 3.35263110e-04 3.35263110e-04]
  [2.94905443e-06 1.52292695e-02 1.27075491e+01 6.73111629e-04
   6.34966915e-04 3.35142915e-04 3.35142915e-04]
  [3.15329799e-06 1.48600236e-02 1.26963421e+01 6.73129148e-04
   6.33884099e-04 3.35065814e-04 3.35065814e-04]
  [4.10608513e-06 1.54398237e-02 1.25969139e+01 6.83032466e-04
   6.38485317e-04 3.35214051e-04 3.35214051e-04]
  [3.09384509e-06 1.56687424e-02 1.25205784e+01 6.77584061e-04
   6.37498887e-04 3.35386885e-04 3.35386885e-04]]

 [[4.79575451e-06 1.55556707e-02 1.25074661e+01 6.81289677e-04
   6.47667372e-04 3.35249723e-04 3.35249723e-04]
  [3.43484670e-06 1.59999353e-02 1.25265485e+01 6.82769489e-04
   6.43304682e-04 3.35297315e-04 3.35297315e-04]
  [3.70096971e-06 1.55249714e-02 1.25274818e+01 6.74096144e-04
   6.47901374e-04 3.35276119e-04 3.35276119e-04]
  [3.00679317e-06 1.53161991e-02 1.25223531e+01 6.67056921e-04
   6.52177349e-04 3.35194372e-04 3.35194372e-04]
  [3.08603395e-06 1.50465711e-02 1.29388837e+01 6.76619558e-04
   6.32620227e-04 3.35129653e-04 3.35129653e-04]
  [3.27329562e-06 1.54664431e-02 1.25376462e+01 6.75322293e-04
   6.50420822e-04 3.35187150e-04 3.35187150e-04]
  [4.13991256e-06 1.55092797e-02 1.25753981e+01 6.66160002e-04
   6.48805527e-04 3.35274002e-04 3.35274002e-04]
  [3.57808763e-06 1.52545462e-02 1.25495683e+01 6.82529323e-04
   6.33887798e-04 3.35148765e-04 3.35148765e-04]]

 [[3.56616420e-06 1.52279960e-02 1.26248868e+01 6.73431922e-04
   6.62194102e-04 3.35066555e-04 3.35066555e-04]
  [3.07559037e-06 1.51605064e-02 1.26669094e+01 6.78615571e-04
   6.34424439e-04 3.35100671e-04 3.35100671e-04]
  [3.21142600e-06 1.55437508e-02 1.27214415e+01 6.80192285e-04
   6.41112728e-04 3.35236094e-04 3.35236094e-04]
  [3.06194423e-06 1.54447693e-02 1.24765271e+01 6.63830917e-04
   6.42777645e-04 3.35236372e-04 3.35236372e-04]
  [3.42320433e-06 1.52422623e-02 1.25507471e+01 6.72395415e-04
   6.35691372e-04 3.35173034e-04 3.35173034e-04]
  [4.86517520e-06 1.51405950e-02 1.25587244e+01 6.83990879e-04
   6.37719814e-04 3.35102135e-04 3.35102135e-04]
  [3.73993619e-06 1.50123090e-02 1.27854740e+01 6.75341696e-04
   6.34002596e-04 3.35317711e-04 3.35317711e-04]
  [8.11852214e-07 1.05136474e-02 1.28267202e+01 5.61419453e-04
   7.33942639e-04 3.40746225e-04 3.40746225e-04]]

 [[3.41349352e-06 1.56075815e-02 1.27401352e+01 6.80110244e-04
   6.42019997e-04 3.35191939e-04 3.35191939e-04]
  [3.56430629e-06 1.52656789e-02 1.24600728e+01 6.73253354e-04
   6.55740870e-04 3.35135402e-04 3.35135402e-04]
  [3.48570164e-06 1.52174874e-02 1.25593322e+01 6.66884838e-04
   6.42788168e-04 3.35130375e-04 3.35130375e-04]
  [3.12582014e-06 1.50751519e-02 1.25409214e+01 6.81259586e-04
   6.33707529e-04 3.35130568e-04 3.35130568e-04]
  [3.66468154e-06 1.51102778e-02 1.26482941e+01 6.83427228e-04
   6.29828174e-04 3.35082975e-04 3.35082975e-04]
  [3.23180650e-06 1.50730206e-02 1.29176317e+01 6.75035485e-04
   6.41581874e-04 3.35105311e-04 3.35105311e-04]
  [4.93989765e-06 1.50151139e-02 1.29566827e+01 6.83724113e-04
   6.34750400e-04 3.35108760e-04 3.35108760e-04]
  [3.19980439e-06 1.51148422e-02 1.26156520e+01 6.75961232e-04
   6.48395071e-04 3.35128619e-04 3.35128619e-04]]

 [[3.39091850e-06 1.54891060e-02 1.26445630e+01 6.79149313e-04
   6.37723452e-04 3.35172036e-04 3.35172036e-04]
  [3.48906994e-06 1.47376540e-02 1.27543376e+01 6.70595046e-04
   6.46705450e-04 3.35435181e-04 3.35435181e-04]
  [3.60479133e-06 1.51969529e-02 1.26721968e+01 6.82037581e-04
   6.31443560e-04 3.35231370e-04 3.35231370e-04]
  [4.62494422e-06 1.53668659e-02 1.24781016e+01 6.74651420e-04
   6.52319915e-04 3.35225410e-04 3.35225410e-04]
  [3.70910314e-06 1.53229894e-02 1.26509876e+01 6.68861173e-04
   6.63338738e-04 3.35154529e-04 3.35154529e-04]
  [3.60436850e-06 1.50848156e-02 1.26856713e+01 6.72648502e-04
   6.48967104e-04 3.35119445e-04 3.35119445e-04]
  [1.26044939e-06 1.12362875e-02 1.74993472e+01 6.79970119e-04
   6.17503281e-04 3.36753065e-04 3.36753065e-04]
  [3.17850564e-06 1.51178290e-02 1.26531482e+01 6.67810934e-04
   6.62246981e-04 3.35179270e-04 3.35179270e-04]]

 [[3.54226473e-06 1.51983923e-02 1.25480397e+01 6.73695721e-04
   6.40267432e-04 3.35189822e-04 3.35189822e-04]
  [3.05235977e-06 1.51938339e-02 1.25845178e+01 6.82187744e-04
   6.40894789e-04 3.35190470e-04 3.35190470e-04]
  [3.31699145e-06 1.49808648e-02 1.28087449e+01 6.71002175e-04
   6.38805377e-04 3.35079433e-04 3.35079433e-04]
  [3.15270012e-06 1.55401972e-02 1.24613342e+01 6.78903138e-04
   6.45657679e-04 3.35284187e-04 3.35284187e-04]
  [1.59316436e-06 1.17362683e-02 1.27980143e+01 5.93100547e-04
   7.06281570e-04 3.39282793e-04 3.39282793e-04]
  [2.85918708e-06 1.52310577e-02 1.25881830e+01 6.72072205e-04
   6.43162535e-04 3.35181448e-04 3.35181448e-04]
  [3.90512414e-06 1.51582561e-02 1.25932015e+01 6.69570285e-04
   6.63976639e-04 3.35122327e-04 3.35122327e-04]
  [5.81063268e-05 5.86121698e-01 2.31657427e+01 8.61023456e-04
   6.44431609e-04 3.34119271e-04 3.34662536e-04]]]

Cumulative Reward: 7214.835237775129
