Scheduler Table:
[[[5.89476790e-06 1.44215037e-02 1.90935536e+01 3.92559724e-04
   1.14258592e-03 1.01523894e-03 1.01523894e-03]
  [5.45245708e-06 1.44275949e-02 1.94607219e+01 3.92545874e-04
   1.14264396e-03 1.01525586e-03 1.01525586e-03]
  [4.04366131e-06 1.44378697e-02 1.94104355e+01 3.92538122e-04
   1.14265679e-03 1.01526083e-03 1.01526083e-03]]

 [[6.47858791e-06 1.44466369e-02 1.90341706e+01 3.92560690e-04
   1.14284193e-03 1.01548369e-03 1.01548369e-03]
  [5.72827946e-06 1.05852493e-02 2.23677478e+01 4.12058913e-04
   7.13262522e-04 6.21774449e-04 7.11408212e-04]
  [6.76272950e-06 1.08686882e-02 2.13735113e+01 4.72668600e-04
   5.40531738e-04 5.40296341e-04 5.40296341e-04]]

 [[3.77324052e-06 1.44644335e-02 1.93236517e+01 3.92552172e-04
   1.14263825e-03 1.01525687e-03 1.01525687e-03]
  [6.48334394e-06 1.16606602e-02 2.14600874e+01 4.49995333e-04
   7.04194811e-04 6.69646327e-04 6.69646327e-04]
  [4.28043831e-06 1.44515478e-02 1.92122774e+01 3.92552176e-04
   1.14275995e-03 1.01537986e-03 1.01537986e-03]]]

Buffer Table:
[[[3.60333100e-06 1.44569952e-02 1.92567502e+01 3.92564420e-04
   1.14276139e-03 1.01540698e-03 1.01540698e-03]
  [7.07096073e-06 1.44422762e-02 1.93467565e+01 3.92568742e-04
   1.14275032e-03 1.01540762e-03 1.01540762e-03]
  [4.47571371e-06 1.41348771e-02 2.04289189e+01 3.93728095e-04
   1.12657501e-03 1.00301584e-03 1.00301584e-03]]

 [[8.66640663e-06 1.43030157e-02 1.96528364e+01 3.93240591e-04
   1.12723782e-03 1.00367483e-03 1.00367483e-03]
  [5.73138699e-06 1.05867187e-02 2.23664139e+01 4.12045595e-04
   7.13471169e-04 6.21932494e-04 7.11566257e-04]
  [5.86637603e-06 1.42891141e-02 2.05160506e+01 3.92556742e-04
   1.14268509e-03 1.01531604e-03 1.01531604e-03]]

 [[3.59907345e-06 1.44184737e-02 1.91126250e+01 3.92563212e-04
   1.14269511e-03 1.01533950e-03 1.01533950e-03]
  [5.63910761e-06 1.30929340e-02 2.19988971e+01 4.00207122e-04
   1.02364420e-03 9.25204075e-04 9.25204075e-04]
  [3.55685124e-06 1.44205747e-02 1.92577866e+01 3.92540983e-04
   1.14239616e-03 1.01500827e-03 1.01500827e-03]]]

Arbiter Table:
[[[5.72828020e-06 1.05852453e-02 2.23677473e+01 4.12059012e-04
   7.13261739e-04 6.21773837e-04 7.11407600e-04]
  [6.68482741e-06 1.40475350e-02 2.07647569e+01 3.92563579e-04
   1.14291489e-03 1.01556508e-03 1.01556508e-03]
  [7.33900791e-06 1.42830482e-02 1.96171771e+01 3.92563448e-04
   1.14281841e-03 1.01546508e-03 1.01546508e-03]]

 [[4.58019239e-06 1.32298362e-02 2.35134539e+01 3.92599124e-04
   1.14408095e-03 1.01678161e-03 1.01678161e-03]
  [3.84452739e-06 1.45005251e-02 1.87114601e+01 3.92553267e-04
   1.14271679e-03 1.01534397e-03 1.01534397e-03]
  [5.45468471e-06 1.44069622e-02 1.87175739e+01 3.92562291e-04
   1.14255499e-03 1.01519380e-03 1.01519380e-03]]

 [[8.62586036e-06 1.44247505e-02 1.94320474e+01 3.92556761e-04
   1.14264976e-03 1.01528055e-03 1.01528055e-03]
  [6.46744823e-06 1.40288172e-02 2.07636333e+01 3.92555473e-04
   1.14317989e-03 1.01580717e-03 1.01580717e-03]
  [3.84012440e-06 1.44317521e-02 1.91810638e+01 3.92546103e-04
   1.14249830e-03 1.01511089e-03 1.01511089e-03]]]

Page Table:
[[[6.08750628e-06 1.47688158e-02 1.98981190e+01 3.92520303e-04
   1.14197262e-03 1.01453760e-03 1.01453760e-03]
  [4.24525183e-06 1.46513185e-02 1.95905645e+01 3.92537465e-04
   1.14194625e-03 1.01454153e-03 1.01454153e-03]
  [4.34038732e-06 1.47926195e-02 1.86153334e+01 3.92526945e-04
   1.14172655e-03 1.01431577e-03 1.01431577e-03]
  [3.34472765e-06 1.39171460e-02 2.19894497e+01 3.92555851e-04
   1.14249645e-03 1.01513429e-03 1.01513429e-03]]

 [[3.89896509e-06 1.43906266e-02 2.04800298e+01 3.92538288e-04
   1.14215773e-03 1.01475745e-03 1.01475745e-03]
  [5.72828020e-06 1.05852453e-02 2.23677473e+01 4.12059012e-04
   7.13261739e-04 6.21773837e-04 7.11407600e-04]
  [4.11298482e-06 1.46100857e-02 1.88780438e+01 3.92534211e-04
   1.14198899e-03 1.01459941e-03 1.01459941e-03]
  [5.28815552e-06 1.41427323e-02 2.06638517e+01 3.92540716e-04
   1.14238816e-03 1.01501161e-03 1.01501161e-03]]

 [[4.90107811e-06 1.45579366e-02 2.04559744e+01 3.92530327e-04
   1.14196191e-03 1.01454727e-03 1.01454727e-03]
  [4.24378974e-06 1.47227753e-02 1.96246932e+01 3.92523207e-04
   1.14205483e-03 1.01462656e-03 1.01462656e-03]
  [3.85991734e-06 1.47905252e-02 1.88937822e+01 3.92532494e-04
   1.14176807e-03 1.01436613e-03 1.01436613e-03]
  [4.63977787e-06 1.47791107e-02 1.93229533e+01 3.92529128e-04
   1.14200158e-03 1.01458957e-03 1.01458957e-03]]

 [[1.86926606e-05 1.46240864e-02 1.95376820e+01 3.92533771e-04
   1.14200870e-03 1.01460399e-03 1.01460399e-03]
  [3.12362441e-06 1.28615274e-02 2.40980429e+01 3.92582925e-04
   1.14337904e-03 1.01605634e-03 1.01605634e-03]
  [4.05433470e-06 1.47297810e-02 1.87580749e+01 3.92523200e-04
   1.14197667e-03 1.01455452e-03 1.01455452e-03]
  [6.67009983e-06 1.47126890e-02 1.90559179e+01 3.92538983e-04
   1.14219988e-03 1.01481996e-03 1.01481996e-03]]]

Response Table:
[[[6.26900543e-06 1.42454830e-02 1.89192983e+01]
  [8.69436757e-06 1.42285483e-02 1.92958722e+01]]

 [[8.99211968e-06 1.42009374e-02 1.93521316e+01]
  [5.72828020e-06 1.05852453e-02 2.23677473e+01]]]

Refresh Table:
[[[5.48909861e-06 1.42974030e-02 1.92968065e+01]
  [5.60372666e-06 1.33205135e-02 2.22578506e+01]]

 [[6.31329357e-06 1.40570110e-02 2.03199606e+01]
  [5.72828020e-06 1.05852453e-02 2.23677473e+01]]]

Request Buffer Table:
[[[4.85554743e-06 7.38300785e-02 1.91506411e+01]
  [4.59599237e-06 7.22324239e-02 1.91410715e+01]
  [5.61887862e-06 7.49683565e-02 1.97174138e+01]
  [4.74082832e-06 7.20699291e-02 1.95310365e+01]
  [5.08835538e-06 7.35818186e-02 2.00764478e+01]
  [4.99941633e-06 7.07408317e-02 1.99736810e+01]
  [4.31669270e-06 6.14572296e-02 2.10228845e+01]
  [5.48254881e-06 7.49139798e-02 1.97868191e+01]]

 [[4.76696299e-06 7.38212278e-02 1.89120715e+01]
  [4.30736603e-06 8.00549542e-02 1.92694848e+01]
  [8.42017979e-06 7.63521517e-02 1.94039200e+01]
  [4.43316794e-06 7.28774799e-02 1.95854044e+01]
  [9.91078931e-06 6.78516784e-02 1.93249159e+01]
  [5.14027568e-06 7.34708361e-02 1.96378278e+01]
  [4.43638158e-06 7.23076001e-02 1.94715386e+01]
  [4.50216660e-06 7.02321549e-02 2.00662776e+01]]

 [[4.55292186e-06 8.20431575e-02 1.92425175e+01]
  [5.61384660e-06 7.48209208e-02 1.92216758e+01]
  [5.27476121e-06 7.51038678e-02 1.97330772e+01]
  [5.06438459e-06 7.64166271e-02 1.96983094e+01]
  [5.98220191e-06 6.93000221e-02 1.99246355e+01]
  [4.36044649e-06 8.41329643e-02 1.93448910e+01]
  [7.21098314e-06 7.54664155e-02 1.94605741e+01]
  [4.51277288e-06 6.95989157e-02 2.03646740e+01]]

 [[4.52522720e-06 7.50724674e-02 1.93488985e+01]
  [4.96793861e-06 7.18044926e-02 1.90991249e+01]
  [4.51494274e-06 7.70215891e-02 1.98490923e+01]
  [5.45529108e-06 7.64505461e-02 1.92465789e+01]
  [6.13002279e-06 6.69143664e-02 1.99606548e+01]
  [5.06564710e-06 7.77779567e-02 1.94514745e+01]
  [6.97082145e-06 7.40575648e-02 1.95476822e+01]
  [4.79828766e-06 7.42225086e-02 1.95479506e+01]]

 [[1.46442085e-05 7.18900416e-02 1.96379979e+01]
  [5.50301166e-06 7.02873186e-02 1.95325354e+01]
  [5.79733848e-06 7.41168937e-02 1.90341267e+01]
  [4.92551093e-06 7.01095061e-02 1.98892264e+01]
  [9.82605911e-06 6.95002147e-02 1.95878748e+01]
  [4.23403836e-06 7.37826977e-02 1.98089661e+01]
  [5.38957801e-06 6.96285665e-02 2.01549930e+01]
  [5.49139002e-06 7.30679786e-02 1.98034056e+01]]

 [[4.33078238e-06 7.14617243e-02 2.02621360e+01]
  [5.74987117e-06 7.23761388e-02 1.93220583e+01]
  [4.45226538e-06 7.32034090e-02 1.95238935e+01]
  [4.19705848e-06 7.33286693e-02 1.99254787e+01]
  [4.93962493e-06 6.87855429e-02 1.97897267e+01]
  [5.72828020e-06 1.05852453e-02 2.23677473e+01]
  [4.77933182e-06 6.99136932e-02 2.06520130e+01]
  [5.71445652e-06 7.19224707e-02 2.00016014e+01]]

 [[4.71248410e-06 7.44529224e-02 1.90606146e+01]
  [8.01525993e-06 8.04831685e-02 1.94478020e+01]
  [5.09859525e-06 7.60022225e-02 1.97052627e+01]
  [4.75781180e-06 7.42129170e-02 1.93151198e+01]
  [4.59176402e-06 6.90747592e-02 1.94236339e+01]
  [2.92191858e-06 3.80469622e-02 2.37550282e+01]
  [5.28196701e-06 6.95171242e-02 1.96002263e+01]
  [8.17278047e-06 7.56274465e-02 1.95276724e+01]]

 [[4.82965178e-06 7.15012409e-02 1.90596692e+01]
  [6.10864646e-06 6.97773490e-02 1.90460475e+01]
  [1.86041783e-05 7.27430113e-02 1.95764897e+01]
  [4.38745983e-06 8.15110609e-02 1.94952478e+01]
  [4.75711253e-06 7.01064555e-02 1.92210286e+01]
  [4.42250922e-06 8.03456242e-02 1.93292695e+01]
  [3.89684695e-06 6.10740747e-02 2.10938323e+01]
  [4.61703544e-06 6.98844517e-02 1.96190852e+01]]]

Ref Max Post Table:
[[[4.18327359e-06 1.47571729e-02 1.92506012e+01]
  [4.60658584e-06 1.48006911e-02 1.90307237e+01]
  [4.35086208e-06 1.47514876e-02 1.92760081e+01]
  [4.77474294e-06 1.40962844e-02 2.12702766e+01]]

 [[4.45892062e-06 1.47726459e-02 1.90240597e+01]
  [1.44637374e-05 1.47218679e-02 1.92636502e+01]
  [5.27037845e-06 1.46799618e-02 1.91248561e+01]
  [4.43939347e-06 1.40519848e-02 2.21519465e+01]]

 [[4.55487842e-06 1.47495116e-02 1.95848475e+01]
  [4.19708935e-06 1.47101492e-02 1.94415349e+01]
  [4.28147202e-06 1.46771174e-02 1.90565758e+01]
  [1.77559960e-05 1.38063058e-02 2.00786104e+01]]

 [[4.47989665e-06 1.46496017e-02 1.97694777e+01]
  [6.57666051e-06 1.45473059e-02 2.03937594e+01]
  [5.49544730e-06 1.45788947e-02 1.96121882e+01]
  [5.72827366e-06 1.05852459e-02 2.23677470e+01]]]

Ref Max Pull Table:
[[[1.32341889e-05 1.46396260e-02 1.94448186e+01]
  [4.69604773e-06 1.06048325e-02 2.23344214e+01]
  [4.11053415e-06 1.47616397e-02 1.93151139e+01]
  [7.44141234e-06 1.47053362e-02 1.95209248e+01]]

 [[4.76986273e-06 1.06054485e-02 2.22970956e+01]
  [2.73512485e-06 1.18349600e-02 2.11419505e+01]
  [3.84833071e-06 1.46000513e-02 1.93165842e+01]
  [5.81837961e-06 1.47057873e-02 1.95218061e+01]]

 [[5.21465315e-06 1.47238903e-02 1.92646576e+01]
  [4.41297989e-06 1.36984348e-02 2.01245793e+01]
  [4.36735730e-06 1.47873684e-02 1.92537299e+01]
  [5.32083854e-06 1.47606437e-02 1.90592497e+01]]

 [[9.58740493e-06 1.46736848e-02 1.92771351e+01]
  [3.98802496e-06 1.47412588e-02 2.00908325e+01]
  [4.22283099e-06 1.47161766e-02 1.97406651e+01]
  [5.81576597e-06 1.48163960e-02 1.91103276e+01]]]

Max Activate Table:
[[[6.22671280e-06 8.14217352e-02 1.92409808e+01 3.91412580e-04
   1.14457228e-03 1.01649702e-03 1.01649702e-03]
  [4.92921170e-06 7.48323567e-02 1.92408026e+01 3.91522667e-04
   1.14401046e-03 1.01602610e-03 1.01602610e-03]
  [4.77485699e-06 8.00308050e-02 1.95312432e+01 3.91426007e-04
   1.14445844e-03 1.01639334e-03 1.01639334e-03]
  [5.91094486e-06 7.56351620e-02 1.91896437e+01 3.91513503e-04
   1.14450037e-03 1.01649871e-03 1.01649871e-03]
  [6.17381468e-06 8.00948793e-02 1.96591345e+01 3.91433815e-04
   1.14443241e-03 1.01637520e-03 1.01637520e-03]
  [6.47000342e-06 7.72938776e-02 1.96209229e+01 3.91479024e-04
   1.14440920e-03 1.01638241e-03 1.01638241e-03]
  [4.44272650e-06 7.02097277e-02 1.99977535e+01 3.91602446e-04
   1.14414772e-03 1.01621039e-03 1.01621039e-03]
  [4.26501127e-06 7.44089682e-02 1.94864135e+01 3.91531698e-04
   1.14419734e-03 1.01620763e-03 1.01620763e-03]]

 [[4.53063168e-06 8.31633179e-02 1.89604496e+01 3.91379727e-04
   1.14464929e-03 1.01655695e-03 1.01655695e-03]
  [4.55555296e-06 8.23902314e-02 1.96130068e+01 3.91386723e-04
   1.14459445e-03 1.01650485e-03 1.01650485e-03]
  [5.71131652e-06 8.48178347e-02 1.95857717e+01 3.91335185e-04
   1.14443004e-03 1.01630434e-03 1.01630434e-03]
  [4.36381260e-06 8.75521937e-02 1.97960854e+01 3.91308467e-04
   1.14479831e-03 1.01668079e-03 1.01668079e-03]
  [6.67135281e-06 7.04815852e-02 1.95359255e+01 3.91585715e-04
   1.14423626e-03 1.01625835e-03 1.01625835e-03]
  [4.62805661e-06 7.43095391e-02 1.98208589e+01 3.91529605e-04
   1.14417473e-03 1.01617721e-03 1.01617721e-03]
  [5.40236436e-06 7.15850623e-02 2.05852105e+01 3.91579720e-04
   1.14418272e-03 1.01622192e-03 1.01622192e-03]
  [5.15059963e-06 7.57047605e-02 1.96677995e+01 3.91502419e-04
   1.14425972e-03 1.01624902e-03 1.01624902e-03]]

 [[4.39750150e-06 7.72980822e-02 1.97606554e+01 3.91481848e-04
   1.14436825e-03 1.01634385e-03 1.01634385e-03]
  [4.68749300e-06 8.54621009e-02 1.91707454e+01 3.91328304e-04
   1.14454626e-03 1.01640607e-03 1.01640607e-03]
  [7.18385227e-06 7.41371426e-02 1.95359744e+01 3.91531032e-04
   1.14443527e-03 1.01643680e-03 1.01643680e-03]
  [4.57192015e-06 8.58644608e-02 1.94253392e+01 3.91313484e-04
   1.14456076e-03 1.01640303e-03 1.01640303e-03]
  [6.33716660e-06 7.33831663e-02 1.95393624e+01 3.91550322e-04
   1.14440752e-03 1.01643564e-03 1.01643564e-03]
  [4.62119726e-06 7.47543409e-02 1.98842230e+01 3.91519420e-04
   1.14413184e-03 1.01612647e-03 1.01612647e-03]
  [5.20393335e-06 7.36523415e-02 1.98657142e+01 3.91535879e-04
   1.14429626e-03 1.01629780e-03 1.01629780e-03]
  [7.13432997e-06 7.29148415e-02 1.99682452e+01 3.91548969e-04
   1.14393126e-03 1.01594124e-03 1.01594124e-03]]

 [[4.65182055e-06 7.77941858e-02 1.90935242e+01 3.91469904e-04
   1.14434450e-03 1.01631603e-03 1.01631603e-03]
  [5.05281701e-06 7.70774591e-02 1.90105362e+01 3.91497954e-04
   1.14456402e-03 1.01656945e-03 1.01656945e-03]
  [6.08990417e-06 7.44127944e-02 1.98248638e+01 3.91513367e-04
   1.14428262e-03 1.01625777e-03 1.01625777e-03]
  [4.17095045e-06 8.06210122e-02 1.89691407e+01 3.91429031e-04
   1.14477942e-03 1.01672352e-03 1.01672352e-03]
  [5.24276115e-06 5.88162562e-02 2.14060848e+01 3.92400936e-04
   1.12908662e-03 1.00508247e-03 1.00508247e-03]
  [7.61306345e-06 7.58024948e-02 1.97735416e+01 3.91502153e-04
   1.14412905e-03 1.01611811e-03 1.01611811e-03]
  [5.02186114e-06 7.66141080e-02 1.97117267e+01 3.91492068e-04
   1.14426909e-03 1.01624492e-03 1.01624492e-03]
  [4.67147465e-06 7.60119592e-02 1.97913554e+01 3.91490074e-04
   1.14440993e-03 1.01637771e-03 1.01637771e-03]]

 [[4.82506645e-06 7.71937825e-02 1.96238587e+01 3.91476809e-04
   1.14435007e-03 1.01632484e-03 1.01632484e-03]
  [4.52652699e-06 7.98443223e-02 1.88931641e+01 3.91440189e-04
   1.14465485e-03 1.01660112e-03 1.01660112e-03]
  [6.02318482e-06 7.64200149e-02 1.96580825e+01 3.91488247e-04
   1.14436522e-03 1.01633579e-03 1.01633579e-03]
  [6.61780055e-06 7.39333840e-02 1.92235981e+01 3.91531161e-04
   1.14426505e-03 1.01629026e-03 1.01629026e-03]
  [8.11414424e-06 7.67885127e-02 1.90769822e+01 3.91480136e-04
   1.14429032e-03 1.01624648e-03 1.01624648e-03]
  [4.47063917e-06 7.26596288e-02 1.95343696e+01 3.91556522e-04
   1.14403491e-03 1.01605386e-03 1.01605386e-03]
  [4.75615719e-06 7.26503095e-02 1.91146756e+01 3.91561666e-04
   1.14449657e-03 1.01652304e-03 1.01652304e-03]
  [5.63641315e-06 1.38242068e-02 2.47342912e+01 3.99791148e-04
   9.57027269e-04 8.76453977e-04 8.76453977e-04]]

 [[5.72092132e-06 8.17771829e-02 1.90735962e+01 3.91397013e-04
   1.14437566e-03 1.01629862e-03 1.01629862e-03]
  [4.53899330e-06 8.14867064e-02 1.96323015e+01 3.91396123e-04
   1.14437272e-03 1.01627027e-03 1.01627027e-03]
  [5.10529632e-06 8.03958203e-02 1.91833429e+01 3.91421137e-04
   1.14474796e-03 1.01667720e-03 1.01667720e-03]
  [7.57920567e-06 7.63994799e-02 1.95614494e+01 3.91480892e-04
   1.14442590e-03 1.01638998e-03 1.01638998e-03]
  [5.54126665e-06 1.38609480e-02 2.47590668e+01 3.99692352e-04
   9.60754274e-04 8.79276025e-04 8.79276025e-04]
  [4.78889201e-06 8.01249987e-02 1.95813913e+01 3.91424479e-04
   1.14439916e-03 1.01633205e-03 1.01633205e-03]
  [4.66019741e-06 7.17855209e-02 1.96445806e+01 3.91575304e-04
   1.14433391e-03 1.01637139e-03 1.01637139e-03]
  [4.11490254e-06 7.11888880e-02 1.95693595e+01 3.91577097e-04
   1.14417308e-03 1.01619722e-03 1.01619722e-03]]

 [[4.23998575e-06 7.39401913e-02 1.91310566e+01 3.91542305e-04
   1.14433097e-03 1.01634812e-03 1.01634812e-03]
  [1.23430506e-05 7.19083745e-02 1.96291212e+01 3.91559717e-04
   1.14406184e-03 1.01606959e-03 1.01606959e-03]
  [5.14897292e-06 8.07214129e-02 1.93040045e+01 3.91410222e-04
   1.14460890e-03 1.01652436e-03 1.01652436e-03]
  [5.61752164e-06 7.08137369e-02 1.98189455e+01 3.92098653e-04
   1.12968602e-03 1.00554530e-03 1.00554530e-03]
  [4.43317261e-06 8.98836772e-02 1.92145234e+01 3.91248451e-04
   1.14451616e-03 1.01633816e-03 1.01633816e-03]
  [1.88319245e-05 7.19947892e-02 1.96073854e+01 3.91565229e-04
   1.14423812e-03 1.01626279e-03 1.01626279e-03]
  [1.83873366e-06 2.73542936e-02 2.15716865e+01 4.11510125e-04
   7.61464570e-04 7.26909902e-04 7.26909902e-04]
  [4.71499564e-06 7.28186244e-02 1.99051273e+01 3.91542609e-04
   1.14432398e-03 1.01632162e-03 1.01632162e-03]]

 [[4.84155233e-06 7.53042629e-02 1.92322567e+01 3.91495853e-04
   1.14438883e-03 1.01635807e-03 1.01635807e-03]
  [4.57315070e-06 7.44783553e-02 1.96686763e+01 3.91513600e-04
   1.14436807e-03 1.01635297e-03 1.01635297e-03]
  [5.76872479e-06 7.81225214e-02 1.94567161e+01 3.91451567e-04
   1.14434963e-03 1.01628815e-03 1.01628815e-03]
  [4.50877720e-06 7.40962015e-02 1.98415833e+01 3.91530636e-04
   1.14419254e-03 1.01620648e-03 1.01620648e-03]
  [5.12768168e-06 6.83123878e-02 2.00856986e+01 3.91633398e-04
   1.14433083e-03 1.01639950e-03 1.01639950e-03]
  [5.36096516e-06 1.37996056e-02 2.47430157e+01 3.97929699e-04
   1.03685063e-03 8.65688035e-04 9.55321798e-04]
  [6.58772913e-06 7.00726571e-02 1.98154983e+01 3.91593294e-04
   1.14417860e-03 1.01621376e-03 1.01621376e-03]
  [4.93433538e-06 7.52628747e-02 1.98195013e+01 3.91512638e-04
   1.14439842e-03 1.01639767e-03 1.01639767e-03]]]

Cumulative Reward: 10284.725043662851
