Scheduler Table:
[[[4.10875241e-06 1.44056968e-02 1.51824606e+01 7.90006431e-04
   4.74171250e-04 3.90590482e-04 3.90590482e-04]
  [4.19633278e-06 1.44015334e-02 1.52489833e+01 7.88715426e-04
   4.75107883e-04 3.91061594e-04 3.91061594e-04]
  [4.37784657e-06 1.44277563e-02 1.55692654e+01 7.89533691e-04
   4.74749877e-04 3.90774905e-04 3.90774905e-04]]

 [[3.89504160e-06 1.44267405e-02 1.50569358e+01 7.89677695e-04
   4.74442821e-04 3.90629654e-04 3.90629654e-04]
  [6.16136916e-06 1.37958913e-02 1.83700737e+01 7.89475006e-04
   4.74462356e-04 3.90922041e-04 3.90922041e-04]
  [4.88785675e-05 8.17565300e-01 2.51283353e+01 7.75013719e-04
   5.20345684e-04 3.91296286e-04 3.93736463e-04]]

 [[4.59926697e-06 1.44408792e-02 1.51554118e+01 7.88127751e-04
   4.75038730e-04 3.90874927e-04 3.90874927e-04]
  [5.63085911e-06 1.14350655e-02 2.54565344e+01 7.79629334e-04
   4.95390744e-04 3.90010339e-04 3.99048030e-04]
  [4.38485546e-06 1.44357434e-02 1.52094232e+01 7.88797877e-04
   4.74712813e-04 3.90725413e-04 3.90725413e-04]]]

Buffer Table:
[[[4.93574247e-05 8.17549192e-01 2.47705590e+01 7.66309184e-04
   5.36046586e-04 3.90800042e-04 3.99566602e-04]
  [4.43261780e-06 1.44226917e-02 1.52349918e+01 7.88486047e-04
   4.74942924e-04 3.90785068e-04 3.90785068e-04]
  [3.77219382e-06 1.42398909e-02 1.63341460e+01 7.89265865e-04
   4.74876526e-04 3.90924866e-04 3.90924866e-04]]

 [[3.91695081e-06 1.43896921e-02 1.54728437e+01 7.89912329e-04
   4.74457945e-04 3.90719284e-04 3.90719284e-04]
  [4.52435548e-06 1.44138722e-02 1.52387130e+01 7.89230432e-04
   4.74151368e-04 3.90547912e-04 3.90547912e-04]
  [4.45663570e-06 1.44532692e-02 1.49846887e+01 7.89417576e-04
   4.75055406e-04 3.90680315e-04 3.90680315e-04]]

 [[3.24060381e-06 1.36900044e-02 1.92932155e+01 7.89635686e-04
   4.74829523e-04 3.90772521e-04 3.90772521e-04]
  [4.29698358e-06 1.44406906e-02 1.53027722e+01 7.87965334e-04
   4.74836764e-04 3.90815685e-04 3.90815685e-04]
  [4.04841005e-06 1.44002941e-02 1.51150572e+01 7.87252474e-04
   4.75536251e-04 3.90942839e-04 3.90942839e-04]]]

Arbiter Table:
[[[4.93574247e-05 8.17549192e-01 2.47705590e+01 7.66309184e-04
   5.36046586e-04 3.90800042e-04 3.99566602e-04]
  [4.81753120e-06 1.40329551e-02 1.68758759e+01 7.87650372e-04
   4.74925278e-04 3.90899267e-04 3.90899267e-04]
  [3.85355346e-06 1.42544338e-02 1.55535233e+01 7.89218065e-04
   4.74757318e-04 3.90882034e-04 3.90882034e-04]]

 [[6.29019888e-06 1.32186278e-02 2.09057467e+01 7.89607136e-04
   4.74339708e-04 3.90741922e-04 3.90741922e-04]
  [4.43452993e-06 1.44917927e-02 1.49417288e+01 7.88771802e-04
   4.74805509e-04 3.90836858e-04 3.90836858e-04]
  [4.29920096e-06 1.43925844e-02 1.50798309e+01 7.90004719e-04
   4.74553925e-04 3.90814943e-04 3.90814943e-04]]

 [[4.09979530e-06 1.44083252e-02 1.53088691e+01 7.88925861e-04
   4.74674452e-04 3.90868727e-04 3.90868727e-04]
  [4.17131258e-06 1.40077320e-02 1.74243715e+01 7.90148275e-04
   4.74377065e-04 3.90718832e-04 3.90718832e-04]
  [4.53486864e-06 1.44080706e-02 1.51426195e+01 7.88524743e-04
   4.74893506e-04 3.90609107e-04 3.90609107e-04]]]

Page Table:
[[[5.56589775e-06 1.47870617e-02 1.52934154e+01 7.87084814e-04
   4.75420663e-04 3.90831104e-04 3.90831104e-04]
  [4.11257514e-06 1.46295892e-02 1.55168004e+01 7.89491418e-04
   4.74914673e-04 3.90725022e-04 3.90725022e-04]
  [4.89856351e-06 1.48572504e-02 1.50149690e+01 7.85528346e-04
   4.76531172e-04 3.91176944e-04 3.91176944e-04]
  [4.13700263e-06 1.35644611e-02 1.92542203e+01 7.87390630e-04
   4.75669153e-04 3.90864923e-04 3.90864923e-04]]

 [[4.35590948e-06 1.43855734e-02 1.63451687e+01 7.89171754e-04
   4.75149744e-04 3.90611962e-04 3.90611962e-04]
  [4.25560970e-06 1.47323112e-02 1.51057618e+01 7.88907190e-04
   4.74743222e-04 3.90929995e-04 3.90929995e-04]
  [4.48974048e-06 1.46840641e-02 1.51971024e+01 7.87642320e-04
   4.75202287e-04 3.91057844e-04 3.91057844e-04]
  [5.63259805e-06 1.14384610e-02 2.54456443e+01 7.79628096e-04
   4.95390282e-04 3.90010487e-04 3.99048179e-04]]

 [[4.15688044e-06 1.47068837e-02 1.53319462e+01 7.88917830e-04
   4.75003751e-04 3.90821807e-04 3.90821807e-04]
  [4.23479912e-06 1.47507907e-02 1.53219174e+01 7.90820452e-04
   4.74426768e-04 3.90754282e-04 3.90754282e-04]
  [5.75841023e-06 1.47655659e-02 1.51741314e+01 7.88343328e-04
   4.75121163e-04 3.91145323e-04 3.91145323e-04]
  [2.85093109e-06 1.36232204e-02 1.89042574e+01 7.83775871e-04
   4.77707387e-04 3.90651796e-04 3.90651796e-04]]

 [[4.04921355e-06 1.46246675e-02 1.53280934e+01 7.89129892e-04
   4.74731493e-04 3.90634038e-04 3.90634038e-04]
  [4.88802760e-05 8.17568636e-01 2.51176360e+01 7.75012503e-04
   5.20345231e-04 3.91296432e-04 3.93736609e-04]
  [4.10254415e-06 1.44928307e-02 1.57590185e+01 7.87069910e-04
   4.75943925e-04 3.91001741e-04 3.91001741e-04]
  [4.18510200e-06 1.46721245e-02 1.53932796e+01 7.89563852e-04
   4.74724531e-04 3.90683676e-04 3.90683676e-04]]]

Response Table:
[[[2.77756824e-06 1.41949407e-02 1.52321033e+01]
  [5.63085911e-06 1.14350655e-02 2.54565344e+01]]

 [[4.88785675e-05 8.17565300e-01 2.51283353e+01]
  [2.92767087e-06 1.42344646e-02 1.53129511e+01]]]

Refresh Table:
[[[2.67315241e-06 1.42853530e-02 1.51901163e+01]
  [1.87600272e-06 1.33049519e-02 1.86043522e+01]]

 [[2.40313692e-06 1.40384857e-02 1.60181888e+01]
  [4.93574276e-05 8.17549195e-01 2.47705451e+01]]]

Request Buffer Table:
[[[1.43958735e-05 2.52950104e-02 1.51620483e+01]
  [1.33000580e-05 2.52634421e-02 1.50508728e+01]
  [1.36744707e-05 2.57796018e-02 1.52731686e+01]
  [1.54704562e-05 2.55314591e-02 1.53198639e+01]
  [1.33268511e-05 2.55251840e-02 1.54874657e+01]
  [1.29163610e-05 2.46572805e-02 1.54751812e+01]
  [1.34985757e-05 2.45946222e-02 1.54656903e+01]
  [8.59607365e-06 1.93085573e-02 2.01602233e+01]]

 [[1.47419471e-05 2.55484744e-02 1.49895259e+01]
  [1.44918220e-05 2.61734814e-02 1.50995759e+01]
  [1.37247968e-05 2.59438538e-02 1.52545348e+01]
  [1.29182728e-05 2.53723632e-02 1.53609471e+01]
  [1.30739928e-05 2.50757116e-02 1.54385148e+01]
  [1.33230940e-05 2.52557820e-02 1.53264307e+01]
  [1.98839042e-05 2.48123878e-02 1.52611324e+01]
  [1.06093259e-05 2.17652903e-02 1.79000540e+01]]

 [[2.57124996e-05 2.79815719e-02 1.51618923e+01]
  [1.71042039e-05 2.55033939e-02 1.51157676e+01]
  [1.35748701e-05 2.54884449e-02 1.53744284e+01]
  [1.40737771e-05 2.66638198e-02 1.51456661e+01]
  [1.33879532e-05 2.47599182e-02 1.53948495e+01]
  [1.54987270e-05 2.66805056e-02 1.52915898e+01]
  [1.33438400e-05 2.55493686e-02 1.52534379e+01]
  [1.34677509e-05 2.48009346e-02 1.60407780e+01]]

 [[1.34656997e-05 2.60308167e-02 1.53084396e+01]
  [1.32792250e-05 2.57652635e-02 1.50843823e+01]
  [1.46365715e-05 2.65562530e-02 1.54148857e+01]
  [1.40293763e-05 2.64524866e-02 1.51173591e+01]
  [1.19924600e-05 2.40971669e-02 1.56046926e+01]
  [1.44200276e-05 2.56759571e-02 1.52475288e+01]
  [1.49765979e-05 2.66484979e-02 1.52802154e+01]
  [1.31261488e-05 2.51729866e-02 1.54069091e+01]]

 [[1.40276086e-05 2.56093595e-02 1.50775725e+01]
  [1.28223618e-05 2.46764326e-02 1.52456877e+01]
  [1.52174374e-05 2.57687273e-02 1.51213779e+01]
  [1.17716752e-05 2.43409558e-02 1.55556069e+01]
  [1.22705555e-05 2.47122878e-02 1.53441958e+01]
  [1.37795023e-05 2.58091403e-02 1.51339867e+01]
  [1.27474322e-05 2.47251084e-02 1.58552281e+01]
  [1.40275836e-05 2.51837777e-02 1.53832580e+01]]

 [[1.58756494e-05 2.55715601e-02 1.51764486e+01]
  [1.54423623e-05 2.53428350e-02 1.50520473e+01]
  [1.32754522e-05 2.53897132e-02 1.53516950e+01]
  [1.32495409e-05 2.56377682e-02 1.54111857e+01]
  [1.26235217e-05 2.45161126e-02 1.54577230e+01]
  [1.27176671e-05 2.44302212e-02 1.55744496e+01]
  [1.38069034e-05 2.51774669e-02 1.55792347e+01]
  [1.34541275e-05 2.49749316e-02 1.54987720e+01]]

 [[1.30313541e-05 2.50569953e-02 1.50404256e+01]
  [1.33546269e-05 2.51824698e-02 1.52076733e+01]
  [1.34636148e-05 2.59238769e-02 1.51351189e+01]
  [1.34385327e-05 2.60629181e-02 1.52494403e+01]
  [1.33174022e-05 2.45604282e-02 1.51664202e+01]
  [1.40043787e-05 2.51203144e-02 1.53323465e+01]
  [1.23391719e-05 2.45409891e-02 1.52241108e+01]
  [5.63091014e-06 1.14351215e-02 2.54564969e+01]]

 [[1.23243279e-05 2.37329350e-02 1.56781724e+01]
  [1.25021061e-05 2.50620781e-02 1.50985701e+01]
  [1.31586268e-05 2.50548414e-02 1.53817902e+01]
  [1.46777257e-05 2.72334231e-02 1.52933394e+01]
  [1.37857131e-05 2.52830994e-02 1.52341926e+01]
  [1.43105809e-05 2.50601700e-02 1.53890668e+01]
  [4.88786176e-05 8.17565355e-01 2.51282985e+01]
  [1.27127474e-05 2.46892142e-02 1.53668959e+01]]]

Ref Max Post Table:
[[[4.17791044e-06 1.47247609e-02 1.53054521e+01]
  [4.59483379e-06 1.47501858e-02 1.51581869e+01]
  [4.66197890e-06 1.47984512e-02 1.52025778e+01]
  [3.32264563e-06 1.40172143e-02 1.79028728e+01]]

 [[4.62794175e-06 1.47138490e-02 1.51961235e+01]
  [4.63167476e-06 1.47381915e-02 1.51420402e+01]
  [3.98911833e-06 1.46691966e-02 1.52935269e+01]
  [4.30834534e-06 1.40542843e-02 1.91151439e+01]]

 [[4.29630221e-06 1.46994306e-02 1.52764166e+01]
  [4.55698666e-06 1.46817488e-02 1.53259681e+01]
  [4.14144307e-06 1.47162208e-02 1.51095058e+01]
  [4.05271072e-06 1.46366330e-02 1.53181227e+01]]

 [[3.93612487e-06 1.46030641e-02 1.55914624e+01]
  [4.16281765e-06 1.45679235e-02 1.63540032e+01]
  [4.16016749e-06 1.46563741e-02 1.53483324e+01]
  [4.93574247e-05 8.17549192e-01 2.47705590e+01]]]

Ref Max Pull Table:
[[[4.36053375e-06 1.46209696e-02 1.55352862e+01]
  [4.34446578e-06 1.38239417e-02 1.86219671e+01]
  [3.81206620e-06 1.47407851e-02 1.52489470e+01]
  [3.54226104e-06 1.46818460e-02 1.51307296e+01]]

 [[4.17144617e-06 1.45870010e-02 1.57489982e+01]
  [5.95021919e-06 1.47331756e-02 1.50448564e+01]
  [6.28143141e-06 1.47079459e-02 1.52206515e+01]
  [5.63088112e-06 1.14351372e-02 2.54562713e+01]]

 [[3.71015499e-06 1.47035937e-02 1.51510192e+01]
  [4.18076195e-06 1.47022672e-02 1.52781664e+01]
  [3.84711359e-06 1.47466397e-02 1.52240959e+01]
  [3.94250763e-06 1.47363953e-02 1.51508864e+01]]

 [[3.71446016e-06 1.46173675e-02 1.53528597e+01]
  [4.88785891e-05 8.17565370e-01 2.51280768e+01]
  [3.94480991e-06 1.46996103e-02 1.52943871e+01]
  [4.39590977e-06 1.48026231e-02 1.52606225e+01]]]

Max Activate Table:
[[[1.34170153e-05 2.60654191e-02 1.50383625e+01 7.85875967e-04
   4.74716727e-04 3.90233066e-04 3.90233066e-04]
  [1.33394811e-05 2.50652052e-02 1.51026375e+01 7.86473985e-04
   4.75077477e-04 3.90379231e-04 3.90379231e-04]
  [1.52787007e-05 2.77694236e-02 1.53436241e+01 7.86109665e-04
   4.74880349e-04 3.90089639e-04 3.90089639e-04]
  [1.31261011e-05 2.54137676e-02 1.51916421e+01 7.85590116e-04
   4.75084807e-04 3.90481234e-04 3.90481234e-04]
  [1.51997517e-05 2.71821551e-02 1.53118251e+01 7.85592590e-04
   4.75719536e-04 3.90153101e-04 3.90153101e-04]
  [1.32891714e-05 2.52425741e-02 1.53822505e+01 7.88266779e-04
   4.74279271e-04 3.90081976e-04 3.90081976e-04]
  [6.43696057e-06 1.15042102e-02 2.54997836e+01 7.88713193e-04
   4.74783142e-04 3.90840124e-04 3.90840124e-04]
  [1.27065507e-05 2.43489428e-02 1.53818918e+01 7.88575317e-04
   4.74262094e-04 3.90339854e-04 3.90339854e-04]]

 [[1.37514074e-05 2.64647443e-02 1.50482514e+01 7.87859460e-04
   4.74461485e-04 3.90159252e-04 3.90159252e-04]
  [1.49197202e-05 2.76397561e-02 1.53376515e+01 7.85202313e-04
   4.74916986e-04 3.90244751e-04 3.90244751e-04]
  [1.52605867e-05 2.62628360e-02 1.52759038e+01 7.86714784e-04
   4.74416147e-04 3.90108961e-04 3.90108961e-04]
  [1.52715091e-05 2.76505225e-02 1.53045622e+01 7.88921786e-04
   4.74090320e-04 3.89878434e-04 3.89878434e-04]
  [1.35359444e-05 2.47182986e-02 1.53321943e+01 7.87278741e-04
   4.74451717e-04 3.90130778e-04 3.90130778e-04]
  [1.45231593e-05 2.51023003e-02 1.54372320e+01 7.87277318e-04
   4.74584618e-04 3.90120049e-04 3.90120049e-04]
  [1.29254165e-05 2.48334673e-02 1.57415061e+01 7.87573257e-04
   4.74708358e-04 3.90048017e-04 3.90048017e-04]
  [1.31124643e-05 2.51254389e-02 1.53621584e+01 7.87326253e-04
   4.74744521e-04 3.90189082e-04 3.90189082e-04]]

 [[1.43517019e-05 2.65615305e-02 1.52743190e+01 7.85182464e-04
   4.75474173e-04 3.90506646e-04 3.90506646e-04]
  [1.47504882e-05 2.71285303e-02 1.51796985e+01 7.86071572e-04
   4.74782425e-04 3.90047253e-04 3.90047253e-04]
  [1.33345531e-05 2.49583456e-02 1.52821270e+01 7.86945339e-04
   4.74604100e-04 3.90248070e-04 3.90248070e-04]
  [1.80152279e-05 2.66713411e-02 1.52546676e+01 7.84938610e-04
   4.74961341e-04 3.90434478e-04 3.90434478e-04]
  [1.26867093e-05 2.50655200e-02 1.53157906e+01 7.86966298e-04
   4.74588635e-04 3.90286161e-04 3.90286161e-04]
  [1.37137785e-05 2.53825735e-02 1.54156434e+01 7.87468867e-04
   4.74598921e-04 3.90155306e-04 3.90155306e-04]
  [1.34380769e-05 2.49008678e-02 1.53637368e+01 7.87410264e-04
   4.74750506e-04 3.90269506e-04 3.90269506e-04]
  [1.32770516e-05 2.44947084e-02 1.54341384e+01 7.88402093e-04
   4.74050020e-04 3.90064028e-04 3.90064028e-04]]

 [[1.29977024e-05 2.54096343e-02 1.51506178e+01 7.86664119e-04
   4.74734671e-04 3.90309358e-04 3.90309358e-04]
  [1.28643115e-05 2.51244948e-02 1.52568698e+01 7.87085885e-04
   4.74696893e-04 3.90164319e-04 3.90164319e-04]
  [1.29788830e-05 2.51683459e-02 1.54241978e+01 7.84399903e-04
   4.75850381e-04 3.90592779e-04 3.90592779e-04]
  [1.77085738e-05 2.66108269e-02 1.51763770e+01 7.87109422e-04
   4.74729632e-04 3.90198681e-04 3.90198681e-04]
  [1.34086977e-05 2.49531353e-02 1.54193773e+01 7.87995092e-04
   4.74295887e-04 3.90025187e-04 3.90025187e-04]
  [1.80964759e-05 2.53121194e-02 1.53155151e+01 7.85893800e-04
   4.75020974e-04 3.90219277e-04 3.90219277e-04]
  [1.32418361e-05 2.57428552e-02 1.53534468e+01 7.85399584e-04
   4.75011747e-04 3.90430534e-04 3.90430534e-04]
  [1.40821221e-05 2.46164718e-02 1.56392526e+01 7.87894681e-04
   4.74566626e-04 3.90293880e-04 3.90293880e-04]]

 [[5.54246006e-06 1.15049343e-02 2.58623623e+01 7.90390878e-04
   4.73752506e-04 3.90968650e-04 3.90968650e-04]
  [1.40586135e-05 2.60338743e-02 1.50307968e+01 7.86127283e-04
   4.74874305e-04 3.90129274e-04 3.90129274e-04]
  [1.50978168e-05 2.57486353e-02 1.53303530e+01 7.87030379e-04
   4.74598888e-04 3.90223451e-04 3.90223451e-04]
  [1.33292268e-05 2.51452222e-02 1.52197930e+01 7.87137519e-04
   4.74348034e-04 3.90094640e-04 3.90094640e-04]
  [1.41720304e-05 2.54448891e-02 1.51631661e+01 7.86319398e-04
   4.75068572e-04 3.90274499e-04 3.90274499e-04]
  [1.23752616e-05 2.43337329e-02 1.53989640e+01 7.86410255e-04
   4.74802749e-04 3.90462435e-04 3.90462435e-04]
  [1.31234834e-05 2.48058703e-02 1.52199300e+01 7.87245166e-04
   4.74552036e-04 3.90221935e-04 3.90221935e-04]
  [1.34704629e-05 2.41347727e-02 1.54307009e+01 7.85694803e-04
   4.75377011e-04 3.90679007e-04 3.90679007e-04]]

 [[1.35012633e-05 2.54851325e-02 1.51049587e+01 7.88086128e-04
   4.74122218e-04 3.89974461e-04 3.89974461e-04]
  [1.40745260e-05 2.64613815e-02 1.53616280e+01 7.86928589e-04
   4.74588931e-04 3.90225104e-04 3.90225104e-04]
  [1.43423197e-05 2.55867826e-02 1.50053679e+01 7.87056271e-04
   4.74518081e-04 3.90254204e-04 3.90254204e-04]
  [2.45692406e-05 2.51977022e-02 1.52545722e+01 7.87506761e-04
   4.74688617e-04 3.90253031e-04 3.90253031e-04]
  [3.71586369e-06 1.15056298e-02 2.57630956e+01 7.90639513e-04
   4.73429336e-04 3.90779407e-04 3.90779407e-04]
  [1.63475408e-05 2.58487321e-02 1.52691307e+01 7.86694192e-04
   4.74942999e-04 3.90262217e-04 3.90262217e-04]
  [1.22141784e-05 2.44831728e-02 1.54658292e+01 7.87178117e-04
   4.74495998e-04 3.90161656e-04 3.90161656e-04]
  [1.23758207e-05 2.43988589e-02 1.52947841e+01 7.87419993e-04
   4.74475166e-04 3.90233578e-04 3.90233578e-04]]

 [[1.27077977e-05 2.47918772e-02 1.50777497e+01 7.86567053e-04
   4.74809581e-04 3.90456421e-04 3.90456421e-04]
  [1.31532587e-05 2.45260024e-02 1.52389645e+01 7.87616867e-04
   4.74493997e-04 3.89937094e-04 3.89937094e-04]
  [1.40672262e-05 2.60280538e-02 1.52674455e+01 7.88041346e-04
   4.73852692e-04 3.90144892e-04 3.90144892e-04]
  [1.25792517e-05 2.47360894e-02 1.53329879e+01 7.88216808e-04
   4.74340750e-04 3.90033100e-04 3.90033100e-04]
  [1.48228767e-05 2.74312933e-02 1.52341251e+01 7.86648180e-04
   4.74697188e-04 3.90142544e-04 3.90142544e-04]
  [1.35033335e-05 2.45284348e-02 1.54206212e+01 7.87115353e-04
   4.74500955e-04 3.90171484e-04 3.90171484e-04]
  [1.24378702e-05 2.42828626e-02 1.53693808e+01 7.86852644e-04
   4.74731352e-04 3.90189325e-04 3.90189325e-04]
  [4.62769026e-06 1.15035807e-02 2.54955579e+01 7.81835065e-04
   4.94382710e-04 3.89827599e-04 3.98865290e-04]]

 [[1.30763842e-05 2.51462276e-02 1.53016392e+01 7.88114732e-04
   4.74479052e-04 3.90197046e-04 3.90197046e-04]
  [1.32850998e-05 2.54411175e-02 1.52849668e+01 7.85170980e-04
   4.75384407e-04 3.90388685e-04 3.90388685e-04]
  [1.33693562e-05 2.52007136e-02 1.51776440e+01 7.88454861e-04
   4.74024540e-04 3.89988421e-04 3.89988421e-04]
  [1.33002864e-05 2.50012563e-02 1.53383014e+01 7.87166275e-04
   4.74657762e-04 3.90422629e-04 3.90422629e-04]
  [1.32894766e-05 2.37757464e-02 1.61744652e+01 7.87815187e-04
   4.74455948e-04 3.90214747e-04 3.90214747e-04]
  [4.63222699e-05 8.17633804e-01 2.54821123e+01 7.80456558e-04
   5.13220089e-04 3.91379990e-04 3.91379990e-04]
  [1.23810805e-05 2.46271938e-02 1.51624819e+01 7.85139537e-04
   4.75220637e-04 3.90233218e-04 3.90233218e-04]
  [1.42429851e-05 2.53038045e-02 1.52633276e+01 7.87825354e-04
   4.74323984e-04 3.90047818e-04 3.90047818e-04]]]

Cumulative Reward: 6762.909595358291
