Scheduler Table:
[[[1.90465508e-05 2.87075297e-02 2.76815329e+01 9.76652603e-04
   8.44602129e-03 1.47841811e-03 1.47841811e-03]
  [1.38839564e-05 2.87648197e-02 2.76466032e+01 9.62009650e-04
   1.17830034e-02 1.47364197e-03 1.47364197e-03]
  [1.35294827e-05 2.86913114e-02 2.79183674e+01 9.64554029e-04
   8.61224784e-03 1.47937059e-03 1.47937059e-03]]

 [[1.88179673e-05 2.87696331e-02 2.76356441e+01 9.66127265e-04
   1.06395505e-02 1.47667804e-03 1.47667804e-03]
  [1.32538261e-05 2.87621333e-02 2.77927092e+01 9.54074818e-04
   9.91687482e-03 1.47015912e-03 1.47015912e-03]
  [8.43159687e-06 2.73185108e-02 2.90823978e+01 9.49177241e-04
   8.02090400e-03 1.47263276e-03 1.47263276e-03]]

 [[1.48304448e-05 2.86810401e-02 2.77872962e+01 9.53369079e-04
   1.25568310e-02 1.47544185e-03 1.47544185e-03]
  [1.00473219e-05 2.82381196e-02 2.88255176e+01 9.56975810e-04
   8.30051859e-03 1.48240664e-03 1.48240664e-03]
  [7.66645662e-07 2.30498206e-02 2.98801368e+01 9.66100576e-04
   1.19376277e-01 1.36583594e-03 1.51680156e-03]]]

Buffer Table:
[[[1.36668733e-05 2.87383559e-02 2.76282317e+01 9.64491498e-04
   1.16790147e-02 1.48196101e-03 1.48196101e-03]
  [8.32700128e-07 2.30609946e-02 2.99557074e+01 9.68155373e-04
   1.19792889e-01 1.37337811e-03 1.52434373e-03]
  [1.32495575e-05 2.86478663e-02 2.87397834e+01 9.64685405e-04
   1.10368913e-02 1.48646384e-03 1.48646384e-03]]

 [[8.35107001e-07 2.30619836e-02 3.00604194e+01 9.77361430e-04
   3.24155789e-03 1.39285157e-03 1.39285157e-03]
  [1.44063618e-05 2.87286144e-02 2.77977076e+01 9.64582707e-04
   1.06600788e-02 1.48156625e-03 1.48156625e-03]
  [1.00934615e-05 2.88842702e-02 2.75342267e+01 9.55593143e-04
   1.25779346e-02 1.47745434e-03 1.47745434e-03]]

 [[1.20188563e-05 2.88045455e-02 2.73785867e+01 9.58636392e-04
   8.57001979e-03 1.46849223e-03 1.46849223e-03]
  [1.05535864e-05 2.81169526e-02 2.90917574e+01 9.65429186e-04
   1.07520878e-02 1.48493846e-03 1.48493846e-03]
  [1.73328075e-05 2.86590774e-02 2.77423440e+01 9.62786326e-04
   1.10301465e-02 1.47671413e-03 1.47671413e-03]]]

Arbiter Table:
[[[7.66645658e-07 2.30498206e-02 2.98801368e+01 9.66100576e-04
   1.19376277e-01 1.36583594e-03 1.51680156e-03]
  [8.45600278e-06 2.82918459e-02 2.88274798e+01 9.56783473e-04
   1.01045400e-02 1.48151719e-03 1.48151719e-03]
  [8.97856499e-06 2.84579381e-02 2.85302785e+01 9.55570918e-04
   1.09629849e-02 1.47593153e-03 1.47593153e-03]]

 [[7.08600882e-06 2.78907352e-02 2.91392819e+01 9.49027152e-04
   9.96665759e-03 1.48431937e-03 1.48431937e-03]
  [1.04664185e-05 2.89230894e-02 2.72733516e+01 9.75427711e-04
   9.44448860e-03 1.46986055e-03 1.46986055e-03]
  [9.75016290e-06 2.87564652e-02 2.75686367e+01 9.60012335e-04
   1.21359724e-02 1.47896581e-03 1.47896581e-03]]

 [[1.36718364e-05 2.88196146e-02 2.79550204e+01 9.60199524e-04
   1.06242898e-02 1.48297714e-03 1.48297714e-03]
  [7.86569583e-06 2.81970506e-02 2.89361380e+01 9.56000465e-04
   1.08493768e-02 1.47797726e-03 1.47797726e-03]
  [1.23330529e-05 2.87551702e-02 2.78762686e+01 9.58190150e-04
   1.17841016e-02 1.47886018e-03 1.47886018e-03]]]

Page Table:
[[[7.66645658e-07 2.30498206e-02 2.98801368e+01 9.66100576e-04
   1.19376277e-01 1.36583594e-03 1.51680156e-03]
  [2.27197413e-05 2.92181727e-02 2.76829456e+01 9.59239928e-04
   8.89575102e-03 1.47195152e-03 1.47195152e-03]
  [7.74165520e-06 2.90207330e-02 2.81123851e+01 9.65465271e-04
   8.95828270e-03 1.48187016e-03 1.48187016e-03]
  [1.00254909e-05 2.89866924e-02 2.81527552e+01 9.68477238e-04
   1.05191220e-02 1.47814090e-03 1.47814090e-03]]

 [[6.93064871e-06 2.83684742e-02 2.91067256e+01 9.74059254e-04
   8.60522296e-03 1.47929422e-03 1.47929422e-03]
  [1.05896586e-05 2.91499248e-02 2.77683417e+01 9.65101374e-04
   1.00174778e-02 1.48000736e-03 1.48000736e-03]
  [1.42601120e-05 2.92301255e-02 2.77185175e+01 9.63769000e-04
   8.30897762e-03 1.47195613e-03 1.47195613e-03]
  [1.33000441e-05 2.91782281e-02 2.76539608e+01 9.51236582e-04
   1.37235892e-02 1.48046235e-03 1.48046235e-03]]

 [[9.66872952e-06 2.92589243e-02 2.76977052e+01 9.74911845e-04
   1.02913943e-02 1.46171707e-03 1.46171707e-03]
  [8.52314639e-06 2.87618173e-02 2.88471728e+01 9.69955078e-04
   8.09304368e-03 1.47255398e-03 1.47255398e-03]
  [7.46975744e-06 2.92707585e-02 2.78036447e+01 9.71282344e-04
   9.76486937e-03 1.47658163e-03 1.47658163e-03]
  [1.84600127e-05 2.93038312e-02 2.76898165e+01 9.66888113e-04
   8.98685777e-03 1.47561662e-03 1.47561662e-03]]

 [[6.97743360e-06 2.80051833e-02 2.87424136e+01 9.65579388e-04
   1.10661122e-02 1.48399482e-03 1.48399482e-03]
  [7.68271875e-06 2.93129217e-02 2.80005980e+01 9.59061351e-04
   1.09111935e-02 1.48073369e-03 1.48073369e-03]
  [7.59091177e-06 2.92856585e-02 2.79486935e+01 9.74855511e-04
   8.83919262e-03 1.47645871e-03 1.47645871e-03]
  [1.04092996e-05 2.93218125e-02 2.75328289e+01 9.57827214e-04
   1.26877370e-02 1.47272222e-03 1.47272222e-03]]]

Response Table:
[[[1.57612659e-05 2.82864095e-02 2.73949674e+01]
  [1.31484542e-05 2.84072699e-02 2.78071023e+01]]

 [[1.34800546e-05 2.83840451e-02 2.79124834e+01]
  [7.66645658e-07 2.30498206e-02 2.98801368e+01]]]

Refresh Table:
[[[7.66645658e-07 2.30498206e-02 2.98801368e+01]
  [1.91328421e-05 2.83906133e-02 2.75614169e+01]]

 [[1.99887148e-05 2.85682610e-02 2.77955554e+01]
  [1.85109997e-05 2.84724292e-02 2.77944678e+01]]]

Request Buffer Table:
[[[9.33756159e-06 3.50849358e-02 2.74678076e+01]
  [7.80932258e-06 3.48739436e-02 2.78165199e+01]
  [1.03020787e-05 3.49610610e-02 2.79793779e+01]
  [8.82345202e-06 3.54342983e-02 2.77693267e+01]
  [9.74620481e-06 3.50594734e-02 2.81734182e+01]
  [7.50323440e-06 3.47364669e-02 2.80573366e+01]
  [7.84571539e-06 3.53467724e-02 2.82190259e+01]
  [1.03727300e-05 3.43348975e-02 2.85133268e+01]]

 [[3.93448652e-05 3.44458952e-02 2.81535618e+01]
  [7.66645658e-07 2.30498206e-02 2.98801368e+01]
  [7.99549268e-06 3.57433175e-02 2.75672030e+01]
  [2.36009209e-05 3.54404319e-02 2.79803500e+01]
  [1.39613118e-05 3.52724491e-02 2.78296948e+01]
  [7.56906064e-06 3.51498531e-02 2.79817116e+01]
  [7.60459601e-06 3.46625922e-02 2.78453733e+01]
  [7.85221421e-06 3.44962654e-02 2.75444087e+01]]

 [[8.28247914e-06 3.49635046e-02 2.78534475e+01]
  [7.89632621e-06 3.52157024e-02 2.78662966e+01]
  [2.22858662e-05 3.52873052e-02 2.78867367e+01]
  [1.75024920e-05 3.56865750e-02 2.77729861e+01]
  [3.10182994e-05 3.49639146e-02 2.79066271e+01]
  [8.21921685e-06 3.51326512e-02 2.79758211e+01]
  [8.80985668e-06 3.52030916e-02 2.77309161e+01]
  [8.43748006e-06 3.55907841e-02 2.78750426e+01]]

 [[8.35007255e-06 3.64975272e-02 2.74442116e+01]
  [8.93304634e-06 3.49616274e-02 2.80900819e+01]
  [1.12338203e-05 3.52793297e-02 2.79144540e+01]
  [9.64968841e-06 3.50138128e-02 2.78765324e+01]
  [8.25246207e-06 3.17673906e-02 2.89726528e+01]
  [7.74009265e-06 3.46270427e-02 2.80954388e+01]
  [9.71721986e-06 3.55704546e-02 2.80643903e+01]
  [8.19348888e-06 3.51134429e-02 2.77369512e+01]]

 [[1.95562033e-05 3.50952909e-02 2.75802521e+01]
  [7.96603469e-06 3.26462470e-02 2.83451169e+01]
  [9.10684888e-06 3.57145988e-02 2.77348511e+01]
  [1.08396937e-06 2.56815928e-02 3.04398515e+01]
  [1.99205678e-05 3.51466758e-02 2.75255789e+01]
  [7.69759237e-06 3.51710682e-02 2.81433336e+01]
  [9.18316483e-06 3.53190523e-02 2.79052331e+01]
  [7.63894434e-06 3.50994667e-02 2.79258649e+01]]

 [[8.03896973e-06 3.49764606e-02 2.81052385e+01]
  [7.74890121e-06 3.48285157e-02 2.78315135e+01]
  [9.59830973e-06 3.55981644e-02 2.78645976e+01]
  [8.72114841e-06 3.54994041e-02 2.81047943e+01]
  [1.66561362e-05 3.46897997e-02 2.79556221e+01]
  [8.31866199e-06 3.26485804e-02 2.89912999e+01]
  [9.76972335e-06 3.53360475e-02 2.82340050e+01]
  [1.48580104e-05 3.49266818e-02 2.81928962e+01]]

 [[7.84200693e-06 3.47330516e-02 2.78401859e+01]
  [8.60267464e-06 3.48764145e-02 2.80602956e+01]
  [1.25347271e-05 3.52039114e-02 2.79805041e+01]
  [1.69948208e-05 3.57397932e-02 2.76104016e+01]
  [9.54207039e-06 3.47445237e-02 2.77790411e+01]
  [7.58553928e-06 3.51882701e-02 2.79032973e+01]
  [7.94302666e-06 3.51571292e-02 2.77538398e+01]
  [8.33230082e-06 3.71122666e-02 2.78790040e+01]]

 [[8.21121952e-06 3.52986038e-02 2.78028630e+01]
  [8.69809231e-06 3.48039340e-02 2.79161456e+01]
  [1.05908140e-05 3.50616561e-02 2.81288467e+01]
  [1.06656970e-05 3.57298064e-02 2.80174693e+01]
  [1.24926134e-05 3.30272154e-02 2.89800079e+01]
  [7.76219746e-06 3.62305629e-02 2.78935365e+01]
  [7.40260855e-06 3.49998367e-02 2.80850575e+01]
  [9.55690652e-06 3.53151478e-02 2.80701435e+01]]]

Ref Max Post Table:
[[[1.07857514e-05 2.92306390e-02 2.78989919e+01]
  [1.28100848e-05 2.92111299e-02 2.79210030e+01]
  [4.01394950e-05 2.94671633e-02 2.75620408e+01]
  [8.53195535e-06 2.85747295e-02 2.90326772e+01]]

 [[9.16919781e-06 2.92061386e-02 2.81413216e+01]
  [5.74303955e-06 2.81346085e-02 2.86191302e+01]
  [1.24961019e-05 2.91527758e-02 2.76932299e+01]
  [1.58187551e-05 2.92752761e-02 2.86850980e+01]]

 [[1.10223939e-05 2.92254647e-02 2.79946047e+01]
  [2.24643036e-05 2.92918846e-02 2.79190337e+01]
  [8.56183512e-06 2.93006651e-02 2.78067915e+01]
  [8.32095894e-06 2.77614935e-02 2.88977991e+01]]

 [[8.03934598e-06 2.93764755e-02 2.78829198e+01]
  [9.51198816e-06 2.90946406e-02 2.88846162e+01]
  [9.87876893e-06 2.89852270e-02 2.83435932e+01]
  [7.66651302e-07 2.30498281e-02 2.98801325e+01]]]

Ref Max Pull Table:
[[[1.13111944e-05 2.91263942e-02 2.79382745e+01]
  [8.19054308e-06 2.94051045e-02 2.78227771e+01]
  [7.80474796e-06 2.93874104e-02 2.78775417e+01]
  [8.39232957e-07 2.30687085e-02 3.00573139e+01]]

 [[1.38459693e-05 2.72575522e-02 2.88700373e+01]
  [1.25470111e-05 2.81803156e-02 2.85971597e+01]
  [8.40207652e-06 2.91672219e-02 2.77568673e+01]
  [1.12618838e-05 2.92397775e-02 2.79733997e+01]]

 [[1.37866269e-05 2.91461656e-02 2.80073321e+01]
  [1.72975012e-05 2.81563203e-02 2.86525125e+01]
  [1.17072107e-05 2.94382911e-02 2.76157186e+01]
  [1.11129043e-05 2.92467304e-02 2.76171877e+01]]

 [[8.36715700e-07 2.30675396e-02 2.99526851e+01]
  [1.85383384e-05 2.90770382e-02 2.81262484e+01]
  [9.34460043e-06 2.90148286e-02 2.81753216e+01]
  [8.55585512e-06 2.94508133e-02 2.80072570e+01]]]

Max Activate Table:
[[[1.25748264e-05 3.51332954e-02 2.79399717e+01 9.59363847e-04
   1.25283150e-02 1.46908044e-03 1.46908044e-03]
  [1.11702528e-05 3.51733466e-02 2.78450068e+01 9.67156318e-04
   1.06988192e-02 1.47404627e-03 1.47404627e-03]
  [8.47005795e-06 3.51993344e-02 2.78500185e+01 9.68275967e-04
   1.03509104e-02 1.47662418e-03 1.47662418e-03]
  [1.00838954e-05 3.51675255e-02 2.78869809e+01 9.60720667e-04
   1.10913586e-02 1.46591802e-03 1.46591802e-03]
  [1.08125400e-05 3.57815274e-02 2.79493094e+01 9.65194821e-04
   1.18659490e-02 1.47058661e-03 1.47058661e-03]
  [1.00055610e-05 3.50167419e-02 2.83589408e+01 9.66847693e-04
   1.00666129e-02 1.47569829e-03 1.47569829e-03]
  [9.59264677e-06 3.49371029e-02 2.81259272e+01 9.55425491e-04
   1.39532717e-02 1.47631649e-03 1.47631649e-03]
  [9.20504660e-06 3.45700750e-02 2.80207625e+01 9.53444808e-04
   1.44380332e-02 1.47483055e-03 1.47483055e-03]]

 [[9.08783823e-06 3.54263543e-02 2.75745737e+01 9.59047171e-04
   1.07724961e-02 1.47366267e-03 1.47366267e-03]
  [8.48230366e-06 3.53865490e-02 2.79033095e+01 9.62985079e-04
   1.07877723e-02 1.47651167e-03 1.47651167e-03]
  [1.05057566e-05 3.55462968e-02 2.78796107e+01 9.58392915e-04
   1.10285441e-02 1.47520190e-03 1.47520190e-03]
  [1.14098557e-05 3.54404478e-02 2.78327921e+01 9.71768368e-04
   1.08971162e-02 1.47567264e-03 1.47567264e-03]
  [1.00022840e-05 3.49926772e-02 2.78557063e+01 9.78941851e-04
   1.07562241e-02 1.47592758e-03 1.47592758e-03]
  [1.00853870e-05 3.50811790e-02 2.79681830e+01 9.53068206e-04
   1.23944600e-02 1.47525413e-03 1.47525413e-03]
  [9.21517544e-06 3.49268295e-02 2.81193745e+01 9.61899223e-04
   9.78269839e-03 1.46941114e-03 1.46941114e-03]
  [8.28881874e-06 3.49779814e-02 2.76523810e+01 9.55639927e-04
   1.35081001e-02 1.47527440e-03 1.47527440e-03]]

 [[1.89341158e-05 3.49789610e-02 2.77573986e+01 9.54310727e-04
   1.10607166e-02 1.47006216e-03 1.47006216e-03]
  [1.21061284e-05 3.58568528e-02 2.77997064e+01 9.69032628e-04
   1.24439933e-02 1.47438868e-03 1.47438868e-03]
  [1.23925437e-05 3.48563308e-02 2.80054842e+01 9.61672615e-04
   1.11386207e-02 1.47053955e-03 1.47053955e-03]
  [3.53542944e-05 3.53455489e-02 2.79920494e+01 9.68657316e-04
   1.33463032e-02 1.47104616e-03 1.47104616e-03]
  [1.16426188e-06 2.31361200e-02 3.01512233e+01 9.62859912e-04
   7.99057878e-03 1.44230134e-03 1.44230134e-03]
  [9.66697279e-06 3.49099871e-02 2.77947353e+01 9.56832704e-04
   1.18075945e-02 1.45076647e-03 1.45076647e-03]
  [1.01636567e-05 3.44491673e-02 2.83807176e+01 9.78796498e-04
   1.11073400e-02 1.47666858e-03 1.47666858e-03]
  [1.28472251e-05 3.50670751e-02 2.79614967e+01 9.53040700e-04
   1.53245655e-02 1.46255294e-03 1.46255294e-03]]

 [[1.20365753e-05 3.51965380e-02 2.77732645e+01 9.52897313e-04
   1.00830634e-02 1.47319251e-03 1.47319251e-03]
  [1.22049751e-05 3.49849086e-02 2.77084113e+01 9.66489903e-04
   1.03394016e-02 1.47489632e-03 1.47489632e-03]
  [1.16505874e-05 3.55312186e-02 2.79388472e+01 9.60675235e-04
   1.14693925e-02 1.47468003e-03 1.47468003e-03]
  [1.59557317e-05 3.48660293e-02 2.82471744e+01 9.62381290e-04
   1.28158203e-02 1.47282651e-03 1.47282651e-03]
  [1.45822122e-05 3.17699713e-02 2.89859130e+01 9.74947769e-04
   1.16405293e-02 1.47681644e-03 1.47681644e-03]
  [1.21994531e-05 3.52697508e-02 2.80751912e+01 9.58845131e-04
   1.01358717e-02 1.47509898e-03 1.47509898e-03]
  [1.36030434e-05 3.52744801e-02 2.76064787e+01 9.67508512e-04
   1.05576437e-02 1.47419826e-03 1.47419826e-03]
  [8.98266083e-06 3.52426572e-02 2.80171519e+01 9.72399221e-04
   1.03775148e-02 1.46764764e-03 1.46764764e-03]]

 [[1.00006816e-05 3.50743630e-02 2.79984605e+01 9.65177492e-04
   1.06056072e-02 1.47179699e-03 1.47179699e-03]
  [9.70860067e-06 3.55056675e-02 2.78118835e+01 9.67040267e-04
   1.02445965e-02 1.47348881e-03 1.47348881e-03]
  [6.10193531e-06 3.09017897e-02 2.87474346e+01 9.61974473e-04
   1.17705433e-02 1.46726191e-03 1.46726191e-03]
  [1.16810391e-05 3.55755816e-02 2.73708550e+01 9.60464067e-04
   1.03762517e-02 1.47416989e-03 1.47416989e-03]
  [2.89070766e-06 2.43648200e-02 2.96445736e+01 9.64810099e-04
   1.20050322e-01 1.37023658e-03 1.52120220e-03]
  [9.60406808e-06 3.51879585e-02 2.76907252e+01 9.49212890e-04
   1.37206452e-02 1.47489531e-03 1.47489531e-03]
  [1.44485568e-05 3.46719064e-02 2.81801348e+01 9.76813311e-04
   1.08504878e-02 1.47698748e-03 1.47698748e-03]
  [1.34836097e-05 3.53281977e-02 2.79845678e+01 9.70506748e-04
   1.01590016e-02 1.47347663e-03 1.47347663e-03]]

 [[9.30725958e-06 3.56443185e-02 2.78407070e+01 9.76544326e-04
   1.09248614e-02 1.47592454e-03 1.47592454e-03]
  [8.56033494e-06 3.59743745e-02 2.76075923e+01 9.56398358e-04
   1.43313112e-02 1.46581406e-03 1.46581406e-03]
  [9.74527490e-06 3.54858293e-02 2.77084798e+01 9.48612569e-04
   1.31914041e-02 1.47328479e-03 1.47328479e-03]
  [1.65830622e-05 3.33250201e-02 2.88955376e+01 9.56203911e-04
   1.18635551e-02 1.47577904e-03 1.47577904e-03]
  [1.15350510e-05 3.48307168e-02 2.76091598e+01 9.63949501e-04
   1.41082430e-02 1.45696573e-03 1.45696573e-03]
  [9.41040233e-06 3.52763408e-02 2.77078061e+01 9.79764633e-04
   1.02453760e-02 1.47325071e-03 1.47325071e-03]
  [9.60342685e-06 3.48132513e-02 2.81017957e+01 9.72227918e-04
   1.09258239e-02 1.47888389e-03 1.47888389e-03]
  [8.61840996e-06 3.49490042e-02 2.76386894e+01 9.79786022e-04
   1.19821448e-02 1.45167336e-03 1.45167336e-03]]

 [[1.02504821e-05 3.53631722e-02 2.78979720e+01 9.68020525e-04
   1.29768511e-02 1.47568816e-03 1.47568816e-03]
  [8.33205116e-06 3.46318800e-02 2.80338505e+01 9.67845163e-04
   1.22737424e-02 1.47308692e-03 1.47308692e-03]
  [1.12093161e-05 3.57424107e-02 2.77847530e+01 9.40548983e-04
   1.26038023e-02 1.47275784e-03 1.47275784e-03]
  [1.07812798e-05 3.52271291e-02 2.80189580e+01 9.65623571e-04
   1.27301869e-02 1.46791347e-03 1.46791347e-03]
  [8.46164094e-06 3.53763615e-02 2.80850827e+01 9.66719035e-04
   1.00322120e-02 1.46597634e-03 1.46597634e-03]
  [8.96163720e-06 3.48239479e-02 2.79804616e+01 9.65202699e-04
   1.16825696e-02 1.47414559e-03 1.47414559e-03]
  [9.29420572e-06 3.49000405e-02 2.77616557e+01 9.71038352e-04
   1.17802379e-02 1.47652849e-03 1.47652849e-03]
  [9.05220329e-06 3.43228132e-02 2.85652598e+01 9.73684680e-04
   9.61978520e-03 1.47335721e-03 1.47335721e-03]]

 [[1.04251039e-05 3.54209400e-02 2.78011745e+01 9.58577825e-04
   1.15076161e-02 1.47393895e-03 1.47393895e-03]
  [9.89718379e-06 3.47634994e-02 2.80815292e+01 9.69428132e-04
   9.89737445e-03 1.47738637e-03 1.47738637e-03]
  [1.10243412e-05 3.53665473e-02 2.76605155e+01 9.39706246e-04
   1.98805652e-02 1.46505831e-03 1.46505831e-03]
  [1.01232179e-05 3.51011963e-02 2.79776705e+01 9.66076198e-04
   1.10007381e-02 1.46003085e-03 1.46003085e-03]
  [1.00309457e-05 3.47210583e-02 2.76031940e+01 9.73395050e-04
   1.04465873e-02 1.47203365e-03 1.47203365e-03]
  [1.48660070e-05 3.40858128e-02 2.85873273e+01 9.66869949e-04
   9.77358681e-03 1.47222042e-03 1.47222042e-03]
  [1.23634979e-05 3.49544417e-02 2.81182676e+01 9.62086884e-04
   1.28028230e-02 1.47773463e-03 1.47773463e-03]
  [9.30357093e-06 3.56502325e-02 2.78059010e+01 9.64734855e-04
   1.09687110e-02 1.46336927e-03 1.46336927e-03]]]

Cumulative Reward: 6061.245526092001
