Scheduler Table:
[[[3.83972006e-06 1.44409134e-02 1.38613044e+01 4.81132551e-04
   5.32122903e-03 7.40013190e-04 7.40013190e-04]
  [3.69061098e-06 1.44169028e-02 1.39501792e+01 4.81463464e-04
   6.51036850e-03 7.37076497e-04 7.37076497e-04]
  [4.31802235e-06 1.44781214e-02 1.40646364e+01 4.80619621e-04
   4.24510141e-03 7.40741750e-04 7.40741750e-04]]

 [[3.63674706e-06 1.44524281e-02 1.38717509e+01 4.80119914e-04
   5.87583627e-03 7.37994870e-04 7.37994870e-04]
  [2.76883987e-06 1.39770485e-02 1.44098612e+01 4.85528618e-04
   4.22858152e-03 7.39256258e-04 7.39256258e-04]
  [4.56562799e-07 1.10768588e-02 1.49219996e+01 4.85622754e-04
   5.19490013e-02 6.94962420e-04 7.59661970e-04]]

 [[3.88840340e-06 1.44448596e-02 1.39746635e+01 4.82509605e-04
   4.91039730e-03 7.38556535e-04 7.38556535e-04]
  [4.58060287e-07 1.11238553e-02 1.49810829e+01 4.88653535e-04
   2.00918881e-03 7.01654336e-04 7.01654336e-04]
  [3.82193010e-06 1.44497490e-02 1.41107920e+01 4.79336465e-04
   4.16480852e-03 7.39426637e-04 7.39426637e-04]]]

Buffer Table:
[[[3.60437561e-06 1.44375683e-02 1.38619725e+01 4.81104566e-04
   5.90971069e-03 7.34784974e-04 7.34784974e-04]
  [3.22487535e-06 1.36675684e-02 1.43242832e+01 4.85103309e-04
   3.99491147e-03 7.36212726e-04 7.36212726e-04]
  [3.42924190e-06 1.44578330e-02 1.40231200e+01 4.79654486e-04
   5.16223483e-03 7.39722050e-04 7.39722050e-04]]

 [[3.57347001e-06 1.43282248e-02 1.41102874e+01 4.80653772e-04
   4.69543488e-03 7.39715367e-04 7.39715367e-04]
  [4.02675696e-07 1.11059504e-02 1.48399389e+01 4.84095938e-04
   5.14920019e-02 6.86531603e-04 7.51231153e-04]
  [3.42795534e-06 1.43261122e-02 1.41254315e+01 4.84196918e-04
   5.44505615e-03 7.40604732e-04 7.40604732e-04]]

 [[3.73208402e-06 1.44186537e-02 1.39329210e+01 4.78266293e-04
   5.06582038e-03 7.35797246e-04 7.35797246e-04]
  [5.36365176e-06 1.39617609e-02 1.45782342e+01 4.81555402e-04
   6.12174818e-03 7.42140844e-04 7.42140844e-04]
  [3.56872667e-06 1.44225621e-02 1.39968799e+01 4.85026860e-04
   5.35116522e-03 7.40068572e-04 7.40068572e-04]]]

Arbiter Table:
[[[5.53359501e-06 1.41059149e-02 1.44825320e+01 4.78523350e-04
   4.94592816e-03 7.37537156e-04 7.37537156e-04]
  [4.56562799e-07 1.10768588e-02 1.49219996e+01 4.85622754e-04
   5.19490013e-02 6.94962420e-04 7.59661970e-04]
  [3.18781874e-06 1.43003030e-02 1.40904766e+01 4.78731530e-04
   5.21968694e-03 7.39631218e-04 7.39631218e-04]]

 [[4.58060287e-07 1.11238553e-02 1.49810829e+01 4.88653535e-04
   2.00918881e-03 7.01654336e-04 7.01654336e-04]
  [4.35047853e-06 1.39393566e-02 1.42419525e+01 4.83775386e-04
   4.80708392e-03 7.39937354e-04 7.39937354e-04]
  [3.32993922e-06 1.43891959e-02 1.40227020e+01 4.83356513e-04
   4.73919310e-03 7.39293147e-04 7.39293147e-04]]

 [[2.41524019e-06 1.37713213e-02 1.45958929e+01 4.80673775e-04
   4.39033728e-03 7.39697800e-04 7.39697800e-04]
  [3.42494125e-06 1.44174323e-02 1.39735322e+01 4.84043316e-04
   5.92526588e-03 7.34516761e-04 7.34516761e-04]
  [3.62290915e-06 1.44085041e-02 1.39535124e+01 4.81836736e-04
   4.65074393e-03 7.38276328e-04 7.38276328e-04]]]

Page Table:
[[[1.65749649e-06 1.35302414e-02 1.47672283e+01 4.90254686e-04
   4.63363088e-03 7.43344492e-04 7.43344492e-04]
  [3.45074352e-06 1.46699151e-02 1.41563661e+01 4.84057894e-04
   5.04338105e-03 7.34756510e-04 7.34756510e-04]
  [2.99150543e-06 1.46984429e-02 1.37268235e+01 4.87798052e-04
   4.62722309e-03 7.40271416e-04 7.40271416e-04]
  [4.56562799e-07 1.10768588e-02 1.49219996e+01 4.85622754e-04
   5.19490013e-02 6.94962420e-04 7.59661970e-04]]

 [[2.88012130e-06 1.38951611e-02 1.46444840e+01 4.83718579e-04
   3.94733456e-03 7.36282756e-04 7.36282756e-04]
  [3.60348324e-06 1.46703847e-02 1.40697652e+01 4.84808401e-04
   4.66199457e-03 7.38735882e-04 7.38735882e-04]
  [3.35309375e-06 1.47537067e-02 1.37836402e+01 4.79794171e-04
   5.12058830e-03 7.35484542e-04 7.35484542e-04]
  [3.43341777e-06 1.46593121e-02 1.39464032e+01 4.75466415e-04
   6.43368114e-03 7.37760306e-04 7.37760306e-04]]

 [[4.02891282e-06 1.47390958e-02 1.39953494e+01 4.79842026e-04
   6.80011395e-03 7.35658970e-04 7.35658970e-04]
  [3.33801524e-06 1.44573573e-02 1.43533015e+01 4.84511507e-04
   4.07111589e-03 7.38392540e-04 7.38392540e-04]
  [3.64306693e-06 1.47750659e-02 1.37816248e+01 4.82703672e-04
   5.70924701e-03 7.39100926e-04 7.39100926e-04]
  [3.24296480e-06 1.47717089e-02 1.40444138e+01 4.83160972e-04
   4.60877763e-03 7.38201967e-04 7.38201967e-04]]

 [[4.58060286e-07 1.11238553e-02 1.49810829e+01 4.88653535e-04
   2.00918881e-03 7.01654336e-04 7.01654336e-04]
  [3.49716152e-06 1.47247198e-02 1.40145929e+01 4.76409320e-04
   5.29442859e-03 7.36054586e-04 7.36054586e-04]
  [3.44048800e-06 1.46930433e-02 1.38308979e+01 4.86364788e-04
   4.69608810e-03 7.39725731e-04 7.39725731e-04]
  [4.07250328e-06 1.38328932e-02 1.43194498e+01 4.76496527e-04
   6.42749824e-03 7.39530467e-04 7.39530467e-04]]]

Response Table:
[[[3.50233399e-06 1.42373997e-02 1.38338658e+01]
  [2.91135109e-06 1.42438453e-02 1.40254389e+01]]

 [[2.89133595e-06 1.42183508e-02 1.40828071e+01]
  [3.77320277e-07 1.10787381e-02 1.48503828e+01]]]

Refresh Table:
[[[1.83262655e-06 1.33692493e-02 1.47383772e+01]
  [4.56562799e-07 1.10768588e-02 1.49219996e+01]]

 [[4.58060287e-07 1.11238553e-02 1.49810829e+01]
  [3.18111792e-06 1.42033737e-02 1.39518587e+01]]]

Request Buffer Table:
[[[3.97972880e-06 1.94649053e-02 1.37615076e+01]
  [4.20115898e-06 1.91695703e-02 1.39475993e+01]
  [4.69377344e-06 1.93413950e-02 1.40295701e+01]
  [7.65567499e-06 1.93235167e-02 1.40261094e+01]
  [3.87522289e-06 1.89244701e-02 1.42275950e+01]
  [3.95107452e-06 1.93132872e-02 1.40369512e+01]
  [4.05645700e-06 1.95056142e-02 1.40691562e+01]
  [4.18126367e-06 1.92717167e-02 1.40200256e+01]]

 [[4.04989916e-06 1.92759480e-02 1.39125654e+01]
  [4.44357220e-06 1.97601420e-02 1.39944684e+01]
  [2.63888816e-06 1.54084508e-02 1.46494434e+01]
  [7.13529392e-06 1.96345636e-02 1.39950935e+01]
  [4.36700572e-06 1.94188396e-02 1.40175471e+01]
  [3.90473215e-06 1.93991606e-02 1.40326159e+01]
  [4.17445519e-06 1.95567347e-02 1.39069763e+01]
  [4.13262363e-06 1.93771725e-02 1.39340776e+01]]

 [[4.00690426e-06 1.91982723e-02 1.40662291e+01]
  [3.87164996e-06 1.84782876e-02 1.41288987e+01]
  [3.77320277e-07 1.10787381e-02 1.48503828e+01]
  [7.03277086e-06 1.97284347e-02 1.40436367e+01]
  [6.98006828e-06 1.90011266e-02 1.40061633e+01]
  [4.40980269e-06 2.00124192e-02 1.40528663e+01]
  [4.03365761e-06 1.90692612e-02 1.40898500e+01]
  [3.97933767e-06 1.92230331e-02 1.41117946e+01]]

 [[4.22595968e-06 1.98585003e-02 1.38039546e+01]
  [4.47336412e-06 1.98933139e-02 1.38457473e+01]
  [4.08062697e-06 1.90464563e-02 1.40303575e+01]
  [1.33035590e-05 1.98590460e-02 1.38776638e+01]
  [4.03040458e-06 1.92965921e-02 1.41359209e+01]
  [1.43429062e-05 1.99143907e-02 1.39987496e+01]
  [5.08125236e-06 2.00750386e-02 1.38781687e+01]
  [1.13344755e-05 1.96283292e-02 1.39022731e+01]]

 [[4.75956999e-06 1.93531577e-02 1.39181102e+01]
  [4.09692672e-06 1.92768450e-02 1.40584558e+01]
  [7.39268969e-06 1.92616009e-02 1.39098295e+01]
  [3.92496726e-06 1.92632510e-02 1.41286886e+01]
  [6.68274124e-06 1.91714075e-02 1.41139511e+01]
  [4.39918933e-06 1.95705490e-02 1.39357500e+01]
  [3.97269239e-06 1.86761071e-02 1.42948290e+01]
  [4.09997953e-06 1.94608050e-02 1.39547077e+01]]

 [[3.94923987e-06 1.96179994e-02 1.40159290e+01]
  [4.11789247e-06 1.94991652e-02 1.38857576e+01]
  [4.07266476e-06 1.95208733e-02 1.39434897e+01]
  [4.57402204e-06 1.95852843e-02 1.40862764e+01]
  [3.91665126e-06 1.90840716e-02 1.41011549e+01]
  [3.94278418e-06 1.90968019e-02 1.42168664e+01]
  [4.35634498e-06 1.99676032e-02 1.40588459e+01]
  [3.91853195e-06 1.91663294e-02 1.40532149e+01]]

 [[4.51341494e-06 1.96939086e-02 1.37874753e+01]
  [4.14471347e-06 1.78798285e-02 1.44013095e+01]
  [4.14327767e-06 1.96862310e-02 1.39482874e+01]
  [6.90582270e-06 1.95130840e-02 1.38874906e+01]
  [3.92821546e-06 1.90831523e-02 1.39808399e+01]
  [4.21192036e-06 1.96885848e-02 1.39330343e+01]
  [4.12861207e-06 1.96862116e-02 1.40320869e+01]
  [4.04555918e-06 1.91350560e-02 1.39625305e+01]]

 [[4.12052547e-06 1.91390943e-02 1.38176848e+01]
  [4.22547192e-06 1.92628163e-02 1.39138427e+01]
  [4.21829575e-06 1.91672852e-02 1.41003373e+01]
  [4.25797879e-06 2.04673522e-02 1.39450309e+01]
  [3.94073722e-06 1.93605794e-02 1.40197521e+01]
  [4.40027644e-06 1.99957270e-02 1.39006280e+01]
  [3.87082450e-06 1.91233460e-02 1.42032628e+01]
  [3.92086339e-06 1.93028299e-02 1.40756126e+01]]]

Ref Max Post Table:
[[[3.50635411e-06 1.47919993e-02 1.39437998e+01]
  [3.15867148e-06 1.47683723e-02 1.38883208e+01]
  [5.19148902e-06 1.48713487e-02 1.39496533e+01]
  [2.85214340e-06 1.41635953e-02 1.43448357e+01]]

 [[3.38838160e-06 1.47124840e-02 1.39240278e+01]
  [3.70550196e-06 1.46840765e-02 1.39615554e+01]
  [3.29512363e-06 1.45593015e-02 1.42301096e+01]
  [5.86669560e-06 1.47386968e-02 1.39857555e+01]]

 [[5.05579517e-06 1.47412234e-02 1.39722540e+01]
  [4.10948907e-06 1.47736277e-02 1.40910750e+01]
  [3.26953177e-06 1.47114234e-02 1.39178448e+01]
  [2.10743963e-06 1.36112796e-02 1.47894760e+01]]

 [[4.30300752e-06 1.46271593e-02 1.40757533e+01]
  [3.35307560e-06 1.46199693e-02 1.40781090e+01]
  [3.26512357e-06 1.44779103e-02 1.42415974e+01]
  [3.77331851e-07 1.10787503e-02 1.48503774e+01]]]

Ref Max Pull Table:
[[[3.27807851e-06 1.46428156e-02 1.39549622e+01]
  [3.47788266e-06 1.47209247e-02 1.40156292e+01]
  [3.60262316e-06 1.47285212e-02 1.39448776e+01]
  [4.97927797e-06 1.29125793e-02 1.47828300e+01]]

 [[3.53294694e-06 1.43911572e-02 1.41700889e+01]
  [3.18423849e-06 1.47362620e-02 1.40098353e+01]
  [3.35009989e-06 1.47051045e-02 1.39583574e+01]
  [4.62800834e-07 1.10922370e-02 1.49158995e+01]]

 [[3.59638313e-06 1.47141214e-02 1.39986783e+01]
  [3.25820617e-06 1.39561284e-02 1.43278448e+01]
  [3.47442954e-06 1.47435333e-02 1.38756262e+01]
  [3.98449276e-06 1.47291848e-02 1.39187594e+01]]

 [[3.25024670e-06 1.42019792e-02 1.42979774e+01]
  [4.64409551e-07 1.11395077e-02 1.49748739e+01]
  [3.28077223e-06 1.46220616e-02 1.40773765e+01]
  [3.86695803e-06 1.48075233e-02 1.40045442e+01]]]

Max Activate Table:
[[[4.40502352e-06 1.98856432e-02 1.39110713e+01 4.80462555e-04
   5.84518640e-03 7.34426568e-04 7.34426568e-04]
  [4.57070149e-06 1.94301309e-02 1.39062456e+01 4.83293211e-04
   5.26043090e-03 7.36051321e-04 7.36051321e-04]
  [5.18241105e-06 2.02330515e-02 1.40213768e+01 4.79141209e-04
   7.09560191e-03 7.34445747e-04 7.34445747e-04]
  [5.09553788e-06 1.92550644e-02 1.39273140e+01 4.79730719e-04
   5.65533906e-03 7.31860046e-04 7.31860046e-04]
  [4.31779685e-06 2.01383074e-02 1.40095181e+01 4.84231971e-04
   8.12012652e-03 7.32497471e-04 7.32497471e-04]
  [4.58417750e-06 1.95804218e-02 1.39835744e+01 4.77182646e-04
   5.19849361e-03 7.32981112e-04 7.32981112e-04]
  [3.93905539e-06 1.93518865e-02 1.41038642e+01 4.85478538e-04
   5.64482395e-03 7.32764404e-04 7.32764404e-04]
  [5.24764728e-06 1.90182568e-02 1.40313557e+01 4.78824961e-04
   6.88345079e-03 7.38328299e-04 7.38328299e-04]]

 [[4.53856044e-06 2.01459559e-02 1.37744441e+01 4.81366336e-04
   5.71152094e-03 7.34632573e-04 7.34632573e-04]
  [4.50486042e-06 2.05015862e-02 1.40145594e+01 4.90365874e-04
   5.37185158e-03 7.35258760e-04 7.35258760e-04]
  [4.04474734e-06 1.96758123e-02 1.40120932e+01 4.80569944e-04
   5.49187261e-03 7.36803037e-04 7.36803037e-04]
  [4.37910971e-06 2.02544321e-02 1.40206354e+01 4.87010526e-04
   6.38645506e-03 7.35058898e-04 7.35058898e-04]
  [4.21377300e-06 1.90893334e-02 1.40774289e+01 4.82421027e-04
   6.04509292e-03 7.34069369e-04 7.34069369e-04]
  [5.03104783e-06 1.93855688e-02 1.40537467e+01 4.83022550e-04
   5.82422764e-03 7.35146041e-04 7.35146041e-04]
  [5.92786901e-06 1.94987292e-02 1.40615383e+01 4.75573581e-04
   5.32061645e-03 7.35040410e-04 7.35040410e-04]
  [4.58743240e-06 1.94445282e-02 1.39109290e+01 4.79573476e-04
   6.97025571e-03 7.35908001e-04 7.35908001e-04]]

 [[5.94577561e-06 1.98844559e-02 1.40243335e+01 4.85741514e-04
   7.14216249e-03 7.36694244e-04 7.36694244e-04]
  [4.84591315e-06 1.98440690e-02 1.40431214e+01 4.82266289e-04
   5.82736677e-03 7.36639227e-04 7.36639227e-04]
  [4.58888410e-06 1.94591944e-02 1.40544314e+01 4.79540812e-04
   6.65568807e-03 7.35416542e-04 7.35416542e-04]
  [4.09474041e-06 1.97674888e-02 1.39712602e+01 4.83574813e-04
   6.15260544e-03 7.33710183e-04 7.33710183e-04]
  [3.79687318e-06 1.88923990e-02 1.41565927e+01 4.73824603e-04
   5.88159279e-03 7.37144439e-04 7.37144439e-04]
  [5.02563302e-06 1.93581202e-02 1.39270052e+01 4.80081432e-04
   5.69292543e-03 7.30087935e-04 7.30087935e-04]
  [1.46560474e-06 1.14190787e-02 1.50919182e+01 4.85278360e-04
   3.15458082e-03 7.17915277e-04 7.17915277e-04]
  [6.22579879e-06 1.94252770e-02 1.39978962e+01 4.73556758e-04
   9.78577171e-03 7.28200531e-04 7.28200531e-04]]

 [[4.71059034e-06 1.94664978e-02 1.38338937e+01 4.76545964e-04
   6.46422135e-03 7.31999215e-04 7.31999215e-04]
  [4.30583648e-06 1.95665459e-02 1.38814936e+01 4.81486216e-04
   5.44752381e-03 7.35170624e-04 7.35170624e-04]
  [1.48556186e-06 1.14287990e-02 1.50807318e+01 4.93400015e-04
   3.15537839e-03 7.20886859e-04 7.20886859e-04]
  [4.10209887e-06 1.96132525e-02 1.38917994e+01 4.89855164e-04
   5.79678019e-03 7.35236720e-04 7.35236720e-04]
  [4.15819645e-06 1.93601234e-02 1.40520404e+01 4.76979634e-04
   5.78629063e-03 7.33788201e-04 7.33788201e-04]
  [5.06312046e-06 1.96142955e-02 1.41136477e+01 4.79151011e-04
   5.37115966e-03 7.35159155e-04 7.35159155e-04]
  [1.10033189e-05 1.94066982e-02 1.40409275e+01 4.84619552e-04
   5.55898753e-03 7.35736594e-04 7.35736594e-04]
  [6.30843260e-06 1.94434646e-02 1.39526216e+01 4.86926204e-04
   6.23012759e-03 7.32994783e-04 7.32994783e-04]]

 [[4.71170906e-06 1.95332786e-02 1.41302840e+01 4.79287676e-04
   6.08496931e-03 7.36066567e-04 7.36066567e-04]
  [5.29337057e-06 1.98187670e-02 1.37637552e+01 4.80587987e-04
   5.69219214e-03 7.35662912e-04 7.35662912e-04]
  [4.85516227e-06 1.95609924e-02 1.40765062e+01 4.85548233e-04
   6.61739057e-03 7.34710249e-04 7.34710249e-04]
  [4.23909681e-06 1.92771041e-02 1.39825601e+01 4.77365696e-04
   5.61240741e-03 7.34350219e-04 7.34350219e-04]
  [4.13976061e-06 1.98473766e-02 1.39124943e+01 4.80622194e-04
   5.69689001e-03 7.33702159e-04 7.33702159e-04]
  [5.61717047e-06 1.93206935e-02 1.39695525e+01 4.83517596e-04
   5.38335731e-03 7.35643084e-04 7.35643084e-04]
  [4.13008648e-06 1.91214991e-02 1.39474620e+01 4.79980782e-04
   6.77775110e-03 7.29461677e-04 7.29461677e-04]
  [1.56875201e-06 1.15700930e-02 1.49946284e+01 4.82745427e-04
   3.27985981e-03 7.13788972e-04 7.13788972e-04]]

 [[5.21398123e-06 1.96096476e-02 1.38381065e+01 4.87020325e-04
   5.89170093e-03 7.37024317e-04 7.37024317e-04]
  [4.42878243e-06 2.01231938e-02 1.38109885e+01 4.81910055e-04
   6.59389812e-03 7.33982298e-04 7.33982298e-04]
  [4.40666014e-06 1.98034993e-02 1.39018046e+01 4.74769806e-04
   5.55766786e-03 7.35230646e-04 7.35230646e-04]
  [6.13189889e-06 1.94144620e-02 1.40532066e+01 4.82314813e-04
   5.77848774e-03 7.33848047e-04 7.33848047e-04]
  [4.99286774e-06 1.93941384e-02 1.39945864e+01 4.86613510e-04
   5.26431393e-03 7.35739611e-04 7.35739611e-04]
  [4.34905553e-06 1.92727833e-02 1.40587561e+01 4.85472434e-04
   5.79903518e-03 7.37965752e-04 7.37965752e-04]
  [5.36342905e-06 1.91342598e-02 1.40298539e+01 4.76706308e-04
   6.22094816e-03 7.37621546e-04 7.37621546e-04]
  [6.53145853e-06 1.89849419e-02 1.39671606e+01 4.88004384e-04
   5.53219291e-03 7.28378981e-04 7.28378981e-04]]

 [[6.25270600e-06 1.92201411e-02 1.38901932e+01 4.84930012e-04
   5.54155068e-03 7.38656167e-04 7.38656167e-04]
  [4.33992863e-06 1.90344390e-02 1.40308702e+01 4.76976565e-04
   6.38374832e-03 7.35821590e-04 7.35821590e-04]
  [4.31567894e-06 1.92856108e-02 1.40573863e+01 4.79689608e-04
   6.07364521e-03 7.37283976e-04 7.37283976e-04]
  [4.09371043e-06 1.92818415e-02 1.39695702e+01 4.81728396e-04
   6.14536820e-03 7.25581437e-04 7.25581437e-04]
  [1.50243164e-06 1.14855866e-02 1.50027420e+01 4.78519244e-04
   5.31439267e-02 7.08228956e-04 7.72928506e-04]
  [4.61182069e-06 1.91828227e-02 1.40418437e+01 4.87739671e-04
   5.20554967e-03 7.37029494e-04 7.37029494e-04]
  [4.58381630e-06 1.68041606e-02 1.43340601e+01 4.81375986e-04
   6.15435298e-03 7.35016119e-04 7.35016119e-04]
  [4.02872421e-06 1.92985664e-02 1.40788014e+01 4.85413100e-04
   6.06926958e-03 7.35719131e-04 7.35719131e-04]]

 [[4.41324795e-06 1.93850091e-02 1.38845770e+01 4.76405815e-04
   7.06520244e-03 7.36492797e-04 7.36492797e-04]
  [4.13369803e-06 1.94296566e-02 1.39946925e+01 4.79619298e-04
   5.35819814e-03 7.37777765e-04 7.37777765e-04]
  [4.60199037e-06 1.96737729e-02 1.40046802e+01 4.83425661e-04
   5.64574084e-03 7.37596059e-04 7.37596059e-04]
  [1.54621282e-06 1.15561345e-02 1.50252277e+01 4.88142239e-04
   3.24240473e-03 7.15130847e-04 7.15130847e-04]
  [4.45773723e-06 1.92687326e-02 1.38285533e+01 4.81462194e-04
   5.47634507e-03 7.33844595e-04 7.33844595e-04]
  [5.72860691e-06 1.91209698e-02 1.40287609e+01 4.85830076e-04
   5.75489268e-03 7.36625345e-04 7.36625345e-04]
  [8.83435443e-06 1.91942060e-02 1.38741539e+01 4.81980926e-04
   6.52776687e-03 7.36198421e-04 7.36198421e-04]
  [4.33624618e-06 1.96090899e-02 1.39784604e+01 4.89813433e-04
   6.19030630e-03 7.35251436e-04 7.35251436e-04]]]

Cumulative Reward: 5961.281913923167
