Scheduler Table:
[[[8.19305549e-06 2.57601594e-02 3.92827502e+01 6.77440381e+00
   2.68106260e+00 6.66646948e-04 6.66646948e-04]
  [1.16913746e-05 2.47100523e-02 4.57679805e+01 5.27165344e+00
   2.19466604e+00 6.66647192e-04 6.66647192e-04]
  [5.47975551e-06 2.57910979e-02 3.95236849e+01 6.62074420e+00
   2.84740166e+00 6.66646705e-04 6.66646705e-04]]

 [[9.96664507e-06 2.57110488e-02 3.90489124e+01 6.59963995e+00
   2.72396466e+00 6.66646517e-04 6.66646517e-04]
  [1.96746586e-04 4.02045159e-01 7.89227457e+01 1.00250506e-03
   7.10837834e-04 6.83107619e-04 6.93748263e-04]
  [5.74376111e-06 2.57553390e-02 3.98858010e+01 6.61286422e+00
   2.85245334e+00 6.66646787e-04 6.66646787e-04]]

 [[5.78817623e-06 2.57935828e-02 3.95008622e+01 6.87497555e+00
   2.57098072e+00 6.66647017e-04 6.66647017e-04]
  [6.51847039e-06 2.57388606e-02 4.00771921e+01 6.76202898e+00
   2.69971686e+00 6.66646424e-04 6.66646424e-04]
  [2.88394247e-06 2.27013168e-02 4.28364438e+01 4.96441241e+00
   6.38478415e+00 6.66647165e-04 6.66647165e-04]]]

Buffer Table:
[[[5.72331218e-06 2.57841141e-02 3.94272588e+01 6.63564808e+00
   2.82690945e+00 6.66646825e-04 6.66646825e-04]
  [5.92958179e-06 2.57888629e-02 4.00284235e+01 6.87744174e+00
   2.55369876e+00 6.66646688e-04 6.66646688e-04]
  [8.62322245e-06 2.41794592e-02 6.35658038e+01 4.00173347e+00
   1.94145255e+00 6.66648860e-04 6.66648860e-04]]

 [[1.21597132e-05 2.58030395e-02 3.95408987e+01 6.70891767e+00
   2.74858735e+00 6.66646816e-04 6.66646816e-04]
  [8.46119249e-06 2.57981163e-02 3.95742162e+01 6.81586472e+00
   2.62402750e+00 6.66646722e-04 6.66646722e-04]
  [6.60945248e-06 2.36331038e-02 5.39316394e+01 3.46194766e+00
   2.32217135e+00 6.66645784e-04 6.66645784e-04]]

 [[8.37300826e-06 2.54074745e-02 4.29875651e+01 5.86842630e+00
   2.77388889e+00 6.66646467e-04 6.66646467e-04]
  [6.59790959e-06 2.51509043e-02 4.16231173e+01 5.47307398e+00
   2.97158280e+00 6.66646368e-04 6.66646368e-04]
  [1.96550784e-04 4.02726512e-01 7.35018070e+01 8.25571936e-01
   4.11550154e-01 6.83107858e-04 6.93748502e-04]]]

Arbiter Table:
[[[6.13851849e-06 2.57805144e-02 3.95410516e+01 6.65427431e+00
   2.72562817e+00 6.66646329e-04 6.66646329e-04]
  [5.19978801e-06 2.05291754e-02 8.23550624e+01 1.06577112e-03
   6.85302186e-04 6.67141204e-04 6.77943888e-04]
  [5.97529734e-06 2.57395626e-02 3.92852528e+01 6.56713676e+00
   2.82309440e+00 6.66646338e-04 6.66646338e-04]]

 [[1.97343649e-04 4.02093227e-01 8.47011025e+01 1.06534767e-03
   7.10015732e-04 6.82764663e-04 6.85843428e-04]
  [9.10715702e-06 2.27747898e-02 4.76101290e+01 2.89075540e+00
   1.33062187e+00 6.66648940e-04 6.66648940e-04]
  [6.54014855e-06 2.54357342e-02 4.14733983e+01 6.09930290e+00
   2.46855666e+00 6.66646242e-04 6.66646242e-04]]

 [[5.93988592e-06 2.57695453e-02 3.92990917e+01 6.70884377e+00
   2.67463850e+00 6.66646460e-04 6.66646460e-04]
  [6.70793306e-06 2.40278414e-02 4.65103576e+01 4.18392943e+00
   1.71569898e+00 6.66647160e-04 6.66647160e-04]
  [1.19536602e-05 2.57923670e-02 3.94856565e+01 6.46388891e+00
   2.93164306e+00 6.66646303e-04 6.66646303e-04]]]

Page Table:
[[[5.31561683e-06 2.66847162e-02 3.92304997e+01 5.43899867e+00
   2.29133140e+00 6.66865760e-04 6.66865760e-04]
  [6.94837777e-06 2.66796732e-02 3.90659257e+01 5.44635341e+00
   2.24162008e+00 6.66867750e-04 6.66867750e-04]
  [6.46145695e-06 2.66778422e-02 3.89186207e+01 5.63697816e+00
   2.07991651e+00 6.66870657e-04 6.66870657e-04]
  [5.39854142e-06 2.67392954e-02 3.90283972e+01 5.37287064e+00
   2.24334002e+00 6.66869299e-04 6.66869299e-04]]

 [[5.30165470e-06 2.67110208e-02 3.94185682e+01 5.47341444e+00
   2.21432557e+00 6.66868477e-04 6.66868477e-04]
  [6.37675161e-06 2.66911140e-02 3.96032313e+01 5.39953086e+00
   2.24644264e+00 6.66868530e-04 6.66868530e-04]
  [8.42238112e-06 2.67202727e-02 3.92008123e+01 5.72416778e+00
   1.95485923e+00 6.66874342e-04 6.66874342e-04]
  [5.14912146e-06 2.67302675e-02 3.93082642e+01 5.33571236e+00
   2.26947804e+00 6.66868939e-04 6.66868939e-04]]

 [[5.35725206e-06 2.67251269e-02 3.90219285e+01 5.44608228e+00
   2.22394992e+00 6.66868569e-04 6.66868569e-04]
  [8.79049675e-06 2.67236026e-02 3.89839221e+01 5.57517769e+00
   2.18299920e+00 6.66867529e-04 6.66867529e-04]
  [5.50472371e-06 2.66863361e-02 3.88460934e+01 5.59709939e+00
   2.15512746e+00 6.66868214e-04 6.66868214e-04]
  [7.62164371e-06 2.56034182e-02 3.99633291e+01 4.69163732e+00
   3.47169488e+00 6.66829923e-04 6.66829923e-04]]

 [[5.09687873e-06 2.66740334e-02 3.95500707e+01 5.30012121e+00
   2.37537813e+00 6.66865136e-04 6.66865136e-04]
  [1.82632880e-05 2.67270654e-02 3.98309612e+01 5.49353896e+00
   2.12373342e+00 6.66871892e-04 6.66871892e-04]
  [6.08303911e-06 2.66782613e-02 3.88783090e+01 5.43642139e+00
   2.20499929e+00 6.66869594e-04 6.66869594e-04]
  [1.96746586e-04 4.02045159e-01 7.89227457e+01 1.00250506e-03
   7.10837833e-04 6.83107619e-04 6.93748263e-04]]]

Response Table:
[[[1.96746586e-04 4.02045159e-01 7.89227457e+01]
  [1.31602330e-05 2.51145340e-02 3.80631556e+01]]

 [[1.72374197e-05 2.46115114e-02 4.21578801e+01]
  [8.99889453e-06 2.52224140e-02 3.79938350e+01]]]

Refresh Table:
[[[1.96746593e-04 4.02045166e-01 7.89226360e+01]
  [7.04183328e-06 2.51460501e-02 3.81849888e+01]]

 [[9.01871587e-06 2.51976306e-02 3.97460652e+01]
  [4.88370070e-06 2.13586137e-02 1.02896835e+02]]]

Request Buffer Table:
[[[1.12777649e-05 1.23157226e-01 3.70667430e+01]
  [1.11599931e-05 1.25366158e-01 3.75941321e+01]
  [1.09736796e-05 1.18752739e-01 3.70943035e+01]
  [1.13611642e-05 1.26875506e-01 3.76232128e+01]
  [1.11689946e-05 1.19092681e-01 3.79083531e+01]
  [1.25808382e-05 1.19109705e-01 3.75675722e+01]
  [1.13713665e-05 1.21002193e-01 3.70366400e+01]
  [1.10815165e-05 1.21908035e-01 3.77137352e+01]]

 [[1.11926501e-05 1.22839484e-01 3.73474091e+01]
  [1.32554790e-05 1.18977820e-01 3.72693597e+01]
  [1.08997878e-05 1.20018325e-01 3.74313748e+01]
  [1.17640766e-05 1.33301848e-01 3.68928620e+01]
  [1.11036063e-05 1.25908499e-01 3.82379237e+01]
  [1.74118928e-05 1.22846531e-01 3.69881761e+01]
  [1.01880982e-05 9.44203610e-02 4.09370468e+01]
  [1.17531267e-05 1.21273411e-01 3.83531426e+01]]

 [[1.11271198e-05 1.24745058e-01 3.67861738e+01]
  [1.06810793e-05 1.19519287e-01 3.73969701e+01]
  [1.08853001e-05 1.20367639e-01 3.74674928e+01]
  [1.14392685e-05 1.24342730e-01 3.72582607e+01]
  [1.09500524e-05 1.19656677e-01 3.78464221e+01]
  [1.06857228e-05 1.17284694e-01 3.71636711e+01]
  [9.17051614e-06 9.46963830e-02 5.86960433e+01]
  [1.09476618e-05 1.21490837e-01 3.79690294e+01]]

 [[1.75217245e-05 1.20607884e-01 3.68818122e+01]
  [1.13803204e-05 1.28372572e-01 3.68136123e+01]
  [1.07391779e-05 1.16895512e-01 3.78745630e+01]
  [1.22712279e-05 1.35538883e-01 3.65524938e+01]
  [1.09210403e-05 1.20616305e-01 3.74244812e+01]
  [1.20359235e-05 1.22951368e-01 3.70747423e+01]
  [1.14195577e-05 1.18150793e-01 3.74375089e+01]
  [1.09390756e-05 1.21435280e-01 3.74204253e+01]]

 [[1.31854006e-05 1.20622717e-01 3.73309849e+01]
  [1.10024923e-05 1.20848233e-01 3.75971250e+01]
  [1.12648876e-05 1.19403412e-01 3.78057896e+01]
  [1.11815393e-05 1.21537838e-01 3.73844413e+01]
  [1.09968668e-05 1.20827988e-01 3.74154939e+01]
  [1.07163393e-05 1.19092383e-01 3.71416661e+01]
  [1.09051510e-05 1.14178467e-01 3.78708896e+01]
  [1.60950197e-05 8.70019858e-02 5.87403875e+01]]

 [[1.10503256e-05 1.22680184e-01 3.71014897e+01]
  [1.06953189e-05 1.20217928e-01 3.75306836e+01]
  [1.07944082e-05 1.19389683e-01 3.70707090e+01]
  [1.28438229e-05 1.21433525e-01 3.72980902e+01]
  [1.09895728e-05 1.18741200e-01 3.73649143e+01]
  [1.07728513e-05 1.19343688e-01 3.72646389e+01]
  [1.07848320e-05 1.17914451e-01 3.73103984e+01]
  [1.09051161e-05 1.22664168e-01 3.74192119e+01]]

 [[1.19529827e-05 1.18706723e-01 3.70644878e+01]
  [1.12818806e-05 1.25883562e-01 3.64539638e+01]
  [1.10441734e-05 1.16420308e-01 3.71990487e+01]
  [1.12918595e-05 1.23735425e-01 3.79448639e+01]
  [1.09548494e-05 1.17636722e-01 3.77408548e+01]
  [1.11371721e-05 1.20855762e-01 3.81734466e+01]
  [1.20901488e-05 1.18949378e-01 3.78656478e+01]
  [1.97347042e-04 4.02120059e-01 8.46770003e+01]]

 [[1.27009890e-05 1.20189635e-01 3.75760937e+01]
  [1.32107070e-05 1.21740495e-01 3.69464682e+01]
  [1.05662178e-05 1.16079366e-01 3.72130933e+01]
  [1.25122638e-05 1.16326423e-01 3.89439040e+01]
  [1.57772923e-05 1.13554246e-01 3.86239138e+01]
  [1.96812739e-05 1.22661014e-01 3.71335360e+01]
  [5.20321034e-06 2.05562462e-02 8.23307465e+01]
  [1.12757323e-05 1.22061013e-01 3.76725269e+01]]]

Ref Max Post Table:
[[[5.16171308e-06 2.25009758e-02 1.04963131e+02]
  [7.31900121e-06 2.53926950e-02 4.68788291e+01]
  [1.29607261e-05 2.65764788e-02 4.08496484e+01]
  [5.95146888e-06 2.62026389e-02 4.73137059e+01]]

 [[5.47187311e-06 2.67330945e-02 3.94448358e+01]
  [1.96822817e-04 4.02065425e-01 7.80909276e+01]
  [5.53872225e-06 2.66404042e-02 3.89268098e+01]
  [6.37328242e-06 2.66128714e-02 4.08629085e+01]]

 [[6.99966236e-06 2.54324325e-02 5.95201661e+01]
  [6.01394875e-06 2.67000453e-02 3.91621854e+01]
  [6.06622158e-06 2.67401109e-02 3.91307555e+01]
  [6.39784885e-06 2.67440356e-02 3.90817861e+01]]

 [[7.99251929e-06 2.46809612e-02 7.20522420e+01]
  [5.94347688e-06 2.67253321e-02 3.94200487e+01]
  [5.68705244e-06 2.67446472e-02 3.89417955e+01]
  [7.13667068e-06 2.67454447e-02 3.90386592e+01]]]

Ref Max Pull Table:
[[[5.92937276e-06 2.67588485e-02 3.95903911e+01]
  [6.03040278e-06 2.65921556e-02 3.90321463e+01]
  [7.70726717e-06 2.42411541e-02 5.17821634e+01]
  [5.63739354e-06 2.66885905e-02 3.94673729e+01]]

 [[6.00572794e-06 2.66323268e-02 3.88668298e+01]
  [5.75191099e-06 2.66546853e-02 3.89524895e+01]
  [5.93676615e-06 2.66817697e-02 3.92218761e+01]
  [1.07935719e-05 2.53338437e-02 4.25836498e+01]]

 [[7.14171175e-06 2.61156640e-02 4.35646426e+01]
  [1.15579639e-05 2.64461068e-02 4.02669841e+01]
  [1.09995529e-05 2.37241940e-02 4.15522099e+01]
  [5.19979865e-06 2.05291658e-02 8.23550829e+01]]

 [[6.28775247e-06 2.67407048e-02 3.91448148e+01]
  [5.53864804e-06 2.66226477e-02 3.93071794e+01]
  [1.97343660e-04 4.02093217e-01 8.47011228e+01]
  [5.46870210e-06 2.68038170e-02 3.94048538e+01]]]

Max Activate Table:
[[[1.28616451e-05 1.22859807e-01 3.69912081e+01 3.65479057e+00
   1.81476503e+00 3.30872921e-03 3.30872921e-03]
  [1.05790416e-05 1.17536158e-01 3.69968667e+01 3.95956748e+00
   2.06823307e+00 3.16604586e-03 3.16604586e-03]
  [1.11971847e-05 1.19114940e-01 3.72248436e+01 4.16264643e+00
   1.90688755e+00 3.20792316e-03 3.20792316e-03]
  [1.20032836e-05 1.30260540e-01 3.82396969e+01 3.88972964e+00
   1.58750272e+00 3.50895434e-03 3.50895434e-03]
  [1.38043642e-05 1.20394413e-01 3.69782431e+01 3.71037603e+00
   1.89880800e+00 3.24143155e-03 3.24143155e-03]
  [1.07738204e-05 1.21338103e-01 3.72618526e+01 4.11303784e+00
   1.86234818e+00 3.26731202e-03 3.26731202e-03]
  [1.10097155e-05 1.23509904e-01 3.69841502e+01 4.35895524e+00
   1.50132030e+00 3.32580598e-03 3.32580598e-03]
  [1.08783903e-05 1.16413363e-01 3.96742593e+01 3.86503345e+00
   1.99636709e+00 3.13570180e-03 3.13570180e-03]]

 [[1.26423694e-05 1.22107593e-01 3.68361089e+01 3.63010598e+00
   1.86454246e+00 3.28885352e-03 3.28885352e-03]
  [1.10442158e-05 1.27049958e-01 3.64901945e+01 3.46956691e+00
   1.88655956e+00 3.42257531e-03 3.42257531e-03]
  [1.10950700e-05 1.23058447e-01 3.76385476e+01 4.18356097e+00
   1.49062613e+00 3.31319625e-03 3.31319625e-03]
  [1.05444832e-05 1.18722226e-01 3.73145746e+01 4.06147423e+00
   1.97036542e+00 3.19585644e-03 3.19585644e-03]
  [1.09448729e-05 1.23075412e-01 3.73300631e+01 3.73788119e+00
   1.85644776e+00 3.31374580e-03 3.31374580e-03]
  [2.68657887e-05 1.17773510e-01 3.78395349e+01 4.11555465e+00
   2.02297899e+00 3.17100598e-03 3.17100598e-03]
  [1.97466830e-04 4.03945119e-01 8.29183601e+01 7.98793821e-02
   3.67270404e-02 7.30594733e-04 7.33673498e-04]
  [1.10527936e-05 1.22747709e-01 3.70824387e+01 4.06187700e+00
   1.70683378e+00 3.30538570e-03 3.30538570e-03]]

 [[1.22906967e-05 1.23634299e-01 3.67369307e+01 3.98824155e+00
   1.72788686e+00 3.33076155e-03 3.33076155e-03]
  [1.12876626e-05 1.21438132e-01 3.64923715e+01 3.79538896e+00
   2.01769221e+00 3.27059063e-03 3.27059063e-03]
  [1.21937080e-05 1.25464950e-01 3.70426853e+01 3.67177217e+00
   1.71923293e+00 3.37951178e-03 3.37951178e-03]
  [1.10228450e-05 1.22966639e-01 3.77848843e+01 4.46802233e+00
   1.49100611e+00 3.31179856e-03 3.31179856e-03]
  [1.13281321e-05 1.19268740e-01 3.80260768e+01 4.97049519e+00
   1.43537641e+00 3.21266046e-03 3.21266046e-03]
  [1.11034914e-05 1.22383940e-01 3.73204208e+01 3.45155044e+00
   1.84703189e+00 3.29573727e-03 3.29573727e-03]
  [1.02966221e-05 1.15731905e-01 3.86329942e+01 4.24447363e+00
   2.02239106e+00 3.11669119e-03 3.11669119e-03]
  [1.08121992e-05 1.21287441e-01 3.80533774e+01 3.97399571e+00
   1.74885650e+00 3.26650871e-03 3.26650871e-03]]

 [[1.12350949e-05 1.25466477e-01 3.72294638e+01 3.41001748e+00
   1.51950572e+00 3.37941203e-03 3.37941203e-03]
  [9.74064496e-06 1.02399742e-01 4.07463225e+01 3.18768244e+00
   1.22233391e+00 2.77187125e-03 2.77187125e-03]
  [1.07856529e-05 1.22037197e-01 3.74150482e+01 4.34357296e+00
   1.47661209e+00 3.28540731e-03 3.28540731e-03]
  [1.98988421e-05 1.22745305e-01 3.75919036e+01 4.01807497e+00
   1.73959302e+00 3.30663423e-03 3.30663423e-03]
  [1.16822979e-05 1.23391614e-01 3.81642683e+01 4.08274809e+00
   1.49562906e+00 3.32242711e-03 3.32242711e-03]
  [1.04957905e-05 1.15377283e-01 3.74459005e+01 4.07045786e+00
   2.15110771e+00 3.10562345e-03 3.10562345e-03]
  [1.11099226e-05 1.25111805e-01 3.71815541e+01 3.44264998e+00
   1.85063724e+00 3.36876986e-03 3.36876986e-03]
  [1.13600632e-05 1.25923484e-01 3.72626133e+01 3.68629257e+00
   1.79938611e+00 3.39245898e-03 3.39245898e-03]]

 [[1.08732150e-05 1.23709263e-01 3.61536855e+01 3.72100885e+00
   1.87525474e+00 3.33119210e-03 3.33119210e-03]
  [1.07866669e-05 1.19073211e-01 3.76747466e+01 4.22625020e+00
   1.88897542e+00 3.20541628e-03 3.20541628e-03]
  [1.12906229e-05 1.22357945e-01 3.68027772e+01 4.10787142e+00
   1.73449174e+00 3.29515608e-03 3.29515608e-03]
  [1.10340194e-05 1.24966189e-01 3.88114871e+01 3.80457589e+00
   1.66710311e+00 3.36567368e-03 3.36567368e-03]
  [1.08763485e-05 1.20846883e-01 3.85063862e+01 4.14114927e+00
   1.60643504e+00 3.25257148e-03 3.25257148e-03]
  [1.10810535e-05 1.19740735e-01 3.75101655e+01 4.46082411e+00
   1.71627114e+00 3.22457002e-03 3.22457002e-03]
  [1.12893152e-05 1.15122562e-01 3.72944148e+01 4.18205000e+00
   2.10767359e+00 3.09867368e-03 3.09867368e-03]
  [1.06265586e-05 1.18809385e-01 3.72569322e+01 4.04256470e+00
   1.87977496e+00 3.19916449e-03 3.19916449e-03]]

 [[1.07286595e-05 1.19064409e-01 3.75217154e+01 4.05728954e+00
   1.92226779e+00 3.20526307e-03 3.20526307e-03]
  [1.06033624e-05 1.20299068e-01 3.74653263e+01 4.20829690e+00
   1.87209008e+00 3.23998403e-03 3.23998403e-03]
  [1.11456355e-05 1.20506683e-01 3.70013097e+01 4.11081819e+00
   1.87021735e+00 3.24607808e-03 3.24607808e-03]
  [1.71291429e-05 1.20435143e-01 3.81005962e+01 4.05360841e+00
   1.88633417e+00 3.24423985e-03 3.24423985e-03]
  [1.09605168e-05 1.17507829e-01 3.80855789e+01 4.23821035e+00
   1.89379085e+00 3.16376446e-03 3.16376446e-03]
  [1.05522817e-05 1.19402822e-01 3.81691295e+01 4.43090785e+00
   1.75168383e+00 3.21502334e-03 3.21502334e-03]
  [1.08300237e-05 1.17178936e-01 3.79676051e+01 4.28731495e+00
   1.89601777e+00 3.15463070e-03 3.15463070e-03]
  [1.05617022e-05 1.16748245e-01 3.69806100e+01 3.86675945e+00
   2.19170671e+00 3.14297673e-03 3.14297673e-03]]

 [[1.05699090e-05 1.17067261e-01 3.91754222e+01 4.01847273e+00
   1.89228142e+00 3.15360826e-03 3.15360826e-03]
  [5.32406173e-06 2.23974935e-02 8.05565082e+01 8.05788385e-02
   3.70217761e-02 7.15395498e-04 7.26198182e-04]
  [1.09877070e-05 1.19530468e-01 3.74206887e+01 3.92570093e+00
   1.92544680e+00 3.21864051e-03 3.21864051e-03]
  [1.33215620e-05 1.20417131e-01 3.76257423e+01 3.89428484e+00
   1.76276875e+00 3.24387988e-03 3.24387988e-03]
  [1.12536441e-05 1.13628865e-01 3.71314209e+01 4.17016105e+00
   2.22527288e+00 3.05948622e-03 3.05948622e-03]
  [1.07879397e-05 1.19352751e-01 3.76044213e+01 4.22287880e+00
   1.83887057e+00 3.21457484e-03 3.21457484e-03]
  [1.04889513e-05 1.14478172e-01 3.73379585e+01 3.99044393e+00
   2.24543794e+00 3.08153974e-03 3.08153974e-03]
  [1.09672661e-05 1.20399661e-01 3.78189204e+01 3.95668020e+00
   1.84388968e+00 3.24256666e-03 3.24256666e-03]]

 [[1.23257138e-05 1.21584856e-01 3.66164471e+01 3.60754214e+00
   1.95143077e+00 3.27401657e-03 3.27401657e-03]
  [1.06021939e-05 1.20819211e-01 3.71792297e+01 4.03795130e+00
   1.86194354e+00 3.25306840e-03 3.25306840e-03]
  [1.14130163e-05 1.24670531e-01 3.78035633e+01 4.03727929e+00
   1.51532172e+00 3.35740702e-03 3.35740702e-03]
  [1.12553204e-05 1.22483635e-01 3.74827752e+01 4.16331083e+00
   1.63144635e+00 3.29847792e-03 3.29847792e-03]
  [1.12067948e-05 1.19499752e-01 3.79464296e+01 4.56643238e+00
   1.58709912e+00 3.21660746e-03 3.21660746e-03]
  [1.10266873e-05 1.23399554e-01 3.68976994e+01 3.76387277e+00
   1.89694349e+00 3.32339738e-03 3.32339738e-03]
  [8.82648313e-06 8.72313984e-02 6.60674802e+01 2.81452518e+00
   1.51466541e+00 2.38140627e-03 2.38140627e-03]
  [1.10149103e-05 1.16642100e-01 3.77679718e+01 3.87593081e+00
   2.15367275e+00 3.14025604e-03 3.14025604e-03]]]

Cumulative Reward: 16273.975192219192
