Scheduler Table:
[[[5.82275650e-05 1.73410182e-01 1.84220562e+02 3.35258282e-03
   9.42148295e-01 3.71178403e-02 3.71178403e-02]
  [5.82852652e-05 1.73539877e-01 1.84749848e+02 3.35270955e-03
   9.43821721e-01 3.70950630e-02 3.70950630e-02]
  [5.82192530e-05 1.73438549e-01 1.84252575e+02 3.35272964e-03
   9.40768942e-01 3.70573216e-02 3.70573216e-02]]

 [[5.81721168e-05 1.73458124e-01 1.84138295e+02 3.35255151e-03
   9.43753037e-01 3.71231890e-02 3.71231890e-02]
  [3.99265402e-05 1.52584513e-01 2.11529062e+02 3.35198352e-03
   9.47719779e-01 3.73334067e-02 3.73334067e-02]
  [4.33274874e-05 1.12779326e-01 2.39002416e+02 3.35035707e-03
   9.62805534e-01 3.75274467e-02 3.75274467e-02]]

 [[5.81420833e-05 1.73517500e-01 1.84545227e+02 3.35244209e-03
   9.59799268e-01 3.71399918e-02 3.71399918e-02]
  [4.31956500e-05 1.12817479e-01 2.39005039e+02 3.35029294e-03
   1.20765311e+00 3.73563155e-02 3.88169167e-02]
  [5.79530046e-05 1.73418677e-01 1.84831959e+02 3.35262685e-03
   9.45508426e-01 3.70748890e-02 3.70748890e-02]]]

Buffer Table:
[[[5.75312786e-05 1.73525840e-01 1.84548201e+02 3.35305399e-03
   9.28999774e-01 3.69996108e-02 3.69996108e-02]
  [5.86056691e-05 1.73725736e-01 1.84619102e+02 3.35291127e-03
   9.30833826e-01 3.70171994e-02 3.70171994e-02]
  [5.03776728e-05 1.65303699e-01 1.95084765e+02 3.35213078e-03
   9.61222160e-01 3.70762772e-02 3.70762772e-02]]

 [[5.67100175e-05 1.72821741e-01 1.85086164e+02 3.35279815e-03
   9.64449434e-01 3.70088047e-02 3.70088047e-02]
  [4.87802824e-05 1.31963430e-01 2.21082293e+02 3.35018934e-03
   1.20891402e+00 3.71833371e-02 3.86439383e-02]
  [5.39389375e-05 1.69429659e-01 1.91279648e+02 3.35236619e-03
   9.59134533e-01 3.70497834e-02 3.70497834e-02]]

 [[5.79389235e-05 1.73643448e-01 1.84160003e+02 3.35292118e-03
   9.30468280e-01 3.70188575e-02 3.70188575e-02]
  [4.76776854e-05 1.50144135e-01 2.08391252e+02 3.35133767e-03
   9.71577075e-01 3.72466408e-02 3.72466408e-02]
  [5.81845972e-05 1.73347754e-01 1.84915741e+02 3.35272414e-03
   9.36583113e-01 3.70479611e-02 3.70479611e-02]]]

Arbiter Table:
[[[4.52266820e-05 1.12145113e-01 2.39070208e+02 3.34929851e-03
   1.22562959e+00 3.73944370e-02 3.88550381e-02]
  [5.02820195e-05 1.67592988e-01 1.91455726e+02 3.35267072e-03
   9.25217801e-01 3.71799536e-02 3.71799536e-02]
  [5.30152614e-05 1.68834468e-01 1.90684811e+02 3.35246193e-03
   9.49092374e-01 3.71628988e-02 3.71628988e-02]]

 [[4.06151273e-05 1.56987002e-01 2.04119574e+02 3.35160799e-03
   9.55785688e-01 3.71842560e-02 3.71842560e-02]
  [5.51744336e-05 1.73827266e-01 1.83650753e+02 3.35257552e-03
   9.35772363e-01 3.70566935e-02 3.70566935e-02]
  [5.52340908e-05 1.73242435e-01 1.84626386e+02 3.35250698e-03
   9.48997600e-01 3.71048036e-02 3.71048036e-02]]

 [[4.92358251e-05 1.64044668e-01 1.96538305e+02 3.35214865e-03
   9.54033437e-01 3.72343779e-02 3.72343779e-02]
  [5.50247405e-05 1.73613442e-01 1.84951089e+02 3.35242528e-03
   9.57658351e-01 3.70320970e-02 3.70320970e-02]
  [5.86304295e-05 1.73623006e-01 1.84512052e+02 3.35266778e-03
   9.58241012e-01 3.70472293e-02 3.70472293e-02]]]

Page Table:
[[[4.52912353e-05 1.12330731e-01 2.39010909e+02 3.34926703e-03
   1.22453101e+00 3.73935481e-02 3.88541492e-02]
  [7.24984655e-05 2.85359515e-01 1.82251027e+02 3.31162281e-03
   9.41479684e-01 3.66237137e-02 3.66237137e-02]
  [7.43315183e-05 2.87213962e-01 1.81686075e+02 3.31080147e-03
   9.61055918e-01 3.65392623e-02 3.65392623e-02]
  [4.86433556e-05 2.09689392e-01 2.08295334e+02 3.32883961e-03
   1.06246037e+00 3.70690441e-02 3.70690441e-02]]

 [[4.87820879e-05 2.13246077e-01 2.09023933e+02 3.32998264e-03
   9.82234165e-01 3.70751979e-02 3.70751979e-02]
  [8.01721357e-05 2.86793163e-01 1.82362944e+02 3.31092537e-03
   9.51660023e-01 3.66203056e-02 3.66203056e-02]
  [7.77900351e-05 2.85937357e-01 1.81554031e+02 3.31148270e-03
   9.33117103e-01 3.65837789e-02 3.65837789e-02]
  [7.24936225e-05 2.85356975e-01 1.82021712e+02 3.31168093e-03
   9.34257773e-01 3.66326086e-02 3.66326086e-02]]

 [[7.18143753e-05 2.87829686e-01 1.82109560e+02 3.31082544e-03
   9.44275833e-01 3.66028288e-02 3.66028288e-02]
  [6.25573372e-05 2.47100456e-01 1.97027894e+02 3.32169070e-03
   9.46702272e-01 3.68722095e-02 3.68722095e-02]
  [7.37965008e-05 2.87177108e-01 1.81669497e+02 3.31105060e-03
   9.37297597e-01 3.65366038e-02 3.65366038e-02]
  [7.36725652e-05 2.87374457e-01 1.81816571e+02 3.31089943e-03
   9.39135138e-01 3.66642549e-02 3.66642549e-02]]

 [[3.12814684e-05 1.54672650e-01 2.27748071e+02 3.34266385e-03
   1.07383548e+00 3.74768585e-02 3.74768585e-02]
  [7.28036366e-05 2.86695848e-01 1.82211930e+02 3.31101892e-03
   9.47197795e-01 3.65696949e-02 3.65696949e-02]
  [7.39168288e-05 2.84873946e-01 1.82119819e+02 3.31156201e-03
   9.48149450e-01 3.65476614e-02 3.65476614e-02]
  [4.88400164e-05 2.10356380e-01 2.07975272e+02 3.32861609e-03
   1.06625409e+00 3.70615984e-02 3.70615984e-02]]]

Response Table:
[[[5.32896331e-05 1.50600226e-01 1.84782858e+02]
  [5.22323435e-05 1.50373371e-01 1.85006166e+02]]

 [[5.20042984e-05 1.50310098e-01 1.85465577e+02]
  [4.52259736e-05 1.12144330e-01 2.39071096e+02]]]

Refresh Table:
[[[3.15429501e-05 1.32492053e-01 2.24608679e+02]
  [4.33349481e-05 1.12805589e-01 2.38957969e+02]]

 [[4.32030859e-05 1.12843655e-01 2.38960740e+02]
  [5.09799653e-05 1.50592390e-01 1.85338079e+02]]]

Request Buffer Table:
[[[1.25189075e-04 7.52525166e-01 1.21905811e+02]
  [1.25559187e-04 7.47733260e-01 1.22692186e+02]
  [1.30155709e-04 7.47958226e-01 1.22791055e+02]
  [1.25112080e-04 7.55081828e-01 1.22508293e+02]
  [1.24003395e-04 7.46267172e-01 1.23243751e+02]
  [1.24198555e-04 7.49392642e-01 1.22931004e+02]
  [7.44804341e-05 4.54066820e-01 1.78120916e+02]
  [1.24888586e-04 7.54911150e-01 1.22428549e+02]]

 [[1.25957475e-04 7.49240819e-01 1.22126808e+02]
  [1.24602401e-04 7.51083755e-01 1.22684151e+02]
  [1.24997936e-04 7.52577208e-01 1.22472521e+02]
  [1.23923000e-04 7.46338059e-01 1.22557143e+02]
  [1.24716842e-04 7.51115263e-01 1.22619910e+02]
  [1.25335324e-04 7.52265314e-01 1.22459615e+02]
  [1.24365066e-04 7.49187888e-01 1.22330419e+02]
  [1.30828791e-04 7.45819536e-01 1.23614997e+02]]

 [[1.26480005e-04 7.61410129e-01 1.21077960e+02]
  [1.24742869e-04 7.50778492e-01 1.22390189e+02]
  [1.29343029e-04 7.53425945e-01 1.22706361e+02]
  [1.25653473e-04 7.54079764e-01 1.22249239e+02]
  [1.24921974e-04 7.43063582e-01 1.23803051e+02]
  [1.25353279e-04 7.53751004e-01 1.22536098e+02]
  [1.25580542e-04 7.56204594e-01 1.21894945e+02]
  [1.24666724e-04 7.45060625e-01 1.23708481e+02]]

 [[1.24170132e-04 7.47658615e-01 1.22810250e+02]
  [1.27927406e-04 7.57744238e-01 1.21205857e+02]
  [1.26047521e-04 7.55563478e-01 1.23012655e+02]
  [1.24773010e-04 7.53137561e-01 1.21675489e+02]
  [1.24236904e-04 7.48183894e-01 1.22743013e+02]
  [1.25174532e-04 7.54197701e-01 1.22201541e+02]
  [1.25292378e-04 7.60721462e-01 1.21161946e+02]
  [1.25019685e-04 7.51757981e-01 1.22535898e+02]]

 [[9.93656129e-05 6.01376467e-01 1.50193848e+02]
  [1.24267380e-04 7.49366258e-01 1.22571354e+02]
  [1.31694783e-04 7.57292392e-01 1.21502337e+02]
  [1.24515393e-04 7.49132762e-01 1.22942200e+02]
  [1.26204713e-04 7.56705804e-01 1.22165310e+02]
  [1.25262903e-04 7.51752441e-01 1.22500052e+02]
  [4.33234318e-05 1.13241046e-01 2.38919008e+02]
  [1.24705076e-04 7.48528197e-01 1.23213127e+02]]

 [[1.25565092e-04 7.51062479e-01 1.22314568e+02]
  [1.24357716e-04 7.46598397e-01 1.22827607e+02]
  [1.25824668e-04 7.43177718e-01 1.24071911e+02]
  [1.25734533e-04 7.59483341e-01 1.21864078e+02]
  [1.24033576e-04 7.46912198e-01 1.22607161e+02]
  [1.24734002e-04 7.46467937e-01 1.23938533e+02]
  [1.24703181e-04 7.50948950e-01 1.22873895e+02]
  [1.25387752e-04 7.52238168e-01 1.22330868e+02]]

 [[1.25318778e-04 7.47713747e-01 1.23186304e+02]
  [1.31522994e-04 7.51885258e-01 1.22844354e+02]
  [1.25856079e-04 7.52583971e-01 1.22817276e+02]
  [1.25527187e-04 7.55747599e-01 1.22022052e+02]
  [4.31916079e-05 1.13277662e-01 2.38921909e+02]
  [1.24906464e-04 7.45996654e-01 1.22774620e+02]
  [1.06789043e-04 5.17366533e-01 1.66226448e+02]
  [1.33845766e-04 7.68922219e-01 1.20840441e+02]]

 [[1.25068214e-04 7.47378432e-01 1.22616229e+02]
  [1.39498562e-04 7.57253922e-01 1.21530101e+02]
  [1.25764941e-04 7.51515833e-01 1.23042188e+02]
  [1.25592585e-04 7.56468163e-01 1.21779749e+02]
  [1.31141290e-04 7.54279721e-01 1.21643266e+02]
  [1.27068806e-04 7.73148420e-01 1.20063058e+02]
  [1.02334117e-04 6.10040754e-01 1.47872325e+02]
  [1.26075259e-04 7.52710082e-01 1.22145950e+02]]]

Ref Max Post Table:
[[[7.19969225e-05 2.87886027e-01 1.81864944e+02]
  [7.84171104e-05 2.88478600e-01 1.82282656e+02]
  [7.32792063e-05 2.92659871e-01 1.81892733e+02]
  [6.70850413e-05 2.46358210e-01 1.96104446e+02]]

 [[7.76783959e-05 2.89398598e-01 1.81860294e+02]
  [7.20689924e-05 2.86978777e-01 1.82317624e+02]
  [7.21776595e-05 2.86409368e-01 1.82637487e+02]
  [5.91846235e-05 2.42533945e-01 1.98469238e+02]]

 [[7.24094216e-05 2.88415217e-01 1.82413779e+02]
  [7.78134162e-05 2.89633720e-01 1.82688491e+02]
  [7.20114989e-05 2.88704398e-01 1.81940480e+02]
  [5.74054428e-05 2.42662594e-01 1.97390740e+02]]

 [[7.20385928e-05 2.86563137e-01 1.82933362e+02]
  [7.30662052e-05 2.81264389e-01 1.84662856e+02]
  [7.14464696e-05 2.85998529e-01 1.83038077e+02]
  [5.03465221e-05 1.27939634e-01 2.33874388e+02]]]

Ref Max Pull Table:
[[[7.18427119e-05 2.83590560e-01 1.82298332e+02]
  [7.23569979e-05 2.85956563e-01 1.82219533e+02]
  [7.25307246e-05 2.88256435e-01 1.82237148e+02]
  [5.01069203e-05 1.49854003e-01 2.26989620e+02]]

 [[6.30872841e-05 2.44763863e-01 1.96568424e+02]
  [7.12137462e-05 2.86595354e-01 1.82407644e+02]
  [7.18975990e-05 2.85473677e-01 1.82784748e+02]
  [4.91962953e-05 1.55329948e-01 2.25260044e+02]]

 [[5.74647852e-05 2.25340695e-01 2.02221218e+02]
  [7.05012751e-05 2.86898797e-01 1.82401196e+02]
  [7.16501353e-05 2.87262102e-01 1.82077476e+02]
  [7.59546647e-05 2.89086032e-01 1.82093369e+02]]

 [[6.14595455e-05 2.43174548e-01 1.96760548e+02]
  [4.90449170e-05 1.55226424e-01 2.25308424e+02]
  [7.09595606e-05 2.84880447e-01 1.82988984e+02]
  [7.08473554e-05 2.88786126e-01 1.82298844e+02]]]

Max Activate Table:
[[[1.24179972e-04 7.55405947e-01 1.21565834e+02 2.21738980e-03
   6.39832798e-01 2.44294534e-02 2.44294534e-02]
  [1.24839792e-04 7.49439689e-01 1.22241851e+02 2.22829609e-03
   6.41303466e-01 2.46172841e-02 2.46172841e-02]
  [1.24995288e-04 7.58769227e-01 1.21616317e+02 2.21047255e-03
   6.35629111e-01 2.43784014e-02 2.43784014e-02]
  [1.24533746e-04 7.48299984e-01 1.22255364e+02 2.23027091e-03
   6.41455405e-01 2.46431636e-02 2.46431636e-02]
  [1.25355709e-04 7.45817334e-01 1.24214889e+02 2.23481435e-03
   6.51347951e-01 2.47175587e-02 2.47175587e-02]
  [1.26102912e-04 7.54786180e-01 1.21877936e+02 2.21799337e-03
   6.41845442e-01 2.45097304e-02 2.45097304e-02]
  [4.03817406e-05 1.36972259e-01 2.34683756e+02 3.31362621e-03
   9.36523552e-01 3.68767502e-02 3.68767502e-02]
  [1.22917500e-04 7.42545194e-01 1.23496751e+02 2.24086442e-03
   6.40501278e-01 2.47793504e-02 2.47793504e-02]]

 [[1.25274309e-04 7.60800751e-01 1.20573292e+02 2.20694084e-03
   6.35758395e-01 2.43625197e-02 2.43625197e-02]
  [1.26005326e-04 7.62954639e-01 1.21264960e+02 2.20285913e-03
   6.40526556e-01 2.43097253e-02 2.43097253e-02]
  [1.24314016e-04 7.53163597e-01 1.22418916e+02 2.22119144e-03
   6.64087963e-01 2.46239140e-02 2.46239140e-02]
  [1.24486048e-04 7.55204531e-01 1.22534997e+02 2.21719545e-03
   6.38075265e-01 2.45244766e-02 2.45244766e-02]
  [4.04894436e-05 1.37047138e-01 2.34719248e+02 3.31363794e-03
   9.33412275e-01 3.68729397e-02 3.68729397e-02]
  [1.24669538e-04 7.49917422e-01 1.22462518e+02 2.22718495e-03
   6.40645692e-01 2.46222352e-02 2.46222352e-02]
  [1.25623818e-04 7.51778612e-01 1.22831386e+02 2.22370776e-03
   6.40876419e-01 2.45228893e-02 2.45228893e-02]
  [1.25008470e-04 7.48895697e-01 1.22422327e+02 2.22922526e-03
   6.42096573e-01 2.45847297e-02 2.45847297e-02]]

 [[1.24123073e-04 7.50475029e-01 1.22150635e+02 2.22624401e-03
   6.43773236e-01 2.45881799e-02 2.45881799e-02]
  [1.27428914e-04 7.61298814e-01 1.21059367e+02 2.20661458e-03
   6.38248925e-01 2.43483051e-02 2.43483051e-02]
  [1.25649765e-04 7.47475413e-01 1.22965501e+02 2.23165782e-03
   6.36192172e-01 2.46305256e-02 2.46305256e-02]
  [1.25937526e-04 7.64416823e-01 1.21242018e+02 2.20003104e-03
   6.49674518e-01 2.42777765e-02 2.42777765e-02]
  [1.26485579e-04 7.52077903e-01 1.22288592e+02 2.22290511e-03
   6.33392997e-01 2.46050344e-02 2.46050344e-02]
  [1.23708605e-04 7.47290064e-01 1.22962914e+02 2.23219567e-03
   6.55039438e-01 2.47282764e-02 2.47282764e-02]
  [1.23175155e-04 7.43005864e-01 1.23973472e+02 2.23990374e-03
   6.47843618e-01 2.47795443e-02 2.47795443e-02]
  [1.24420940e-04 7.51396997e-01 1.22898404e+02 2.22418415e-03
   6.49043991e-01 2.45726096e-02 2.45726096e-02]]

 [[1.23510410e-04 7.46400324e-01 1.22408135e+02 2.23364162e-03
   6.42604698e-01 2.46665996e-02 2.46665996e-02]
  [1.23178700e-04 7.41733155e-01 1.23391188e+02 2.24229966e-03
   6.47801397e-01 2.47713991e-02 2.47713991e-02]
  [1.24073610e-04 7.42702821e-01 1.23901288e+02 2.24056818e-03
   6.40612234e-01 2.47416317e-02 2.47416317e-02]
  [1.25162982e-04 7.59526040e-01 1.20904883e+02 2.20969524e-03
   6.39635869e-01 2.43536333e-02 2.43536333e-02]
  [1.23102179e-04 7.44547783e-01 1.23000907e+02 2.23703490e-03
   6.47091138e-01 2.48014809e-02 2.48014809e-02]
  [1.25259381e-04 7.51146240e-01 1.22431002e+02 2.22481982e-03
   6.42383071e-01 2.45880002e-02 2.45880002e-02]
  [1.24512835e-04 7.51326081e-01 1.22949899e+02 2.22449249e-03
   6.53520430e-01 2.45776069e-02 2.45776069e-02]
  [1.36318554e-04 7.50896454e-01 1.22427823e+02 2.22541564e-03
   6.41348454e-01 2.46364845e-02 2.46364845e-02]]

 [[4.04360167e-05 1.37054131e-01 2.34716685e+02 3.31362048e-03
   9.36115702e-01 3.68634526e-02 3.68634526e-02]
  [1.25611806e-04 7.59644005e-01 1.20698135e+02 2.20877552e-03
   6.35433161e-01 2.43986325e-02 2.43986325e-02]
  [1.29246627e-04 7.44351822e-01 1.23458961e+02 2.23776435e-03
   6.53697663e-01 2.47617025e-02 2.47617025e-02]
  [1.23558140e-04 7.44041390e-01 1.22916634e+02 2.23802104e-03
   6.42623067e-01 2.47282152e-02 2.47282152e-02]
  [1.24634660e-04 7.54795206e-01 1.21940769e+02 2.21826767e-03
   6.36974513e-01 2.44737001e-02 2.44737001e-02]
  [1.25165124e-04 7.49769241e-01 1.22390475e+02 2.22719539e-03
   6.44842227e-01 2.46405864e-02 2.46405864e-02]
  [1.23975668e-04 7.46219081e-01 1.22898208e+02 2.23387096e-03
   6.42675978e-01 2.46874740e-02 2.46874740e-02]
  [1.23885347e-04 7.48357012e-01 1.22889481e+02 2.22997401e-03
   6.40833418e-01 2.46766298e-02 2.46766298e-02]]

 [[1.25887046e-04 7.51634239e-01 1.21814344e+02 2.22382206e-03
   6.40719707e-01 2.45738381e-02 2.45738381e-02]
  [1.26140862e-04 7.62164470e-01 1.20568399e+02 2.20461700e-03
   6.45542864e-01 2.43317631e-02 2.43317631e-02]
  [1.24359092e-04 7.51355920e-01 1.22205948e+02 2.22459274e-03
   6.40670245e-01 2.45742654e-02 2.45742654e-02]
  [1.24916041e-04 7.46972944e-01 1.22848596e+02 2.23248503e-03
   6.44972454e-01 2.46432851e-02 2.46432851e-02]
  [1.24705846e-04 7.45718984e-01 1.22654770e+02 2.23475905e-03
   6.49318071e-01 2.46999980e-02 2.46999980e-02]
  [1.25746241e-04 7.53380052e-01 1.21908511e+02 2.22062591e-03
   6.47970323e-01 2.45453772e-02 2.45453772e-02]
  [1.24516614e-04 7.48745723e-01 1.22597033e+02 2.22920718e-03
   6.45432949e-01 2.45882648e-02 2.45882648e-02]
  [1.28932516e-04 7.42975347e-01 1.23941918e+02 2.24009503e-03
   6.40334502e-01 2.47919156e-02 2.47919156e-02]]

 [[1.23149742e-04 7.45219817e-01 1.22843873e+02 2.23591942e-03
   6.44021625e-01 2.47001469e-02 2.47001469e-02]
  [4.03306194e-05 1.36979485e-01 2.34724453e+02 3.31368319e-03
   1.17905335e+00 3.67093472e-02 3.81699484e-02]
  [1.24821535e-04 7.57777439e-01 1.21675173e+02 2.21260886e-03
   6.37071698e-01 2.44025729e-02 2.44025729e-02]
  [1.25457284e-04 7.49766310e-01 1.22323934e+02 2.22759752e-03
   6.44611690e-01 2.45546161e-02 2.45546161e-02]
  [1.24661633e-04 7.55633893e-01 1.22226131e+02 2.21657992e-03
   6.37143622e-01 2.44343291e-02 2.44343291e-02]
  [1.23716815e-04 7.45338368e-01 1.23150608e+02 2.23545423e-03
   6.44820638e-01 2.47282805e-02 2.47282805e-02]
  [7.65149757e-05 4.40622845e-01 1.79535802e+02 2.78144742e-03
   8.49642874e-01 3.09008238e-02 3.09008238e-02]
  [1.24883463e-04 7.50235998e-01 1.22706691e+02 2.22633481e-03
   6.47240112e-01 2.46076717e-02 2.46076717e-02]]

 [[1.23916837e-04 7.53001138e-01 1.21398419e+02 2.22172300e-03
   6.38594943e-01 2.45256868e-02 2.45256868e-02]
  [1.24919784e-04 7.50042528e-01 1.22441387e+02 2.22691563e-03
   6.41255817e-01 2.46496868e-02 2.46496868e-02]
  [1.26663084e-04 7.62226103e-01 1.20573816e+02 2.20515646e-03
   6.36743951e-01 2.42577759e-02 2.42577759e-02]
  [1.29886471e-04 7.48210650e-01 1.22977570e+02 2.23028515e-03
   6.42329011e-01 2.46288681e-02 2.46288681e-02]
  [1.24583206e-04 7.48706742e-01 1.21905009e+02 2.22917674e-03
   6.39372896e-01 2.46219074e-02 2.46219074e-02]
  [1.25635693e-04 7.48012666e-01 1.23341988e+02 2.23125737e-03
   6.40362252e-01 2.45894501e-02 2.45894501e-02]
  [1.24532834e-04 7.50772479e-01 1.21865687e+02 2.22547160e-03
   6.43880793e-01 2.46883735e-02 2.46883735e-02]
  [1.25160766e-04 7.58874492e-01 1.21428876e+02 2.21043675e-03
   6.46216673e-01 2.43749247e-02 2.43749247e-02]]]

Cumulative Reward: 9250.605161789306
