Scheduler Table:
[[[7.12847872e-06 3.00706541e-02 4.03975691e+01 4.83559665e+00
   1.69944825e+00 7.14620724e-04 7.14620724e-04]
  [1.20055124e-05 3.01157895e-02 4.05881816e+01 4.69834051e+00
   1.74278649e+00 7.14901292e-04 7.14901292e-04]
  [6.75110950e-06 2.89828731e-02 4.24288168e+01 4.39110955e+00
   2.24556926e+00 7.06932126e-04 7.06932126e-04]]

 [[7.04619409e-06 2.98828378e-02 3.99952276e+01 4.68767076e+00
   2.02890404e+00 7.12681645e-04 7.12681645e-04]
  [7.99840403e-06 3.01680790e-02 4.11112854e+01 4.92848933e+00
   1.52652517e+00 7.15497226e-04 7.15497226e-04]
  [8.07363778e-06 2.78802046e-02 5.11229740e+01 4.91322552e+00
   2.26984786e+00 7.01278663e-04 7.01278663e-04]]

 [[7.11843300e-06 2.97663769e-02 3.99394895e+01 4.75685657e+00
   2.06044081e+00 7.11700526e-04 7.11700526e-04]
  [7.35302136e-06 2.95760638e-02 4.15260189e+01 4.78598906e+00
   2.11337207e+00 7.10972687e-04 7.10972687e-04]
  [5.75217381e-05 1.50977990e-01 1.23455797e+02 1.12030439e-02
   5.18621635e-03 6.72255524e-04 6.75838414e-04]]]

Buffer Table:
[[[7.73460847e-06 2.98003498e-02 4.02027421e+01 4.80570286e+00
   2.03393042e+00 7.11565252e-04 7.11565252e-04]
  [9.01447945e-06 2.98834660e-02 4.04270938e+01 4.77486130e+00
   1.94060881e+00 7.12476845e-04 7.12476845e-04]
  [6.92886530e-06 2.85521329e-02 5.14082810e+01 3.99987957e+00
   1.71431965e+00 7.04532099e-04 7.04532099e-04]]

 [[1.03918464e-05 2.97603656e-02 4.12195089e+01 4.71339583e+00
   1.95210386e+00 7.11625834e-04 7.11625834e-04]
  [6.90474950e-06 2.87595506e-02 4.90414412e+01 4.16134924e+00
   1.92736816e+00 7.06670387e-04 7.06670387e-04]
  [5.78748166e-05 1.51713080e-01 1.16521564e+02 3.01084735e-01
   1.46718620e-01 6.74831858e-04 6.75173943e-04]]

 [[7.78880703e-06 2.98439028e-02 4.05425889e+01 4.83520977e+00
   1.90393145e+00 7.12101936e-04 7.12101936e-04]
  [6.36633237e-06 2.06333321e-02 1.17025659e+02 3.04143447e-01
   1.48141557e-01 6.69684659e-04 6.73285554e-04]
  [7.00278735e-06 2.91341527e-02 4.40502395e+01 5.10408084e+00
   1.87686479e+00 7.07312360e-04 7.07312360e-04]]]

Arbiter Table:
[[[5.75241825e-05 1.50959336e-01 1.23607991e+02 1.53862790e-03
   9.58818705e-04 6.72164674e-04 6.75747565e-04]
  [7.71501067e-06 2.99467430e-02 4.01904305e+01 4.80636826e+00
   1.89753693e+00 7.13466578e-04 7.13466578e-04]
  [7.35749433e-06 2.96993918e-02 4.05965280e+01 4.58683591e+00
   2.05339527e+00 7.11552244e-04 7.11552244e-04]]

 [[7.11351288e-06 2.97672375e-02 4.04138641e+01 4.84463507e+00
   2.08102928e+00 7.11720348e-04 7.11720348e-04]
  [7.60784026e-06 3.02140429e-02 4.07905645e+01 4.82147913e+00
   1.56983946e+00 7.16182770e-04 7.16182770e-04]
  [8.70321454e-06 2.99725799e-02 4.04081025e+01 4.84496471e+00
   1.83002300e+00 7.13837626e-04 7.13837626e-04]]

 [[6.83378410e-06 2.84402701e-02 4.57121097e+01 3.96415970e+00
   1.80680062e+00 7.03642000e-04 7.03642000e-04]
  [7.28859152e-06 2.99747263e-02 4.04884194e+01 4.73362414e+00
   1.87329545e+00 7.13909712e-04 7.13909712e-04]
  [1.10570454e-05 3.00721370e-02 4.03868315e+01 4.66187289e+00
   1.84019952e+00 7.14523598e-04 7.14523598e-04]]]

Page Table:
[[[4.43222177e-06 2.47270931e-02 1.19926255e+02 4.02387838e-01
   1.79065250e-01 7.66814190e-04 7.66814190e-04]
  [1.02572121e-05 6.55998328e-02 3.97617670e+01 4.29842053e+00
   2.03070297e+00 1.68049911e-03 1.68049911e-03]
  [1.03193598e-05 6.82911809e-02 3.92255461e+01 4.18911233e+00
   1.73297326e+00 1.74794598e-03 1.74794598e-03]
  [9.80724400e-06 6.68407594e-02 4.04272281e+01 4.19069263e+00
   1.85917806e+00 1.71193316e-03 1.71193316e-03]]

 [[9.49807324e-06 6.66838033e-02 4.00425213e+01 4.26083664e+00
   1.91607955e+00 1.70702102e-03 1.70702102e-03]
  [5.76894482e-05 1.53496158e-01 1.13264877e+02 8.96000359e-01
   6.36376684e-01 7.24008524e-04 7.27591414e-04]
  [1.17871987e-05 6.68884387e-02 3.91641516e+01 4.20939152e+00
   1.91303026e+00 1.71345919e-03 1.71345919e-03]
  [9.89649681e-06 6.58095038e-02 4.04574283e+01 4.25172138e+00
   1.94005697e+00 1.68660788e-03 1.68660788e-03]]

 [[9.51426821e-06 6.71982023e-02 4.03595505e+01 4.20547007e+00
   1.89194397e+00 1.72019352e-03 1.72019352e-03]
  [1.07869762e-05 6.58661511e-02 3.98733148e+01 4.32622590e+00
   1.98265912e+00 1.68657335e-03 1.68657335e-03]
  [1.01166211e-05 6.87291691e-02 3.91631474e+01 4.26270959e+00
   1.66496115e+00 1.75897178e-03 1.75897178e-03]
  [1.06916138e-05 6.79062741e-02 3.99961230e+01 4.23661449e+00
   1.71012313e+00 1.73810967e-03 1.73810967e-03]]

 [[9.40980969e-06 6.62087423e-02 4.01659348e+01 4.28459938e+00
   1.96648766e+00 1.69576575e-03 1.69576575e-03]
  [1.17454732e-05 5.90176560e-02 4.90782667e+01 4.18155508e+00
   2.11206298e+00 1.53131584e-03 1.53131584e-03]
  [1.01863459e-05 6.72926302e-02 3.93021429e+01 4.21787963e+00
   1.85103946e+00 1.72241001e-03 1.72241001e-03]
  [9.50007916e-06 6.80425693e-02 4.01571894e+01 4.44750054e+00
   1.58645734e+00 1.74153294e-03 1.74153294e-03]]]

Response Table:
[[[5.75240035e-05 1.50958808e-01 1.23609731e+02]
  [7.30284603e-06 2.61731899e-02 4.09932354e+01]]

 [[8.39048806e-06 2.59894204e-02 4.40995216e+01]
  [6.72481192e-06 2.62023639e-02 4.08596985e+01]]]

Refresh Table:
[[[8.62201307e-06 2.57041271e-02 4.51996952e+01]
  [5.77858989e-05 1.51151439e-01 1.21318887e+02]]

 [[6.27742674e-06 2.00658903e-02 1.21880666e+02]
  [6.75667749e-06 2.61670511e-02 4.07857183e+01]]]

Request Buffer Table:
[[[1.76759821e-05 3.76183815e-01 2.76691158e+01]
  [1.83601214e-05 3.85620121e-01 2.71763495e+01]
  [1.75293271e-05 3.74098562e-01 2.75918357e+01]
  [1.80119369e-05 3.85330831e-01 2.75573707e+01]
  [1.77810050e-05 3.81448718e-01 2.80106766e+01]
  [1.75340996e-05 3.76831739e-01 2.89502334e+01]
  [1.71707587e-05 3.48813888e-01 2.95206518e+01]
  [1.80310137e-05 3.81572992e-01 2.76757334e+01]]

 [[1.76033900e-05 3.74994368e-01 2.75391106e+01]
  [1.82299332e-05 3.76787280e-01 2.76208950e+01]
  [1.77834249e-05 3.74628597e-01 2.75973300e+01]
  [1.84321851e-05 3.96545007e-01 2.69712577e+01]
  [1.82353833e-05 3.93223779e-01 2.76243447e+01]
  [2.23900359e-05 3.88302866e-01 2.75892624e+01]
  [1.70596621e-05 3.50197124e-01 2.93549131e+01]
  [1.83086433e-05 3.92678065e-01 2.76465623e+01]]

 [[1.77468715e-05 3.82075065e-01 2.71370424e+01]
  [1.77198715e-05 3.75142753e-01 2.74120667e+01]
  [1.77223276e-05 3.75641392e-01 2.78541170e+01]
  [1.84381462e-05 3.95330847e-01 2.73317838e+01]
  [1.78307954e-05 3.80370594e-01 2.80742570e+01]
  [1.73941180e-05 3.70029146e-01 2.79679243e+01]
  [1.68982025e-05 3.52446338e-01 2.92934258e+01]
  [1.80596736e-05 3.62373633e-01 2.89898356e+01]]

 [[2.11243553e-05 3.77782130e-01 2.72945318e+01]
  [1.81594540e-05 3.87939485e-01 2.65348104e+01]
  [1.81857134e-05 3.85945767e-01 2.73435296e+01]
  [1.96712492e-05 4.07364311e-01 2.66357864e+01]
  [1.79233563e-05 3.80232159e-01 2.82277255e+01]
  [1.76076599e-05 3.76420793e-01 2.82879680e+01]
  [1.64234077e-05 3.22987921e-01 3.65026978e+01]
  [1.83837641e-05 3.93583293e-01 2.75387697e+01]]

 [[1.75743557e-05 3.75220664e-01 2.76204258e+01]
  [1.80534186e-05 3.77635737e-01 2.73922168e+01]
  [1.78677755e-05 3.80819459e-01 2.75145815e+01]
  [1.77291955e-05 3.78403779e-01 2.80395000e+01]
  [1.79587243e-05 3.85507416e-01 2.76288127e+01]
  [1.75696524e-05 3.80483295e-01 2.80118115e+01]
  [1.76845736e-05 3.75066429e-01 2.88149614e+01]
  [1.64296874e-05 3.25384478e-01 3.33589830e+01]]

 [[1.77330610e-05 3.77856059e-01 2.74671816e+01]
  [1.83264458e-05 3.86179164e-01 2.69931091e+01]
  [1.77811938e-05 3.81964805e-01 2.73215971e+01]
  [1.83412187e-05 3.83710435e-01 2.74424369e+01]
  [1.75175516e-05 3.77530401e-01 2.78860962e+01]
  [1.73109076e-05 3.71901715e-01 2.84930066e+01]
  [1.74829033e-05 3.72652295e-01 2.79076298e+01]
  [1.65849323e-05 3.28275737e-01 3.27053316e+01]]

 [[1.70624038e-05 3.60982960e-01 2.80581607e+01]
  [1.77179864e-05 3.71392938e-01 2.76977892e+01]
  [1.80796946e-05 3.60598426e-01 2.80798694e+01]
  [1.78358792e-05 3.65952899e-01 2.89869116e+01]
  [1.72995490e-05 3.68400979e-01 2.84550363e+01]
  [1.73513489e-05 3.62448098e-01 2.89460020e+01]
  [1.70435101e-05 3.48167549e-01 2.91230636e+01]
  [6.08128995e-06 2.36514801e-02 1.21388912e+02]]

 [[1.75787381e-05 3.74727830e-01 2.76899723e+01]
  [1.89529749e-05 3.84874569e-01 2.71170600e+01]
  [1.72693377e-05 3.65931332e-01 2.80337848e+01]
  [2.11536738e-05 3.67819608e-01 2.87397165e+01]
  [1.81908358e-05 3.72823888e-01 2.87201534e+01]
  [2.16735138e-05 3.76333566e-01 2.82663555e+01]
  [5.75902776e-05 1.54727605e-01 1.20828425e+02]
  [1.80690197e-05 3.84311121e-01 2.79731767e+01]]]

Ref Max Post Table:
[[[9.61775544e-06 6.69537952e-02 3.99750781e+01]
  [9.56909681e-06 6.66157734e-02 4.00129884e+01]
  [1.03004066e-05 4.88960867e-02 6.48161180e+01]
  [9.92861039e-06 6.61860375e-02 3.98507119e+01]]

 [[9.71184094e-06 6.44093592e-02 4.23848435e+01]
  [9.65586646e-06 6.74989828e-02 3.95642271e+01]
  [1.00263634e-05 6.62311836e-02 3.96676736e+01]
  [1.04977336e-05 6.73065491e-02 4.00630370e+01]]

 [[1.03322785e-05 6.49128803e-02 4.04180092e+01]
  [9.71787082e-06 6.67010497e-02 4.01572708e+01]
  [5.77013527e-05 1.52432383e-01 1.20841626e+02]
  [1.03650450e-05 6.45400513e-02 4.08952760e+01]]

 [[1.03356383e-05 6.30143235e-02 4.28892904e+01]
  [9.64165408e-06 6.75336778e-02 3.98013477e+01]
  [9.68722202e-06 6.61707798e-02 3.96517296e+01]
  [1.23604243e-05 6.57593069e-02 3.98952000e+01]]]

Ref Max Pull Table:
[[[5.75239678e-05 1.50959222e-01 1.23609990e+02]
  [1.13502236e-05 6.57624887e-02 3.97114204e+01]
  [9.38996787e-06 6.76912539e-02 4.00706462e+01]
  [9.66355573e-06 6.56744686e-02 3.99020228e+01]]

 [[9.50497852e-06 5.88430905e-02 4.40664652e+01]
  [1.26029674e-05 6.58709786e-02 3.98721355e+01]
  [9.42212308e-06 6.65593955e-02 3.97061159e+01]
  [5.91936974e-06 3.10950749e-02 5.89099829e+01]]

 [[1.04597869e-05 6.77670851e-02 3.98225301e+01]
  [9.88036689e-06 6.54001869e-02 4.01853817e+01]
  [6.44777909e-06 2.78169467e-02 7.34466707e+01]
  [9.73434173e-06 6.70190331e-02 4.00057625e+01]]

 [[1.03740039e-05 6.67849913e-02 3.97535836e+01]
  [6.30306727e-06 3.40751577e-02 5.86173248e+01]
  [9.32522740e-06 6.71479226e-02 3.98620837e+01]
  [9.99910085e-06 6.39203353e-02 4.05073174e+01]]]

Max Activate Table:
[[[1.79571001e-05 3.77639438e-01 2.73345422e+01 2.49286994e+00
   1.33263698e+00 1.00194101e-02 1.00194101e-02]
  [1.75797997e-05 3.76685680e-01 2.75650092e+01 2.72066349e+00
   1.39607484e+00 9.99485395e-03 9.99485395e-03]
  [1.76030503e-05 3.73577189e-01 2.77944028e+01 2.68808818e+00
   1.33952087e+00 9.91182418e-03 9.91182418e-03]
  [1.83506718e-05 4.00975366e-01 2.70304085e+01 2.57593490e+00
   1.27337391e+00 1.06407864e-02 1.06407864e-02]
  [1.78460903e-05 3.87592509e-01 2.73081367e+01 2.45972763e+00
   1.37931716e+00 1.02845373e-02 1.02845373e-02]
  [1.83892887e-05 3.76853249e-01 2.79465181e+01 2.61428392e+00
   1.37628299e+00 9.99833154e-03 9.99833154e-03]
  [1.73725832e-05 3.54679791e-01 2.83169208e+01 2.79794956e+00
   1.19960212e+00 9.40793070e-03 9.40793070e-03]
  [1.70708120e-05 3.56627126e-01 2.94143592e+01 2.80369190e+00
   1.41477015e+00 9.46127304e-03 9.46127304e-03]]

 [[1.81504226e-05 3.86669486e-01 2.69710834e+01 2.51345316e+00
   1.35637460e+00 1.02597948e-02 1.02597948e-02]
  [1.85817326e-05 4.01677642e-01 2.66023433e+01 2.30218218e+00
   1.35171668e+00 1.06599929e-02 1.06599929e-02]
  [2.09582274e-05 3.74242791e-01 2.79955416e+01 2.66874236e+00
   1.23617769e+00 9.92953592e-03 9.92953592e-03]
  [1.77845540e-05 3.77780928e-01 2.78814282e+01 2.69841512e+00
   1.39158167e+00 1.00236491e-02 1.00236491e-02]
  [1.81861365e-05 3.87278584e-01 2.75199192e+01 2.69140363e+00
   1.31437812e+00 1.02753803e-02 1.02753803e-02]
  [2.21275895e-05 3.75952855e-01 2.82184447e+01 2.80554452e+00
   1.32793866e+00 9.97372702e-03 9.97372702e-03]
  [1.55674051e-05 3.13871378e-01 3.85863970e+01 2.82360722e+00
   1.45646556e+00 8.33890874e-03 8.33890874e-03]
  [1.81744305e-05 3.78468906e-01 2.77355469e+01 2.76719948e+00
   1.31253865e+00 1.00408734e-02 1.00408734e-02]]

 [[1.79196936e-05 3.81862003e-01 2.70792803e+01 2.57674800e+00
   1.30369293e+00 1.01326953e-02 1.01326953e-02]
  [1.75615524e-05 3.74806313e-01 2.74378568e+01 2.76904258e+00
   1.40325065e+00 9.94505170e-03 9.94505170e-03]
  [1.78344684e-05 3.80390435e-01 2.74261781e+01 2.64763331e+00
   1.24233006e+00 1.00921297e-02 1.00921297e-02]
  [1.78613482e-05 3.84384296e-01 2.73438874e+01 2.81994055e+00
   1.26807410e+00 1.01992769e-02 1.01992769e-02]
  [1.76295822e-05 3.79095139e-01 2.80233846e+01 2.60707419e+00
   1.30433219e+00 1.00574137e-02 1.00574137e-02]
  [1.84925098e-05 3.80912023e-01 2.77013811e+01 2.41349242e+00
   1.41886174e+00 1.01055766e-02 1.01055766e-02]
  [1.67900880e-05 3.46313078e-01 2.98660168e+01 3.18185878e+00
   1.39848896e+00 9.18701960e-03 9.18701960e-03]
  [1.77619795e-05 3.75092295e-01 2.81590163e+01 2.57763287e+00
   1.34810777e+00 9.95181088e-03 9.95181088e-03]]

 [[1.84111299e-05 3.87028491e-01 2.69742385e+01 2.45869512e+00
   1.26297248e+00 1.02700799e-02 1.02700799e-02]
  [1.80286716e-05 3.80232392e-01 2.78970788e+01 2.77022253e+00
   1.25655664e+00 1.00888167e-02 1.00888167e-02]
  [1.75578135e-05 3.66106474e-01 2.80892633e+01 2.89692158e+00
   1.25263659e+00 9.71175354e-03 9.71175354e-03]
  [2.14990637e-05 3.77667509e-01 2.77067511e+01 2.71696438e+00
   1.34623600e+00 1.00205355e-02 1.00205355e-02]
  [1.83689847e-05 3.83717736e-01 2.79521856e+01 2.54553398e+00
   1.28485147e+00 1.01808299e-02 1.01808299e-02]
  [1.70168615e-05 3.55775506e-01 2.87823556e+01 2.87765911e+00
   1.45778894e+00 9.43838104e-03 9.43838104e-03]
  [1.84511804e-05 3.75214173e-01 2.76451802e+01 2.46988301e+00
   1.45577921e+00 9.95163793e-03 9.95163793e-03]
  [1.85650995e-05 3.87356845e-01 2.78374808e+01 2.57795073e+00
   1.32549702e+00 1.02781182e-02 1.02781182e-02]]

 [[1.79353152e-05 3.88519736e-01 2.69003608e+01 2.58383176e+00
   1.30349161e+00 1.03091817e-02 1.03091817e-02]
  [1.74892617e-05 3.73879907e-01 2.84509631e+01 2.85450293e+00
   1.31573751e+00 9.91926842e-03 9.91926842e-03]
  [1.92145786e-05 3.75376530e-01 2.73229406e+01 2.63316395e+00
   1.30718311e+00 9.95908889e-03 9.95908889e-03]
  [1.78065185e-05 3.77662303e-01 2.80568340e+01 2.55180735e+00
   1.35090406e+00 1.00194807e-02 1.00194807e-02]
  [1.76741038e-05 3.78199567e-01 2.82631794e+01 2.77971136e+00
   1.30297674e+00 1.00339453e-02 1.00339453e-02]
  [1.80070920e-05 3.78080134e-01 2.78885093e+01 2.77746499e+00
   1.28282241e+00 1.00309019e-02 1.00309019e-02]
  [1.65502542e-05 3.43207485e-01 2.96161161e+01 3.06081473e+00
   1.57033852e+00 9.10414241e-03 9.10414241e-03]
  [1.83201635e-05 3.74736573e-01 2.75913744e+01 2.58584057e+00
   1.39827211e+00 9.94278271e-03 9.94278271e-03]]

 [[1.76747786e-05 3.74541984e-01 2.77841247e+01 2.67257032e+00
   1.37193493e+00 9.93743851e-03 9.93743851e-03]
  [1.79860084e-05 3.69915148e-01 2.80548538e+01 2.82462191e+00
   1.36565273e+00 9.81428623e-03 9.81428623e-03]
  [1.78661992e-05 3.85996933e-01 2.72012677e+01 2.58836507e+00
   1.35399447e+00 1.02418646e-02 1.02418646e-02]
  [1.80476872e-05 3.83409021e-01 2.76802626e+01 2.51609231e+00
   1.30040853e+00 1.01717182e-02 1.01717182e-02]
  [1.75810851e-05 3.65571757e-01 2.84872000e+01 2.81516938e+00
   1.32288723e+00 9.69774067e-03 9.69774067e-03]
  [1.76750048e-05 3.70173266e-01 2.85431615e+01 2.82605614e+00
   1.30683105e+00 9.82038455e-03 9.82038455e-03]
  [1.57695860e-05 3.18629006e-01 3.29427936e+01 2.71342340e+00
   1.34806744e+00 8.45658376e-03 8.45658376e-03]
  [1.79811926e-05 3.69222778e-01 2.81192442e+01 2.82166506e+00
   1.39048814e+00 9.79552772e-03 9.79552772e-03]]

 [[1.71988717e-05 3.61467369e-01 2.87400369e+01 2.83754034e+00
   1.38686740e+00 9.59010167e-03 9.59010167e-03]
  [1.84123213e-05 3.53571209e-01 2.92153595e+01 2.99783601e+00
   1.45630009e+00 9.38109539e-03 9.38109539e-03]
  [1.76063856e-05 3.59888080e-01 2.81465951e+01 2.81821456e+00
   1.45688910e+00 9.54741527e-03 9.54741527e-03]
  [1.73981553e-05 3.60472990e-01 2.84088231e+01 2.82257458e+00
   1.44752123e+00 9.56406687e-03 9.56406687e-03]
  [1.69029382e-05 3.54634025e-01 2.92206182e+01 2.87228857e+00
   1.55287750e+00 9.40815180e-03 9.40815180e-03]
  [1.75299601e-05 3.68094328e-01 2.87071405e+01 3.10301789e+00
   1.22738668e+00 9.76561774e-03 9.76561774e-03]
  [5.82247082e-05 1.67294334e-01 1.18885851e+02 1.41130718e-01
   6.87112667e-02 1.09906784e-03 1.10265073e-03]
  [1.77971039e-05 3.64348577e-01 2.83698233e+01 2.55631969e+00
   1.41088475e+00 9.66607499e-03 9.66607499e-03]]

 [[1.86411040e-05 3.73617823e-01 2.75225923e+01 2.58172198e+00
   1.40509494e+00 9.91238278e-03 9.91238278e-03]
  [1.98402028e-05 3.71405222e-01 2.77327803e+01 2.81798996e+00
   1.36480239e+00 9.85418192e-03 9.85418192e-03]
  [1.74632966e-05 3.68743821e-01 2.80018539e+01 2.59471740e+00
   1.26942781e+00 9.78237486e-03 9.78237486e-03]
  [1.79816050e-05 3.80365396e-01 2.75929339e+01 2.75119442e+00
   1.37097222e+00 1.00914115e-02 1.00914115e-02]
  [1.77422048e-05 3.74505341e-01 2.83537636e+01 2.85887389e+00
   1.30590774e+00 9.93454156e-03 9.93454156e-03]
  [1.80545580e-05 3.80596224e-01 2.77571724e+01 2.56156812e+00
   1.39846409e+00 1.00970622e-02 1.00970622e-02]
  [1.57037315e-05 3.20271877e-01 3.71593366e+01 2.59964673e+00
   1.39975809e+00 8.50769797e-03 8.50769797e-03]
  [1.78006570e-05 3.70563432e-01 2.81025813e+01 2.63006200e+00
   1.39710331e+00 9.83062090e-03 9.83062090e-03]]]

Cumulative Reward: 18332.0476778656
