Scheduler Table:
[[[1.22690621e-05 3.47805586e-02 3.47861137e+01 2.02927378e-03
   6.53118628e-02 6.83712071e-04 6.83712071e-04]
  [1.21624810e-05 3.46173586e-02 3.50914881e+01 2.02115276e-03
   4.51929931e-02 6.83655704e-04 6.83655704e-04]
  [1.12465407e-05 3.44884745e-02 3.53322191e+01 2.01996941e-03
   4.05124005e-02 6.83842256e-04 6.83842256e-04]]

 [[1.21513562e-05 3.48619773e-02 3.46043183e+01 2.04160486e-03
   5.99753154e-02 6.83484739e-04 6.83484739e-04]
  [1.11748016e-05 3.38465296e-02 4.01443160e+01 2.05665017e-03
   4.13262424e-02 6.83399099e-04 6.83399099e-04]
  [8.58230773e-06 2.39834566e-02 8.89733604e+01 2.52624168e-03
   1.43251365e-02 6.78938848e-04 6.78938848e-04]]

 [[1.21658471e-05 3.45929179e-02 3.47025142e+01 2.02575256e-03
   4.26414544e-02 6.84059353e-04 6.84059353e-04]
  [8.12462322e-06 2.39820822e-02 8.84539438e+01 2.50870689e-03
   1.43237895e-02 6.78910174e-04 6.88567507e-04]
  [1.14383846e-05 3.44797674e-02 3.48617167e+01 2.00925505e-03
   4.06577230e-02 6.84468715e-04 6.84468715e-04]]]

Buffer Table:
[[[1.13551193e-05 3.44679664e-02 3.51358651e+01 2.01687315e-03
   4.48007134e-02 6.83937021e-04 6.83937021e-04]
  [1.21474166e-05 3.47329797e-02 3.50655491e+01 2.04457223e-03
   4.30537139e-02 6.83573177e-04 6.83573177e-04]
  [8.12615505e-06 2.39838199e-02 8.84456663e+01 2.50867104e-03
   1.43304318e-02 6.78910573e-04 6.88567907e-04]]

 [[1.12952855e-05 3.45160538e-02 3.53041971e+01 2.01437183e-03
   4.65808612e-02 6.84001476e-04 6.84001476e-04]
  [1.17289605e-05 3.47583888e-02 3.49867945e+01 2.05305721e-03
   4.20733157e-02 6.83494900e-04 6.83494900e-04]
  [1.24849502e-05 3.45639106e-02 3.50417012e+01 2.01999057e-03
   4.86642214e-02 6.83709318e-04 6.83709318e-04]]

 [[8.58384360e-06 2.39851988e-02 8.89650610e+01 2.52620574e-03
   1.43317963e-02 6.78939249e-04 6.78939249e-04]
  [1.20109462e-05 3.45939500e-02 3.49795873e+01 2.02391062e-03
   4.70974608e-02 6.83740366e-04 6.83740366e-04]
  [1.09661131e-05 3.36821376e-02 3.92749618e+01 2.03749110e-03
   4.73956977e-02 6.83577332e-04 6.83577332e-04]]]

Arbiter Table:
[[[9.85830896e-06 2.37228624e-02 9.16303576e+01 2.63542028e-03
   3.58914418e-03 6.77407121e-04 6.87064454e-04]
  [1.09932135e-05 3.43896479e-02 3.55252388e+01 2.01927180e-03
   4.35764274e-02 6.83812411e-04 6.83812411e-04]
  [1.15571763e-05 3.44524449e-02 3.51499796e+01 2.02135320e-03
   5.00318905e-02 6.83321834e-04 6.83321834e-04]]

 [[1.00137219e-05 3.31360789e-02 4.29248864e+01 2.05446423e-03
   4.10143379e-02 6.83340377e-04 6.83340377e-04]
  [1.15853533e-05 3.48290959e-02 3.48396082e+01 2.04401433e-03
   4.34484767e-02 6.83872600e-04 6.83872600e-04]
  [1.17429168e-05 3.47061069e-02 3.48244807e+01 2.01605179e-03
   4.67481535e-02 6.83910270e-04 6.83910270e-04]]

 [[1.13461930e-05 3.33438398e-02 4.40811530e+01 2.10096181e-03
   4.66883260e-02 6.82815043e-04 6.82815043e-04]
  [1.14717131e-05 3.47058100e-02 3.48551585e+01 2.02672885e-03
   4.40293551e-02 6.83703671e-04 6.83703671e-04]
  [1.33690354e-05 3.47215780e-02 3.49649540e+01 2.02958391e-03
   4.72352461e-02 6.83564627e-04 6.83564627e-04]]]

Page Table:
[[[9.18608327e-06 2.77804850e-02 5.87849388e+01 1.50679767e-03
   7.80116235e-02 6.87854033e-04 6.87854033e-04]
  [2.31511387e-05 5.40491249e-02 3.48978754e+01 1.97518486e-03
   4.53614567e-02 6.75782749e-04 6.75782749e-04]
  [2.32611869e-05 5.52724688e-02 3.47209280e+01 1.99041569e-03
   4.30393235e-02 6.75218908e-04 6.75218908e-04]
  [2.23839254e-05 5.46736952e-02 3.48725372e+01 1.97305014e-03
   4.39735327e-02 6.75327886e-04 6.75327886e-04]]

 [[2.27999510e-05 5.48218870e-02 3.45864780e+01 1.97890411e-03
   4.99993408e-02 6.75371761e-04 6.75371761e-04]
  [2.22321288e-05 5.42307730e-02 3.46207858e+01 1.97590442e-03
   4.63417453e-02 6.76014227e-04 6.76014227e-04]
  [2.36967663e-05 5.55314041e-02 3.41001334e+01 1.97781555e-03
   4.32545878e-02 6.75789986e-04 6.75789986e-04]
  [2.20846769e-05 5.43722033e-02 3.45398508e+01 1.97965623e-03
   4.75931760e-02 6.75395704e-04 6.75395704e-04]]

 [[2.09383994e-05 5.02200777e-02 4.43805530e+01 2.08192684e-03
   4.06840727e-02 6.76042759e-04 6.76042759e-04]
  [2.31395658e-05 5.53658215e-02 3.44738855e+01 1.97692499e-03
   4.39130902e-02 6.75174368e-04 6.75174368e-04]
  [2.36751522e-05 5.56269297e-02 3.41822030e+01 1.97260820e-03
   4.36224184e-02 6.75426046e-04 6.75426046e-04]
  [2.25710727e-05 5.51131358e-02 3.47908010e+01 2.00423796e-03
   4.10614379e-02 6.75322465e-04 6.75322465e-04]]

 [[2.30799066e-05 5.47470822e-02 3.45944209e+01 1.97930914e-03
   4.66338538e-02 6.75385566e-04 6.75385566e-04]
  [2.20851576e-05 5.41664851e-02 3.48223767e+01 1.97757300e-03
   5.50243552e-02 6.75526053e-04 6.75526053e-04]
  [2.32314120e-05 5.54514429e-02 3.41795865e+01 1.97445044e-03
   4.26402375e-02 6.75534253e-04 6.75534253e-04]
  [1.00762489e-05 2.41668807e-02 9.12390233e+01 2.64319519e-03
   3.04896531e-03 6.77204124e-04 6.86861458e-04]]]

Response Table:
[[[8.55881466e-06 3.01865862e-02 3.48710540e+01]
  [8.39334781e-06 3.01051481e-02 3.49595921e+01]]

 [[8.41658011e-06 3.01117372e-02 3.48930246e+01]
  [9.85820514e-06 2.37227289e-02 9.16309870e+01]]]

Refresh Table:
[[[9.85820515e-06 2.37227289e-02 9.16309870e+01]
  [8.59054005e-06 3.01007676e-02 3.46838158e+01]]

 [[8.68871324e-06 3.02417693e-02 3.47670701e+01]
  [8.31345165e-06 3.00307350e-02 3.50949477e+01]]]

Request Buffer Table:
[[[7.75128883e-05 1.34927261e-01 2.25131269e+01]
  [7.80046989e-05 1.36044104e-01 2.24810093e+01]
  [7.76003959e-05 1.34737346e-01 2.27839576e+01]
  [7.77695551e-05 1.34639573e-01 2.27860389e+01]
  [8.14859776e-05 1.37925197e-01 2.24280546e+01]
  [7.45185611e-05 1.29859027e-01 2.39210475e+01]
  [7.90265696e-05 1.37833293e-01 2.27807173e+01]
  [7.36757804e-05 1.29236712e-01 2.47512950e+01]]

 [[7.68330004e-05 1.34263367e-01 2.25186190e+01]
  [8.10795003e-05 1.39260958e-01 2.21811496e+01]
  [7.90182101e-05 1.36975633e-01 2.24166292e+01]
  [7.93535284e-05 1.37688538e-01 2.25493862e+01]
  [7.72605759e-05 1.34765764e-01 2.29261370e+01]
  [6.80646122e-05 1.19957716e-01 2.67577963e+01]
  [7.92610129e-05 1.37930374e-01 2.34162704e+01]
  [7.63990758e-05 1.32665618e-01 2.34741515e+01]]

 [[8.16380277e-05 1.40572306e-01 2.19736518e+01]
  [7.85420639e-05 1.36109220e-01 2.23474496e+01]
  [8.06623402e-05 1.36746855e-01 2.25929758e+01]
  [8.14001237e-05 1.40508894e-01 2.21217617e+01]
  [7.77359884e-05 1.35209082e-01 2.33312849e+01]
  [8.15843118e-05 1.38648457e-01 2.23957879e+01]
  [8.01773426e-05 1.39482177e-01 2.25911172e+01]
  [7.27423755e-05 1.28148012e-01 2.45550636e+01]]

 [[7.85370836e-05 1.36266508e-01 2.23508198e+01]
  [8.11449695e-05 1.37200250e-01 2.21770723e+01]
  [7.95327734e-05 1.37269281e-01 2.24932813e+01]
  [8.02201318e-05 1.39064740e-01 2.20191343e+01]
  [7.72704806e-05 1.34754667e-01 2.33521403e+01]
  [8.09537726e-05 1.35956429e-01 2.28276651e+01]
  [8.14602682e-05 1.41368263e-01 2.22094069e+01]
  [7.28574734e-05 1.27006962e-01 2.44809649e+01]]

 [[7.86129944e-05 1.36691708e-01 2.23103318e+01]
  [7.70229608e-05 1.33816262e-01 2.29948426e+01]
  [7.88291365e-05 1.36221866e-01 2.24180006e+01]
  [7.74932969e-05 1.33870456e-01 2.32020087e+01]
  [7.83502500e-05 1.35987324e-01 2.32504120e+01]
  [7.78157430e-05 1.34809552e-01 2.31505944e+01]
  [7.94712356e-05 1.38341404e-01 2.28451561e+01]
  [7.26460833e-05 1.28191235e-01 2.45091328e+01]]

 [[7.55363826e-05 1.32071436e-01 2.29058786e+01]
  [7.65395678e-05 1.33506332e-01 2.24923236e+01]
  [7.76148817e-05 1.35228534e-01 2.27336177e+01]
  [7.75546342e-05 1.33411092e-01 2.30174990e+01]
  [7.79609377e-05 1.35873616e-01 2.27614730e+01]
  [9.86435072e-06 2.37326575e-02 9.16276498e+01]
  [8.01102652e-05 1.34781675e-01 2.46091360e+01]
  [7.16616508e-05 1.26692143e-01 2.42923464e+01]]

 [[7.78340040e-05 1.35616854e-01 2.24075451e+01]
  [8.26340721e-05 1.43014705e-01 2.16385847e+01]
  [8.06970459e-05 1.39210042e-01 2.20780356e+01]
  [8.52779997e-05 1.38855686e-01 2.22719625e+01]
  [7.86859894e-05 1.37014212e-01 2.25546519e+01]
  [5.76696258e-05 1.04127405e-01 3.68841937e+01]
  [8.24899520e-05 1.42676595e-01 2.33173286e+01]
  [7.66769582e-05 1.34169884e-01 2.29800491e+01]]

 [[7.56953363e-05 1.32219075e-01 2.28179178e+01]
  [7.51890007e-05 1.31509799e-01 2.29335796e+01]
  [7.52713977e-05 1.31145346e-01 2.32925612e+01]
  [7.61863888e-05 1.31744774e-01 2.33855744e+01]
  [7.53607555e-05 1.31986503e-01 2.32371987e+01]
  [7.54666378e-05 1.32248742e-01 2.32591085e+01]
  [7.25728218e-05 1.27893804e-01 2.59300738e+01]
  [7.24051695e-05 1.27628908e-01 2.39551062e+01]]]

Ref Max Post Table:
[[[9.23186957e-06 2.67311288e-02 8.65700636e+01]
  [2.29155833e-05 5.46045085e-02 3.46125216e+01]
  [2.34241680e-05 5.42307459e-02 3.52383001e+01]
  [2.37604794e-05 5.55732432e-02 3.44239119e+01]]

 [[2.27652675e-05 5.43069808e-02 3.45777550e+01]
  [2.29063459e-05 5.46716126e-02 3.44008150e+01]
  [2.27631349e-05 5.42456737e-02 3.53744309e+01]
  [2.37331262e-05 5.54855279e-02 3.44680161e+01]]

 [[2.34049439e-05 5.50554370e-02 3.47431581e+01]
  [2.46628763e-05 5.47914522e-02 3.45329187e+01]
  [2.35761042e-05 5.46289228e-02 3.46326219e+01]
  [2.03450442e-05 4.92035714e-02 4.19920469e+01]]

 [[2.39441765e-05 5.53297733e-02 3.45800430e+01]
  [2.26457603e-05 5.43124824e-02 3.50901568e+01]
  [2.34286898e-05 5.46154324e-02 3.47492994e+01]
  [1.16089096e-05 2.79542816e-02 6.30661505e+01]]]

Ref Max Pull Table:
[[[2.34189408e-05 5.48459970e-02 3.44987290e+01]
  [2.33329803e-05 5.45367505e-02 3.47028545e+01]
  [2.31311965e-05 5.48517968e-02 3.55759589e+01]
  [2.28628236e-05 5.42885958e-02 3.44758994e+01]]

 [[2.31386789e-05 5.46049126e-02 3.52912361e+01]
  [1.06694809e-05 2.50476255e-02 8.95086819e+01]
  [2.51051667e-05 5.50126362e-02 3.45702766e+01]
  [2.31070184e-05 5.46633221e-02 3.45211498e+01]]

 [[2.40456144e-05 5.54333955e-02 3.44880860e+01]
  [2.36823192e-05 5.48896297e-02 3.46765598e+01]
  [2.30129179e-05 5.47546115e-02 3.49958696e+01]
  [2.25377838e-05 5.36229149e-02 3.65131819e+01]]

 [[2.31383958e-05 5.45751997e-02 3.44883051e+01]
  [1.94041783e-05 4.75727194e-02 4.60541145e+01]
  [2.31383129e-05 5.47887572e-02 3.46775421e+01]
  [2.32451352e-05 5.49236730e-02 3.46071756e+01]]]

Max Activate Table:
[[[8.33826781e-05 1.39996885e-01 2.22732350e+01 1.25567918e-03
   3.16377585e-02 4.39602761e-04 4.39602761e-04]
  [7.80089682e-05 1.34618369e-01 2.29097192e+01 1.30809063e-03
   2.98277481e-02 4.51272169e-04 4.51272169e-04]
  [8.16968641e-05 1.40411560e-01 2.26237704e+01 1.27030207e-03
   3.02819656e-02 4.38282326e-04 4.38282326e-04]
  [8.05108343e-05 1.36735187e-01 2.26736233e+01 1.27955352e-03
   3.51218710e-02 4.46688470e-04 4.46688470e-04]
  [8.13144710e-05 1.40034341e-01 2.22626829e+01 1.25914663e-03
   3.05735904e-02 4.39366968e-04 4.39366968e-04]
  [7.40722828e-05 1.29471905e-01 2.38047589e+01 1.34709524e-03
   2.86487564e-02 4.62570767e-04 4.62570767e-04]
  [7.62204185e-05 1.32441418e-01 2.33122100e+01 1.31827280e-03
   3.39540777e-02 4.56929028e-04 4.56929028e-04]
  [7.63238792e-05 1.32030848e-01 2.35219402e+01 1.31932581e-03
   3.02965321e-02 4.57052891e-04 4.57052891e-04]]

 [[8.09381464e-05 1.38692959e-01 2.21150642e+01 1.31762692e-03
   3.04689647e-02 4.42114214e-04 4.42114214e-04]
  [8.18400097e-05 1.40785684e-01 2.25830718e+01 1.26919101e-03
   3.01137272e-02 4.37581557e-04 4.37581557e-04]
  [8.28102422e-05 1.42135703e-01 2.19946503e+01 1.24121601e-03
   3.00474734e-02 4.34628703e-04 4.34628703e-04]
  [8.20678073e-05 1.39743019e-01 2.25452757e+01 1.26298172e-03
   2.82095675e-02 4.39971759e-04 4.39971759e-04]
  [8.19714083e-05 1.33019418e-01 2.30118328e+01 1.28968272e-03
   4.51751082e-02 4.55106478e-04 4.55106478e-04]
  [7.68708547e-05 1.33822368e-01 2.28269998e+01 1.29878277e-03
   3.33318064e-02 4.53119520e-04 4.53119520e-04]
  [7.66364397e-06 2.53220260e-02 8.47186677e+01 2.39552627e-03
   2.34058353e-02 6.78151190e-04 6.78151190e-04]
  [7.60859897e-05 1.30114225e-01 2.37883378e+01 1.36033526e-03
   2.90741319e-02 4.61304260e-04 4.61304260e-04]]

 [[8.03421636e-05 1.38591492e-01 2.26834348e+01 1.26258804e-03
   3.00169116e-02 4.42348758e-04 4.42348758e-04]
  [8.43071227e-05 1.38152917e-01 2.23520408e+01 1.29967577e-03
   2.96055167e-02 4.43330500e-04 4.43330500e-04]
  [8.01127689e-05 1.36025016e-01 2.24658926e+01 1.29041314e-03
   3.10450845e-02 4.48537033e-04 4.48537033e-04]
  [7.94154363e-05 1.37544129e-01 2.22672760e+01 1.28242063e-03
   3.38243236e-02 4.45361915e-04 4.45361915e-04]
  [8.04914007e-05 1.36674434e-01 2.26362827e+01 1.28610322e-03
   3.06549493e-02 4.46892821e-04 4.46892821e-04]
  [7.88288658e-05 1.36432741e-01 2.27937623e+01 1.31136400e-03
   4.68162685e-02 4.47746133e-04 4.47746133e-04]
  [7.40085775e-05 1.28810654e-01 2.38312425e+01 1.32666863e-03
   2.90502451e-02 4.64175479e-04 4.64175479e-04]
  [7.88785349e-05 1.36337246e-01 2.28485177e+01 1.28234332e-03
   2.91565431e-02 4.47615330e-04 4.47615330e-04]]

 [[7.92424698e-05 1.37158235e-01 2.23965579e+01 1.27878273e-03
   2.89617768e-02 4.45612796e-04 4.45612796e-04]
  [7.86387920e-05 1.35394691e-01 2.27558466e+01 1.31088266e-03
   3.13241865e-02 4.49178890e-04 4.49178890e-04]
  [7.70841865e-05 1.33769567e-01 2.30596121e+01 1.32022007e-03
   6.73139642e-02 4.53398382e-04 4.53398382e-04]
  [7.97752399e-05 1.38072517e-01 2.22080556e+01 1.25891716e-03
   2.95164040e-02 4.43800334e-04 4.43800334e-04]
  [7.81852272e-05 1.33847000e-01 2.32559550e+01 1.29382976e-03
   2.98605598e-02 4.52975747e-04 4.52975747e-04]
  [7.74532379e-05 1.34682593e-01 2.31464919e+01 1.29744967e-03
   3.03551952e-02 4.51260112e-04 4.51260112e-04]
  [7.85493665e-05 1.35737231e-01 2.27621765e+01 1.28558397e-03
   4.57979669e-02 4.49142342e-04 4.49142342e-04]
  [7.40494649e-05 1.29459076e-01 2.40464110e+01 1.33014498e-03
   2.87329086e-02 4.62620868e-04 4.62620868e-04]]

 [[7.98835944e-05 1.37103275e-01 2.23936565e+01 1.27829183e-03
   3.14616458e-02 4.45899262e-04 4.45899262e-04]
  [8.03545164e-05 1.37608585e-01 2.26551224e+01 1.27250607e-03
   2.92086230e-02 4.44613999e-04 4.44613999e-04]
  [7.82808933e-05 1.35908774e-01 2.26176542e+01 1.32638744e-03
   3.07983552e-02 4.48772215e-04 4.48772215e-04]
  [7.82247554e-05 1.35885751e-01 2.27206986e+01 1.27943160e-03
   2.94418796e-02 4.48414018e-04 4.48414018e-04]
  [8.18583657e-05 1.38034327e-01 2.25349624e+01 1.29944848e-03
   3.00669614e-02 4.43617693e-04 4.43617693e-04]
  [7.72237810e-05 1.34533085e-01 2.30834282e+01 1.28176021e-03
   3.63127712e-02 4.51395587e-04 4.51395587e-04]
  [7.61438847e-05 1.31933752e-01 2.32385582e+01 1.31558892e-03
   3.00272033e-02 4.57203257e-04 4.57203257e-04]
  [7.57039388e-05 1.27408926e-01 2.43467022e+01 1.34662990e-03
   2.89590913e-02 4.67329440e-04 4.67329440e-04]]

 [[7.88289717e-05 1.36307590e-01 2.25361349e+01 1.32569202e-03
   3.06198755e-02 4.47590738e-04 4.47590738e-04]
  [7.99795368e-05 1.37227567e-01 2.23308806e+01 1.31097708e-03
   2.82485358e-02 4.45348670e-04 4.45348670e-04]
  [7.80598940e-05 1.34288424e-01 2.27703736e+01 1.31070829e-03
   3.05641439e-02 4.52277316e-04 4.52277316e-04]
  [7.68095351e-05 1.33518028e-01 2.33057361e+01 1.30892344e-03
   2.97573899e-02 4.53747297e-04 4.53747297e-04]
  [7.84799058e-05 1.36097803e-01 2.28233502e+01 1.30457689e-03
   2.98357010e-02 4.48053078e-04 4.48053078e-04]
  [7.80435303e-05 1.35415972e-01 2.29134854e+01 1.29818826e-03
   2.92949039e-02 4.49563310e-04 4.49563310e-04]
  [7.64442132e-05 1.32626169e-01 2.34352712e+01 1.32272743e-03
   6.59248155e-02 4.55719182e-04 4.55719182e-04]
  [7.31942442e-05 1.27664567e-01 2.41840157e+01 1.34410452e-03
   2.86288856e-02 4.66576497e-04 4.66576497e-04]]

 [[7.69033580e-05 1.33249195e-01 2.28420243e+01 1.30488980e-03
   3.02516367e-02 4.54353257e-04 4.54353257e-04]
  [7.62209240e-05 1.31673012e-01 2.33042692e+01 1.34360596e-03
   3.07940182e-02 4.57712854e-04 4.57712854e-04]
  [7.72790895e-05 1.32894224e-01 2.30631604e+01 1.31021073e-03
   2.93901388e-02 4.55189044e-04 4.55189044e-04]
  [7.68362789e-05 1.33492287e-01 2.28333247e+01 1.30282083e-03
   3.26997372e-02 4.53832283e-04 4.53832283e-04]
  [8.15907966e-05 1.37818809e-01 2.25107314e+01 1.29054460e-03
   2.95556229e-02 4.44220945e-04 4.44220945e-04]
  [7.47307939e-05 1.30615616e-01 2.35933248e+01 1.33060430e-03
   2.87403993e-02 4.59852106e-04 4.59852106e-04]
  [7.57114233e-05 1.31619796e-01 2.35334904e+01 1.29948736e-03
   2.88991923e-02 4.58142911e-04 4.58142911e-04]
  [8.59440240e-06 2.53187959e-02 8.47065871e+01 2.37861920e-03
   2.33674954e-02 6.78149502e-04 6.78149502e-04]]

 [[7.55461548e-05 1.31279531e-01 2.33043634e+01 1.32235387e-03
   2.98299968e-02 4.58692782e-04 4.58692782e-04]
  [9.22646568e-06 2.53156102e-02 8.44966667e+01 2.39146731e-03
   2.33612530e-02 6.78111647e-04 6.87768981e-04]
  [7.85996244e-05 1.34741232e-01 2.30450019e+01 1.31104037e-03
   4.16071668e-02 4.51015202e-04 4.51015202e-04]
  [7.63773840e-05 1.31573603e-01 2.32520691e+01 1.29648482e-03
   3.35098961e-02 4.58402883e-04 4.58402883e-04]
  [7.58963457e-05 1.30924482e-01 2.34450910e+01 1.32105452e-03
   2.86777657e-02 4.59464441e-04 4.59464441e-04]
  [7.50223087e-05 1.30989179e-01 2.31869766e+01 1.32117589e-03
   2.91095266e-02 4.59512685e-04 4.59512685e-04]
  [6.86846997e-05 1.20284653e-01 2.74904320e+01 1.41843989e-03
   3.37971338e-02 4.82314170e-04 4.82314170e-04]
  [7.37224613e-05 1.28777709e-01 2.37041645e+01 1.34499227e-03
   3.00789773e-02 4.64261161e-04 4.64261161e-04]]]

Cumulative Reward: 13065.576654707933
