Scheduler Table:
[[[2.84233827e-06 1.17878199e-02 2.20616643e+01 4.99625974e-04
   1.00129893e-03 1.00129893e-03 1.00129893e-03]
  [2.47746964e-06 1.16208556e-02 2.25400417e+01 4.99627872e-04
   1.00129131e-03 1.00129131e-03 1.00129131e-03]
  [3.53351824e-06 1.17836973e-02 2.06599902e+01 4.99628692e-04
   1.00128802e-03 1.00128802e-03 1.00128802e-03]]

 [[3.15863265e-06 1.17188629e-02 2.22304652e+01 4.99625601e-04
   1.00130043e-03 1.00130043e-03 1.00130043e-03]
  [2.56097994e-04 6.65852516e-01 2.63233004e+01 4.25974175e-04
   1.51737475e-03 1.22748842e-03 1.32885414e-03]
  [3.47900239e-06 1.17613841e-02 2.11743788e+01 4.99626058e-04
   1.00129860e-03 1.00129860e-03 1.00129860e-03]]

 [[3.39331754e-06 1.17761416e-02 2.07642980e+01 4.99628358e-04
   1.00128936e-03 1.00128936e-03 1.00128936e-03]
  [3.54069286e-06 1.18222589e-02 2.13292637e+01 4.99625744e-04
   1.00129986e-03 1.00129986e-03 1.00129986e-03]
  [3.57473728e-06 1.17596553e-02 2.15277545e+01 4.99626765e-04
   1.00129576e-03 1.00129576e-03 1.00129576e-03]]]

Buffer Table:
[[[3.04115368e-06 1.17583560e-02 2.16895380e+01 4.99626726e-04
   1.00129591e-03 1.00129591e-03 1.00129591e-03]
  [2.57281050e-04 6.65882433e-01 2.67664051e+01 4.28700142e-04
   1.44326378e-03 1.26407604e-03 1.26407604e-03]
  [3.93822138e-06 1.17914899e-02 2.11265816e+01 4.99626498e-04
   1.00129683e-03 1.00129683e-03 1.00129683e-03]]

 [[2.36492264e-06 1.12916363e-02 2.22578260e+01 4.78347456e-04
   1.13411293e-03 1.08635909e-03 1.08635909e-03]
  [4.52061155e-06 1.18267406e-02 2.15542143e+01 4.99622529e-04
   1.00131278e-03 1.00131278e-03 1.00131278e-03]
  [2.81504182e-06 1.02237006e-02 2.65885581e+01 4.28605490e-04
   1.44335946e-03 1.28384319e-03 1.28384319e-03]]

 [[2.76539528e-06 1.01844498e-02 2.57351801e+01 4.25707657e-04
   1.52327390e-03 1.24737776e-03 1.35407853e-03]
  [3.60797288e-06 1.18472002e-02 2.16184482e+01 4.99626982e-04
   1.00129489e-03 1.00129489e-03 1.00129489e-03]
  [3.07221110e-06 1.17353990e-02 2.16908989e+01 4.99630174e-04
   1.00128206e-03 1.00128206e-03 1.00128206e-03]]]

Arbiter Table:
[[[1.48756313e-06 1.13102519e-02 2.32867423e+01 4.99626628e-04
   1.00129630e-03 1.00129630e-03 1.00129630e-03]
  [3.11810122e-06 1.17412895e-02 2.17579577e+01 4.99627056e-04
   1.00129458e-03 1.00129458e-03 1.00129458e-03]
  [2.24135541e-06 1.16966192e-02 2.23825806e+01 4.99624761e-04
   1.00130381e-03 1.00130381e-03 1.00130381e-03]]

 [[3.16069059e-06 1.17619156e-02 2.15746090e+01 4.99629034e-04
   1.00128664e-03 1.00128664e-03 1.00128664e-03]
  [3.32901256e-06 1.17687163e-02 2.14297519e+01 4.99630332e-04
   1.00128143e-03 1.00128143e-03 1.00128143e-03]
  [2.84812227e-06 1.17301997e-02 2.11886264e+01 4.99625711e-04
   1.00129999e-03 1.00129999e-03 1.00129999e-03]]

 [[2.62495058e-06 1.18051766e-02 2.16781728e+01 4.99625469e-04
   1.00130096e-03 1.00130096e-03 1.00130096e-03]
  [2.92830293e-06 1.17852969e-02 2.18073486e+01 4.99625770e-04
   1.00129975e-03 1.00129975e-03 1.00129975e-03]
  [2.56097994e-04 6.65852516e-01 2.63233004e+01 4.25974175e-04
   1.51737475e-03 1.22748842e-03 1.32885414e-03]]]

Page Table:
[[[1.39007964e-05 1.19609116e-02 2.21723860e+01 4.99628514e-04
   1.00128877e-03 1.00128874e-03 1.00128874e-03]
  [7.19470987e-06 1.12883995e-02 2.32828861e+01 4.78150006e-04
   1.13654743e-03 1.08853342e-03 1.08853342e-03]
  [1.13768544e-05 1.18437261e-02 2.09268239e+01 4.99624505e-04
   1.00130487e-03 1.00130484e-03 1.00130484e-03]
  [1.26675483e-05 1.18569865e-02 2.22229173e+01 4.99629268e-04
   1.00128574e-03 1.00128571e-03 1.00128571e-03]]

 [[1.24975395e-05 1.18889268e-02 2.18014840e+01 4.99623577e-04
   1.00130860e-03 1.00130857e-03 1.00130857e-03]
  [2.56103496e-04 6.65853262e-01 2.63211459e+01 4.26006073e-04
   1.51717411e-03 1.22735903e-03 1.32872476e-03]
  [1.12280745e-05 1.18726269e-02 2.09282179e+01 4.99627372e-04
   1.00129335e-03 1.00129332e-03 1.00129332e-03]
  [1.19346519e-05 1.17721078e-02 2.22855194e+01 4.95958746e-04
   1.02474065e-03 1.01665217e-03 1.01665217e-03]]

 [[1.37986518e-05 1.19516606e-02 2.10797301e+01 4.99626342e-04
   1.00129750e-03 1.00129746e-03 1.00129746e-03]
  [1.26921489e-05 1.18341096e-02 2.10601458e+01 4.99622859e-04
   1.00131149e-03 1.00131145e-03 1.00131145e-03]
  [1.28365097e-05 1.18680994e-02 2.04861281e+01 4.99626868e-04
   1.00129538e-03 1.00129535e-03 1.00129535e-03]
  [1.16019880e-05 1.18325056e-02 2.27752437e+01 4.99628033e-04
   1.00129070e-03 1.00129067e-03 1.00129067e-03]]

 [[1.02133030e-05 1.17273674e-02 2.23936786e+01 4.96048692e-04
   1.02359387e-03 1.01560376e-03 1.01560376e-03]
  [1.25005681e-05 1.18884134e-02 2.14049479e+01 4.99627379e-04
   1.00129333e-03 1.00129329e-03 1.00129329e-03]
  [1.29983063e-05 1.19259625e-02 2.06400512e+01 4.99624186e-04
   1.00130615e-03 1.00130612e-03 1.00130612e-03]
  [1.20957484e-05 1.18760435e-02 2.19271641e+01 4.99628642e-04
   1.00128825e-03 1.00128822e-03 1.00128822e-03]]]

Response Table:
[[[1.12571558e-06 1.13737634e-02 2.26516332e+01]
  [2.36571843e-06 1.01665173e-02 2.60699894e+01]]

 [[2.56863338e-04 6.65868696e-01 2.65060314e+01]
  [1.59817681e-06 1.17073232e-02 2.07236217e+01]]]

Refresh Table:
[[[2.26091704e-06 1.17430030e-02 2.07362669e+01]
  [2.36571843e-06 1.01665173e-02 2.60699894e+01]]

 [[2.56863338e-04 6.65868696e-01 2.65060314e+01]
  [2.18689566e-06 1.16802244e-02 2.17729729e+01]]]

Request Buffer Table:
[[[1.09256224e-04 1.27352424e-02 2.11048085e+01]
  [1.31096519e-04 1.30322615e-02 2.09539239e+01]
  [1.40864039e-04 1.29508924e-02 2.14230696e+01]
  [2.57284063e-04 6.65876965e-01 2.67731746e+01]
  [1.06120098e-04 1.26802719e-02 2.04959751e+01]
  [1.15373298e-04 1.27027180e-02 2.13331172e+01]
  [1.15765309e-04 1.27829169e-02 2.10711222e+01]
  [1.14581856e-04 1.28415071e-02 2.08857975e+01]]

 [[1.14397909e-04 1.27967470e-02 2.14986581e+01]
  [1.12228448e-04 1.27630891e-02 2.10265413e+01]
  [1.27559921e-04 1.29716405e-02 2.14571236e+01]
  [9.74517561e-05 1.25274666e-02 2.18628837e+01]
  [1.15175156e-04 1.27811332e-02 2.15539737e+01]
  [7.51880611e-05 1.22940649e-02 2.40498845e+01]
  [1.05087813e-04 1.26702070e-02 2.16479805e+01]
  [1.08331654e-04 1.28167657e-02 2.09566053e+01]]

 [[1.22513145e-04 1.29023250e-02 2.07875702e+01]
  [1.03624988e-04 1.26436596e-02 2.09132921e+01]
  [1.07400293e-04 1.27274935e-02 2.16438516e+01]
  [1.12953511e-04 1.27900631e-02 2.10632950e+01]
  [1.24013277e-04 1.28317218e-02 2.13137959e+01]
  [1.14843893e-04 1.27521485e-02 2.09339376e+01]
  [1.02391304e-04 1.26539877e-02 2.18095399e+01]
  [1.04069380e-04 1.27390143e-02 2.11307824e+01]]

 [[1.16050963e-04 1.27869294e-02 2.07813824e+01]
  [1.13016421e-04 1.27982838e-02 2.11752951e+01]
  [1.10466653e-04 1.27938900e-02 2.16584616e+01]
  [3.32274248e-05 1.10233567e-02 2.36757414e+01]
  [1.05954298e-04 1.26046886e-02 2.23718999e+01]
  [1.00641905e-04 1.26280057e-02 2.17258705e+01]
  [1.16338088e-04 1.27926550e-02 2.15443847e+01]
  [2.81818043e-06 1.02180062e-02 2.65956078e+01]]

 [[1.13497077e-04 1.26861764e-02 2.07900604e+01]
  [9.96707650e-05 1.25947977e-02 2.22452811e+01]
  [1.02570237e-04 1.27459758e-02 2.19465496e+01]
  [9.96573474e-05 1.26738833e-02 2.08362667e+01]
  [1.10007292e-04 1.26606680e-02 2.12887703e+01]
  [1.23134106e-04 1.27633577e-02 2.10374251e+01]
  [1.05728356e-04 1.26921363e-02 2.02345921e+01]
  [1.24162930e-04 1.28061675e-02 2.18268248e+01]]

 [[1.29102406e-04 1.28025477e-02 2.08496453e+01]
  [1.13025659e-04 1.28087942e-02 2.17869328e+01]
  [1.02317627e-04 1.26767042e-02 2.08588186e+01]
  [1.34536198e-04 1.29228431e-02 2.09053288e+01]
  [1.04960072e-04 1.26696092e-02 2.16833140e+01]
  [1.25615558e-04 1.29071938e-02 2.17239591e+01]
  [1.14422517e-04 1.28616159e-02 2.09851937e+01]
  [2.84122953e-05 1.13768083e-02 2.50408810e+01]]

 [[1.03802664e-04 1.27311457e-02 2.08843743e+01]
  [1.08468753e-04 1.27903536e-02 2.12956848e+01]
  [1.05322432e-04 1.26881635e-02 2.08376448e+01]
  [1.11329517e-04 1.26261770e-02 2.12826963e+01]
  [1.11594485e-04 1.26908885e-02 2.16702132e+01]
  [1.17962802e-04 1.27529110e-02 2.04449395e+01]
  [1.04412406e-04 1.27230723e-02 2.10229058e+01]
  [1.02012652e-04 1.28067626e-02 2.09057686e+01]]

 [[2.76847087e-06 1.01788697e-02 2.57420883e+01]
  [1.14101648e-04 1.28873006e-02 2.11794045e+01]
  [1.11292390e-04 1.27824672e-02 2.10845745e+01]
  [1.19170778e-04 1.27522680e-02 2.14629759e+01]
  [1.00029966e-04 1.25663928e-02 2.19965576e+01]
  [9.39822851e-05 1.25438743e-02 2.15172688e+01]
  [1.02581303e-04 1.25829598e-02 2.14537390e+01]
  [9.83595068e-05 1.26444014e-02 2.06908751e+01]]]

Ref Max Post Table:
[[[8.87297935e-06 1.19088251e-02 2.10350748e+01]
  [7.37595794e-06 1.18557904e-02 2.11945393e+01]
  [2.56863768e-04 6.65868790e-01 2.65057579e+01]
  [6.83117526e-06 1.15586101e-02 2.30252050e+01]]

 [[6.86160610e-06 1.18897401e-02 2.23627351e+01]
  [6.86942683e-06 1.18828507e-02 2.13288375e+01]
  [6.93990025e-06 1.18647416e-02 2.14963974e+01]
  [8.62899492e-06 1.18857727e-02 2.13011377e+01]]

 [[2.36616322e-06 1.01666147e-02 2.60697066e+01]
  [7.05729493e-06 1.18844314e-02 2.12039951e+01]
  [7.40418365e-06 1.19061695e-02 2.16265636e+01]
  [5.36911772e-06 1.13341643e-02 2.33588699e+01]]

 [[4.00900654e-06 1.09922348e-02 2.38018325e+01]
  [7.03161080e-06 1.18536251e-02 2.16104892e+01]
  [7.62845085e-06 1.19141808e-02 2.10416532e+01]
  [4.01938574e-06 1.11951079e-02 2.33044249e+01]]]

Ref Max Pull Table:
[[[1.41092468e-05 1.19441813e-02 2.10497324e+01]
  [9.78662392e-06 1.16359985e-02 2.30965319e+01]
  [1.26283347e-05 1.19098358e-02 2.09743479e+01]
  [1.22561515e-05 1.18691233e-02 2.23160851e+01]]

 [[1.24095157e-05 1.18694590e-02 2.25126805e+01]
  [2.56097994e-04 6.65852516e-01 2.63233004e+01]
  [1.13294404e-05 1.18876994e-02 2.10764013e+01]
  [1.17388249e-05 1.19171385e-02 2.17413236e+01]]

 [[1.26176870e-05 1.18695283e-02 2.16471286e+01]
  [8.74948545e-06 1.17001000e-02 2.28252924e+01]
  [5.63818445e-06 1.15215364e-02 2.33646591e+01]
  [1.11843558e-05 1.18195567e-02 2.04108597e+01]]

 [[1.33409595e-05 1.19183104e-02 2.17241013e+01]
  [1.13391307e-05 1.18548569e-02 2.09876133e+01]
  [1.13951383e-05 1.17346919e-02 2.33092250e+01]
  [1.25108764e-05 1.18204159e-02 2.13249710e+01]]]

Max Activate Table:
[[[1.36138732e-04 1.30249132e-02 2.02980983e+01 4.97800556e-04
   1.01304203e-03 1.00903488e-03 1.00903488e-03]
  [1.29844707e-04 1.27484782e-02 2.03325959e+01 4.98119532e-04
   1.01098107e-03 1.00768227e-03 1.00768227e-03]
  [1.49054375e-04 1.29663203e-02 2.06789624e+01 4.97919912e-04
   1.01227180e-03 1.00852884e-03 1.00852884e-03]
  [1.26571495e-04 1.27433540e-02 2.13615566e+01 4.98157694e-04
   1.01074139e-03 1.00752108e-03 1.00752108e-03]
  [1.22861345e-04 1.27139561e-02 2.16141594e+01 4.98090989e-04
   1.01117052e-03 1.00780376e-03 1.00780376e-03]
  [1.21580264e-04 1.27220188e-02 2.13340241e+01 4.98120381e-04
   1.01096485e-03 1.00767769e-03 1.00767769e-03]
  [1.19864624e-04 1.26356018e-02 2.09529289e+01 4.98269330e-04
   1.01002237e-03 1.00704790e-03 1.00704790e-03]
  [1.77897192e-04 1.29159445e-02 2.10870743e+01 4.97883610e-04
   1.01250268e-03 1.00868244e-03 1.00868244e-03]]

 [[1.24491950e-04 1.26660090e-02 2.13981799e+01 4.98186712e-04
   1.01054971e-03 1.00739764e-03 1.00739764e-03]
  [1.27783283e-04 1.27687557e-02 2.05683878e+01 4.98128826e-04
   1.01092797e-03 1.00764350e-03 1.00764350e-03]
  [1.16249139e-04 1.26714060e-02 2.06247501e+01 4.98195986e-04
   1.01049065e-03 1.00735839e-03 1.00735839e-03]
  [1.26052306e-04 1.27452767e-02 2.10017016e+01 4.98139919e-04
   1.01085219e-03 1.00759608e-03 1.00759608e-03]
  [1.83024306e-04 1.31701057e-02 2.07055731e+01 4.97544241e-04
   1.01469016e-03 1.01012105e-03 1.01012105e-03]
  [1.11615898e-04 1.26268705e-02 2.27226613e+01 4.98355136e-04
   1.00947203e-03 1.00668441e-03 1.00668441e-03]
  [1.39089285e-04 1.27917012e-02 2.14292340e+01 4.98070033e-04
   1.01129180e-03 1.00789134e-03 1.00789134e-03]
  [1.22241490e-04 1.27088056e-02 2.11613204e+01 4.98208067e-04
   1.01041653e-03 1.00730752e-03 1.00730752e-03]]

 [[1.19109091e-04 1.26671790e-02 2.09019693e+01 4.98245634e-04
   1.01016574e-03 1.00714749e-03 1.00714749e-03]
  [1.32866541e-04 1.27266655e-02 2.20292258e+01 4.98103462e-04
   1.01109009e-03 1.00775089e-03 1.00775089e-03]
  [1.20214354e-04 1.26573385e-02 2.22908031e+01 4.98227108e-04
   1.01028204e-03 1.00722573e-03 1.00722573e-03]
  [1.39656920e-04 1.29380327e-02 2.01946953e+01 4.97910984e-04
   1.01232284e-03 1.00856609e-03 1.00856609e-03]
  [1.16256317e-04 1.27567406e-02 2.25023247e+01 4.98162624e-04
   1.01069999e-03 1.00749930e-03 1.00749930e-03]
  [1.10723429e-04 1.26001887e-02 2.18122083e+01 4.98341705e-04
   1.00956150e-03 1.00674161e-03 1.00674161e-03]
  [1.17773571e-04 1.26809560e-02 2.23205389e+01 4.98290507e-04
   1.00988587e-03 1.00695812e-03 1.00695812e-03]
  [1.53516889e-04 1.29568318e-02 2.13806286e+01 4.97891899e-04
   1.01245334e-03 1.00864768e-03 1.00864768e-03]]

 [[1.34420320e-04 1.27865959e-02 2.06304713e+01 4.98099874e-04
   1.01111522e-03 1.00776628e-03 1.00776628e-03]
  [1.41767997e-04 1.28441088e-02 2.10816920e+01 4.97993222e-04
   1.01179923e-03 1.00821807e-03 1.00821807e-03]
  [1.21422363e-04 1.27329659e-02 2.10540553e+01 4.98127490e-04
   1.01093636e-03 1.00764914e-03 1.00764914e-03]
  [1.33851349e-04 1.27278239e-02 2.15365963e+01 4.98156815e-04
   1.01073469e-03 1.00752367e-03 1.00752367e-03]
  [1.13221631e-04 1.26484563e-02 2.20278530e+01 4.98284636e-04
   1.00991149e-03 1.00698190e-03 1.00698190e-03]
  [1.32560726e-04 1.28418792e-02 2.13627629e+01 4.98119372e-04
   1.01098565e-03 1.00768328e-03 1.00768328e-03]
  [1.27436025e-04 1.27491239e-02 2.13050559e+01 4.98168909e-04
   1.01066960e-03 1.00747358e-03 1.00747358e-03]
  [1.49657677e-04 1.27694126e-02 2.00908727e+01 4.98077147e-04
   1.01125154e-03 1.00786169e-03 1.00786169e-03]]

 [[1.61964118e-04 1.28509947e-02 2.13715890e+01 4.97960165e-04
   1.01200571e-03 1.00835759e-03 1.00835759e-03]
  [1.54161132e-04 1.29368146e-02 2.13400128e+01 4.97911332e-04
   1.01232356e-03 1.00856489e-03 1.00856489e-03]
  [1.19878582e-04 1.27329287e-02 2.13583033e+01 4.98204173e-04
   1.01044137e-03 1.00732401e-03 1.00732401e-03]
  [1.46017287e-04 1.28053871e-02 2.13414063e+01 4.98069025e-04
   1.01130426e-03 1.00789615e-03 1.00789615e-03]
  [2.61714024e-05 1.10746078e-02 2.31991327e+01 4.79434847e-04
   1.12709438e-03 1.08188038e-03 1.08188038e-03]
  [1.17110141e-04 1.27009667e-02 2.07775641e+01 4.98287275e-04
   1.00990463e-03 1.00697164e-03 1.00697164e-03]
  [2.57270596e-04 6.65876660e-01 2.67735269e+01 4.28431889e-04
   1.44493595e-03 1.26514590e-03 1.26514590e-03]
  [1.17004540e-04 1.26882426e-02 2.11957618e+01 4.98250828e-04
   1.01014107e-03 1.00712627e-03 1.00712627e-03]]

 [[1.18132824e-04 1.26732554e-02 2.10980691e+01 4.98128925e-04
   1.01092607e-03 1.00764296e-03 1.00764296e-03]
  [1.37719888e-04 1.28451578e-02 2.13070180e+01 4.98047324e-04
   1.01145349e-03 1.00798900e-03 1.00798900e-03]
  [1.16315085e-04 1.27242513e-02 2.10671817e+01 4.98220592e-04
   1.01033918e-03 1.00725474e-03 1.00725474e-03]
  [1.25322257e-04 1.26670643e-02 2.10459130e+01 4.98234815e-04
   1.01023437e-03 1.00719325e-03 1.00719325e-03]
  [1.24740233e-04 1.27477103e-02 2.13377597e+01 4.98173917e-04
   1.01063637e-03 1.00745226e-03 1.00745226e-03]
  [1.20164425e-04 1.26007131e-02 2.14257692e+01 4.98279901e-04
   1.00995306e-03 1.00700298e-03 1.00700298e-03]
  [1.60349706e-04 1.27668545e-02 2.24777063e+01 4.98059619e-04
   1.01137489e-03 1.00793694e-03 1.00793694e-03]
  [1.23655937e-04 1.27283108e-02 2.13046747e+01 4.98214049e-04
   1.01037582e-03 1.00728197e-03 1.00728197e-03]]

 [[1.29114099e-04 1.27647842e-02 2.09807963e+01 4.98151908e-04
   1.01078270e-03 1.00754597e-03 1.00754597e-03]
  [1.13750637e-04 1.25844818e-02 2.14203520e+01 4.98339170e-04
   1.00956596e-03 1.00675127e-03 1.00675127e-03]
  [1.23905861e-04 1.27066720e-02 2.05854185e+01 4.98210280e-04
   1.01040670e-03 1.00729855e-03 1.00729855e-03]
  [1.40735243e-04 1.27755338e-02 2.11193846e+01 4.98048556e-04
   1.01143737e-03 1.00798303e-03 1.00798303e-03]
  [1.27912463e-04 1.27869005e-02 2.12610234e+01 4.98163902e-04
   1.01069271e-03 1.00749397e-03 1.00749397e-03]
  [1.12694731e-04 1.26010634e-02 2.15917435e+01 4.98293292e-04
   1.00986506e-03 1.00694606e-03 1.00694606e-03]
  [1.19242017e-04 1.26308297e-02 2.16967427e+01 4.98287261e-04
   1.00990541e-03 1.00697176e-03 1.00697176e-03]
  [2.80415555e-06 1.02176891e-02 2.65959746e+01 4.28326130e-04
   1.44510086e-03 1.28495734e-03 1.28495734e-03]]

 [[1.17443178e-04 1.27019105e-02 2.06580589e+01 4.98254950e-04
   1.01011299e-03 1.00710866e-03 1.00710866e-03]
  [1.31030269e-04 1.27993803e-02 2.02936381e+01 4.98106355e-04
   1.01106619e-03 1.00773814e-03 1.00773814e-03]
  [1.12927099e-04 1.26808270e-02 2.14871522e+01 4.98318976e-04
   1.00970678e-03 1.00683785e-03 1.00683785e-03]
  [1.46797720e-04 1.28429932e-02 2.01321364e+01 4.97976921e-04
   1.01190250e-03 1.00828701e-03 1.00828701e-03]
  [2.75472760e-06 1.01785589e-02 2.57424477e+01 4.25433907e-04
   1.52498034e-03 1.24846954e-03 1.35517031e-03]
  [1.39339088e-04 1.26968394e-02 2.14310422e+01 4.98129928e-04
   1.01091726e-03 1.00763849e-03 1.00763849e-03]
  [1.22798066e-04 1.27312944e-02 2.09672108e+01 4.98219497e-04
   1.01034503e-03 1.00725927e-03 1.00725927e-03]
  [1.42193272e-04 1.28134034e-02 2.18245662e+01 4.98109862e-04
   1.01104897e-03 1.00772377e-03 1.00772377e-03]]]

Cumulative Reward: 6183.726435603825
