Scheduler Table:
[[[2.00931898e-05 2.37619958e-02 4.22744109e+01 9.99251395e-04
   2.00260011e-03 2.00260009e-03 2.00260009e-03]
  [1.44605783e-05 2.30990281e-02 4.46470995e+01 9.99252727e-04
   2.00259476e-03 2.00259474e-03 2.00259474e-03]
  [2.02001556e-05 2.37399634e-02 4.27597862e+01 9.99256767e-04
   2.00257853e-03 2.00257851e-03 2.00257851e-03]]

 [[1.87084631e-05 2.36355100e-02 4.33509914e+01 9.99249077e-04
   2.00260942e-03 2.00260940e-03 2.00260940e-03]
  [2.92268084e-04 8.16432403e-01 5.07004390e+01 8.53616403e-04
   2.98056455e-03 2.50157016e-03 2.62576985e-03]
  [2.01288830e-05 2.37335288e-02 4.24283098e+01 9.99254017e-04
   2.00258958e-03 2.00258956e-03 2.00258956e-03]]

 [[1.98623934e-05 2.37287629e-02 4.26464049e+01 9.99254988e-04
   2.00258568e-03 2.00258566e-03 2.00258566e-03]
  [2.01262342e-05 2.37956088e-02 4.25565952e+01 9.99252420e-04
   2.00259600e-03 2.00259598e-03 2.00259598e-03]
  [2.01544987e-05 2.37105501e-02 4.28541565e+01 9.99253556e-04
   2.00259143e-03 2.00259141e-03 2.00259141e-03]]]

Buffer Table:
[[[2.03103889e-05 2.36501946e-02 4.28935067e+01 9.99253726e-04
   2.00259075e-03 2.00259073e-03 2.00259073e-03]
  [1.77454470e-05 2.25359314e-02 4.54323272e+01 9.59812380e-04
   2.24914309e-03 2.16061733e-03 2.16061733e-03]
  [2.10708517e-05 2.36895880e-02 4.28799872e+01 9.99255390e-04
   2.00258407e-03 2.00258404e-03 2.00258404e-03]]

 [[1.98209421e-05 2.34819330e-02 4.36424712e+01 9.95024580e-04
   2.02863143e-03 2.01909316e-03 2.01909316e-03]
  [2.92318312e-04 8.16451900e-01 5.06624035e+01 8.54322720e-04
   2.97614439e-03 2.49873382e-03 2.62293351e-03]
  [2.14436543e-05 2.37420759e-02 4.29726188e+01 9.99251465e-04
   2.00259983e-03 2.00259981e-03 2.00259981e-03]]

 [[2.01970328e-05 2.36857794e-02 4.26389977e+01 9.99249646e-04
   2.00260714e-03 2.00260712e-03 2.00260712e-03]
  [2.12739070e-05 2.36457220e-02 4.33248762e+01 9.99252960e-04
   2.00259383e-03 2.00259381e-03 2.00259381e-03]
  [1.34732467e-05 2.27594448e-02 4.53292619e+01 9.99252739e-04
   2.00259471e-03 2.00259469e-03 2.00259469e-03]]]

Arbiter Table:
[[[1.75379199e-05 2.37207109e-02 4.30507098e+01 9.99252504e-04
   2.00259566e-03 2.00259564e-03 2.00259564e-03]
  [1.40805167e-05 2.30911631e-02 4.46151237e+01 9.99257023e-04
   2.00257750e-03 2.00257748e-03 2.00257748e-03]
  [1.87074674e-05 2.37757963e-02 4.27263979e+01 9.99249706e-04
   2.00260690e-03 2.00260688e-03 2.00260688e-03]]

 [[1.80362068e-05 2.36184088e-02 4.37455333e+01 9.99253166e-04
   2.00259300e-03 2.00259297e-03 2.00259297e-03]
  [1.09212556e-05 2.25310694e-02 4.74211917e+01 9.99253508e-04
   2.00259161e-03 2.00259160e-03 2.00259160e-03]
  [1.57689342e-05 2.32246848e-02 4.39062529e+01 9.99251668e-04
   2.00259901e-03 2.00259899e-03 2.00259899e-03]]

 [[1.77606183e-05 2.36656994e-02 4.34462619e+01 9.99251553e-04
   2.00259948e-03 2.00259946e-03 2.00259946e-03]
  [1.85393707e-05 2.37648797e-02 4.24132610e+01 9.99251006e-04
   2.00260168e-03 2.00260165e-03 2.00260165e-03]
  [2.92268084e-04 8.16432403e-01 5.07004390e+01 8.53616403e-04
   2.98056455e-03 2.50157016e-03 2.62576985e-03]]]

Page Table:
[[[9.63205519e-05 2.42331822e-02 4.31121742e+01 9.99240268e-04
   2.00268275e-03 2.00264924e-03 2.00264924e-03]
  [8.93607479e-05 2.40109471e-02 4.32017074e+01 9.99239710e-04
   2.00268205e-03 2.00265114e-03 2.00265114e-03]
  [8.29966234e-05 2.39979936e-02 4.22151784e+01 9.99238269e-04
   2.00268518e-03 2.00265661e-03 2.00265661e-03]
  [2.22158383e-06 1.95798736e-02 5.06632376e+01 8.53213684e-04
   2.98566745e-03 2.52576696e-03 2.65380787e-03]]

 [[8.80472878e-05 2.40939384e-02 4.21473970e+01 9.99235723e-04
   2.00269737e-03 2.00266707e-03 2.00266707e-03]
  [5.28878200e-05 2.31060104e-02 4.41217725e+01 9.99238836e-04
   2.00266955e-03 2.00265277e-03 2.00265277e-03]
  [8.22302198e-05 2.39725930e-02 4.21419723e+01 9.99242357e-04
   2.00266853e-03 2.00264017e-03 2.00264017e-03]
  [9.16659990e-05 2.41264891e-02 4.15684435e+01 9.99238112e-04
   2.00268936e-03 2.00265766e-03 2.00265766e-03]]

 [[9.32870066e-05 2.42062692e-02 4.22936411e+01 9.99238540e-04
   2.00268809e-03 2.00265599e-03 2.00265599e-03]
  [8.93891163e-05 2.40186506e-02 4.19640635e+01 9.99235635e-04
   2.00269837e-03 2.00266750e-03 2.00266750e-03]
  [8.98118214e-05 2.40853223e-02 4.16183960e+01 9.99238202e-04
   2.00268830e-03 2.00265722e-03 2.00265722e-03]
  [8.32008585e-05 2.39685130e-02 4.39199390e+01 9.99242595e-04
   2.00266798e-03 2.00263926e-03 2.00263926e-03]]

 [[2.93126811e-04 8.16445874e-01 5.07058576e+01 8.54825331e-04
   2.94435586e-03 2.52094564e-03 2.59392897e-03]
  [9.36594665e-05 2.41341000e-02 4.24122848e+01 9.99237996e-04
   2.00269074e-03 2.00265823e-03 2.00265823e-03]
  [9.16001711e-05 2.41723831e-02 4.18451061e+01 9.99235913e-04
   2.00269815e-03 2.00266649e-03 2.00266649e-03]
  [8.52138923e-05 2.40412865e-02 4.34953300e+01 9.99239701e-04
   2.00268039e-03 2.00265098e-03 2.00265098e-03]]]

Response Table:
[[[3.74378585e-06 2.34394725e-02 4.16694019e+01]
  [2.99037201e-06 2.27953988e-02 4.55837923e+01]]

 [[3.72115473e-06 2.33950535e-02 4.28971892e+01]
  [2.92268084e-04 8.16432403e-01 5.07004390e+01]]]

Refresh Table:
[[[5.82960705e-06 2.35297477e-02 4.18921336e+01]
  [4.23369534e-06 2.25543685e-02 4.46876503e+01]]

 [[5.38865491e-06 2.34063344e-02 4.27748627e+01]
  [2.92268084e-04 8.16432403e-01 5.07004389e+01]]]

Request Buffer Table:
[[[2.16223283e-04 3.02927516e-02 4.14188586e+01]
  [2.70104829e-04 3.12272584e-02 4.17692532e+01]
  [2.32350450e-04 3.10050046e-02 4.21305004e+01]
  [2.20748937e-04 3.05362206e-02 4.20527018e+01]
  [1.81797562e-04 2.93312073e-02 4.18885061e+01]
  [2.00133370e-04 3.00485730e-02 4.28787097e+01]
  [2.28213589e-04 3.06669079e-02 4.19100141e+01]
  [2.21427881e-04 3.08764169e-02 4.15322309e+01]]

 [[2.12678050e-04 3.05608553e-02 4.20473495e+01]
  [2.07305222e-04 3.01088083e-02 4.20933203e+01]
  [2.42464739e-04 3.05938983e-02 4.28185748e+01]
  [1.97653016e-04 2.98478696e-02 4.36527580e+01]
  [2.03659860e-04 3.01136879e-02 4.25454719e+01]
  [2.04599356e-04 3.01999789e-02 4.19489391e+01]
  [1.98495435e-04 2.99088549e-02 4.31182116e+01]
  [2.24921519e-04 3.09084753e-02 4.15954985e+01]]

 [[2.04685046e-04 3.02139066e-02 4.17209895e+01]
  [2.09290550e-04 2.99949621e-02 4.20743712e+01]
  [2.08275972e-04 3.01466971e-02 4.18214472e+01]
  [2.07280520e-04 2.99833024e-02 4.22059772e+01]
  [1.91218139e-04 2.96415490e-02 4.23177741e+01]
  [1.27579485e-04 2.64187883e-02 4.56259093e+01]
  [2.03913376e-04 3.01285551e-02 4.27803926e+01]
  [1.97254892e-04 2.98905940e-02 4.18606890e+01]]

 [[2.09227429e-04 3.04288492e-02 4.15532138e+01]
  [2.08042817e-04 3.01693772e-02 4.13003829e+01]
  [2.33670517e-04 3.09436452e-02 4.24326449e+01]
  [2.11230930e-04 3.00619666e-02 4.24820104e+01]
  [2.12620456e-04 3.02989513e-02 4.24502695e+01]
  [1.48247422e-04 2.73142639e-02 4.47389101e+01]
  [2.15196920e-04 3.02245710e-02 4.21708770e+01]
  [2.00431024e-04 2.99261878e-02 4.24621532e+01]]

 [[1.93122098e-04 2.97911277e-02 4.18170267e+01]
  [2.08745163e-04 3.03687257e-02 4.20455230e+01]
  [1.67824872e-04 2.86334635e-02 4.38827335e+01]
  [1.94036500e-04 2.97740976e-02 4.14521971e+01]
  [2.09078103e-04 2.98166244e-02 4.23112313e+01]
  [1.98327062e-04 2.99935184e-02 4.24080351e+01]
  [1.95758659e-04 2.99308843e-02 4.24660382e+01]
  [1.94667138e-04 2.99046608e-02 4.21086561e+01]]

 [[2.14259377e-04 3.05337498e-02 4.14249375e+01]
  [1.99872460e-04 3.01062407e-02 4.21453602e+01]
  [2.02400561e-04 2.98992561e-02 4.20316209e+01]
  [1.95485125e-04 2.97607773e-02 4.26970102e+01]
  [1.93970995e-04 2.96739891e-02 4.32237474e+01]
  [2.92269387e-04 8.16432469e-01 5.07003877e+01]
  [1.99188965e-04 3.00358151e-02 4.21415735e+01]
  [2.07095372e-04 3.04193560e-02 4.20898179e+01]]

 [[1.92184695e-04 2.97008619e-02 4.18219035e+01]
  [1.96691035e-04 2.99390484e-02 4.24697196e+01]
  [1.95827984e-04 2.99218038e-02 4.17660942e+01]
  [2.03251411e-04 2.99629369e-02 4.17631055e+01]
  [2.00002998e-04 3.01232609e-02 4.24936540e+01]
  [2.10530087e-04 3.00648689e-02 4.13006629e+01]
  [1.98353744e-04 2.99672441e-02 4.16953266e+01]
  [1.99931305e-04 3.00313016e-02 4.18568569e+01]]

 [[2.18539756e-04 3.08309159e-02 4.18440402e+01]
  [2.05734114e-04 3.04105478e-02 4.19569226e+01]
  [2.18255775e-04 3.02803064e-02 4.23941258e+01]
  [2.09738457e-04 3.02124987e-02 4.15919930e+01]
  [1.95283917e-04 2.97819286e-02 4.22073224e+01]
  [2.05203194e-04 3.00725038e-02 4.27148611e+01]
  [1.93539182e-04 2.97932711e-02 4.20071153e+01]
  [1.95293093e-04 2.97597563e-02 4.17265238e+01]]]

Ref Max Post Table:
[[[4.69528525e-05 2.42355262e-02 4.21497774e+01]
  [4.32990084e-06 1.96631859e-02 5.05861944e+01]
  [3.82757210e-05 2.40271687e-02 4.21573160e+01]
  [1.43457243e-05 2.16611788e-02 4.82361057e+01]]

 [[4.41038770e-05 2.41423923e-02 4.26225622e+01]
  [3.54886806e-05 2.40745536e-02 4.24544808e+01]
  [2.95222149e-04 8.16528511e-01 5.06284454e+01]
  [4.05745306e-05 2.41106166e-02 4.25984555e+01]]

 [[4.37618559e-06 1.96647744e-02 5.06004893e+01]
  [3.51040503e-05 2.40180387e-02 4.30727954e+01]
  [4.27539413e-05 2.41362515e-02 4.20794744e+01]
  [3.71697085e-05 2.40365323e-02 4.23288718e+01]]

 [[1.11766091e-05 2.04255119e-02 4.99096745e+01]
  [4.25331470e-05 2.40448994e-02 4.26113966e+01]
  [3.52594318e-05 2.40378560e-02 4.23782905e+01]
  [2.39809638e-05 2.24589910e-02 4.66575569e+01]]]

Ref Max Pull Table:
[[[9.03037875e-05 2.41695318e-02 4.25680043e+01]
  [5.46283982e-05 2.30874379e-02 4.52542503e+01]
  [8.53797370e-05 2.40922451e-02 4.23591314e+01]
  [9.40241250e-05 2.41386628e-02 4.27325128e+01]]

 [[7.18661316e-05 2.36501789e-02 4.37614630e+01]
  [2.92268084e-04 8.16432403e-01 5.07004390e+01]
  [8.18306359e-05 2.40812660e-02 4.12707458e+01]
  [8.40805125e-05 2.40462217e-02 4.30152970e+01]]

 [[8.74797452e-05 2.40745498e-02 4.27508889e+01]
  [8.20963657e-05 2.39771216e-02 4.33856026e+01]
  [5.14901413e-05 2.32136095e-02 4.50227778e+01]
  [8.55657318e-05 2.40687851e-02 4.18336185e+01]]

 [[8.53986098e-05 2.40292727e-02 4.39867254e+01]
  [8.35371252e-05 2.40383363e-02 4.23711511e+01]
  [8.61505956e-05 2.40253899e-02 4.32481337e+01]
  [8.72949885e-05 2.40052257e-02 4.28758437e+01]]]

Max Activate Table:
[[[4.06796398e-04 3.12425313e-02 4.19283013e+01 9.85561890e-04
   2.08648665e-03 2.05742236e-03 2.05742236e-03]
  [2.31946300e-04 2.95832924e-02 4.18008137e+01 9.88372126e-04
   2.06925574e-03 2.04616829e-03 2.04616829e-03]
  [2.23475356e-04 2.99796417e-02 4.21384373e+01 9.87651262e-04
   2.07367844e-03 2.04905510e-03 2.04905510e-03]
  [2.83882014e-04 3.03287198e-02 4.21398067e+01 9.87140026e-04
   2.07681101e-03 2.05110244e-03 2.05110244e-03]
  [3.34297664e-04 3.06804405e-02 4.24655556e+01 9.86333976e-04
   2.08175583e-03 2.05433039e-03 2.05433039e-03]
  [3.63659478e-04 3.06078018e-02 4.20431732e+01 9.86538147e-04
   2.08049439e-03 2.05351281e-03 2.05351281e-03]
  [2.60221520e-04 2.98884977e-02 4.11754254e+01 9.87831226e-04
   2.07258372e-03 2.04833435e-03 2.04833435e-03]
  [3.15832798e-04 3.11004360e-02 4.25672339e+01 9.85730275e-04
   2.08545349e-03 2.05674804e-03 2.05674804e-03]]

 [[2.47009325e-04 2.98042088e-02 4.22701987e+01 9.87885346e-04
   2.07224565e-03 2.04811765e-03 2.04811765e-03]
  [2.64378270e-04 3.02498319e-02 4.13532322e+01 9.87188225e-04
   2.07652467e-03 2.05090937e-03 2.05090937e-03]
  [2.36220918e-04 2.98525015e-02 4.12943346e+01 9.87902263e-04
   2.07214191e-03 2.04804990e-03 2.04804990e-03]
  [2.76971078e-04 3.02718915e-02 4.17234634e+01 9.87169852e-04
   2.07662850e-03 2.05098300e-03 2.05098300e-03]
  [1.08092296e-05 3.32066184e-02 4.16540314e+01 9.81684257e-04
   2.11025162e-03 2.07295107e-03 2.07295107e-03]
  [1.74318129e-04 2.75679947e-02 4.42726188e+01 9.91186157e-04
   2.05202543e-03 2.03489887e-03 2.03489887e-03]
  [2.68198080e-04 3.00711937e-02 4.24824745e+01 9.87592539e-04
   2.07402961e-03 2.04929032e-03 2.04929032e-03]
  [2.63714032e-04 3.01504242e-02 4.19191616e+01 9.87355208e-04
   2.07549550e-03 2.05024068e-03 2.05024068e-03]]

 [[2.32263857e-04 2.96814523e-02 4.19362431e+01 9.88274369e-04
   2.06986572e-03 2.04655971e-03 2.04655971e-03]
  [2.28598645e-04 2.99403120e-02 4.28690291e+01 9.87679276e-04
   2.07351512e-03 2.04894286e-03 2.04894286e-03]
  [2.45594164e-04 2.99708092e-02 4.26058376e+01 9.87571359e-04
   2.07417147e-03 2.04937506e-03 2.04937506e-03]
  [2.76919545e-04 3.07449507e-02 4.06916950e+01 9.86402457e-04
   2.08133205e-03 2.05405617e-03 2.05405617e-03]
  [2.70553660e-04 2.99839769e-02 4.31012833e+01 9.87764671e-04
   2.07299513e-03 2.04860086e-03 2.04860086e-03]
  [2.33626755e-04 2.96753694e-02 4.30909886e+01 9.88241390e-04
   2.07007218e-03 2.04669176e-03 2.04669176e-03]
  [2.50130186e-04 2.92844470e-02 4.32899995e+01 9.88789727e-04
   2.06669827e-03 2.04449592e-03 2.04449592e-03]
  [2.29016455e-04 3.01391303e-02 4.18155836e+01 9.87365604e-04
   2.07542714e-03 2.05019908e-03 2.05019908e-03]]

 [[2.79554472e-04 3.01720343e-02 4.14694781e+01 9.87421950e-04
   2.07509115e-03 2.04997338e-03 2.04997338e-03]
  [2.21898457e-04 3.06022041e-02 4.19699772e+01 9.86678383e-04
   2.07964549e-03 2.05295115e-03 2.05295115e-03]
  [2.51250174e-04 2.99259102e-02 4.20300959e+01 9.87754835e-04
   2.07304834e-03 2.04864029e-03 2.04864029e-03]
  [2.42634533e-04 3.01894686e-02 4.24161428e+01 9.87283680e-04
   2.07592712e-03 2.05052717e-03 2.05052717e-03]
  [2.73717765e-04 2.98961117e-02 4.32170972e+01 9.87892706e-04
   2.07218847e-03 2.04808825e-03 2.04808825e-03]
  [2.36201868e-04 3.02805426e-02 4.20868643e+01 9.87264982e-04
   2.07605206e-03 2.05060199e-03 2.05060199e-03]
  [2.45511290e-04 3.03409757e-02 4.18563070e+01 9.87016783e-04
   2.07756791e-03 2.05159599e-03 2.05159599e-03]
  [2.32660361e-04 2.98500496e-02 4.11698783e+01 9.87878191e-04
   2.07229288e-03 2.04814629e-03 2.04814629e-03]]

 [[2.46291508e-04 2.98320366e-02 4.14982169e+01 9.88007818e-04
   2.07148553e-03 2.04762725e-03 2.04762725e-03]
  [2.41852838e-04 3.07852772e-02 4.23367997e+01 9.86366036e-04
   2.08156080e-03 2.05420200e-03 2.05420200e-03]
  [2.70789556e-04 2.99028460e-02 4.29372246e+01 9.87819656e-04
   2.07265000e-03 2.04838071e-03 2.04838071e-03]
  [2.63783980e-04 3.04203213e-02 4.19882436e+01 9.86992275e-04
   2.07772039e-03 2.05169412e-03 2.05169412e-03]
  [2.36913238e-04 3.02498037e-02 4.25729614e+01 9.87312232e-04
   2.07575457e-03 2.05041282e-03 2.05041282e-03]
  [2.35766020e-04 3.02976515e-02 4.12082013e+01 9.87186456e-04
   2.07652717e-03 2.05091650e-03 2.05091650e-03]
  [2.42897503e-04 2.96811128e-02 4.23608802e+01 9.88215951e-04
   2.07021649e-03 2.04679370e-03 2.04679370e-03]
  [2.90193721e-04 3.01071618e-02 4.19018480e+01 9.87426780e-04
   2.07505884e-03 2.04995405e-03 2.04995405e-03]]

 [[3.57419366e-04 3.05039867e-02 4.23899274e+01 9.86732527e-04
   2.07931598e-03 2.05273430e-03 2.05273430e-03]
  [2.41340790e-04 3.03269196e-02 4.22581900e+01 9.87190685e-04
   2.07651391e-03 2.05089949e-03 2.05089949e-03]
  [2.49608224e-04 3.00028756e-02 4.24699686e+01 9.87716748e-04
   2.07328802e-03 2.04879278e-03 2.04879278e-03]
  [2.53823684e-04 2.99299255e-02 4.18003997e+01 9.87728068e-04
   2.07320205e-03 2.04874755e-03 2.04874755e-03]
  [2.49368092e-04 3.00436742e-02 4.28534903e+01 9.87502308e-04
   2.07460111e-03 2.04965155e-03 2.04965155e-03]
  [2.92268084e-04 8.16432403e-01 5.07004390e+01 8.53616403e-04
   2.98056455e-03 2.50157016e-03 2.62576985e-03]
  [2.38479209e-04 2.93394062e-02 4.31047791e+01 9.88672665e-04
   2.06742280e-03 2.04496468e-03 2.04496468e-03]
  [2.37139233e-04 3.02065602e-02 4.24254226e+01 9.87391564e-04
   2.07526987e-03 2.05009511e-03 2.05009511e-03]]

 [[2.57059057e-04 2.97841786e-02 4.16488477e+01 9.88074302e-04
   2.07109207e-03 2.04736092e-03 2.04736092e-03]
  [2.18742816e-04 2.90896635e-02 4.28042817e+01 9.89039505e-04
   2.06517733e-03 2.04349558e-03 2.04349558e-03]
  [2.57558978e-04 3.01699026e-02 4.10393019e+01 9.87343553e-04
   2.07557378e-03 2.05028732e-03 2.05028732e-03]
  [3.68247397e-04 3.05229471e-02 4.19325499e+01 9.86617254e-04
   2.08001136e-03 2.05319601e-03 2.05319601e-03]
  [2.84389893e-04 3.02803227e-02 4.21774155e+01 9.87255719e-04
   2.07609765e-03 2.05063915e-03 2.05063915e-03]
  [2.26546740e-04 3.01511125e-02 4.22830616e+01 9.87315522e-04
   2.07574234e-03 2.05039959e-03 2.05039959e-03]
  [2.82590862e-04 2.99359753e-02 4.17710346e+01 9.87782712e-04
   2.07287508e-03 2.04852867e-03 2.04852867e-03]
  [2.71476131e-04 2.99204683e-02 4.22121974e+01 9.87932101e-04
   2.07195898e-03 2.04793041e-03 2.04793041e-03]]

 [[2.27490925e-04 2.99062611e-02 4.16214191e+01 9.87897957e-04
   2.07216990e-03 2.04806714e-03 2.04806714e-03]
  [2.70861421e-04 3.02178680e-02 4.12084791e+01 9.87318314e-04
   2.07571742e-03 2.05038846e-03 2.05038846e-03]
  [2.43377872e-04 3.00429150e-02 4.20848029e+01 9.87605492e-04
   2.07396191e-03 2.04923837e-03 2.04923837e-03]
  [2.63224159e-04 3.12047544e-02 4.09753645e+01 9.85482691e-04
   2.08696732e-03 2.05773956e-03 2.05773956e-03]
  [2.55013308e-04 2.98294238e-02 4.34532790e+01 9.87877858e-04
   2.07229185e-03 2.04814764e-03 2.04814764e-03]
  [2.16122100e-04 2.99058217e-02 4.15113244e+01 9.87768672e-04
   2.07296418e-03 2.04858487e-03 2.04858487e-03]
  [2.56195256e-04 2.99505662e-02 4.17605675e+01 9.87848985e-04
   2.07247397e-03 2.04826324e-03 2.04826324e-03]
  [2.21902373e-04 3.00557146e-02 4.21905411e+01 9.87704177e-04
   2.07335940e-03 2.04884316e-03 2.04884316e-03]]]

Cumulative Reward: 6250.379743401007
