Scheduler Table:
[[[4.90370938e-05 1.46663778e-01 1.39612036e+02 1.04657874e-02
   5.57754897e-01 3.64245894e-03 3.64245894e-03]
  [4.00796055e-05 1.46785640e-01 1.39788372e+02 1.04695464e-02
   5.62465154e-01 3.64180521e-03 3.64180521e-03]
  [3.80548085e-05 1.46119491e-01 1.40123772e+02 1.05494180e-02
   5.40737798e-01 3.64197786e-03 3.64197786e-03]]

 [[4.04877350e-05 1.46762565e-01 1.39901780e+02 1.05167476e-02
   5.59364686e-01 3.64210242e-03 3.64210242e-03]
  [2.80672671e-04 1.08972784e+00 2.54636226e+02 1.08704006e-02
   3.54645554e-01 3.62776881e-03 3.65546522e-03]
  [3.80939759e-05 1.46227550e-01 1.39858350e+02 1.05077700e-02
   5.43301237e-01 3.64290463e-03 3.64290463e-03]]

 [[3.81690581e-05 1.46273539e-01 1.39568407e+02 1.05123249e-02
   5.44173604e-01 3.64160511e-03 3.64160511e-03]
  [3.82312134e-05 1.46369269e-01 1.39889289e+02 1.05285583e-02
   5.45923615e-01 3.64161367e-03 3.64161367e-03]
  [3.87446887e-05 1.46645384e-01 1.39768873e+02 1.04896511e-02
   5.59605672e-01 3.64185864e-03 3.64185864e-03]]]

Buffer Table:
[[[3.95604245e-05 1.46426333e-01 1.40006646e+02 1.05047433e-02
   4.28460416e-01 3.64238129e-03 3.64238129e-03]
  [7.09608666e-05 1.46663337e-01 1.39723188e+02 1.04823862e-02
   4.32377904e-01 3.64338440e-03 3.64338440e-03]
  [3.34829539e-05 1.38684996e-01 1.46218862e+02 1.06723228e-02
   3.32207070e-01 3.64028374e-03 3.64028374e-03]]

 [[3.95231971e-05 1.46647626e-01 1.40132843e+02 1.04923817e-02
   4.31957610e-01 3.64246625e-03 3.64246625e-03]
  [4.15503067e-05 1.46960590e-01 1.39972835e+02 1.04783439e-02
   4.46822951e-01 3.64142572e-03 3.64142572e-03]
  [3.91917651e-05 1.46613105e-01 1.39758076e+02 1.04954555e-02
   4.27773920e-01 3.64338729e-03 3.64338729e-03]]

 [[3.86382531e-05 1.46184194e-01 1.40107041e+02 1.05154158e-02
   4.21165039e-01 3.64208275e-03 3.64208275e-03]
  [3.88978080e-05 1.46590361e-01 1.40000052e+02 1.04799698e-02
   4.27185258e-01 3.64278228e-03 3.64278228e-03]
  [2.80675665e-04 1.08973216e+00 2.54633202e+02 1.08703148e-02
   3.54697057e-01 3.62777060e-03 3.65546702e-03]]]

Arbiter Table:
[[[2.97211498e-04 1.10580447e+00 2.34466255e+02 1.10345481e-02
   5.04849567e-01 3.63379599e-03 3.66149241e-03]
  [5.50129604e-05 1.46634612e-01 1.40198586e+02 1.05239193e-02
   4.12783150e-01 3.64327495e-03 3.64327495e-03]
  [4.47669579e-05 1.46101684e-01 1.40991858e+02 1.05462162e-02
   4.02565109e-01 3.64223067e-03 3.64223067e-03]]

 [[4.04916580e-05 1.39553001e-01 1.66821496e+02 1.06131210e-02
   3.38500463e-01 3.64021797e-03 3.64021797e-03]
  [3.15276240e-05 1.33558906e-01 1.64142406e+02 1.04672713e-02
   2.88332766e-01 3.63783999e-03 3.63783999e-03]
  [4.76843820e-05 1.46403109e-01 1.40220187e+02 1.05407286e-02
   4.06031772e-01 3.64266229e-03 3.64266229e-03]]

 [[4.23616982e-05 1.46675733e-01 1.40267022e+02 1.05382509e-02
   4.13828240e-01 3.64223361e-03 3.64223361e-03]
  [3.98271197e-05 1.38357876e-01 1.46750472e+02 1.06138618e-02
   3.23481267e-01 3.63922705e-03 3.63922705e-03]
  [4.19049723e-05 1.46671834e-01 1.39900110e+02 1.05354234e-02
   4.10805310e-01 3.64185312e-03 3.64185312e-03]]]

Page Table:
[[[3.40452105e-05 1.53859285e-01 1.64702824e+02 1.05878166e-02
   2.68208227e-01 3.63216982e-03 3.63216982e-03]
  [4.54267098e-05 1.75859657e-01 1.40546827e+02 1.05585435e-02
   3.88133562e-01 3.63273406e-03 3.63273406e-03]
  [5.42125461e-05 1.61806796e-01 1.61119613e+02 1.05589617e-02
   2.81705453e-01 3.63275118e-03 3.63275118e-03]
  [2.59425909e-05 1.06135504e-01 2.36331336e+02 1.09110689e-02
   7.88295170e-03 3.62749273e-03 3.65538439e-03]]

 [[4.46857460e-05 1.75143815e-01 1.40663190e+02 1.05639653e-02
   3.84087470e-01 3.63410074e-03 3.63410074e-03]
  [4.47293049e-05 1.75083872e-01 1.40779485e+02 1.05838146e-02
   3.83107806e-01 3.63378419e-03 3.63378419e-03]
  [4.51619128e-05 1.75258682e-01 1.40850942e+02 1.05553404e-02
   3.67806989e-01 3.63326842e-03 3.63326842e-03]
  [4.49530955e-05 1.75685197e-01 1.41095491e+02 1.05563865e-02
   3.78407678e-01 3.63328905e-03 3.63328905e-03]]

 [[3.87548419e-05 1.25750468e-01 1.72668943e+02 1.06882177e-02
   8.28233045e-02 3.63216546e-03 3.63216546e-03]
  [4.50480420e-05 1.75234269e-01 1.41159658e+02 1.05636600e-02
   3.66317075e-01 3.63451031e-03 3.63451031e-03]
  [4.46498737e-05 1.75121328e-01 1.40664434e+02 1.05899320e-02
   3.80024611e-01 3.63307807e-03 3.63307807e-03]
  [4.46539603e-05 1.75867909e-01 1.41117552e+02 1.05470549e-02
   3.78174393e-01 3.63396548e-03 3.63396548e-03]]

 [[2.84360404e-04 1.09212321e+00 2.35780410e+02 1.08705909e-02
   3.57823513e-01 3.62929633e-03 3.64862525e-03]
  [4.51551297e-05 1.75014682e-01 1.40857645e+02 1.05420266e-02
   3.75720435e-01 3.63380029e-03 3.63380029e-03]
  [4.58551321e-05 1.75657176e-01 1.40975353e+02 1.05392848e-02
   3.86224272e-01 3.63413945e-03 3.63413945e-03]
  [4.60493747e-05 1.76856110e-01 1.40762331e+02 1.04582814e-02
   4.16099004e-01 3.63377990e-03 3.63377990e-03]]]

Response Table:
[[[4.82842234e-05 1.37497086e-01 1.38924919e+02]
  [4.10589791e-05 1.37547761e-01 1.39050504e+02]]

 [[4.60454705e-05 1.37639834e-01 1.38293768e+02]
  [2.80672671e-04 1.08972784e+00 2.54636226e+02]]]

Refresh Table:
[[[3.16605029e-05 1.37639311e-01 1.38745468e+02]
  [2.90426107e-05 1.33940605e-01 1.56383641e+02]]

 [[3.13978301e-05 1.37534891e-01 1.39917869e+02]
  [2.80672671e-04 1.08972784e+00 2.54636226e+02]]]

Request Buffer Table:
[[[8.66408824e-05 5.75682779e-01 1.14334510e+02]
  [8.71717052e-05 5.76171887e-01 1.14097261e+02]
  [8.96588897e-05 5.76766840e-01 1.13644132e+02]
  [8.73514596e-05 5.67475141e-01 1.13942246e+02]
  [8.64459996e-05 5.78621636e-01 1.13811092e+02]
  [8.72477972e-05 5.73454773e-01 1.14069763e+02]
  [6.76729515e-05 4.41917390e-01 1.32127021e+02]
  [9.17612896e-05 5.75112336e-01 1.13838645e+02]]

 [[8.86507390e-05 5.74107218e-01 1.13722388e+02]
  [8.69352625e-05 5.73173266e-01 1.13462485e+02]
  [1.18159598e-04 5.77796897e-01 1.13750767e+02]
  [8.77772088e-05 5.78389092e-01 1.13246120e+02]
  [8.70317656e-05 5.71001876e-01 1.14981561e+02]
  [8.71791689e-05 5.78737548e-01 1.13740253e+02]
  [8.67657393e-05 5.79140710e-01 1.13319804e+02]
  [8.81586767e-05 5.79410538e-01 1.13834827e+02]]

 [[8.70477668e-05 5.71107880e-01 1.13873242e+02]
  [8.71859388e-05 5.76852832e-01 1.13353994e+02]
  [8.74034375e-05 5.72559849e-01 1.13912851e+02]
  [8.67443249e-05 5.71763712e-01 1.15515605e+02]
  [8.76627777e-05 5.78647185e-01 1.13648288e+02]
  [8.67235489e-05 5.82595465e-01 1.13392572e+02]
  [8.66818182e-05 5.71822130e-01 1.15380090e+02]
  [1.02545176e-04 5.72958365e-01 1.13990127e+02]]

 [[8.82884063e-05 5.72569656e-01 1.14253228e+02]
  [8.97955728e-05 5.76451710e-01 1.13787759e+02]
  [8.98629266e-05 5.87185155e-01 1.13195953e+02]
  [9.12771346e-05 5.76714388e-01 1.13188096e+02]
  [8.90031415e-05 5.92682239e-01 1.13202014e+02]
  [8.64345054e-05 5.70727628e-01 1.14551013e+02]
  [8.66133907e-05 5.76471187e-01 1.13742791e+02]
  [9.03441990e-05 5.76356982e-01 1.14249350e+02]]

 [[8.03336483e-05 5.01725577e-01 1.29182205e+02]
  [8.76222406e-05 5.79162095e-01 1.14483760e+02]
  [8.74428837e-05 5.77771552e-01 1.14058980e+02]
  [8.63933439e-05 5.69106728e-01 1.13611872e+02]
  [8.85883239e-05 5.75210827e-01 1.14276219e+02]
  [9.16485102e-05 5.76551412e-01 1.14040781e+02]
  [8.72421787e-05 5.79508815e-01 1.13414627e+02]
  [8.67288210e-05 5.76450168e-01 1.13854507e+02]]

 [[7.66462440e-05 4.98544047e-01 1.30732489e+02]
  [8.77696094e-05 5.80986126e-01 1.13308754e+02]
  [8.79711456e-05 5.77296719e-01 1.13883929e+02]
  [8.91779878e-05 5.89285814e-01 1.12867537e+02]
  [8.78200430e-05 5.79775025e-01 1.13218541e+02]
  [8.85710426e-05 5.80014072e-01 1.13428832e+02]
  [8.72108936e-05 5.84324237e-01 1.12895839e+02]
  [8.72988601e-05 5.74301346e-01 1.13695331e+02]]

 [[8.78126680e-05 5.66907574e-01 1.14923266e+02]
  [8.58321349e-05 5.73334573e-01 1.14100996e+02]
  [8.93482085e-05 5.76408603e-01 1.13481947e+02]
  [8.67915083e-05 5.80456935e-01 1.13568728e+02]
  [8.73586683e-05 5.83468540e-01 1.13177747e+02]
  [8.59016730e-05 5.71970351e-01 1.14829403e+02]
  [2.80737468e-04 1.09017345e+00 2.54587379e+02]
  [8.65842319e-05 5.72549269e-01 1.14456834e+02]]

 [[8.71834112e-05 5.69482033e-01 1.14698205e+02]
  [9.02457912e-05 5.88387060e-01 1.13251051e+02]
  [8.97785364e-05 5.82902617e-01 1.13147000e+02]
  [8.86780668e-05 5.75337873e-01 1.13660940e+02]
  [8.61880970e-05 5.70129852e-01 1.14121998e+02]
  [8.72894469e-05 5.79584836e-01 1.13373243e+02]
  [8.87132757e-05 5.79526570e-01 1.13419201e+02]
  [9.55266183e-05 5.89538715e-01 1.12957853e+02]]]

Ref Max Post Table:
[[[5.50120913e-05 1.75091448e-01 1.40854614e+02]
  [2.08625487e-05 1.04009847e-01 2.49079800e+02]
  [4.50999435e-05 1.76039600e-01 1.40430463e+02]
  [4.50676905e-05 1.75833763e-01 1.40739105e+02]]

 [[2.79307682e-04 1.09000899e+00 2.48460315e+02]
  [4.01813633e-05 1.56022956e-01 1.48073753e+02]
  [4.74559559e-05 1.75251873e-01 1.41570711e+02]
  [4.66585181e-05 1.75512461e-01 1.40617724e+02]]

 [[5.55442184e-05 1.74711877e-01 1.40945584e+02]
  [5.24368315e-05 1.72036107e-01 1.46037201e+02]
  [4.64171974e-05 1.75536707e-01 1.40547389e+02]
  [4.72744864e-05 1.76586213e-01 1.40551636e+02]]

 [[5.00707460e-05 1.74990494e-01 1.41546427e+02]
  [4.48790521e-05 1.75972692e-01 1.40517457e+02]
  [4.79752696e-05 1.75666884e-01 1.40755465e+02]
  [4.53143152e-05 1.77232451e-01 1.40721329e+02]]]

Ref Max Pull Table:
[[[4.77393518e-05 1.74840019e-01 1.40859082e+02]
  [4.77452492e-05 1.74626217e-01 1.40697244e+02]
  [3.71046331e-05 1.55102711e-01 1.61771418e+02]
  [4.85348328e-05 1.75167403e-01 1.40496365e+02]]

 [[3.58298608e-05 1.47296678e-01 1.60309583e+02]
  [4.73074766e-05 1.75310225e-01 1.40630901e+02]
  [4.83892908e-05 1.75254609e-01 1.40541907e+02]
  [4.71311267e-05 1.75251465e-01 1.40676200e+02]]

 [[3.02300872e-05 1.42308519e-01 1.52660634e+02]
  [4.50432192e-05 1.65362644e-01 1.46346133e+02]
  [2.85472320e-04 1.09939233e+00 2.43963788e+02]
  [5.34292534e-05 1.74421294e-01 1.41041367e+02]]

 [[5.05606729e-05 1.75543736e-01 1.40447373e+02]
  [3.97401786e-05 1.53563504e-01 1.50924608e+02]
  [4.76951493e-05 1.75838237e-01 1.40246454e+02]
  [6.85651364e-05 1.74721086e-01 1.40691048e+02]]]

Max Activate Table:
[[[8.59155504e-05 5.72040459e-01 1.13710660e+02 8.59921038e-03
   1.83375566e-01 2.92816346e-03 2.92816346e-03]
  [8.61089598e-05 5.80563969e-01 1.13266886e+02 8.55951142e-03
   1.76357039e-01 2.91548672e-03 2.91548672e-03]
  [8.36317652e-05 5.68961232e-01 1.13569699e+02 8.57400156e-03
   1.93412085e-01 2.93378758e-03 2.93378758e-03]
  [8.37276125e-05 5.72828622e-01 1.13681752e+02 8.57960727e-03
   1.68827375e-01 2.92831809e-03 2.92831809e-03]
  [8.73794142e-05 5.96971371e-01 1.12554106e+02 8.47676874e-03
   1.82893421e-01 2.88803901e-03 2.88803901e-03]
  [9.27545735e-05 5.85733895e-01 1.13681645e+02 8.55585509e-03
   1.70457515e-01 2.90766525e-03 2.90766525e-03]
  [1.05378747e-04 5.78568282e-01 1.13577917e+02 8.56148931e-03
   2.26814562e-01 2.91726961e-03 2.91726961e-03]
  [4.54073795e-05 2.52010926e-01 1.85414850e+02 9.92464492e-03
   7.51440684e-02 3.42150532e-03 3.42150532e-03]]

 [[8.67003130e-05 5.84138061e-01 1.12982416e+02 8.49284344e-03
   1.69518173e-01 2.90866260e-03 2.90866260e-03]
  [8.41899925e-05 5.76952011e-01 1.14069511e+02 8.53472724e-03
   1.65363957e-01 2.92122623e-03 2.92122623e-03]
  [8.56485110e-05 5.85027263e-01 1.13118952e+02 8.48564770e-03
   1.62969736e-01 2.90714034e-03 2.90714034e-03]
  [8.33329268e-05 5.73290800e-01 1.14554427e+02 8.56510036e-03
   2.60504301e-01 2.92864668e-03 2.92864668e-03]
  [1.15541828e-04 5.71672565e-01 1.13774635e+02 8.54546685e-03
   2.32853830e-01 2.93116604e-03 2.93116604e-03]
  [8.34468493e-05 5.69086629e-01 1.14396776e+02 8.56271306e-03
   1.82892745e-01 2.93549319e-03 2.93549319e-03]
  [8.46384201e-05 5.75668530e-01 1.13790216e+02 8.55236876e-03
   1.84201160e-01 2.92266748e-03 2.92266748e-03]
  [8.29250960e-05 5.70445090e-01 1.14254393e+02 8.49636446e-03
   5.23178681e-01 2.93132948e-03 2.93132948e-03]]

 [[8.38755739e-05 5.67504806e-01 1.14076110e+02 8.59058769e-03
   2.04057359e-01 2.93561013e-03 2.93561013e-03]
  [8.43257607e-05 5.73483884e-01 1.13725392e+02 8.55905612e-03
   1.95134223e-01 2.92828264e-03 2.92828264e-03]
  [8.42279926e-05 5.78079510e-01 1.13026239e+02 8.57026711e-03
   2.39299400e-01 2.91819567e-03 2.91819567e-03]
  [8.41574036e-05 5.78726986e-01 1.13139821e+02 8.53069627e-03
   1.81509432e-01 2.91964437e-03 2.91964437e-03]
  [8.51975459e-05 5.77466192e-01 1.13721695e+02 8.52719297e-03
   2.03373384e-01 2.92060610e-03 2.92060610e-03]
  [8.49945601e-05 5.78086003e-01 1.13571637e+02 8.51087037e-03
   1.77239396e-01 2.91901431e-03 2.91901431e-03]
  [6.39026409e-05 4.31542046e-01 1.32423245e+02 9.28055290e-03
   1.20178278e-01 3.14132246e-03 3.14132246e-03]
  [8.43605957e-05 5.78140406e-01 1.13691315e+02 8.48257894e-03
   1.94102353e-01 2.91958309e-03 2.91958309e-03]]

 [[8.40238940e-05 5.62840814e-01 1.15204388e+02 8.56337819e-03
   2.48467364e-01 2.94451574e-03 2.94451574e-03]
  [8.46844081e-05 5.80606281e-01 1.13220578e+02 8.57029969e-03
   1.88304357e-01 2.91625270e-03 2.91625270e-03]
  [8.38105023e-05 5.76055061e-01 1.13546763e+02 8.53396343e-03
   2.05353040e-01 2.92234454e-03 2.92234454e-03]
  [8.35586281e-05 5.73075491e-01 1.13835560e+02 8.57823068e-03
   1.76618535e-01 2.92749834e-03 2.92749834e-03]
  [8.46788494e-05 5.73772169e-01 1.13612915e+02 8.54415398e-03
   1.75108562e-01 2.92796721e-03 2.92796721e-03]
  [8.69919888e-05 5.71192217e-01 1.13883534e+02 8.55600013e-03
   2.51408184e-01 2.93010448e-03 2.93010448e-03]
  [8.33214575e-05 5.70907066e-01 1.14170181e+02 8.53285585e-03
   2.57642936e-01 2.93150091e-03 2.93150091e-03]
  [8.61547126e-05 5.82323119e-01 1.13110773e+02 8.51809803e-03
   2.05029207e-01 2.91203514e-03 2.91203514e-03]]

 [[8.31794607e-05 5.67010270e-01 1.13826330e+02 8.54842405e-03
   1.85015458e-01 2.93927995e-03 2.93927995e-03]
  [8.42471969e-05 5.73337512e-01 1.13757360e+02 8.51220944e-03
   3.10915469e-01 2.92884555e-03 2.92884555e-03]
  [8.38185348e-05 5.68493868e-01 1.13741509e+02 8.50619224e-03
   2.66374234e-01 2.93586106e-03 2.93586106e-03]
  [8.23548213e-05 5.60247636e-01 1.15391503e+02 8.60365762e-03
   2.28282321e-01 2.94883918e-03 2.94883918e-03]
  [8.36442864e-05 5.70518179e-01 1.14015932e+02 8.59276603e-03
   1.86268616e-01 2.93156275e-03 2.93156275e-03]
  [8.42901156e-05 5.77529607e-01 1.13380227e+02 8.44267788e-03
   4.78913770e-01 2.92070193e-03 2.92070193e-03]
  [8.54304877e-05 5.96917224e-01 1.13061381e+02 8.44167527e-03
   2.80847724e-01 2.88778238e-03 2.88778238e-03]
  [8.67101635e-05 5.74005937e-01 1.13659383e+02 8.57821460e-03
   1.66939466e-01 2.92624019e-03 2.92624019e-03]]

 [[8.40624102e-05 5.73841577e-01 1.13690982e+02 8.54726803e-03
   1.76107686e-01 2.92603188e-03 2.92603188e-03]
  [8.38566040e-05 5.78402834e-01 1.13564173e+02 8.55505344e-03
   1.70271457e-01 2.91882943e-03 2.91882943e-03]
  [8.40067078e-05 5.81246179e-01 1.13446178e+02 8.50076081e-03
   2.05063047e-01 2.91492286e-03 2.91492286e-03]
  [8.84579572e-05 5.74387264e-01 1.13918832e+02 8.55141944e-03
   1.95019250e-01 2.92503657e-03 2.92503657e-03]
  [8.55600160e-05 5.82956339e-01 1.13218708e+02 8.49165269e-03
   1.77514866e-01 2.91200623e-03 2.91200623e-03]
  [8.59495417e-05 5.80634223e-01 1.13273664e+02 8.49828034e-03
   2.34999246e-01 2.91305693e-03 2.91305693e-03]
  [8.69796526e-05 5.82082314e-01 1.13211913e+02 8.49178492e-03
   1.80533097e-01 2.91340006e-03 2.91340006e-03]
  [2.11592142e-05 1.05877887e-01 2.48978670e+02 1.08565145e-02
   6.36546800e-03 3.62358056e-03 3.65147222e-03]]

 [[8.19614885e-05 5.59425174e-01 1.14144766e+02 8.61364008e-03
   2.07446554e-01 2.95045909e-03 2.95045909e-03]
  [8.65191496e-05 6.02290769e-01 1.11715017e+02 8.45871295e-03
   1.61933926e-01 2.87997974e-03 2.87997974e-03]
  [1.73486017e-05 1.10319693e-01 1.72789903e+02 1.09215600e-02
   5.03437060e-03 3.62689416e-03 3.62689416e-03]
  [8.41062410e-05 5.64883142e-01 1.15812275e+02 8.55281613e-03
   2.42242936e-01 2.94218903e-03 2.94218903e-03]
  [8.33991106e-05 5.66089513e-01 1.14186197e+02 8.57265576e-03
   2.07030469e-01 2.94086585e-03 2.94086585e-03]
  [8.43455874e-05 5.74509388e-01 1.13625000e+02 8.54925093e-03
   1.83709536e-01 2.92605180e-03 2.92605180e-03]
  [9.42011089e-05 5.77719658e-01 1.14907137e+02 8.53691122e-03
   1.85939933e-01 2.92010238e-03 2.92010238e-03]
  [8.58284042e-05 5.76810919e-01 1.13287374e+02 8.50469268e-03
   2.64423424e-01 2.92179754e-03 2.92179754e-03]]

 [[8.46262564e-05 5.65978798e-01 1.14144289e+02 8.59087493e-03
   1.97510613e-01 2.93916543e-03 2.93916543e-03]
  [8.41027278e-05 5.75873788e-01 1.13899201e+02 8.56013204e-03
   2.43153623e-01 2.92283936e-03 2.92283936e-03]
  [8.47436890e-05 5.68314823e-01 1.14026178e+02 8.54345241e-03
   2.29289588e-01 2.93558148e-03 2.93558148e-03]
  [8.35385508e-05 5.78728533e-01 1.13335665e+02 8.51145393e-03
   5.17824342e-01 2.91652001e-03 2.91652001e-03]
  [8.79686862e-05 5.84779472e-01 1.13509203e+02 8.52450559e-03
   1.94711920e-01 2.90856311e-03 2.90856311e-03]
  [2.79602752e-04 1.09186698e+00 2.48359728e+02 1.08163299e-02
   3.56314190e-01 3.62540520e-03 3.64473412e-03]
  [8.14569543e-05 5.59728826e-01 1.15737337e+02 8.62403329e-03
   2.81054402e-01 2.94800451e-03 2.94800451e-03]
  [8.59144699e-05 5.71162675e-01 1.13707929e+02 8.49680572e-03
   2.90616456e-01 2.93002917e-03 2.93002917e-03]]]

Cumulative Reward: 7150.956680481047
