Scheduler Table:
[[[3.77344219e-06 1.26416193e-02 1.89889398e+01 4.00661678e+00
   2.00801449e+00 3.33323763e-04 3.33323763e-04]
  [7.88685253e-06 1.23278872e-02 2.30281068e+01 3.07351913e+00
   1.56879239e+00 3.33323486e-04 3.33323486e-04]
  [3.12273437e-06 1.26364518e-02 1.88916780e+01 3.64090297e+00
   2.28892520e+00 3.33323380e-04 3.33323380e-04]]

 [[5.90616769e-06 1.26112627e-02 1.85734404e+01 3.71500072e+00
   2.07689279e+00 3.33323385e-04 3.33323385e-04]
  [1.87579577e-04 3.91437156e-01 6.50079383e+01 4.95140191e-04
   3.77344202e-04 3.49777894e-04 3.60256498e-04]
  [3.42961203e-06 1.26550197e-02 1.92586386e+01 3.82715590e+00
   2.15103846e+00 3.33323422e-04 3.33323422e-04]]

 [[6.93546620e-06 1.26174567e-02 1.89172146e+01 3.88560173e+00
   2.10110340e+00 3.33323496e-04 3.33323496e-04]
  [4.25735238e-06 1.26147050e-02 1.87704118e+01 3.67102034e+00
   2.26179315e+00 3.33323282e-04 3.33323282e-04]
  [5.24866586e-06 1.18938709e-02 2.16798294e+01 1.32810588e+00
   4.08695901e+00 3.33322980e-04 3.33322980e-04]]]

Buffer Table:
[[[3.28785281e-06 1.26456050e-02 1.87493748e+01 3.71850031e+00
   2.22804232e+00 3.33323488e-04 3.33323488e-04]
  [2.10909266e-06 1.19274008e-02 3.65079547e+01 2.13308457e+00
   1.11543240e+00 3.33324084e-04 3.33324084e-04]
  [4.26647227e-06 1.26515251e-02 1.91774505e+01 3.76517305e+00
   2.19228429e+00 3.33323498e-04 3.33323498e-04]]

 [[7.54700378e-06 1.25697871e-02 2.16340048e+01 3.48088708e+00
   1.95112618e+00 3.33323354e-04 3.33323354e-04]
  [4.25961237e-06 1.26795076e-02 2.09330013e+01 2.77213258e+00
   2.61751040e+00 3.33323090e-04 3.33323090e-04]
  [1.87604044e-04 3.91450040e-01 6.52372841e+01 2.15053527e-03
   1.31449108e-03 3.49432189e-04 3.52348914e-04]]

 [[3.58457245e-06 1.26215960e-02 1.94922329e+01 3.74736867e+00
   2.05877487e+00 3.33323364e-04 3.33323364e-04]
  [3.56540552e-07 1.02395738e-02 6.54715243e+01 2.17978893e-03
   1.30673787e-03 3.33816113e-04 3.44618797e-04]
  [3.48437989e-06 1.26088614e-02 1.88891449e+01 3.64178493e+00
   2.27807156e+00 3.33323388e-04 3.33323388e-04]]]

Arbiter Table:
[[[3.64953221e-06 1.26372877e-02 1.88988985e+01 3.68404352e+00
   2.22337486e+00 3.33323114e-04 3.33323114e-04]
  [4.26129875e-06 1.20992061e-02 2.48571839e+01 1.96301763e+00
   1.79326282e+00 3.33322842e-04 3.33322842e-04]
  [3.44473446e-06 1.25963509e-02 1.86384418e+01 3.56342041e+00
   2.31477247e+00 3.33323126e-04 3.33323126e-04]]

 [[3.68335288e-06 1.24589539e-02 2.21688476e+01 3.04320486e+00
   2.05195888e+00 3.33322961e-04 3.33322961e-04]
  [1.87579577e-04 3.91437156e-01 6.50079383e+01 4.95140191e-04
   3.77344202e-04 3.49777894e-04 3.60256498e-04]
  [4.38228425e-06 1.25432466e-02 2.08150360e+01 3.35113734e+00
   1.91494740e+00 3.33323111e-04 3.33323111e-04]]

 [[3.41378072e-06 1.26080358e-02 1.87602038e+01 3.69459359e+00
   2.21766181e+00 3.33323268e-04 3.33323268e-04]
  [3.25165927e-06 1.21613179e-02 2.56191704e+01 2.29048321e+00
   1.33417541e+00 3.33323592e-04 3.33323592e-04]
  [9.57705990e-06 1.26701867e-02 1.87747833e+01 3.63946058e+00
   2.25688744e+00 3.33323143e-04 3.33323143e-04]]]

Page Table:
[[[2.86916314e-06 1.28203749e-02 1.93307642e+01 3.35061927e+00
   1.57339404e+00 3.33323291e-04 3.33323291e-04]
  [2.38018497e-06 1.17386757e-02 3.77599752e+01 1.64925731e+00
   1.35504357e+00 3.33323393e-04 3.33323393e-04]
  [3.26653220e-06 1.28007154e-02 1.89153506e+01 3.38703881e+00
   1.53947608e+00 3.33323114e-04 3.33323114e-04]
  [2.59413971e-06 1.28436273e-02 1.92897937e+01 3.31736607e+00
   1.49207277e+00 3.33323058e-04 3.33323058e-04]]

 [[2.59110560e-06 1.28559596e-02 1.96117429e+01 3.46359100e+00
   1.39498897e+00 3.33323383e-04 3.33323383e-04]
  [1.87582792e-04 3.91440678e-01 6.49443412e+01 4.92525639e-03
   2.67682088e-03 3.49777896e-04 3.60256499e-04]
  [3.87934830e-06 1.28074122e-02 1.92125071e+01 3.52242102e+00
   1.36817564e+00 3.33323125e-04 3.33323125e-04]
  [2.79150513e-06 1.26635488e-02 2.24444488e+01 2.94322604e+00
   1.62702473e+00 3.33323131e-04 3.33323131e-04]]

 [[2.53512325e-06 1.28532815e-02 1.92490995e+01 3.27442539e+00
   1.58116926e+00 3.33323219e-04 3.33323219e-04]
  [5.00793071e-06 1.28506562e-02 1.89975037e+01 3.33463172e+00
   1.58516201e+00 3.33323099e-04 3.33323099e-04]
  [3.04715498e-06 1.28526751e-02 1.90913104e+01 3.42552648e+00
   1.50811324e+00 3.33323144e-04 3.33323144e-04]
  [2.34132524e-06 1.28149820e-02 2.01956757e+01 3.43773575e+00
   1.36446751e+00 3.33323136e-04 3.33323136e-04]]

 [[3.19678689e-06 1.24324074e-02 2.50395776e+01 2.56830766e+00
   1.78290315e+00 3.33323242e-04 3.33323242e-04]
  [1.55004707e-05 1.28405620e-02 1.98289429e+01 3.36993713e+00
   1.46371131e+00 3.33323126e-04 3.33323126e-04]
  [3.52070699e-06 1.28629321e-02 1.92550763e+01 3.41018268e+00
   1.44718045e+00 3.33323095e-04 3.33323095e-04]
  [2.20142245e-06 1.28577936e-02 1.98612896e+01 3.46118413e+00
   1.31317581e+00 3.33323013e-04 3.33323013e-04]]]

Response Table:
[[[1.87579577e-04 3.91437156e-01 6.50079383e+01]
  [6.26528884e-06 1.24828364e-02 1.69452646e+01]]

 [[5.20957080e-06 1.24084027e-02 2.08252711e+01]
  [2.36088909e-06 1.15037560e-02 2.99381706e+01]]]

Refresh Table:
[[[1.87579577e-04 3.91437156e-01 6.50079383e+01]
  [6.13730232e-06 1.24099680e-02 1.71810938e+01]]

 [[4.74730132e-06 1.22050850e-02 2.10366963e+01]
  [7.58854349e-06 1.24741516e-02 1.65839129e+01]]]

Request Buffer Table:
[[[4.30251542e-06 1.69691672e-02 1.88708379e+01]
  [3.21692464e-06 1.72288974e-02 1.93775019e+01]
  [3.03528398e-06 1.65807389e-02 1.87796104e+01]
  [3.08719561e-06 1.74137935e-02 1.94530212e+01]
  [3.23628563e-06 1.70484605e-02 1.94726823e+01]
  [7.02530785e-06 1.65010320e-02 1.94766402e+01]
  [2.96809842e-06 1.69514038e-02 1.87510974e+01]
  [3.04666889e-06 1.70530840e-02 1.95811032e+01]]

 [[2.97340879e-06 1.69954673e-02 1.91304238e+01]
  [5.47872771e-06 1.67596233e-02 1.90356611e+01]
  [2.86710406e-06 1.66572857e-02 1.90788435e+01]
  [3.35497906e-06 1.77820488e-02 1.87545616e+01]
  [3.41389247e-06 1.77396502e-02 1.98803802e+01]
  [9.31788471e-06 1.72013933e-02 1.87632426e+01]
  [3.46198522e-06 1.62894848e-02 1.96679664e+01]
  [3.43093202e-06 1.66313918e-02 2.00309254e+01]]

 [[3.45611703e-06 1.70072421e-02 1.86281031e+01]
  [2.88741213e-06 1.65830946e-02 1.90864018e+01]
  [2.89587213e-06 1.68251823e-02 1.90816677e+01]
  [2.98522906e-06 1.71280635e-02 1.90472987e+01]
  [3.20423873e-06 1.69223376e-02 1.94418961e+01]
  [3.72585336e-06 1.64210499e-02 1.89513311e+01]
  [3.50243560e-06 1.65480848e-02 1.94648196e+01]
  [2.84324334e-06 1.67690399e-02 1.94015399e+01]]

 [[9.23134489e-06 1.68367059e-02 1.86324509e+01]
  [3.17660941e-06 1.75270426e-02 1.87201223e+01]
  [3.05009961e-06 1.68236063e-02 1.91931371e+01]
  [3.20194524e-06 1.75963199e-02 1.90761494e+01]
  [3.06612876e-06 1.70605319e-02 1.92356346e+01]
  [3.50217850e-06 1.68749707e-02 1.90655624e+01]
  [3.07887423e-06 1.67276957e-02 1.93172612e+01]
  [3.61083671e-06 1.39986004e-02 3.61005926e+01]]

 [[5.81337421e-06 1.68846784e-02 1.92577726e+01]
  [3.04707347e-06 1.66950575e-02 1.91906851e+01]
  [3.32506360e-06 1.67369987e-02 1.90764878e+01]
  [2.96679517e-06 1.69828849e-02 1.92651175e+01]
  [3.01286951e-06 1.68692959e-02 1.87472772e+01]
  [2.80720871e-06 1.66274560e-02 1.87657245e+01]
  [4.47937078e-07 1.02554704e-02 6.54383697e+01]
  [3.04004577e-06 1.65579719e-02 1.98025369e+01]]

 [[6.70094507e-06 1.72427506e-02 1.88896183e+01]
  [3.14008239e-06 1.74438511e-02 1.92874911e+01]
  [2.95318228e-06 1.66876885e-02 1.88954189e+01]
  [3.98373766e-06 1.67140340e-02 1.96698878e+01]
  [3.14917362e-06 1.67852191e-02 1.86429862e+01]
  [2.84851781e-06 1.65626325e-02 1.91643294e+01]
  [5.20941271e-06 1.64142727e-02 1.90490142e+01]
  [2.80614886e-06 1.67235426e-02 1.91840614e+01]]

 [[5.39785494e-06 1.64843028e-02 1.89224603e+01]
  [3.25064098e-06 1.73849218e-02 1.82489525e+01]
  [3.06603342e-06 1.65495406e-02 1.86942916e+01]
  [2.98382266e-06 1.69275069e-02 1.93470416e+01]
  [2.88228664e-06 1.53856851e-02 2.35677578e+01]
  [5.45116109e-06 1.65804107e-02 1.99908087e+01]
  [3.28428138e-06 1.67492802e-02 1.90022476e+01]
  [1.87694591e-04 3.91465938e-01 6.53047321e+01]]

 [[3.89314801e-06 1.67217429e-02 1.92038032e+01]
  [5.11051204e-06 1.68954414e-02 1.86974803e+01]
  [2.69510656e-06 1.64190010e-02 1.91513244e+01]
  [4.67448890e-06 1.62487079e-02 2.18663920e+01]
  [4.49257810e-07 1.02559537e-02 6.58232310e+01]
  [1.30665277e-05 1.69898931e-02 1.95283022e+01]
  [3.41190235e-06 1.66639909e-02 1.96122156e+01]
  [3.23827742e-06 1.66254823e-02 1.92985848e+01]]]

Ref Max Post Table:
[[[1.87579524e-04 3.91437241e-01 6.50063251e+01]
  [2.70264354e-06 1.27499544e-02 2.11438256e+01]
  [9.78669374e-06 1.27409679e-02 2.11068085e+01]
  [2.88977053e-06 1.24301410e-02 2.66490404e+01]]

 [[3.39824233e-06 1.22730000e-02 3.03129122e+01]
  [2.90282909e-06 1.28217452e-02 1.95701153e+01]
  [2.65515733e-06 1.28033896e-02 1.91041018e+01]
  [5.32404245e-06 1.28639662e-02 1.96604625e+01]]

 [[4.72557031e-06 1.23057720e-02 3.00340785e+01]
  [3.01613057e-06 1.28336049e-02 1.93067864e+01]
  [3.04028813e-06 1.28626096e-02 1.93755854e+01]
  [3.35436193e-06 1.28583524e-02 1.93141077e+01]]

 [[2.36339079e-06 1.17667883e-02 3.98872820e+01]
  [3.76924172e-06 1.28433610e-02 1.96963770e+01]
  [2.77464445e-06 1.28584563e-02 1.90908185e+01]
  [4.96470167e-06 1.28472701e-02 1.94885411e+01]]]

Ref Max Pull Table:
[[[1.87579577e-04 3.91437156e-01 6.50079383e+01]
  [3.12780575e-06 1.27467459e-02 1.92884377e+01]
  [2.84808177e-06 1.27829189e-02 2.33900874e+01]
  [2.89723320e-06 1.28325441e-02 1.95831936e+01]]

 [[3.14733860e-06 1.27745661e-02 1.90154067e+01]
  [2.79908340e-06 1.28221192e-02 1.91316195e+01]
  [2.99102350e-06 1.28213779e-02 1.94136399e+01]
  [6.53313912e-06 1.21658526e-02 2.90717782e+01]]

 [[2.60209542e-06 1.26647688e-02 2.28507945e+01]
  [3.15612523e-06 1.28384085e-02 1.94535206e+01]
  [3.69730162e-06 1.28257064e-02 1.98739308e+01]
  [1.35160975e-06 1.13450885e-02 3.52443307e+01]]

 [[3.42851522e-06 1.28670331e-02 1.91921522e+01]
  [7.66359421e-06 1.26622512e-02 2.38770840e+01]
  [1.84953708e-06 1.17463154e-02 3.23060415e+01]
  [2.39720509e-06 1.25179867e-02 2.04454063e+01]]]

Max Activate Table:
[[[2.91408372e-06 1.69827426e-02 1.90009801e+01 2.03847064e+00
   9.31278516e-01 4.11651962e-04 4.11651962e-04]
  [3.24548172e-06 1.66772546e-02 1.87763587e+01 2.50367251e+00
   9.88329162e-01 4.06309523e-04 4.06309523e-04]
  [3.05574214e-06 1.66488418e-02 1.89601730e+01 2.44740142e+00
   1.04808654e+00 4.06067488e-04 4.06067488e-04]
  [3.33042914e-06 1.80146853e-02 1.99053085e+01 2.07815970e+00
   7.46980464e-01 4.30408823e-04 4.30408823e-04]
  [3.29571423e-06 1.67900034e-02 1.95016286e+01 2.21637045e+00
   9.47317580e-01 4.07697671e-04 4.07697671e-04]
  [3.35227279e-06 1.69547346e-02 1.90388524e+01 2.24630523e+00
   9.74449817e-01 4.10992114e-04 4.10992114e-04]
  [3.24915575e-06 1.69522582e-02 1.87484477e+01 2.90356510e+00
   6.05103960e-01 4.11110243e-04 4.11110243e-04]
  [3.43458912e-06 1.64499404e-02 2.12006770e+01 2.09607468e+00
   1.03663165e+00 4.03101018e-04 4.03101018e-04]]

 [[3.32192005e-06 1.68607271e-02 1.87969322e+01 2.03133106e+00
   1.05414923e+00 4.09600647e-04 4.09600647e-04]
  [3.18560146e-06 1.74692000e-02 1.82899367e+01 1.77191462e+00
   1.00016775e+00 4.20306740e-04 4.20306740e-04]
  [6.37500926e-06 1.59329602e-02 2.03256320e+01 2.26974884e+00
   1.01036325e+00 3.94891547e-04 3.94891547e-04]
  [3.27103293e-06 1.69720309e-02 1.88361134e+01 2.22696805e+00
   1.00103137e+00 4.11129618e-04 4.11129618e-04]
  [3.08287764e-06 1.73624332e-02 1.95623873e+01 2.02005381e+00
   8.49559884e-01 4.17915704e-04 4.17915704e-04]
  [1.58206504e-05 1.68062449e-02 1.94156646e+01 2.36311240e+00
   1.01465537e+00 4.08286586e-04 4.08286586e-04]
  [4.60176904e-06 1.64165914e-02 1.94154886e+01 2.18147618e+00
   1.31581986e+00 4.02139300e-04 4.02139300e-04]
  [3.45371397e-06 1.70491816e-02 1.85185454e+01 2.41807495e+00
   8.07259839e-01 4.12453917e-04 4.12453917e-04]]

 [[3.14554167e-06 1.71548332e-02 1.89392454e+01 2.32883045e+00
   8.53136307e-01 4.15249863e-04 4.15249863e-04]
  [3.45631102e-06 1.68447466e-02 1.81891421e+01 2.02793667e+00
   1.19019918e+00 4.09293378e-04 4.09293378e-04]
  [3.16651918e-06 1.71494960e-02 1.90823947e+01 2.33926481e+00
   8.25813949e-01 4.15325565e-04 4.15325565e-04]
  [3.00493151e-06 1.71068334e-02 1.90019440e+01 2.78184738e+00
   6.30574237e-01 4.14203516e-04 4.14203516e-04]
  [2.97667149e-06 1.69388880e-02 2.00678426e+01 2.61018905e+00
   6.04086653e-01 4.10996048e-04 4.10996048e-04]
  [3.57846173e-06 1.71718325e-02 1.94388270e+01 2.00005811e+00
   8.93764649e-01 4.15457229e-04 4.15457229e-04]
  [1.18299371e-05 1.42509787e-02 3.20804920e+01 1.43606270e+00
   8.15187657e-01 3.73756226e-04 3.73756226e-04]
  [3.11362287e-06 1.67133333e-02 1.95457855e+01 2.37499987e+00
   8.97477585e-01 4.07107635e-04 4.07107635e-04]]

 [[3.06828317e-06 1.74030325e-02 1.91661953e+01 1.73402629e+00
   6.67623786e-01 4.19863588e-04 4.19863588e-04]
  [3.16690907e-06 1.67139304e-02 1.90680877e+01 2.26387427e+00
   1.07670966e+00 4.06861979e-04 4.06861979e-04]
  [1.48853361e-05 1.64737328e-02 1.90916211e+01 2.75109417e+00
   7.83237761e-01 4.02756145e-04 4.02756145e-04]
  [1.17807008e-05 1.71807224e-02 1.88845198e+01 2.14919326e+00
   8.94255452e-01 4.15835415e-04 4.15835415e-04]
  [3.08022336e-06 1.72607667e-02 1.96928005e+01 2.33967113e+00
   6.49388142e-01 4.16352753e-04 4.16352753e-04]
  [3.54893396e-06 1.68290827e-02 1.90046283e+01 2.17384032e+00
   1.11500909e+00 4.08788119e-04 4.08788119e-04]
  [3.39175008e-06 1.69242714e-02 1.91183040e+01 1.66250800e+00
   9.19881306e-01 4.09991684e-04 4.09991684e-04]
  [3.00854583e-06 1.71513788e-02 1.89819879e+01 2.05253080e+00
   8.91317734e-01 4.15263913e-04 4.15263913e-04]]

 [[2.92846035e-06 1.69983825e-02 1.93197611e+01 2.31623075e+00
   9.21441711e-01 4.11443591e-04 4.11443591e-04]
  [3.03460274e-06 1.65980985e-02 1.97217987e+01 2.74697660e+00
   9.38846245e-01 4.04823963e-04 4.04823963e-04]
  [3.06040339e-06 1.69772184e-02 1.87660593e+01 2.41195154e+00
   8.63652281e-01 4.11575027e-04 4.11575027e-04]
  [9.42549049e-06 1.70167941e-02 1.99244070e+01 1.89673417e+00
   9.11600900e-01 4.12678562e-04 4.12678562e-04]
  [6.13486382e-06 1.68025743e-02 2.01294558e+01 2.36145152e+00
   8.35223644e-01 4.07940310e-04 4.07940310e-04]
  [3.83603381e-06 1.66918625e-02 1.91150977e+01 2.71691190e+00
   8.55620274e-01 4.06667822e-04 4.06667822e-04]
  [4.66410951e-06 1.63680077e-02 1.87989588e+01 2.30963910e+00
   1.30161803e+00 4.00239593e-04 4.00239593e-04]
  [2.91478550e-06 1.66865859e-02 1.87053745e+01 2.23772664e+00
   1.01650953e+00 4.06461356e-04 4.06461356e-04]]

 [[3.09176386e-06 1.68207869e-02 1.89466367e+01 2.18984878e+00
   9.94154208e-01 4.08605845e-04 4.08605845e-04]
  [3.55487059e-06 1.64080414e-02 1.89773624e+01 2.28276708e+00
   1.21178422e+00 4.02120282e-04 4.02120282e-04]
  [3.22525339e-06 1.70220088e-02 1.88375742e+01 2.04258055e+00
   1.05617647e+00 4.12958135e-04 4.12958135e-04]
  [3.26543627e-06 1.76125294e-02 1.94013978e+01 2.14840647e+00
   7.10272393e-01 4.23354618e-04 4.23354618e-04]
  [4.72394167e-06 1.66278821e-02 1.96195449e+01 2.51836327e+00
   8.96700634e-01 4.04529550e-04 4.04529550e-04]
  [3.42525023e-06 1.68510417e-02 1.94513691e+01 2.37321599e+00
   9.71806706e-01 4.10396959e-04 4.10396959e-04]
  [4.49373011e-06 1.66223899e-02 1.92280435e+01 2.33097101e+00
   1.10876675e+00 4.04729770e-04 4.04729770e-04]
  [3.13186736e-06 1.65169942e-02 1.89411102e+01 2.36034370e+00
   1.11878881e+00 4.03154502e-04 4.03154502e-04]]

 [[2.97992170e-06 1.66778830e-02 1.89577081e+01 2.20247253e+00
   9.13571880e-01 4.06990727e-04 4.06990727e-04]
  [4.55465694e-06 1.65735484e-02 1.91679096e+01 2.28046503e+00
   9.93274622e-01 4.05978502e-04 4.05978502e-04]
  [3.16505817e-06 1.65838874e-02 1.90831014e+01 2.41005643e+00
   1.08763213e+00 4.04765821e-04 4.04765821e-04]
  [5.08971922e-06 1.65874026e-02 1.90308554e+01 2.34032162e+00
   9.36345037e-01 4.05174217e-04 4.05174217e-04]
  [4.40382325e-06 1.61254681e-02 1.87334105e+01 2.27677247e+00
   1.43669461e+00 3.96406401e-04 3.96406401e-04]
  [3.55603064e-06 1.66811272e-02 1.90815388e+01 2.25703669e+00
   1.10057222e+00 4.06924903e-04 4.06924903e-04]
  [1.87579908e-04 3.91438346e-01 6.50006724e+01 9.16234667e-04
   5.47233528e-04 3.49791840e-04 3.60270444e-04]
  [3.56565746e-06 1.68598019e-02 1.87824183e+01 2.04878600e+00
   1.07741664e+00 4.09849137e-04 4.09849137e-04]]

 [[2.95463955e-06 1.68525371e-02 1.86217035e+01 2.02614914e+00
   1.05859810e+00 4.09280409e-04 4.09280409e-04]
  [2.89021533e-06 1.68656350e-02 1.89696382e+01 2.35544426e+00
   9.45169051e-01 4.09534802e-04 4.09534802e-04]
  [3.18821550e-06 1.71138965e-02 1.96070269e+01 2.41760286e+00
   6.23933680e-01 4.13669726e-04 4.13669726e-04]
  [2.98508357e-06 1.70216062e-02 1.89441763e+01 2.47376059e+00
   7.63408410e-01 4.12100371e-04 4.12100371e-04]
  [4.23194494e-06 1.65818606e-02 1.95792832e+01 2.35490547e+00
   1.05429736e+00 4.04240415e-04 4.04240415e-04]
  [3.87107458e-06 1.71936970e-02 1.88435807e+01 2.04334301e+00
   9.76609990e-01 4.15723603e-04 4.15723603e-04]
  [3.34837995e-06 1.50859210e-02 2.93934033e+01 1.79461781e+00
   9.53479530e-01 3.86889296e-04 3.86889296e-04]
  [2.99099166e-06 1.66647702e-02 1.94200229e+01 2.25249702e+00
   1.07021130e+00 4.05366367e-04 4.05366367e-04]]]

Cumulative Reward: 18140.739834715958
