Scheduler Table:
[[[6.41798193e-06 2.86764277e-02 2.95649369e+01 1.57982777e-03
   9.48639949e-04 7.81199382e-04 7.81199382e-04]
  [3.44018926e-06 2.47821927e-02 3.86942515e+01 1.57737628e-03
   9.49331427e-04 7.81402238e-04 7.81402238e-04]
  [6.36562099e-06 2.86230029e-02 2.91348983e+01 1.57861054e-03
   9.49983558e-04 7.81844600e-04 7.81844600e-04]]

 [[6.49348134e-06 2.87953707e-02 2.97344212e+01 1.57838334e-03
   9.49031837e-04 7.81379552e-04 7.81379552e-04]
  [6.49623464e-06 2.87663627e-02 2.99453549e+01 1.57466125e-03
   9.50656754e-04 7.81667879e-04 7.81667879e-04]
  [3.39981300e-06 2.47808317e-02 3.82654687e+01 1.55728012e-03
   9.97153481e-04 7.79787001e-04 8.00874947e-04]]

 [[7.53716404e-05 3.54023657e+00 3.81384352e+01 1.55217796e-03
   1.04236358e-03 7.83258574e-04 7.83258574e-04]
  [5.01328606e-06 2.82419055e-02 3.14555896e+01 1.57947460e-03
   9.48212407e-04 7.81620751e-04 7.81620751e-04]
  [6.95283376e-06 2.88258000e-02 2.98447754e+01 1.57720680e-03
   9.49499325e-04 7.81396742e-04 7.81396742e-04]]]

Buffer Table:
[[[6.88406571e-06 2.88561343e-02 2.96829547e+01 1.58028038e-03
   9.48645202e-04 7.81395375e-04 7.81395375e-04]
  [6.53624777e-06 2.87159870e-02 2.95894952e+01 1.57735385e-03
   9.49736942e-04 7.81448087e-04 7.81448087e-04]
  [3.39981300e-06 2.47808317e-02 3.82654687e+01 1.55728012e-03
   9.97153481e-04 7.79787001e-04 8.00874947e-04]]

 [[3.44018926e-06 2.47821927e-02 3.86942515e+01 1.57737628e-03
   9.49331427e-04 7.81402238e-04 7.81402238e-04]
  [6.46194157e-06 2.86775889e-02 2.94456105e+01 1.57899511e-03
   9.48605120e-04 7.81245655e-04 7.81245655e-04]
  [8.26080349e-06 2.88310012e-02 2.94438576e+01 1.57780562e-03
   9.50567227e-04 7.81701015e-04 7.81701015e-04]]

 [[6.98358070e-06 2.87802540e-02 2.94782496e+01 1.57825976e-03
   9.49512044e-04 7.81838737e-04 7.81838737e-04]
  [7.53716404e-05 3.54023657e+00 3.81384352e+01 1.55217796e-03
   1.04236358e-03 7.83258574e-04 7.83258574e-04]
  [6.46192073e-06 2.86677033e-02 2.97676836e+01 1.57857818e-03
   9.49185992e-04 7.81682520e-04 7.81682520e-04]]]

Arbiter Table:
[[[7.30385147e-05 3.54018257e+00 3.74087311e+01 1.52435711e-03
   1.09277105e-03 7.81653313e-04 8.02003181e-04]
  [4.77883355e-06 2.82808281e-02 3.14426635e+01 1.57755535e-03
   9.49287644e-04 7.81762438e-04 7.81762438e-04]
  [5.65408670e-06 2.84263843e-02 3.03415808e+01 1.57908772e-03
   9.48796713e-04 7.81035421e-04 7.81035421e-04]]

 [[5.61154694e-06 2.78735943e-02 3.23747190e+01 1.57682568e-03
   9.49688063e-04 7.81661947e-04 7.81661947e-04]
  [5.89448011e-06 2.88437801e-02 2.94108019e+01 1.57902642e-03
   9.48755431e-04 7.81510460e-04 7.81510460e-04]
  [5.94281609e-06 2.87436290e-02 2.94649118e+01 1.58014718e-03
   9.49124535e-04 7.81710739e-04 7.81710739e-04]]

 [[5.67678946e-06 2.88049402e-02 2.96673582e+01 1.57580055e-03
   9.49838998e-04 7.82064986e-04 7.82064986e-04]
  [5.08620408e-06 2.81929034e-02 3.18727754e+01 1.58180610e-03
   9.47842630e-04 7.81390071e-04 7.81390071e-04]
  [5.33897842e-06 2.87688429e-02 2.94099737e+01 1.57608745e-03
   9.50145433e-04 7.81347954e-04 7.81347954e-04]]]

Page Table:
[[[7.30385147e-05 3.54018257e+00 3.74087311e+01 1.52435711e-03
   1.09277105e-03 7.81653313e-04 8.02003181e-04]
  [6.93509852e-06 2.91465066e-02 2.98160612e+01 1.57662162e-03
   9.50050753e-04 7.81608340e-04 7.81608340e-04]
  [6.79146270e-06 2.91103466e-02 2.99787014e+01 1.57050803e-03
   9.53752826e-04 7.82557868e-04 7.82557868e-04]
  [8.63316150e-06 2.92645576e-02 3.01248616e+01 1.57900007e-03
   9.49700974e-04 7.81573368e-04 7.81573368e-04]]

 [[7.08270131e-06 2.84023044e-02 3.21301821e+01 1.56766179e-03
   9.54794163e-04 7.81660474e-04 7.81660474e-04]
  [7.47318127e-06 2.91845762e-02 2.98881961e+01 1.57836014e-03
   9.49651157e-04 7.81741055e-04 7.81741055e-04]
  [7.28352327e-06 2.91509478e-02 2.98427122e+01 1.57937970e-03
   9.49781409e-04 7.81849624e-04 7.81849624e-04]
  [7.77923160e-06 2.91500267e-02 2.92746308e+01 1.57695785e-03
   9.49675266e-04 7.81362158e-04 7.81362158e-04]]

 [[8.02430707e-06 2.92715663e-02 2.95945525e+01 1.57738084e-03
   9.49705052e-04 7.81571176e-04 7.81571176e-04]
  [6.09894647e-06 2.88070301e-02 3.14906078e+01 1.57553463e-03
   9.50545685e-04 7.81592214e-04 7.81592214e-04]
  [6.41855407e-06 2.92282585e-02 2.94135443e+01 1.57592514e-03
   9.50415378e-04 7.82512241e-04 7.82512241e-04]
  [6.63616260e-06 2.92081180e-02 2.97763795e+01 1.57688086e-03
   9.50091313e-04 7.81677290e-04 7.81677290e-04]]

 [[7.21717043e-06 2.92059148e-02 2.97924001e+01 1.57803981e-03
   9.49651278e-04 7.81392526e-04 7.81392526e-04]
  [8.18787575e-06 2.92660456e-02 3.02940319e+01 1.57783512e-03
   9.49738862e-04 7.81490662e-04 7.81490662e-04]
  [6.75216515e-06 2.91931051e-02 2.99871302e+01 1.58144354e-03
   9.48720414e-04 7.81419907e-04 7.81419907e-04]
  [7.77242406e-06 2.92618216e-02 2.93895359e+01 1.57793869e-03
   9.49441053e-04 7.81307740e-04 7.81307740e-04]]]

Response Table:
[[[5.03780337e-06 2.83065794e-02 2.91122738e+01]
  [5.34550034e-06 2.84050869e-02 2.97997953e+01]]

 [[5.03368921e-06 2.83305455e-02 2.91409524e+01]
  [7.30385147e-05 3.54018257e+00 3.74087311e+01]]]

Refresh Table:
[[[7.30385147e-05 3.54018257e+00 3.74087311e+01]
  [5.52851200e-06 2.83718740e-02 2.95626524e+01]]

 [[5.66394812e-06 2.85083890e-02 2.95040299e+01]
  [5.60383515e-06 2.84326427e-02 2.92741394e+01]]]

Request Buffer Table:
[[[2.97455564e-05 4.00249972e-02 2.94875007e+01]
  [1.59071629e-05 3.94849652e-02 2.96033771e+01]
  [1.63264580e-05 3.94362972e-02 3.00796432e+01]
  [1.78063539e-05 4.00658276e-02 2.99110147e+01]
  [1.63162961e-05 3.89735615e-02 2.99295990e+01]
  [1.73429598e-05 3.91998543e-02 3.00882599e+01]
  [1.63164728e-05 3.98473508e-02 3.02404876e+01]
  [2.00958522e-05 3.93715889e-02 3.13227442e+01]]

 [[1.60687673e-05 3.95332452e-02 2.94389443e+01]
  [1.67146490e-05 4.02186602e-02 2.98733660e+01]
  [1.90534407e-05 4.05136379e-02 2.96102182e+01]
  [1.24057096e-05 3.60597877e-02 3.23214549e+01]
  [1.78441266e-05 3.96151407e-02 2.97183468e+01]
  [1.60159244e-05 3.97753832e-02 2.96047124e+01]
  [1.64862958e-05 3.97657684e-02 2.98024376e+01]
  [1.64564335e-05 4.00127648e-02 2.98648797e+01]]

 [[1.95605344e-05 3.98616238e-02 2.91982788e+01]
  [1.74574051e-05 4.00725165e-02 2.98845928e+01]
  [1.94204718e-05 4.00482915e-02 2.98479404e+01]
  [1.36027491e-05 3.69116569e-02 3.13948920e+01]
  [3.96046898e-05 3.96110531e-02 2.96972285e+01]
  [2.15955733e-05 4.06797994e-02 2.98726196e+01]
  [1.64813013e-05 3.92851499e-02 2.93035737e+01]
  [1.58912198e-05 3.97025456e-02 3.00102224e+01]]

 [[1.70595866e-05 4.00660633e-02 2.94419750e+01]
  [1.59615724e-05 3.96430911e-02 2.97144611e+01]
  [1.57492936e-05 3.95151365e-02 3.03031630e+01]
  [1.71600048e-05 4.02257313e-02 2.94184818e+01]
  [1.57394091e-05 3.94577203e-02 3.00786505e+01]
  [1.05163728e-05 3.42629713e-02 3.35028174e+01]
  [1.61734230e-05 4.00596114e-02 2.98337249e+01]
  [1.61594857e-05 3.92553838e-02 3.01275500e+01]]

 [[1.60745187e-05 3.90475871e-02 2.97629815e+01]
  [1.56898059e-05 3.92171309e-02 2.98578350e+01]
  [1.62611926e-05 3.93240567e-02 2.96136185e+01]
  [1.60429426e-05 3.97888817e-02 2.95875940e+01]
  [1.70487430e-05 4.06411119e-02 2.99363628e+01]
  [1.64200972e-05 4.00621446e-02 2.94325339e+01]
  [1.67634216e-05 4.01540154e-02 2.96342675e+01]
  [1.51183473e-05 3.91536149e-02 2.98695774e+01]]

 [[1.79770565e-05 3.88308250e-02 3.02511494e+01]
  [1.59538627e-05 3.89300482e-02 3.02398977e+01]
  [1.74349047e-05 4.07907160e-02 3.01007997e+01]
  [1.63715273e-05 4.00331737e-02 2.98674083e+01]
  [1.82236112e-05 3.84064809e-02 2.99849650e+01]
  [7.30385147e-05 3.54018257e+00 3.74087311e+01]
  [1.49958827e-05 3.83348333e-02 3.07065399e+01]
  [1.58159281e-05 3.92322438e-02 3.03962959e+01]]

 [[2.65466382e-05 3.97324258e-02 2.98549693e+01]
  [1.49422926e-05 3.87067567e-02 3.03009749e+01]
  [2.12824931e-05 4.04240302e-02 2.98579519e+01]
  [1.96935691e-05 4.04630292e-02 2.97551471e+01]
  [1.64292551e-05 3.93794492e-02 3.00973715e+01]
  [1.73917060e-05 3.54978040e-02 3.19657210e+01]
  [1.71761932e-05 3.97815938e-02 2.95400140e+01]
  [1.53970372e-05 3.91642469e-02 3.01670509e+01]]

 [[1.47536278e-05 3.83916950e-02 2.92087272e+01]
  [1.60508514e-05 3.93978262e-02 2.95719622e+01]
  [1.78575253e-05 3.89344959e-02 3.04197549e+01]
  [1.75811336e-05 4.09524845e-02 2.98936565e+01]
  [1.59444534e-05 3.97808229e-02 2.96576632e+01]
  [1.66178734e-05 3.97084174e-02 2.99025184e+01]
  [1.52252333e-05 3.91067606e-02 2.98349930e+01]
  [1.59886971e-05 3.93486037e-02 2.97380595e+01]]]

Ref Max Post Table:
[[[7.03220271e-06 2.93147663e-02 2.95858393e+01]
  [6.72027722e-06 2.91387421e-02 2.96879872e+01]
  [6.42981262e-06 2.93677490e-02 2.96530005e+01]
  [7.55474819e-06 2.83584303e-02 3.26483989e+01]]

 [[8.71994560e-06 2.91735938e-02 2.97544067e+01]
  [6.34452929e-06 2.93316448e-02 2.97534640e+01]
  [5.49167314e-06 2.91625153e-02 2.96883244e+01]
  [5.49988268e-06 2.85366353e-02 3.25533996e+01]]

 [[1.10841092e-05 2.92427260e-02 2.99443133e+01]
  [5.71588326e-06 2.92825907e-02 2.97860301e+01]
  [5.40835068e-06 2.91469255e-02 2.98296250e+01]
  [9.53462283e-06 2.91357052e-02 3.05877824e+01]]

 [[7.56979177e-06 2.91579292e-02 3.01674801e+01]
  [6.48365025e-06 2.90968186e-02 3.12242225e+01]
  [5.88756663e-06 2.93014475e-02 2.95846205e+01]
  [7.30385147e-05 3.54018257e+00 3.74087311e+01]]]

Ref Max Pull Table:
[[[7.16851205e-06 2.92203217e-02 2.96246615e+01]
  [5.66992562e-06 2.93127584e-02 2.98498943e+01]
  [6.25786296e-06 2.93715482e-02 2.95725256e+01]
  [2.61529305e-06 2.66334754e-02 3.63516842e+01]]

 [[6.21370645e-06 2.91300117e-02 2.95294463e+01]
  [6.32326057e-06 2.91065736e-02 2.96728045e+01]
  [6.02127314e-06 2.90181475e-02 2.99260579e+01]
  [7.34624961e-05 3.54019533e+00 3.76543818e+01]]

 [[6.50484409e-06 2.91435646e-02 2.92454922e+01]
  [6.51450674e-06 2.92481927e-02 2.99649760e+01]
  [7.84298211e-06 2.93225927e-02 2.97019162e+01]
  [6.05958525e-06 2.93169610e-02 2.95030212e+01]]

 [[5.91302145e-06 2.91091929e-02 3.09159322e+01]
  [1.46882540e-06 2.47394874e-02 3.80590522e+01]
  [6.96907041e-06 2.91586484e-02 2.99954640e+01]
  [6.69946589e-06 2.93486311e-02 3.02166343e+01]]]

Max Activate Table:
[[[1.64449774e-05 3.99773971e-02 2.94803324e+01 1.57357092e-03
   9.50753531e-04 7.81492000e-04 7.81492000e-04]
  [2.06523286e-05 3.92580100e-02 2.98634339e+01 1.57549328e-03
   9.50244291e-04 7.81362599e-04 7.81362599e-04]
  [1.69117987e-05 4.04895895e-02 2.95860427e+01 1.57615523e-03
   9.49511311e-04 7.81043382e-04 7.81043382e-04]
  [1.80391452e-05 3.99396780e-02 2.97933726e+01 1.57470186e-03
   9.50663167e-04 7.81556264e-04 7.81556264e-04]
  [1.64856148e-05 3.94204082e-02 3.02852190e+01 1.57698606e-03
   9.50325063e-04 7.81205988e-04 7.81205988e-04]
  [1.75552026e-05 3.97156278e-02 2.98661741e+01 1.57677749e-03
   9.50281063e-04 7.81179114e-04 7.81179114e-04]
  [7.34624924e-05 3.54019532e+00 3.76543884e+01 1.53363194e-03
   1.07678116e-03 7.82134332e-04 7.96157817e-04]
  [1.55299204e-05 3.84145963e-02 3.00525890e+01 1.57826289e-03
   9.49440624e-04 7.81066593e-04 7.81066593e-04]]

 [[1.91797176e-05 4.06856454e-02 2.97435765e+01 1.57529435e-03
   9.50604650e-04 7.81644235e-04 7.81644235e-04]
  [1.67763250e-05 3.97221241e-02 3.07083197e+01 1.57557872e-03
   9.50087404e-04 7.80846033e-04 7.80846033e-04]
  [1.79377858e-05 3.92391546e-02 2.97213335e+01 1.57302572e-03
   9.50991936e-04 7.81502677e-04 7.81502677e-04]
  [1.89913437e-05 4.18339891e-02 2.99644690e+01 1.57626622e-03
   9.50527127e-04 7.81147328e-04 7.81147328e-04]
  [1.65806712e-05 3.89057406e-02 2.98668262e+01 1.57795799e-03
   9.49511368e-04 7.81371641e-04 7.81371641e-04]
  [1.77408444e-05 3.93328921e-02 3.00627749e+01 1.57577663e-03
   9.50150599e-04 7.81004400e-04 7.81004400e-04]
  [1.56816176e-05 3.86669189e-02 3.00735986e+01 1.56782598e-03
   9.53018558e-04 7.81407784e-04 7.81407784e-04]
  [1.61701662e-05 3.88564972e-02 3.00748449e+01 1.57695607e-03
   9.49837376e-04 7.81301628e-04 7.81301628e-04]]

 [[1.77752157e-05 4.08665193e-02 2.93238938e+01 1.57451881e-03
   9.51013245e-04 7.81654219e-04 7.81654219e-04]
  [1.80731495e-05 4.00318101e-02 2.97248029e+01 1.57637102e-03
   9.49870780e-04 7.81123599e-04 7.81123599e-04]
  [1.63351811e-05 3.93412999e-02 2.97466003e+01 1.57459520e-03
   9.50457874e-04 7.81184075e-04 7.81184075e-04]
  [1.61633204e-05 3.96377553e-02 3.01423513e+01 1.57739710e-03
   9.49991195e-04 7.81414469e-04 7.81414469e-04]
  [1.73924433e-05 4.03757163e-02 2.98279545e+01 1.57350988e-03
   9.50806030e-04 7.81143801e-04 7.81143801e-04]
  [3.82607703e-05 3.90021372e-02 2.99644715e+01 1.57629537e-03
   9.50314913e-04 7.81566757e-04 7.81566757e-04]
  [1.55122495e-05 3.85156408e-02 3.02921333e+01 1.57727327e-03
   9.50170801e-04 7.81188216e-04 7.81188216e-04]
  [1.59758719e-05 3.90725089e-02 3.02657078e+01 1.57834880e-03
   9.49550384e-04 7.81214397e-04 7.81214397e-04]]

 [[1.79589698e-05 3.89090213e-02 2.95700199e+01 1.57397556e-03
   9.50898690e-04 7.81385950e-04 7.81385950e-04]
  [1.71559306e-05 3.91405740e-02 2.95247774e+01 1.57679422e-03
   9.49546820e-04 7.80973906e-04 7.80973906e-04]
  [1.60297445e-05 3.93120842e-02 2.99750001e+01 1.57006642e-03
   9.52719686e-04 7.81720401e-04 7.81720401e-04]
  [1.74197782e-05 4.04778741e-02 2.98172103e+01 1.57473764e-03
   9.51123913e-04 7.81337056e-04 7.81337056e-04]
  [1.73212132e-05 3.89296665e-02 3.04231365e+01 1.57758215e-03
   9.50276544e-04 7.81576834e-04 7.81576834e-04]
  [1.73070584e-05 3.99636908e-02 2.98422488e+01 1.57540298e-03
   9.50578608e-04 7.81172366e-04 7.81172366e-04]
  [1.54821703e-05 3.89724177e-02 2.93928407e+01 1.57429941e-03
   9.50491478e-04 7.81684977e-04 7.81684977e-04]
  [1.64747781e-05 3.99415067e-02 2.99710216e+01 1.57706716e-03
   9.49815029e-04 7.81414217e-04 7.81414217e-04]]

 [[1.65850478e-05 3.97740319e-02 2.97174696e+01 1.57782144e-03
   9.49455553e-04 7.81015672e-04 7.81015672e-04]
  [2.09814463e-05 4.23183967e-02 2.95495772e+01 1.57626904e-03
   9.49992982e-04 7.81105715e-04 7.81105715e-04]
  [1.67328174e-05 3.95901147e-02 2.99613728e+01 1.57606561e-03
   9.50327134e-04 7.81584914e-04 7.81584914e-04]
  [1.71428966e-05 4.01318968e-02 2.92344390e+01 1.57539950e-03
   9.50250769e-04 7.81176820e-04 7.81176820e-04]
  [2.16215932e-05 3.87252034e-02 2.96976975e+01 1.57403624e-03
   9.50969597e-04 7.81229263e-04 7.81229263e-04]
  [1.62845964e-05 3.96477346e-02 3.00041856e+01 1.57375512e-03
   9.50739171e-04 7.81576960e-04 7.81576960e-04]
  [1.74525162e-05 3.97522139e-02 3.01116589e+01 1.57682700e-03
   9.49678891e-04 7.80798853e-04 7.80798853e-04]
  [1.52979076e-05 3.87209162e-02 3.08894099e+01 1.57999049e-03
   9.49895662e-04 7.81302013e-04 7.81302013e-04]]

 [[1.70466595e-05 4.02408973e-02 2.94730141e+01 1.57607577e-03
   9.49439466e-04 7.80949878e-04 7.80949878e-04]
  [1.73165402e-05 3.92688104e-02 2.98973600e+01 1.57623828e-03
   9.49779336e-04 7.81594184e-04 7.81594184e-04]
  [1.74993605e-05 4.02667350e-02 2.94001481e+01 1.57467150e-03
   9.50842843e-04 7.81539405e-04 7.81539405e-04]
  [1.80105760e-05 3.97124268e-02 2.99464259e+01 1.57652673e-03
   9.50323364e-04 7.81323654e-04 7.81323654e-04]
  [2.99299601e-05 3.95027181e-02 3.01163393e+01 1.57784846e-03
   9.49396703e-04 7.81010750e-04 7.81010750e-04]
  [1.69236347e-05 3.95058480e-02 3.00355074e+01 1.57889501e-03
   9.49405290e-04 7.81053114e-04 7.81053114e-04]
  [1.46057429e-05 3.81986027e-02 3.12042200e+01 1.57301269e-03
   9.51222571e-04 7.81466983e-04 7.81466983e-04]
  [1.75832915e-05 3.95824477e-02 2.98933924e+01 1.57584126e-03
   9.50429660e-04 7.81215171e-04 7.81215171e-04]]

 [[1.46882169e-06 2.47394846e-02 3.80590590e+01 1.55242510e-03
   9.99613005e-04 7.79744934e-04 8.00832880e-04]
  [1.83722641e-05 3.83464637e-02 2.97749256e+01 1.57550184e-03
   9.49945398e-04 7.80828106e-04 7.80828106e-04]
  [1.78518503e-05 4.06698535e-02 2.94538705e+01 1.57471295e-03
   9.49877520e-04 7.81227911e-04 7.81227911e-04]
  [1.56693030e-05 3.92432799e-02 3.01367530e+01 1.57555178e-03
   9.50083308e-04 7.81084530e-04 7.81084530e-04]
  [1.91598668e-05 4.17737474e-02 2.97910137e+01 1.57524202e-03
   9.51173434e-04 7.81419867e-04 7.81419867e-04]
  [1.55908130e-05 3.86231597e-02 3.02731752e+01 1.57715951e-03
   9.49483752e-04 7.80754814e-04 7.80754814e-04]
  [1.49770420e-05 3.83035102e-02 3.02757279e+01 1.57702692e-03
   9.49662157e-04 7.81287065e-04 7.81287065e-04]
  [1.66548943e-05 4.00995521e-02 3.00187910e+01 1.57040163e-03
   9.52074638e-04 7.81862718e-04 7.81862718e-04]]

 [[1.74504473e-05 4.05226900e-02 2.93967829e+01 1.57527711e-03
   9.50948303e-04 7.81310607e-04 7.81310607e-04]
  [2.07697304e-05 3.96394409e-02 2.97176214e+01 1.57220401e-03
   9.50803753e-04 7.81474729e-04 7.81474729e-04]
  [1.59487092e-05 3.94108355e-02 2.97182156e+01 1.57718591e-03
   9.50346881e-04 7.81377980e-04 7.81377980e-04]
  [1.68344421e-05 4.01208897e-02 2.99282641e+01 1.57807794e-03
   9.49844797e-04 7.81491472e-04 7.81491472e-04]
  [1.82813767e-05 3.95899426e-02 2.99175045e+01 1.57440713e-03
   9.50283389e-04 7.81408199e-04 7.81408199e-04]
  [1.48705920e-05 3.83209790e-02 3.07704408e+01 1.57656353e-03
   9.50080059e-04 7.81373300e-04 7.81373300e-04]
  [1.66486756e-05 3.95212487e-02 2.94064864e+01 1.57164098e-03
   9.51216345e-04 7.81686729e-04 7.81686729e-04]
  [1.77548433e-05 4.11532892e-02 2.93022429e+01 1.57779135e-03
   9.49619483e-04 7.80946694e-04 7.80946694e-04]]]

Cumulative Reward: 5027.6567448677315
