Scheduler Table:
[[[5.67166566e-06 2.89554683e-02 3.67586463e+01 6.70796033e-04
   1.68422131e-01 7.52964715e-03 7.52964715e-03]
  [1.20801182e-05 2.90253234e-02 3.70696829e+01 6.70927746e-04
   1.69632268e-01 7.50660484e-03 7.50660484e-03]
  [7.70741360e-06 2.89627565e-02 3.71885066e+01 6.70937040e-04
   1.66884736e-01 7.47235513e-03 7.47235513e-03]]

 [[7.66909194e-06 2.90504743e-02 3.66828713e+01 6.70765948e-04
   1.69975836e-01 7.53187790e-03 7.53187790e-03]
  [7.12525143e-06 2.69131262e-02 4.18871099e+01 6.70306469e-04
   1.78442412e-01 7.48854375e-03 7.48854375e-03]
  [1.67272600e-05 2.13611488e-02 4.68337695e+01 6.69540903e-04
   2.02263736e-01 7.46790628e-03 7.46790628e-03]]

 [[5.01208556e-06 2.90018992e-02 3.70273954e+01 6.70660944e-04
   1.85371907e-01 7.55082642e-03 7.55082642e-03]
  [1.40119969e-05 2.13600755e-02 4.68443153e+01 6.69485586e-04
   4.46947756e-01 7.29735011e-03 8.75795125e-03]
  [6.83016006e-06 2.90407873e-02 3.73205962e+01 6.70828520e-04
   1.71652937e-01 7.48594385e-03 7.48594385e-03]]]

Buffer Table:
[[[6.92291342e-06 2.90520293e-02 3.66503702e+01 6.70980926e-04
   1.64896181e-01 7.47031836e-03 7.47031836e-03]
  [5.76333649e-06 2.90425433e-02 3.69919199e+01 6.70899142e-04
   1.64839481e-01 7.47870537e-03 7.47870537e-03]
  [7.25247681e-06 2.80274728e-02 3.93005108e+01 6.70701527e-04
   1.72415873e-01 7.45447468e-03 7.45447468e-03]]

 [[7.88344449e-06 2.87654840e-02 3.73102633e+01 6.70751198e-04
   2.00640439e-01 7.46667475e-03 7.46667475e-03]
  [1.92282875e-05 2.17826481e-02 4.62102968e+01 6.69467849e-04
   4.45594324e-01 7.28415141e-03 8.74475255e-03]
  [9.05264668e-06 2.85730514e-02 3.86834732e+01 6.70774548e-04
   1.67863644e-01 7.45009618e-03 7.45009618e-03]]

 [[5.87493172e-06 2.90192083e-02 3.61630965e+01 6.70937472e-04
   1.64631374e-01 7.48148146e-03 7.48148146e-03]
  [8.44419396e-06 2.60944899e-02 4.17745934e+01 6.70257347e-04
   1.83214221e-01 7.45650093e-03 7.45650093e-03]
  [6.40051801e-06 2.89878006e-02 3.71221697e+01 6.70763023e-04
   1.71489198e-01 7.50438669e-03 7.50438669e-03]]]

Arbiter Table:
[[[1.93783639e-05 2.13359485e-02 4.68063501e+01 6.69400969e-04
   4.48732668e-01 7.28224746e-03 8.74284861e-03]
  [5.81022631e-06 2.83008372e-02 3.90623817e+01 6.70809345e-04
   1.65940873e-01 7.50154788e-03 7.50154788e-03]
  [5.23156605e-06 2.83292092e-02 3.87374757e+01 6.70752153e-04
   1.68815052e-01 7.51778050e-03 7.51778050e-03]]

 [[5.30806669e-06 2.70934262e-02 4.13391792e+01 6.70457677e-04
   1.80914021e-01 7.45003837e-03 7.45003837e-03]
  [5.42324476e-06 2.91094419e-02 3.59624688e+01 6.70863622e-04
   1.59929927e-01 7.48214955e-03 7.48214955e-03]
  [1.09047763e-05 2.89745143e-02 3.64562562e+01 6.70753823e-04
   1.79257126e-01 7.51243687e-03 7.51243687e-03]]

 [[5.07320269e-06 2.76046136e-02 4.04168521e+01 6.70582914e-04
   1.68850560e-01 7.52006996e-03 7.52006996e-03]
  [1.12731263e-05 2.90498106e-02 3.72430964e+01 6.70741489e-04
   1.83030299e-01 7.46456422e-03 7.46456422e-03]
  [1.10039127e-05 2.90263855e-02 3.68924521e+01 6.70924202e-04
   1.82552292e-01 7.47578726e-03 7.47578726e-03]]]

Page Table:
[[[1.93783639e-05 2.13359485e-02 4.68063501e+01 6.69400969e-04
   4.48732668e-01 7.28224746e-03 8.74284861e-03]
  [9.72498781e-06 2.95782127e-02 3.72442483e+01 6.70761192e-04
   1.88273719e-01 7.47806560e-03 7.47806560e-03]
  [8.17132358e-06 2.94915150e-02 3.67839582e+01 6.70754231e-04
   1.95869752e-01 7.40534573e-03 7.40534573e-03]
  [1.22344575e-05 2.94631931e-02 3.78356002e+01 6.70830116e-04
   1.85024717e-01 7.44756451e-03 7.44756451e-03]]

 [[1.30246650e-05 2.76482198e-02 4.10351197e+01 6.70354871e-04
   2.09650559e-01 7.43744257e-03 7.43744257e-03]
  [7.18198157e-06 2.96949789e-02 3.66210113e+01 6.70953070e-04
   1.77627351e-01 7.46141340e-03 7.46141340e-03]
  [7.14714112e-06 2.97337006e-02 3.64229563e+01 6.71035749e-04
   1.71077167e-01 7.43478099e-03 7.43478099e-03]
  [9.73082312e-06 2.95956854e-02 3.67485319e+01 6.71053537e-04
   1.72359037e-01 7.47170649e-03 7.47170649e-03]]

 [[7.55682923e-06 2.97486841e-02 3.70905794e+01 6.70948808e-04
   1.80716238e-01 7.46445382e-03 7.46445382e-03]
  [1.07990304e-05 2.89085649e-02 3.90151754e+01 6.70626035e-04
   1.92866866e-01 7.45069162e-03 7.45069162e-03]
  [7.50864735e-06 2.97696026e-02 3.64825815e+01 6.70973218e-04
   1.75165880e-01 7.39186211e-03 7.39186211e-03]
  [7.49290488e-06 2.97470027e-02 3.65429939e+01 6.70947305e-04
   1.75848024e-01 7.51687665e-03 7.51687665e-03]]

 [[1.05181062e-05 2.77521339e-02 4.01530924e+01 6.70406128e-04
   2.21197577e-01 7.47820342e-03 7.47820342e-03]
  [7.29475228e-06 2.97720542e-02 3.70918912e+01 6.70795168e-04
   1.83524325e-01 7.41949663e-03 7.41949663e-03]
  [7.25389677e-06 2.97210064e-02 3.67310212e+01 6.70878737e-04
   1.80725511e-01 7.40248576e-03 7.40248576e-03]
  [7.31401491e-06 2.97447721e-02 3.63395817e+01 6.70889894e-04
   1.77176950e-01 7.47342412e-03 7.47342412e-03]]]

Response Table:
[[[7.71166331e-06 2.85255552e-02 3.69312275e+01]
  [6.85090367e-06 2.84984491e-02 3.70355932e+01]]

 [[6.68822478e-06 2.84681128e-02 3.74990157e+01]
  [1.93783639e-05 2.13359485e-02 4.68063501e+01]]]

Refresh Table:
[[[4.31354042e-06 2.85847925e-02 3.71706054e+01]
  [4.07504694e-06 2.65697953e-02 4.15659771e+01]]

 [[4.38631187e-06 2.79123460e-02 3.90359905e+01]
  [1.93783639e-05 2.13359485e-02 4.68063501e+01]]]

Request Buffer Table:
[[[1.20991153e-05 4.43945354e-02 3.59342840e+01]
  [1.22791328e-05 4.38520092e-02 3.65911070e+01]
  [1.24556082e-05 4.42948920e-02 3.67662725e+01]
  [1.84246716e-05 4.44110341e-02 3.66808478e+01]
  [1.17100400e-05 4.34568775e-02 3.78337913e+01]
  [1.20180690e-05 4.39760120e-02 3.70487896e+01]
  [1.22669997e-05 4.36704319e-02 3.70703327e+01]
  [1.22815322e-05 4.41818527e-02 3.71474061e+01]]

 [[1.22985943e-05 4.42493273e-02 3.60041913e+01]
  [1.24174253e-05 4.45300407e-02 3.68651488e+01]
  [1.29598857e-05 4.44578190e-02 3.63430045e+01]
  [1.25439481e-05 4.46253926e-02 3.67085300e+01]
  [1.26448355e-05 4.46251490e-02 3.68002686e+01]
  [1.23098083e-05 4.42488515e-02 3.64824628e+01]
  [1.23620839e-05 4.38782662e-02 3.68255602e+01]
  [1.16238185e-05 4.31255042e-02 3.74347782e+01]]

 [[1.32512314e-05 4.48607089e-02 3.63140669e+01]
  [1.25418891e-05 4.45417463e-02 3.66139498e+01]
  [1.27285294e-05 4.45340545e-02 3.70600234e+01]
  [1.34350884e-05 4.56623157e-02 3.69853109e+01]
  [1.21295554e-05 4.38136161e-02 3.68372112e+01]
  [1.41631597e-05 4.57399778e-02 3.66505391e+01]
  [1.25018111e-05 4.38811950e-02 3.62746947e+01]
  [1.26193251e-05 4.49028660e-02 3.70372152e+01]]

 [[1.24469388e-05 4.48739529e-02 3.64425053e+01]
  [1.30946753e-05 4.53599968e-02 3.59804708e+01]
  [2.59766783e-05 4.54816029e-02 3.71379394e+01]
  [1.26451575e-05 4.42945318e-02 3.65577903e+01]
  [1.26365441e-05 4.44556695e-02 3.64525288e+01]
  [1.22906026e-05 4.43941224e-02 3.71779657e+01]
  [1.34562798e-05 4.48674098e-02 3.65986408e+01]
  [1.48544878e-05 4.39503953e-02 3.68431029e+01]]

 [[1.26018592e-05 4.41373008e-02 3.62831947e+01]
  [1.81807620e-05 4.41505282e-02 3.69817014e+01]
  [1.26389386e-05 4.41518037e-02 3.63881337e+01]
  [1.26712207e-05 4.42397564e-02 3.69719816e+01]
  [1.24119591e-05 4.44670674e-02 3.67850958e+01]
  [1.34893195e-05 4.47440783e-02 3.63904847e+01]
  [9.93140215e-06 3.94703687e-02 3.95311907e+01]
  [1.22339589e-05 4.40557902e-02 3.70848377e+01]]

 [[1.20287482e-05 4.38744848e-02 3.76928728e+01]
  [1.17752532e-05 4.34296296e-02 3.70316895e+01]
  [1.29182284e-05 4.45833911e-02 3.70216501e+01]
  [1.22781883e-05 4.36924005e-02 3.72224348e+01]
  [2.34927171e-05 4.39808094e-02 3.64596695e+01]
  [1.93783639e-05 2.13359485e-02 4.68063501e+01]
  [1.01474683e-05 4.08590403e-02 3.85674969e+01]
  [1.31556772e-05 4.48107652e-02 3.69881794e+01]]

 [[1.27574819e-05 4.49369542e-02 3.62885977e+01]
  [1.34346727e-05 4.57601238e-02 3.67521119e+01]
  [1.34034197e-05 4.53291744e-02 3.68334352e+01]
  [1.30078778e-05 4.50381634e-02 3.64456489e+01]
  [1.74655603e-05 4.32961279e-02 3.67406483e+01]
  [7.96298880e-06 3.37393693e-02 4.20458417e+01]
  [1.33508851e-05 4.61080563e-02 3.67919991e+01]
  [1.29078080e-05 4.30774439e-02 3.64609038e+01]]

 [[1.32552741e-05 4.36556916e-02 3.62825523e+01]
  [1.27067216e-05 4.48629964e-02 3.61822902e+01]
  [1.24418660e-05 4.41103692e-02 3.69869792e+01]
  [1.46179180e-05 4.62253855e-02 3.67474606e+01]
  [1.30374553e-05 4.50660911e-02 3.64746663e+01]
  [1.34928595e-05 4.56833180e-02 3.65179144e+01]
  [9.35138043e-06 3.86357657e-02 3.97886101e+01]
  [1.31939703e-05 4.48365918e-02 3.67773417e+01]]]

Ref Max Post Table:
[[[7.78365620e-06 2.98409433e-02 3.67400863e+01]
  [7.76376287e-06 2.97914425e-02 3.65724004e+01]
  [7.53151878e-06 2.97238742e-02 3.65266531e+01]
  [1.08561154e-05 2.67348131e-02 4.20404094e+01]]

 [[8.01704117e-06 2.97943429e-02 3.62551319e+01]
  [7.51740555e-06 2.98046090e-02 3.66250521e+01]
  [7.21342569e-06 2.96300413e-02 3.65237240e+01]
  [1.20194100e-05 2.81071650e-02 4.07901065e+01]]

 [[8.13819968e-06 2.98301765e-02 3.68878449e+01]
  [9.66786298e-06 2.93203949e-02 3.85488687e+01]
  [4.29453231e-06 2.57277455e-02 4.19719696e+01]
  [1.40185366e-05 2.13686518e-02 4.68327343e+01]]

 [[8.53473625e-06 2.96175508e-02 3.72065398e+01]
  [7.22951541e-06 2.96897351e-02 3.67087478e+01]
  [1.67339099e-05 2.13698696e-02 4.68219934e+01]
  [6.96370310e-06 2.81451365e-02 4.20644771e+01]]]

Ref Max Pull Table:
[[[7.35263004e-06 2.96223428e-02 3.74253570e+01]
  [8.02835859e-06 2.40071396e-02 4.44622516e+01]
  [8.18763321e-06 2.98215549e-02 3.65900364e+01]
  [7.35583943e-06 2.96607423e-02 3.69484279e+01]]

 [[7.12404503e-06 2.72102132e-02 4.06141736e+01]
  [4.40861420e-06 2.60254460e-02 4.11480148e+01]
  [9.11306841e-06 2.94728973e-02 3.70565766e+01]
  [1.68418858e-05 2.15645651e-02 4.65728320e+01]]

 [[7.74654300e-06 2.97027489e-02 3.67367236e+01]
  [7.16111582e-06 2.56384489e-02 4.19796699e+01]
  [8.14876876e-06 2.98547680e-02 3.63993919e+01]
  [7.99388364e-06 2.97686409e-02 3.64591096e+01]]

 [[1.42299302e-05 2.94991696e-02 3.77025424e+01]
  [1.41247229e-05 2.15601205e-02 4.65877024e+01]
  [1.08002092e-05 2.96715619e-02 3.72723099e+01]
  [8.69736212e-06 2.99489242e-02 3.66523607e+01]]]

Max Activate Table:
[[[1.50906910e-05 4.50599373e-02 3.64362720e+01 6.67758454e-04
   1.90312609e-01 7.34934457e-03 7.34934457e-03]
  [1.30591684e-05 4.41940784e-02 3.63925575e+01 6.68010754e-04
   1.86938549e-01 7.38848720e-03 7.38848720e-03]
  [1.20601284e-05 4.50060368e-02 3.67016762e+01 6.67619303e-04
   1.88572935e-01 7.32053473e-03 7.32053473e-03]
  [1.24485452e-05 4.40848917e-02 3.63107519e+01 6.68023423e-04
   1.84402265e-01 7.37561885e-03 7.37561885e-03]
  [1.23918961e-05 4.50991351e-02 3.72659472e+01 6.67689471e-04
   1.88998301e-01 7.39150617e-03 7.39150617e-03]
  [1.27996282e-05 4.49940596e-02 3.64015697e+01 6.67719910e-04
   1.86428504e-01 7.33548109e-03 7.33548109e-03]
  [1.22478576e-05 4.41921291e-02 3.76327959e+01 6.68001939e-04
   1.82634767e-01 7.44561645e-03 7.44561645e-03]
  [1.17136174e-05 4.35718473e-02 3.66084878e+01 6.67995952e-04
   1.83592207e-01 7.41009080e-03 7.41009080e-03]]

 [[1.24945113e-05 4.58992041e-02 3.59085903e+01 6.67428184e-04
   1.90078749e-01 7.36677809e-03 7.36677809e-03]
  [1.42110147e-05 4.61979738e-02 3.69009139e+01 6.67349736e-04
   1.89575572e-01 7.35542070e-03 7.35542070e-03]
  [1.32227653e-05 4.49801373e-02 3.70098570e+01 6.67740563e-04
   2.12303813e-01 7.44380928e-03 7.44380928e-03]
  [1.20550904e-05 4.46226473e-02 3.72581726e+01 6.67714573e-04
   1.87388438e-01 7.37946383e-03 7.37946383e-03]
  [1.27890451e-05 4.40026331e-02 3.67118087e+01 6.67686367e-04
   1.95018144e-01 7.38114950e-03 7.38114950e-03]
  [3.65263156e-05 4.39824831e-02 3.67842269e+01 6.67966228e-04
   1.85364844e-01 7.38981449e-03 7.38981449e-03]
  [1.25736677e-05 4.46474379e-02 3.71190435e+01 6.67762017e-04
   1.86962129e-01 7.34141906e-03 7.34141906e-03]
  [1.33381351e-05 4.44303496e-02 3.64558662e+01 6.68005109e-04
   1.88943180e-01 7.34900208e-03 7.34900208e-03]]

 [[1.20544314e-05 4.46403941e-02 3.68104293e+01 6.67753760e-04
   1.90004652e-01 7.41212133e-03 7.41212133e-03]
  [1.38249292e-05 4.50719361e-02 3.65462846e+01 6.68270010e-04
   1.86083545e-01 7.33456855e-03 7.33456855e-03]
  [1.22952205e-05 4.41091662e-02 3.69195698e+01 6.67916715e-04
   1.84803885e-01 7.35118949e-03 7.35118949e-03]
  [1.20592316e-05 4.41363714e-02 3.68986917e+01 6.67936683e-04
   1.85470211e-01 7.36381932e-03 7.36381932e-03]
  [1.43636996e-05 4.48021190e-02 3.67799989e+01 6.67714915e-04
   1.86686590e-01 7.41821421e-03 7.41821421e-03]
  [1.29299889e-05 4.41687799e-02 3.71495220e+01 6.68176858e-04
   2.11767285e-01 7.51776848e-03 7.51776848e-03]
  [1.19451497e-05 4.41587237e-02 3.70249314e+01 6.67821875e-04
   1.87753460e-01 7.34906810e-03 7.34906810e-03]
  [1.23152522e-05 4.44719543e-02 3.68729246e+01 6.67777747e-04
   1.87144145e-01 7.39658865e-03 7.39658865e-03]]

 [[1.30887389e-05 4.44568793e-02 3.61896882e+01 6.67593454e-04
   1.87002029e-01 7.37792210e-03 7.37792210e-03]
  [1.27635340e-05 4.44792535e-02 3.61923936e+01 6.67769977e-04
   1.91061832e-01 7.35353847e-03 7.35353847e-03]
  [1.21760974e-05 4.43511537e-02 3.65800937e+01 6.67808489e-04
   1.95944067e-01 7.41976056e-03 7.41976056e-03]
  [1.28336297e-05 4.58991513e-02 3.61956589e+01 6.68147846e-04
   1.88110683e-01 7.30729603e-03 7.30729603e-03]
  [1.68414593e-05 4.51276544e-02 3.69541943e+01 6.67495047e-04
   1.89614939e-01 7.40217266e-03 7.40217266e-03]
  [1.28314123e-05 4.47601966e-02 3.68746005e+01 6.67871443e-04
   1.84724073e-01 7.34684369e-03 7.34684369e-03]
  [1.67272599e-05 2.13611491e-02 4.68337694e+01 6.69540903e-04
   2.02263736e-01 7.46790628e-03 7.46790628e-03]
  [1.24461587e-05 4.44512820e-02 3.67231431e+01 6.67906171e-04
   1.85700461e-01 7.39078124e-03 7.39078124e-03]]

 [[1.42432468e-05 4.48487057e-02 3.67119234e+01 6.67675173e-04
   1.88827929e-01 7.39801614e-03 7.39801614e-03]
  [1.30624010e-05 4.39730683e-02 3.70923204e+01 6.67806277e-04
   1.83435342e-01 7.40273186e-03 7.40273186e-03]
  [1.23964282e-05 4.45116001e-02 3.72792926e+01 6.67826938e-04
   1.87003759e-01 7.42487476e-03 7.42487476e-03]
  [1.29645305e-05 4.47112892e-02 3.59762108e+01 6.67767641e-04
   1.86662973e-01 7.35729576e-03 7.35729576e-03]
  [1.31276456e-05 4.52667484e-02 3.64286491e+01 6.67618226e-04
   1.88907854e-01 7.34179591e-03 7.34179591e-03]
  [1.22554992e-05 4.38013818e-02 3.67133708e+01 6.67764166e-04
   1.88317446e-01 7.42663741e-03 7.42663741e-03]
  [1.26936812e-05 4.38609861e-02 3.67447345e+01 6.67850056e-04
   1.85130092e-01 7.40280477e-03 7.40280477e-03]
  [1.24945148e-05 4.36676357e-02 3.75728049e+01 6.68159467e-04
   1.85285492e-01 7.36189999e-03 7.36189999e-03]]

 [[1.38356099e-05 4.52780078e-02 3.62611878e+01 6.67557498e-04
   1.89251246e-01 7.37567875e-03 7.37567875e-03]
  [1.34706033e-05 4.60178793e-02 3.60376511e+01 6.67673651e-04
   1.91212363e-01 7.35386065e-03 7.35386065e-03]
  [1.29220758e-05 4.49232348e-02 3.65152320e+01 6.68220099e-04
   1.82897800e-01 7.34402843e-03 7.34402843e-03]
  [1.24985067e-05 4.46499984e-02 3.69535043e+01 6.67726090e-04
   1.94211401e-01 7.36408844e-03 7.36408844e-03]
  [1.29984351e-05 4.40679169e-02 3.64288421e+01 6.67726942e-04
   1.96448400e-01 7.38052568e-03 7.38052568e-03]
  [1.40773141e-05 4.50586729e-02 3.65184270e+01 6.67518902e-04
   1.92361416e-01 7.38730999e-03 7.38730999e-03]
  [9.35949855e-06 3.96842913e-02 3.94950316e+01 6.68273998e-04
   2.21012027e-01 7.49344639e-03 7.49344639e-03]
  [1.36758031e-05 2.27175036e-02 4.68178046e+01 6.69723167e-04
   2.29332127e-01 7.40819919e-03 7.40819919e-03]]

 [[1.17362176e-05 4.39725821e-02 3.62984818e+01 6.67814806e-04
   1.87672026e-01 7.39066693e-03 7.39066693e-03]
  [1.29423539e-05 4.36762361e-02 3.69235533e+01 6.67950561e-04
   1.90413639e-01 7.42405362e-03 7.42405362e-03]
  [1.26307926e-05 4.50232852e-02 3.65308125e+01 6.67928390e-04
   1.88177666e-01 7.30302694e-03 7.30302694e-03]
  [1.40119968e-05 2.13600759e-02 4.68443151e+01 6.69485586e-04
   4.46947756e-01 7.29735011e-03 8.75795125e-03]
  [1.20118919e-05 4.40663563e-02 3.73581337e+01 6.67901280e-04
   1.84038042e-01 7.38439175e-03 7.38439175e-03]
  [1.20982996e-05 4.36556205e-02 3.68487738e+01 6.67952928e-04
   1.85363055e-01 7.42178159e-03 7.42178159e-03]
  [1.18527052e-05 4.38576988e-02 3.67071577e+01 6.67799127e-04
   1.92620682e-01 7.39296979e-03 7.39296979e-03]
  [1.20093693e-05 4.45657597e-02 3.70117693e+01 6.67538860e-04
   1.93688997e-01 7.37707471e-03 7.37707471e-03]]

 [[1.48616170e-05 4.46555444e-02 3.62900784e+01 6.67791421e-04
   1.89125074e-01 7.38718496e-03 7.38718496e-03]
  [1.32969790e-05 4.46853598e-02 3.66074040e+01 6.67707364e-04
   1.87381801e-01 7.40487115e-03 7.40487115e-03]
  [1.25235244e-05 4.63043866e-02 3.68873159e+01 6.68321959e-04
   1.85371457e-01 7.27840922e-03 7.27840922e-03]
  [1.21341571e-05 4.39802882e-02 3.70723309e+01 6.67852271e-04
   1.84930683e-01 7.36807742e-03 7.36807742e-03]
  [1.28255137e-05 4.39998355e-02 3.60529232e+01 6.67826668e-04
   1.83831375e-01 7.37131483e-03 7.37131483e-03]
  [1.26646470e-05 3.29207174e-02 4.20613041e+01 6.68771231e-04
   2.11767623e-01 7.39134063e-03 7.39134063e-03]
  [1.22360771e-05 4.46525940e-02 3.61121581e+01 6.67910659e-04
   1.86579596e-01 7.46823362e-03 7.46823362e-03]
  [1.38189637e-05 4.60021143e-02 3.66061710e+01 6.67496298e-04
   1.96959246e-01 7.33309551e-03 7.33309551e-03]]]

Cumulative Reward: 9091.50595101254
