Scheduler Table:
[[[1.02077903e-05 8.13412131e-02 4.04245193e+01 7.84165898e-04
   2.28499521e-03 2.02932021e-03 2.02932021e-03]
  [1.03646202e-05 7.90005327e-02 4.07169285e+01 7.84206781e-04
   2.28499667e-03 2.02935549e-03 2.02935549e-03]
  [1.03685928e-05 8.12240605e-02 4.05119235e+01 7.84163249e-04
   2.28506727e-03 2.02937423e-03 2.02937423e-03]]

 [[1.09412476e-05 8.15063531e-02 4.02374272e+01 7.84165065e-04
   2.28508163e-03 2.02939748e-03 2.02939748e-03]
  [4.34318504e-06 2.31474638e-02 4.61972080e+01 8.53325632e-04
   1.26499742e-03 1.22990106e-03 1.25977898e-03]
  [1.04015430e-05 7.95654439e-02 4.07820385e+01 7.84198254e-04
   2.28499683e-03 2.02934198e-03 2.02934198e-03]]

 [[9.83467685e-06 8.05115340e-02 4.05130833e+01 7.84180763e-04
   2.28495289e-03 2.02928154e-03 2.02928154e-03]
  [1.04852633e-05 7.92957258e-02 4.07432698e+01 7.84202080e-04
   2.28503965e-03 2.02938548e-03 2.02938548e-03]
  [4.99338466e-06 3.21811966e-02 5.01830482e+01 7.85119079e-04
   2.28827274e-03 2.03359724e-03 2.03359724e-03]]]

Buffer Table:
[[[9.87661930e-06 7.85565847e-02 4.05499198e+01 7.84207831e-04
   2.28496845e-03 2.02931570e-03 2.02931570e-03]
  [1.00110744e-05 7.86464943e-02 4.06016304e+01 7.84212566e-04
   2.28500641e-03 2.02936601e-03 2.02936601e-03]
  [1.05321811e-05 7.69272887e-02 4.09915673e+01 7.84626237e-04
   2.27952053e-03 2.02516583e-03 2.02516583e-03]]

 [[1.01880234e-05 7.86599510e-02 4.06591441e+01 7.84430218e-04
   2.27978911e-03 2.02539984e-03 2.02539984e-03]
  [4.35590208e-06 2.49558093e-02 4.59844071e+01 8.50092705e-04
   1.29976722e-03 1.25673818e-03 1.28661611e-03]
  [1.06993210e-05 7.74285021e-02 4.07709320e+01 7.84232672e-04
   2.28483262e-03 2.02921218e-03 2.02921218e-03]]

 [[1.06125087e-05 7.87465662e-02 4.08010795e+01 7.84204569e-04
   2.28487390e-03 2.02922448e-03 2.02922448e-03]
  [1.00141752e-05 6.55141132e-02 4.34721001e+01 7.93760810e-04
   2.18768248e-03 1.95426886e-03 1.95426886e-03]
  [1.13446365e-05 7.86243523e-02 4.03940534e+01 7.84198855e-04
   2.28476924e-03 2.02910882e-03 2.02910882e-03]]]

Arbiter Table:
[[[4.34318104e-06 2.31474623e-02 4.61971966e+01 8.53325632e-04
   1.26499742e-03 1.22990106e-03 1.25977898e-03]
  [1.05817497e-05 7.90214371e-02 4.08858219e+01 7.84200833e-04
   2.28504515e-03 2.02940195e-03 2.02940195e-03]
  [1.00554792e-05 7.95633991e-02 4.05727763e+01 7.84197107e-04
   2.28531933e-03 2.02967312e-03 2.02967312e-03]]

 [[1.04966652e-05 7.01325820e-02 4.33631889e+01 7.84365281e-04
   2.28561457e-03 2.03013948e-03 2.03013948e-03]
  [1.01817622e-05 8.25548335e-02 4.02166723e+01 7.84134846e-04
   2.28516263e-03 2.02944684e-03 2.02944684e-03]
  [9.98668494e-06 8.15621031e-02 4.03187251e+01 7.84158471e-04
   2.28509046e-03 2.02940120e-03 2.02940120e-03]]

 [[9.71877248e-06 7.14028627e-02 4.23191284e+01 7.84353280e-04
   2.28577362e-03 2.03028682e-03 2.03028682e-03]
  [1.02347265e-05 8.15822575e-02 4.05347444e+01 7.84151364e-04
   2.28510973e-03 2.02940542e-03 2.02940542e-03]
  [1.01393885e-05 8.18492045e-02 4.03221344e+01 7.84151352e-04
   2.28507179e-03 2.02937586e-03 2.02937586e-03]]]

Page Table:
[[[1.26243309e-05 8.34549258e-01 4.04956594e+01 7.72151678e-04
   2.28770174e-03 2.03199581e-03 2.03199581e-03]
  [1.15291915e-05 5.48513747e-01 4.55086666e+01 7.76769052e-04
   2.28738762e-03 2.03207340e-03 2.03207340e-03]
  [1.33704273e-05 8.28266469e-01 3.92737537e+01 7.72253399e-04
   2.28740646e-03 2.03171837e-03 2.03171837e-03]
  [1.30860021e-05 8.11011871e-01 4.04675516e+01 7.72527582e-04
   2.28728824e-03 2.03161132e-03 2.03161132e-03]]

 [[1.22017072e-05 7.67907760e-01 4.09946619e+01 7.73228196e-04
   2.28734484e-03 2.03173480e-03 2.03173480e-03]
  [4.34459380e-06 2.32968215e-02 4.61934051e+01 8.53323217e-04
   1.26499707e-03 1.22990050e-03 1.25977843e-03]
  [1.27759442e-05 8.13071036e-01 3.91826975e+01 7.72499356e-04
   2.28736019e-03 2.03169740e-03 2.03169740e-03]
  [1.29116629e-05 7.78386841e-01 4.03638465e+01 7.73050577e-04
   2.28725935e-03 2.03162248e-03 2.03162248e-03]]

 [[1.23345204e-05 7.88269972e-01 4.08458542e+01 7.72896535e-04
   2.28725453e-03 2.03161191e-03 2.03161191e-03]
  [1.28457116e-05 8.12232469e-01 4.00497787e+01 7.72510339e-04
   2.28737055e-03 2.03169717e-03 2.03169717e-03]
  [1.46938001e-05 8.28114985e-01 3.92585792e+01 7.72254602e-04
   2.28730584e-03 2.03161463e-03 2.03161463e-03]
  [1.42915324e-05 8.11969324e-01 4.03385967e+01 7.72517990e-04
   2.28745488e-03 2.03178691e-03 2.03178691e-03]]

 [[1.28853888e-05 8.00182366e-01 4.03245280e+01 7.72705351e-04
   2.28721297e-03 2.03156034e-03 2.03156034e-03]
  [1.18401355e-05 7.08151728e-01 4.23343833e+01 7.74187573e-04
   2.28735217e-03 2.03181854e-03 2.03181854e-03]
  [1.36726859e-05 8.29006243e-01 3.91917353e+01 7.72239561e-04
   2.28743437e-03 2.03174047e-03 2.03174047e-03]
  [1.28730085e-05 8.02625550e-01 4.01346063e+01 7.72667658e-04
   2.28740187e-03 2.03175452e-03 2.03175452e-03]]]

Response Table:
[[[1.07074946e-05 3.01843840e-02 4.02689976e+01]
  [1.03671797e-05 3.01219221e-02 4.03453698e+01]]

 [[1.03729990e-05 3.01213755e-02 4.04825384e+01]
  [4.34317306e-06 2.31473598e-02 4.61972289e+01]]]

Refresh Table:
[[[4.34317306e-06 2.31473598e-02 4.61972289e+01]
  [1.04145247e-05 3.00910371e-02 4.04282677e+01]]

 [[1.05389360e-05 3.02348377e-02 4.04360963e+01]
  [1.02909951e-05 3.00851854e-02 4.02832958e+01]]]

Request Buffer Table:
[[[1.80804624e-05 4.96351232e+00 2.59972599e+01]
  [1.90154384e-05 5.00317089e+00 2.59534044e+01]
  [2.00605433e-05 4.92910659e+00 2.64523351e+01]
  [1.83306259e-05 4.95725704e+00 2.65638196e+01]
  [1.84940476e-05 4.98212608e+00 2.64910517e+01]
  [1.85119223e-05 4.89234872e+00 2.70028153e+01]
  [1.60317506e-05 3.81531197e+00 3.25015618e+01]
  [1.76103665e-05 4.89516721e+00 2.68230804e+01]]

 [[1.82826762e-05 4.91392033e+00 2.60658663e+01]
  [1.83941848e-05 5.10887425e+00 2.56514994e+01]
  [2.18691696e-05 5.06256539e+00 2.58891932e+01]
  [1.88142392e-05 5.05019766e+00 2.62949540e+01]
  [1.81210295e-05 4.99619046e+00 2.62920011e+01]
  [1.77884350e-05 4.84610972e+00 2.67072146e+01]
  [1.95658156e-05 4.22020180e+00 3.01922696e+01]
  [1.81305648e-05 4.99147316e+00 2.61783109e+01]]

 [[1.91335158e-05 5.18132532e+00 2.55848304e+01]
  [1.90611378e-05 4.99855200e+00 2.59750840e+01]
  [1.81244490e-05 5.02964217e+00 2.62736931e+01]
  [1.84892040e-05 5.22484234e+00 2.55850809e+01]
  [1.81472750e-05 4.91717587e+00 2.68686144e+01]
  [1.81514022e-05 5.10824053e+00 2.58681198e+01]
  [1.81111395e-05 4.65544689e+00 2.75731898e+01]
  [1.76872792e-05 4.88648461e+00 2.69584180e+01]]

 [[1.82549190e-05 4.96957692e+00 2.60288036e+01]
  [1.81283339e-05 5.04431498e+00 2.55884097e+01]
  [1.82838211e-05 5.11102133e+00 2.59563889e+01]
  [2.08438497e-05 5.09437287e+00 2.59277925e+01]
  [1.97869345e-05 4.76135141e+00 2.74427328e+01]
  [1.78994646e-05 5.01251386e+00 2.61645574e+01]
  [1.78905056e-05 4.74661228e+00 2.69577967e+01]
  [1.79681414e-05 4.97504924e+00 2.65875599e+01]]

 [[1.92865056e-05 4.93779755e+00 2.60319116e+01]
  [1.89201001e-05 4.90685507e+00 2.63468533e+01]
  [1.80835514e-05 5.00419414e+00 2.59251451e+01]
  [1.84303797e-05 4.94063576e+00 2.68402555e+01]
  [1.84410329e-05 4.94145562e+00 2.68589781e+01]
  [1.79150945e-05 4.99355487e+00 2.63778077e+01]
  [1.89432473e-05 4.55457961e+00 2.77972868e+01]
  [1.77880779e-05 4.87312564e+00 2.69336927e+01]]

 [[1.76870811e-05 4.83171254e+00 2.63228649e+01]
  [1.87061900e-05 4.93776127e+00 2.58575456e+01]
  [1.83252182e-05 5.02384242e+00 2.59303373e+01]
  [1.84571361e-05 4.95832668e+00 2.67345093e+01]
  [1.84355670e-05 4.97030579e+00 2.65360347e+01]
  [1.79655294e-05 4.93128680e+00 2.69733669e+01]
  [1.66632795e-05 4.20051075e+00 2.93409704e+01]
  [2.07307588e-05 4.87934668e+00 2.67120166e+01]]

 [[1.77338902e-05 4.66370924e+00 2.73679469e+01]
  [2.01212844e-05 4.71463514e+00 2.69626674e+01]
  [1.77560870e-05 4.81042324e+00 2.69685509e+01]
  [2.03981175e-05 4.86392351e+00 2.67301864e+01]
  [1.80480357e-05 4.81697844e+00 2.67463121e+01]
  [1.81776423e-05 4.72574293e+00 2.70514643e+01]
  [5.31854576e-06 3.70179129e-01 4.47839565e+01]
  [1.98394726e-05 4.78350373e+00 2.68120128e+01]]

 [[1.83780730e-05 4.90419098e+00 2.60455268e+01]
  [1.83414877e-05 5.04003755e+00 2.55580208e+01]
  [1.79640192e-05 4.97070738e+00 2.62410275e+01]
  [1.86359398e-05 5.10103676e+00 2.59609362e+01]
  [1.90923013e-05 4.92139164e+00 2.64179731e+01]
  [1.76009941e-05 4.73451619e+00 2.72981823e+01]
  [1.77378620e-05 4.72356614e+00 2.69670375e+01]
  [2.20141215e-05 4.86488502e+00 2.67978581e+01]]]

Ref Max Post Table:
[[[1.26390652e-05 7.83673932e-01 4.01722061e+01]
  [1.32203992e-05 7.83406050e-01 4.01690905e+01]
  [1.31869807e-05 7.93570511e-01 4.01367327e+01]
  [1.21935018e-05 7.15454346e-01 4.16413399e+01]]

 [[1.39048838e-05 7.75028346e-01 4.00645365e+01]
  [1.34698090e-05 7.72901345e-01 3.98807950e+01]
  [7.04995278e-06 5.22758014e-02 4.88476554e+01]
  [1.27843060e-05 8.06384215e-01 4.00302075e+01]]

 [[1.27621461e-05 7.99448456e-01 4.01571136e+01]
  [7.03337091e-06 5.21985897e-02 4.88436240e+01]
  [1.28843695e-05 7.82127579e-01 4.00112876e+01]
  [1.26736310e-05 7.80230765e-01 4.02343561e+01]]

 [[1.24663249e-05 7.94649943e-01 4.01937548e+01]
  [1.38901703e-05 7.30601018e-01 4.10082773e+01]
  [1.27346969e-05 7.15667039e-01 4.19074243e+01]
  [9.21312739e-06 9.62130701e-02 4.85207559e+01]]]

Ref Max Pull Table:
[[[1.32297959e-05 7.81020956e-01 4.00708019e+01]
  [6.41445551e-06 4.54664857e-02 4.73860394e+01]
  [1.26301114e-05 8.24838491e-01 4.01444682e+01]
  [1.39875914e-05 7.59757865e-01 4.00539181e+01]]

 [[6.42940640e-06 4.55259568e-02 4.73862298e+01]
  [1.27247268e-05 7.10530874e-01 4.21261764e+01]
  [1.48631042e-05 8.06972478e-01 3.99729320e+01]
  [1.24953786e-05 7.70929148e-01 4.02649973e+01]]

 [[1.29988701e-05 8.15308845e-01 4.00403766e+01]
  [1.21665080e-05 7.16406479e-01 4.10701030e+01]
  [1.31603825e-05 8.31750219e-01 3.99631806e+01]
  [1.33066002e-05 7.84537786e-01 4.00650937e+01]]

 [[1.46287624e-05 7.70542554e-01 4.00843552e+01]
  [1.24683391e-05 7.81712804e-01 4.04736512e+01]
  [1.24858246e-05 7.95619484e-01 4.02182362e+01]
  [1.31411552e-05 7.78536487e-01 4.00726001e+01]]]

Max Activate Table:
[[[2.12918039e-05 5.05345617e+00 2.56562733e+01 5.00958710e-04
   1.57344955e-03 1.39808346e-03 1.39808346e-03]
  [1.77390453e-05 4.87101186e+00 2.61800636e+01 5.11267215e-04
   1.59907328e-03 1.42082555e-03 1.42082555e-03]
  [1.85962642e-05 5.14238356e+00 2.56896523e+01 4.95924586e-04
   1.56091993e-03 1.38694895e-03 1.38694895e-03]
  [1.86403524e-05 4.94306255e+00 2.60759505e+01 5.07201092e-04
   1.58910958e-03 1.41200874e-03 1.41200874e-03]
  [1.87658960e-05 5.10307334e+00 2.59417753e+01 4.98142657e-04
   1.56619981e-03 1.39160541e-03 1.39160541e-03]
  [1.76518342e-05 4.80707520e+00 2.70797974e+01 5.14879256e-04
   1.60795092e-03 1.42868073e-03 1.42868073e-03]
  [1.76896030e-05 4.57867346e+00 2.74698068e+01 5.27806888e-04
   1.64057207e-03 1.45771061e-03 1.45771061e-03]
  [1.82721968e-05 4.97971707e+00 2.63463584e+01 5.05116221e-04
   1.58397722e-03 1.40745386e-03 1.40745386e-03]]

 [[1.92265700e-05 5.03861409e+00 2.55023126e+01 5.01791527e-04
   1.57559180e-03 1.39998648e-03 1.39998648e-03]
  [1.83590866e-05 5.10592289e+00 2.57551313e+01 4.97990917e-04
   1.56587509e-03 1.39134339e-03 1.39134339e-03]
  [1.84755851e-05 5.19742904e+00 2.56481681e+01 4.92809598e-04
   1.55317221e-03 1.38009645e-03 1.38009645e-03]
  [1.87471321e-05 5.17021791e+00 2.56923871e+01 4.94351061e-04
   1.55673486e-03 1.38324490e-03 1.38324490e-03]
  [1.79167855e-05 4.85371736e+00 2.65956784e+01 5.12239768e-04
   1.60159511e-03 1.42306144e-03 1.42306144e-03]
  [1.74650539e-05 4.80133155e+00 2.67175029e+01 5.15207235e-04
   1.60889627e-03 1.42953950e-03 1.42953950e-03]
  [1.70726088e-05 4.53702191e+00 2.78040204e+01 5.30159484e-04
   1.64626828e-03 1.46274281e-03 1.46274281e-03]
  [1.82662835e-05 4.95817871e+00 2.64733710e+01 5.06337520e-04
   1.58686823e-03 1.40999820e-03 1.40999820e-03]]

 [[1.81690067e-05 5.06282069e+00 2.58763323e+01 5.00414276e-04
   1.57188053e-03 1.39664683e-03 1.39664683e-03]
  [1.80039153e-05 4.98923385e+00 2.60575972e+01 5.04582254e-04
   1.58230256e-03 1.40591181e-03 1.40591181e-03]
  [1.83345071e-05 4.92765296e+00 2.61767793e+01 5.08068352e-04
   1.59131383e-03 1.41395592e-03 1.41395592e-03]
  [1.82182600e-05 4.98231837e+00 2.61348276e+01 5.04963982e-04
   1.58327982e-03 1.40677088e-03 1.40677088e-03]
  [1.78890534e-05 4.91152775e+00 2.65364138e+01 5.08984390e-04
   1.59369118e-03 1.41609370e-03 1.41609370e-03]
  [1.77202931e-05 4.93537575e+00 2.63515716e+01 5.07620750e-04
   1.58986854e-03 1.41261867e-03 1.41261867e-03]
  [1.83540813e-05 4.54969335e+00 2.78428838e+01 5.29437934e-04
   1.64453659e-03 1.46120225e-03 1.46120225e-03]
  [1.82108977e-05 5.11304835e+00 2.59549449e+01 4.97576746e-04
   1.56496707e-03 1.39054011e-03 1.39054011e-03]]

 [[1.79106208e-05 5.00006382e+00 2.56199931e+01 5.03970316e-04
   1.58109709e-03 1.40488656e-03 1.40488656e-03]
  [1.80879056e-05 4.89928441e+00 2.61362243e+01 5.09675046e-04
   1.59517709e-03 1.41738856e-03 1.41738856e-03]
  [1.86159179e-05 4.82120748e+00 2.66606039e+01 5.14078399e-04
   1.60613067e-03 1.42708177e-03 1.42708177e-03]
  [1.89274407e-05 5.06040329e+00 2.57621955e+01 5.00565021e-04
   1.57256741e-03 1.39732632e-03 1.39732632e-03]
  [1.80487380e-05 4.83774755e+00 2.69920141e+01 5.13160855e-04
   1.60414829e-03 1.42538576e-03 1.42538576e-03]
  [2.15583362e-05 4.90267368e+00 2.69019301e+01 5.09477118e-04
   1.59454205e-03 1.41678654e-03 1.41678654e-03]
  [1.63651501e-05 4.18232533e+00 2.92600466e+01 5.56916658e-04
   1.60060429e-03 1.43415275e-03 1.43415275e-03]
  [1.88902852e-05 4.96041352e+00 2.65985551e+01 5.06212628e-04
   1.58664850e-03 1.40980995e-03 1.40980995e-03]]

 [[1.84975529e-05 4.96046567e+00 2.60927540e+01 5.06206775e-04
   1.58638494e-03 1.40953871e-03 1.40953871e-03]
  [1.84583380e-05 5.05389607e+00 2.56097289e+01 5.00929401e-04
   1.57345871e-03 1.39809863e-03 1.39809863e-03]
  [1.82089997e-05 4.90281891e+00 2.64264987e+01 5.09465777e-04
   1.59448718e-03 1.41672617e-03 1.41672617e-03]
  [1.88080709e-05 4.95162520e+00 2.63244790e+01 5.06706504e-04
   1.58764745e-03 1.41068237e-03 1.41068237e-03]
  [2.21132791e-05 5.01976983e+00 2.60090481e+01 5.02861348e-04
   1.57796312e-03 1.40206070e-03 1.40206070e-03]
  [1.76986795e-05 4.88184639e+00 2.66789870e+01 5.10658085e-04
   1.59756761e-03 1.41950103e-03 1.41950103e-03]
  [1.74341697e-05 4.48788268e+00 2.81300197e+01 5.32946625e-04
   1.65350430e-03 1.46922276e-03 1.46922276e-03]
  [2.12323713e-05 4.96244598e+00 2.66017755e+01 5.06099853e-04
   1.58622029e-03 1.40941960e-03 1.40941960e-03]]

 [[1.77759014e-05 4.92426968e+00 2.59523210e+01 5.08258295e-04
   1.59136098e-03 1.41394406e-03 1.41394406e-03]
  [1.81078817e-05 4.95217504e+00 2.58344842e+01 5.06674362e-04
   1.58762161e-03 1.41064186e-03 1.41064186e-03]
  [1.81002254e-05 4.91138855e+00 2.63433601e+01 5.08979637e-04
   1.59341938e-03 1.41579159e-03 1.41579159e-03]
  [1.92412169e-05 4.87441419e+00 2.66451332e+01 5.11070647e-04
   1.59859596e-03 1.42038334e-03 1.42038334e-03]
  [1.79957248e-05 4.89123256e+00 2.66456515e+01 5.10126191e-04
   1.59623198e-03 1.41830631e-03 1.41830631e-03]
  [1.75994660e-05 4.89937753e+00 2.65115766e+01 5.09659715e-04
   1.59503291e-03 1.41721907e-03 1.41721907e-03]
  [1.71940745e-05 4.50922543e+00 2.78267717e+01 5.31727649e-04
   1.65019021e-03 1.46622143e-03 1.46622143e-03]
  [2.26558007e-05 4.93321763e+00 2.65673846e+01 5.07750756e-04
   1.59049236e-03 1.41323129e-03 1.41323129e-03]]

 [[1.73166859e-05 4.71345972e+00 2.65622189e+01 5.20179645e-04
   1.62154039e-03 1.44080278e-03 1.44080278e-03]
  [1.74266322e-05 4.73297680e+00 2.69393222e+01 5.19073204e-04
   1.61862791e-03 1.43819438e-03 1.43819438e-03]
  [1.79450910e-05 4.69973484e+00 2.68663287e+01 5.20953209e-04
   1.62344094e-03 1.44247279e-03 1.44247279e-03]
  [2.12640773e-05 4.76886218e+00 2.66694804e+01 5.17215949e-04
   1.60887106e-03 1.43028570e-03 1.43028570e-03]
  [1.81379924e-05 4.76602227e+00 2.70641504e+01 5.17208858e-04
   1.61392220e-03 1.43402033e-03 1.43402033e-03]
  [1.75171308e-05 4.61953065e+00 2.71714992e+01 5.25487446e-04
   1.63461783e-03 1.45238801e-03 1.45238801e-03]
  [5.65942007e-06 3.93681691e-01 4.46718212e+01 8.26820753e-04
   1.29385422e-03 1.24529737e-03 1.27517529e-03]
  [1.88349393e-05 4.71746703e+00 2.72812015e+01 5.19954473e-04
   1.62110062e-03 1.44043032e-03 1.44043032e-03]]

 [[1.78173789e-05 4.82417323e+00 2.63643136e+01 5.13912081e-04
   1.60581194e-03 1.42681179e-03 1.42681179e-03]
  [1.79506922e-05 4.93968836e+00 2.60876120e+01 5.07379580e-04
   1.58945237e-03 1.41228720e-03 1.41228720e-03]
  [1.83774985e-05 4.99671273e+00 2.62157799e+01 5.04156966e-04
   1.58155802e-03 1.40529037e-03 1.40529037e-03]
  [1.80826428e-05 4.87170311e+00 2.65916581e+01 5.11233213e-04
   1.59921747e-03 1.42098586e-03 1.42098586e-03]
  [2.06101172e-05 4.85224001e+00 2.67306947e+01 5.12333564e-04
   1.60166418e-03 1.42312475e-03 1.42312475e-03]
  [1.79275940e-05 4.93502326e+00 2.65653619e+01 5.07645485e-04
   1.59006690e-03 1.41282636e-03 1.41282636e-03]
  [1.96203532e-05 4.60210768e+00 2.73741902e+01 5.26475874e-04
   1.63707256e-03 1.45456456e-03 1.45456456e-03]
  [2.23031219e-05 4.95349063e+00 2.65459584e+01 5.06603134e-04
   1.58746641e-03 1.41050970e-03 1.41050970e-03]]]

Cumulative Reward: 10829.5092225085
