Scheduler Table:
[[[6.84456270e-06 2.95691701e-02 3.27146406e+01 1.99105344e-03
   4.42900552e-02 6.83800946e-04 6.83800946e-04]
  [6.93894605e-06 2.95851179e-02 3.28398625e+01 1.99294151e-03
   4.39561461e-02 6.84116813e-04 6.84116813e-04]
  [6.95217372e-06 2.95869910e-02 3.38504699e+01 2.00122433e-03
   4.20892456e-02 6.83928212e-04 6.83928212e-04]]

 [[6.76820236e-06 2.95880845e-02 3.22917560e+01 1.98006050e-03
   4.85329629e-02 6.83636872e-04 6.83636872e-04]
  [6.31731119e-06 2.81495964e-02 5.26996896e+01 2.18617929e-03
   3.08718689e-02 6.81783707e-04 6.81783707e-04]
  [1.74172974e-06 2.17946130e-02 9.67365205e+01 2.70097773e-03
   1.05879744e-03 6.77130980e-04 6.77130980e-04]]

 [[7.15627279e-06 2.96586921e-02 3.25412086e+01 2.03380497e-03
   4.12835390e-02 6.84370081e-04 6.84370081e-04]
  [1.73309172e-06 2.17934339e-02 9.60954959e+01 2.66521562e-03
   1.15821089e-03 6.77022918e-04 7.05994919e-04]
  [7.11753811e-06 2.96420658e-02 3.26835530e+01 2.01884808e-03
   4.45596954e-02 6.84585359e-04 6.84585359e-04]]]

Buffer Table:
[[[7.05740364e-06 2.96111081e-02 3.31422779e+01 2.00900889e-03
   4.79550370e-02 6.83594577e-04 6.83594577e-04]
  [7.10100409e-06 2.95992506e-02 3.31647515e+01 2.01499591e-03
   4.78940440e-02 6.83755787e-04 6.83755787e-04]
  [1.73309178e-06 2.17934339e-02 9.60954954e+01 2.66521562e-03
   1.15821107e-03 6.77022918e-04 7.05994919e-04]]

 [[6.81108451e-06 2.95456807e-02 3.34168334e+01 1.97822330e-03
   4.51040897e-02 6.84301043e-04 6.84301043e-04]
  [7.16634981e-06 2.95862285e-02 3.27139320e+01 2.01364107e-03
   4.43561377e-02 6.83895591e-04 6.83895591e-04]
  [7.19554779e-06 2.96595397e-02 3.28881714e+01 2.01319821e-03
   4.87784599e-02 6.83624300e-04 6.83624300e-04]]

 [[1.74172981e-06 2.17946130e-02 9.67365200e+01 2.70097773e-03
   1.05879762e-03 6.77130980e-04 6.77130980e-04]
  [7.07864298e-06 2.96164551e-02 3.30024451e+01 2.00262964e-03
   4.54222041e-02 6.83722826e-04 6.83722826e-04]
  [5.41077130e-06 2.80150199e-02 4.54267073e+01 2.04324869e-03
   4.15806314e-02 6.83574048e-04 6.83574048e-04]]]

Arbiter Table:
[[[1.00746912e-06 2.17346924e-02 9.67687607e+01 2.73682221e-03
   9.71596299e-04 6.76899954e-04 7.05871954e-04]
  [7.04743197e-06 2.91624769e-02 3.81035888e+01 2.02244152e-03
   3.98446587e-02 6.83465864e-04 6.83465864e-04]
  [6.79493520e-06 2.91877945e-02 3.84173058e+01 2.03986120e-03
   4.35839427e-02 6.82592733e-04 6.82592733e-04]]

 [[7.46333371e-06 2.77007523e-02 5.09334677e+01 2.01880036e-03
   2.93164849e-02 6.83095881e-04 6.83095881e-04]
  [7.33068241e-06 2.96170787e-02 3.28438072e+01 2.03378907e-03
   4.55244902e-02 6.83866065e-04 6.83866065e-04]
  [7.05255827e-06 2.95722015e-02 3.26206867e+01 1.99110766e-03
   4.64837956e-02 6.84166234e-04 6.84166234e-04]]

 [[6.41278058e-06 2.80802180e-02 5.36826321e+01 2.20235700e-03
   3.17517547e-02 6.81013772e-04 6.81013772e-04]
  [7.23684378e-06 2.96235577e-02 3.29186898e+01 2.01959611e-03
   4.69214440e-02 6.83671282e-04 6.83671282e-04]
  [6.81833675e-06 2.95846864e-02 3.27547057e+01 2.00980250e-03
   4.87055070e-02 6.83715181e-04 6.83715181e-04]]]

Page Table:
[[[9.11244797e-06 2.85893161e-02 4.23363204e+01 1.85637192e-03
   5.71451693e-02 6.85324586e-04 6.85324586e-04]
  [1.74176960e-06 2.17952316e-02 9.67336064e+01 2.70102430e-03
   1.05712132e-03 6.77130741e-04 6.77130741e-04]
  [8.60584140e-06 3.03264633e-02 3.84367630e+01 2.10737414e-03
   4.34787670e-02 6.82959617e-04 6.82959617e-04]
  [8.77480308e-06 3.08038210e-02 3.35867931e+01 2.02486608e-03
   4.52328054e-02 6.83948991e-04 6.83948991e-04]]

 [[1.73313123e-06 2.17940471e-02 9.60926074e+01 2.66526178e-03
   1.15654951e-03 6.77022681e-04 7.05994682e-04]
  [9.58643407e-06 3.09822337e-02 3.28958863e+01 2.04670509e-03
   3.71034182e-02 6.83619074e-04 6.83619074e-04]
  [9.61592095e-06 3.09653635e-02 3.29504754e+01 2.04348256e-03
   4.18206132e-02 6.84155199e-04 6.84155199e-04]
  [8.54294415e-06 3.06362792e-02 3.36807271e+01 1.99406725e-03
   4.68959390e-02 6.83479843e-04 6.83479843e-04]]

 [[6.67805093e-06 2.78169396e-02 6.44909865e+01 2.32033634e-03
   2.82465536e-02 6.80596501e-04 6.80596501e-04]
  [9.03044883e-06 3.09217351e-02 3.35183974e+01 2.03542267e-03
   3.80522069e-02 6.83271744e-04 6.83271744e-04]
  [8.76821462e-06 3.10120108e-02 3.31970161e+01 2.04015566e-03
   4.78887358e-02 6.83572257e-04 6.83572257e-04]
  [1.03854875e-05 3.09713211e-02 3.31676900e+01 2.05080586e-03
   4.22640234e-02 6.83319691e-04 6.83319691e-04]]

 [[8.62314951e-06 2.90504450e-02 4.19547999e+01 1.89299203e-03
   5.54321223e-02 6.84563387e-04 6.84563387e-04]
  [8.91844599e-06 3.08937198e-02 3.30107597e+01 2.02194953e-03
   4.28114136e-02 6.83758671e-04 6.83758671e-04]
  [8.87440526e-06 3.09120304e-02 3.30680350e+01 2.02682819e-03
   4.91735975e-02 6.83887768e-04 6.83887768e-04]
  [8.79457018e-06 3.08325530e-02 3.27792026e+01 2.00766982e-03
   5.04456121e-02 6.84034187e-04 6.84034187e-04]]]

Response Table:
[[[4.84927508e-06 2.87739265e-02 3.17075198e+01]
  [4.61113324e-06 2.87650558e-02 3.18275689e+01]]

 [[4.58368032e-06 2.87341455e-02 3.16093710e+01]
  [1.00746912e-06 2.17346924e-02 9.67687607e+01]]]

Refresh Table:
[[[4.73737159e-06 2.88517809e-02 3.15586632e+01]
  [5.95754370e-06 2.69469409e-02 4.97074798e+01]]

 [[4.63901527e-06 2.84562113e-02 3.80166732e+01]
  [1.00746911e-06 2.17346924e-02 9.67687607e+01]]]

Request Buffer Table:
[[[3.63032088e-05 7.58180463e-02 3.18250228e+01]
  [3.77760845e-05 7.58254872e-02 3.15682909e+01]
  [3.75539456e-05 7.65821403e-02 3.17075172e+01]
  [3.65132500e-05 7.54871401e-02 3.17887917e+01]
  [3.83515700e-05 7.78195623e-02 3.18906884e+01]
  [2.17702662e-05 5.18320158e-02 5.09409440e+01]
  [3.65689123e-05 7.69419768e-02 3.22062140e+01]
  [3.61470719e-05 7.66495010e-02 3.23409550e+01]]

 [[3.74558615e-05 7.65665880e-02 3.14876780e+01]
  [3.86154006e-05 7.81921720e-02 3.14494275e+01]
  [3.68764390e-05 7.63870190e-02 3.18135509e+01]
  [4.11574453e-05 7.61238397e-02 3.19505704e+01]
  [3.65199009e-05 7.70215290e-02 3.20455204e+01]
  [3.57057801e-05 7.55926605e-02 3.18928748e+01]
  [3.57247496e-05 7.54338289e-02 3.19439283e+01]
  [2.64212679e-05 6.01096352e-02 4.12265175e+01]]

 [[3.99844512e-05 8.21558615e-02 3.16029740e+01]
  [3.75941500e-05 7.67873460e-02 3.16419889e+01]
  [3.72875332e-05 7.87691349e-02 3.18035353e+01]
  [3.89405381e-05 8.13181415e-02 3.13898375e+01]
  [3.59913216e-05 7.60574473e-02 3.20661139e+01]
  [3.80950902e-05 7.92861089e-02 3.17030828e+01]
  [3.71959497e-05 7.81952726e-02 3.19348720e+01]
  [3.56428936e-05 7.49682747e-02 3.35293905e+01]]

 [[3.83934436e-05 7.84838697e-02 3.17078506e+01]
  [3.71655925e-05 7.77431654e-02 3.14922296e+01]
  [3.58489619e-05 7.62598137e-02 3.21337670e+01]
  [4.18816306e-05 7.84884409e-02 3.14342064e+01]
  [3.59559242e-05 7.63979746e-02 3.23089948e+01]
  [4.06644158e-05 7.68109449e-02 3.21155917e+01]
  [4.21107244e-05 8.04213083e-02 3.16006650e+01]
  [3.48497437e-05 7.41230242e-02 3.19973231e+01]]

 [[3.82636167e-05 7.76152640e-02 3.15401689e+01]
  [3.62399800e-05 7.53415182e-02 3.19920301e+01]
  [3.77195520e-05 7.84845318e-02 3.15717728e+01]
  [3.49928810e-05 7.51771611e-02 3.24017395e+01]
  [3.63132452e-05 7.67722618e-02 3.19312411e+01]
  [3.69177389e-05 7.77920159e-02 3.15646820e+01]
  [3.56829288e-05 7.54396434e-02 3.31207232e+01]
  [3.62820550e-05 7.63409043e-02 3.20778479e+01]]

 [[3.38699418e-05 7.25763629e-02 3.56348283e+01]
  [3.59331386e-05 7.55693597e-02 3.14957351e+01]
  [3.61499052e-05 7.63980542e-02 3.18524595e+01]
  [3.92153856e-05 7.71182565e-02 3.18743857e+01]
  [3.59014311e-05 7.55276081e-02 3.19738943e+01]
  [3.49781275e-05 7.40286068e-02 3.24585055e+01]
  [3.51718892e-05 7.46974616e-02 3.39966454e+01]
  [1.73310857e-06 2.17934595e-02 9.60954813e+01]]

 [[3.92675388e-05 7.73768478e-02 3.13403281e+01]
  [3.95857918e-05 7.77621661e-02 3.17262888e+01]
  [3.99130078e-05 7.94139745e-02 3.16798445e+01]
  [3.75098908e-05 7.78286721e-02 3.14085828e+01]
  [3.62056554e-05 7.64566395e-02 3.15666636e+01]
  [2.54828453e-05 5.94169482e-02 5.09025678e+01]
  [3.68028675e-05 7.69587351e-02 3.19561850e+01]
  [3.60942809e-05 7.55901703e-02 3.17236771e+01]]

 [[3.48583732e-05 7.37313167e-02 3.16409469e+01]
  [3.66695182e-05 7.49848666e-02 3.17384739e+01]
  [3.58197487e-05 7.58247936e-02 3.20587791e+01]
  [3.77455062e-05 7.96593379e-02 3.18087435e+01]
  [3.70491003e-05 7.75510989e-02 3.16585230e+01]
  [1.74174674e-06 2.17946388e-02 9.67365058e+01]
  [3.55078195e-05 7.53109817e-02 3.23477805e+01]
  [3.53755303e-05 7.51388802e-02 3.20632684e+01]]]

Ref Max Post Table:
[[[8.78649302e-06 3.09668235e-02 3.35974151e+01]
  [8.70888301e-06 3.09776857e-02 3.32607000e+01]
  [9.05872432e-06 3.10201471e-02 3.32703735e+01]
  [6.17319895e-06 2.69826225e-02 5.89001950e+01]]

 [[8.43225893e-06 3.06198491e-02 3.56170669e+01]
  [9.52783048e-06 3.09779173e-02 3.31365250e+01]
  [8.64966792e-06 3.07835318e-02 3.32193428e+01]
  [1.10508977e-05 3.09943397e-02 3.31602226e+01]]

 [[8.26198558e-06 2.99245638e-02 3.90878999e+01]
  [9.56980040e-06 3.09320682e-02 3.32304311e+01]
  [8.77780966e-06 3.08850841e-02 3.31720331e+01]
  [8.47041148e-06 3.07221482e-02 3.31963321e+01]]

 [[9.29084383e-06 3.03789712e-02 3.76840714e+01]
  [8.75195110e-06 3.07677904e-02 3.47409804e+01]
  [8.42513256e-06 3.06395312e-02 3.36601004e+01]
  [2.19832287e-06 2.31989586e-02 8.72240336e+01]]]

Ref Max Pull Table:
[[[8.55914995e-06 3.07109055e-02 3.32443028e+01]
  [1.73538515e-06 2.18166111e-02 9.59292508e+01]
  [9.01524666e-06 3.09506672e-02 3.31967254e+01]
  [8.82015228e-06 3.07987299e-02 3.28790373e+01]]

 [[1.74404351e-06 2.18179957e-02 9.65688009e+01]
  [8.39782922e-06 2.83573731e-02 5.15191542e+01]
  [8.77891035e-06 3.08770722e-02 3.30849353e+01]
  [9.15930163e-06 3.08918991e-02 3.33186829e+01]]

 [[9.11445153e-06 3.09375981e-02 3.32934495e+01]
  [8.81250592e-06 3.08596502e-02 3.32702625e+01]
  [9.00863973e-06 3.08800559e-02 3.32149079e+01]
  [9.42838305e-06 3.09499446e-02 3.32283058e+01]]

 [[8.76210711e-06 3.08097480e-02 3.31643389e+01]
  [9.39356939e-06 3.09777593e-02 3.48015535e+01]
  [8.97527732e-06 3.08996923e-02 3.32702867e+01]
  [9.80440728e-06 3.10424891e-02 3.34787615e+01]]]

Max Activate Table:
[[[3.83454874e-05 7.89878159e-02 3.18640464e+01 1.90021307e-03
   4.95327474e-02 6.56831025e-04 6.56831025e-04]
  [3.63859243e-05 7.53319637e-02 3.16386575e+01 1.92128933e-03
   6.12115364e-02 6.58736599e-04 6.58736599e-04]
  [3.84131712e-05 7.81722973e-02 3.18816157e+01 1.91803937e-03
   4.07403738e-02 6.56713475e-04 6.56713475e-04]
  [3.65284067e-05 7.61165867e-02 3.16230116e+01 1.91417653e-03
   6.15576802e-02 6.58457303e-04 6.58457303e-04]
  [3.88426915e-05 7.88763632e-02 3.16686706e+01 1.92378966e-03
   4.18306320e-02 6.56810442e-04 6.56810442e-04]
  [3.64103605e-05 7.54990293e-02 3.21031614e+01 1.92091221e-03
   3.87348582e-02 6.58093257e-04 6.58093257e-04]
  [3.55056486e-05 7.43010916e-02 3.22979287e+01 1.90798880e-03
   4.00503452e-02 6.59224548e-04 6.59224548e-04]
  [3.54209060e-05 7.38526873e-02 3.19926380e+01 1.89849324e-03
   4.29147457e-02 6.59564730e-04 6.59564730e-04]]

 [[3.79784230e-05 7.76684856e-02 3.15500619e+01 1.96919716e-03
   4.63466236e-02 6.56823294e-04 6.56823294e-04]
  [3.65637005e-05 7.68517623e-02 3.23872388e+01 1.92758286e-03
   4.08113502e-02 6.57377892e-04 6.57377892e-04]
  [3.86923952e-05 7.83936615e-02 3.17467028e+01 1.93430395e-03
   6.03219154e-02 6.56942812e-04 6.56942812e-04]
  [3.82971413e-05 8.00260325e-02 3.18928432e+01 1.93159055e-03
   4.16119273e-02 6.55681785e-04 6.55681785e-04]
  [3.53995277e-05 7.50054078e-02 3.15949506e+01 1.89096672e-03
   6.76697295e-02 6.59281197e-04 6.59281197e-04]
  [3.72522925e-05 7.63917376e-02 3.19235060e+01 1.92404633e-03
   7.21083633e-02 6.58191796e-04 6.58191796e-04]
  [1.76837802e-06 2.18431481e-02 9.66874137e+01 2.70065604e-03
   9.73817852e-04 6.77095169e-04 6.77095169e-04]
  [3.68154919e-05 7.58760399e-02 3.17499301e+01 1.94066539e-03
   4.23727612e-02 6.58162486e-04 6.58162486e-04]]

 [[3.84479100e-05 7.76002823e-02 3.20800687e+01 1.88627081e-03
   4.00587888e-02 6.57370046e-04 6.57370046e-04]
  [3.80377228e-05 7.88933072e-02 3.20394029e+01 1.91006812e-03
   4.34800961e-02 6.56263530e-04 6.56263530e-04]
  [3.97731820e-05 7.52612578e-02 3.18003794e+01 1.91505685e-03
   4.18221061e-02 6.59005754e-04 6.59005754e-04]
  [3.79381656e-05 7.93498535e-02 3.17337869e+01 1.94591163e-03
   4.50777813e-02 6.56396832e-04 6.56396832e-04]
  [3.80338169e-05 7.71106448e-02 3.16884829e+01 1.91638497e-03
   3.93762426e-02 6.58097868e-04 6.58097868e-04]
  [3.73279738e-05 7.76288641e-02 3.19899451e+01 1.95221930e-03
   5.46451609e-02 6.57082677e-04 6.57082677e-04]
  [3.57902733e-05 7.49805754e-02 3.21145007e+01 1.90382224e-03
   3.98200408e-02 6.58608360e-04 6.58608360e-04]
  [3.60639304e-05 7.46101460e-02 3.21059289e+01 1.91661291e-03
   4.39382170e-02 6.59101310e-04 6.59101310e-04]]

 [[3.66743723e-05 7.57195504e-02 3.18496701e+01 1.91733064e-03
   4.87713458e-02 6.58472917e-04 6.58472917e-04]
  [3.64047195e-05 7.63292446e-02 3.14683923e+01 1.92492178e-03
   5.13658473e-02 6.57429589e-04 6.57429589e-04]
  [3.69313522e-05 7.45913432e-02 3.20082190e+01 1.92785714e-03
   9.31539644e-02 6.59300391e-04 6.59300391e-04]
  [3.82517891e-05 7.86148207e-02 3.16740421e+01 1.90172895e-03
   4.02415279e-02 6.57363339e-04 6.57363339e-04]
  [3.78113012e-05 7.70010116e-02 3.19195020e+01 1.93084616e-03
   3.89589732e-02 6.57202495e-04 6.57202495e-04]
  [3.65178439e-05 7.61849345e-02 3.20550907e+01 1.91115294e-03
   3.93165686e-02 6.58536318e-04 6.58536318e-04]
  [3.58380201e-05 7.53075949e-02 3.28652608e+01 1.90681416e-03
   4.50300773e-02 6.58226612e-04 6.58226612e-04]
  [3.66905776e-05 7.57514962e-02 3.21299718e+01 1.93183836e-03
   4.09907541e-02 6.58054130e-04 6.58054130e-04]]

 [[3.74345943e-05 7.68357928e-02 3.17935040e+01 1.90349715e-03
   4.09281722e-02 6.57720620e-04 6.57720620e-04]
  [3.73306181e-05 7.64080119e-02 3.13944129e+01 1.92720413e-03
   5.16340039e-02 6.57669220e-04 6.57669220e-04]
  [3.70680095e-05 7.71952668e-02 3.19648767e+01 1.93359883e-03
   4.22256994e-02 6.58000471e-04 6.58000471e-04]
  [3.62791959e-05 7.61055085e-02 3.16553980e+01 1.90769394e-03
   3.95299926e-02 6.57919676e-04 6.57919676e-04]
  [4.09693658e-05 7.95391282e-02 3.16839001e+01 1.91950627e-03
   4.21877212e-02 6.56166977e-04 6.56166977e-04]
  [3.66412127e-05 7.53247450e-02 3.19416041e+01 1.90691201e-03
   6.34068419e-02 6.58478244e-04 6.58478244e-04]
  [3.69060227e-05 7.62920359e-02 3.19241095e+01 1.92515079e-03
   3.87526490e-02 6.57477897e-04 6.57477897e-04]
  [3.54995382e-05 7.42266013e-02 3.28795252e+01 1.91343337e-03
   3.97214149e-02 6.59323461e-04 6.59323461e-04]]

 [[3.67946020e-05 7.57037812e-02 3.18946599e+01 1.91385794e-03
   4.00309353e-02 6.58293972e-04 6.58293972e-04]
  [3.79196966e-05 7.83849795e-02 3.15629220e+01 1.98748758e-03
   4.17162324e-02 6.56541047e-04 6.56541047e-04]
  [4.01633982e-05 7.74706408e-02 3.15722257e+01 1.91391274e-03
   4.18201030e-02 6.57750337e-04 6.57750337e-04]
  [3.63734281e-05 7.60168628e-02 3.18626846e+01 1.91897097e-03
   3.92562236e-02 6.58287054e-04 6.58287054e-04]
  [3.81325598e-05 7.72339561e-02 3.17702534e+01 1.93294890e-03
   4.12086034e-02 6.57392309e-04 6.57392309e-04]
  [3.72471752e-05 7.72486344e-02 3.19197979e+01 1.95600635e-03
   3.96119796e-02 6.57555255e-04 6.57555255e-04]
  [3.58148158e-05 7.48018516e-02 3.36215159e+01 1.91822550e-03
   5.33947572e-02 6.58477223e-04 6.58477223e-04]
  [3.59492380e-05 7.46192705e-02 3.18848514e+01 1.91812441e-03
   4.45078183e-02 6.58884302e-04 6.58884302e-04]]

 [[3.60458981e-05 7.49369242e-02 3.15535752e+01 1.90964363e-03
   4.05430386e-02 6.58798545e-04 6.58798545e-04]
  [1.75950572e-06 2.18415423e-02 9.60468208e+01 2.66489676e-03
   1.07397840e-03 6.76987422e-04 7.05959423e-04]
  [4.20229239e-05 7.78658880e-02 3.16955235e+01 1.90826936e-03
   4.26681169e-02 6.56969604e-04 6.56969604e-04]
  [3.65280050e-05 7.55939688e-02 3.18709055e+01 1.91451152e-03
   5.33926828e-02 6.58159132e-04 6.58159132e-04]
  [3.73962907e-05 7.70078181e-02 3.20374350e+01 1.90465142e-03
   4.40925039e-02 6.57924053e-04 6.57924053e-04]
  [3.57003167e-05 7.48463398e-02 3.18545743e+01 1.92657637e-03
   4.42294091e-02 6.58319534e-04 6.58319534e-04]
  [3.49357323e-05 7.35802808e-02 3.17894676e+01 1.89222059e-03
   4.06139685e-02 6.59654085e-04 6.59654085e-04]
  [3.61678307e-05 7.54709864e-02 3.20645101e+01 1.92556796e-03
   3.87816558e-02 6.58316369e-04 6.58316369e-04]]

 [[3.64889090e-05 7.59172958e-02 3.20800328e+01 1.89408954e-03
   4.44052043e-02 6.58747750e-04 6.58747750e-04]
  [3.63717251e-05 7.61181991e-02 3.17598608e+01 1.91207231e-03
   4.76451280e-02 6.57836560e-04 6.57836560e-04]
  [3.86226759e-05 7.67637715e-02 3.18310273e+01 1.90545913e-03
   4.21845563e-02 6.57536220e-04 6.57536220e-04]
  [3.62461607e-05 7.52376873e-02 3.20839849e+01 1.92427405e-03
   5.38982022e-02 6.59075006e-04 6.59075006e-04]
  [3.65556009e-05 7.62076472e-02 3.18725185e+01 1.93584400e-03
   4.02283637e-02 6.58124952e-04 6.58124952e-04]
  [3.76700233e-05 7.64391433e-02 3.20144898e+01 1.91455501e-03
   3.95101250e-02 6.58006684e-04 6.58006684e-04]
  [3.24695656e-05 7.04728788e-02 3.54530274e+01 1.89659658e-03
   4.94158992e-02 6.60712506e-04 6.60712506e-04]
  [1.29529679e-05 3.78642406e-02 7.00569405e+01 2.22323835e-03
   1.13528237e-01 6.84729218e-04 6.84729218e-04]]]

Cumulative Reward: 13997.312574515696
