Scheduler Table:
[[[6.25927674e-06 2.43036047e-02 2.53106776e+01 1.32519581e-03
   1.27035686e-03 6.70298626e-04 6.70298626e-04]
  [5.72720186e-06 2.35689538e-02 2.67280267e+01 1.29736602e-03
   1.35255835e-03 6.70805900e-04 6.70805900e-04]
  [5.65230567e-06 2.41580491e-02 2.53097351e+01 1.34350723e-03
   1.25441845e-03 6.70013975e-04 6.70013975e-04]]

 [[5.30546691e-06 2.40948866e-02 2.53946300e+01 1.33306510e-03
   1.28754883e-03 6.69942806e-04 6.69942806e-04]
  [4.50393767e-05 7.52001885e-01 5.14683394e+01 1.73172608e-03
   1.16789640e-03 6.67950144e-04 6.68501810e-04]
  [5.23554118e-06 2.41145874e-02 2.54122890e+01 1.33130969e-03
   1.32040268e-03 6.69821019e-04 6.69821019e-04]]

 [[5.25158436e-06 2.41355645e-02 2.54571177e+01 1.33043439e-03
   1.31114906e-03 6.69823296e-04 6.69823296e-04]
  [5.35507770e-06 2.41518000e-02 2.53893450e+01 1.33643224e-03
   1.29748776e-03 6.69870140e-04 6.69870140e-04]
  [5.71904362e-06 2.42036306e-02 2.54408807e+01 1.33881814e-03
   1.25706841e-03 6.70041273e-04 6.70041273e-04]]]

Buffer Table:
[[[4.50393767e-05 7.52001885e-01 5.14683394e+01 1.73172608e-03
   1.16789640e-03 6.67950144e-04 6.68501810e-04]
  [4.80147356e-06 2.40107068e-02 2.55297682e+01 1.32346466e-03
   1.32788431e-03 6.70073138e-04 6.70073138e-04]
  [5.27222820e-06 2.41513536e-02 2.53755720e+01 1.32263175e-03
   1.30225707e-03 6.69965856e-04 6.69965856e-04]]

 [[5.32038658e-06 2.41774046e-02 2.54205533e+01 1.34283093e-03
   1.25621701e-03 6.69976180e-04 6.69976180e-04]
  [5.80972566e-06 2.42883919e-02 2.52447822e+01 1.31353988e-03
   1.27026014e-03 6.70221930e-04 6.70221930e-04]
  [5.14395908e-06 2.38524602e-02 2.58305036e+01 1.31025730e-03
   1.34138065e-03 6.70512307e-04 6.70512307e-04]]

 [[6.14968172e-06 2.30157206e-02 2.68107807e+01 1.28669231e-03
   1.34004939e-03 6.71697186e-04 6.71697186e-04]
  [5.42899538e-06 2.42159081e-02 2.53667202e+01 1.32222838e-03
   1.29066309e-03 6.70032369e-04 6.70032369e-04]
  [5.05160223e-06 2.41099607e-02 2.53936001e+01 1.31397443e-03
   1.34446098e-03 6.69864487e-04 6.69864487e-04]]]

Arbiter Table:
[[[4.50397281e-05 7.52002377e-01 5.14673375e+01 1.73172071e-03
   1.16789757e-03 6.67949371e-04 6.68501037e-04]
  [5.37134139e-06 2.41364994e-02 2.54721720e+01 1.33584749e-03
   1.27847776e-03 6.69927991e-04 6.69927991e-04]
  [5.48406303e-06 2.38679518e-02 2.58816398e+01 1.32047914e-03
   1.30659429e-03 6.70173881e-04 6.70173881e-04]]

 [[5.48689162e-06 2.41688083e-02 2.55460107e+01 1.34072705e-03
   1.25750464e-03 6.69981899e-04 6.69981899e-04]
  [5.60106675e-06 2.42082476e-02 2.53967004e+01 1.34045446e-03
   1.25432680e-03 6.70029746e-04 6.70029746e-04]
  [5.23741937e-06 2.40943106e-02 2.53982185e+01 1.33964979e-03
   1.28276890e-03 6.69855449e-04 6.69855449e-04]]

 [[5.38886104e-06 2.28341704e-02 2.82376858e+01 1.32654474e-03
   1.29997616e-03 6.71276847e-04 6.71276847e-04]
  [5.36759693e-06 2.41482708e-02 2.54243323e+01 1.34149915e-03
   1.26348371e-03 6.69932179e-04 6.69932179e-04]
  [5.64378072e-06 2.41767315e-02 2.53996791e+01 1.33392863e-03
   1.26431236e-03 6.70050512e-04 6.70050512e-04]]]

Page Table:
[[[5.95011626e-06 2.50515429e-02 2.54081676e+01 1.34733801e-03
   1.26984307e-03 6.70425296e-04 6.70425296e-04]
  [6.11270563e-06 2.50602572e-02 2.53105943e+01 1.33962429e-03
   1.27243558e-03 6.70507812e-04 6.70507812e-04]
  [5.64579280e-06 2.49220752e-02 2.52644153e+01 1.33514092e-03
   1.29167237e-03 6.70279382e-04 6.70279382e-04]
  [3.14889657e-06 1.99365971e-02 5.10403332e+01 1.70625547e-03
   1.08798935e-03 6.67853968e-04 6.68414035e-04]]

 [[5.85162312e-06 2.50005526e-02 2.54655045e+01 1.34483356e-03
   1.27935705e-03 6.70373950e-04 6.70373950e-04]
  [5.86091355e-06 2.49728200e-02 2.53600096e+01 1.33986959e-03
   1.27662455e-03 6.70403049e-04 6.70403049e-04]
  [5.74832157e-06 2.49690054e-02 2.51958571e+01 1.34585766e-03
   1.29898193e-03 6.70343840e-04 6.70343840e-04]
  [4.83379572e-06 2.37249780e-02 3.01422899e+01 1.32560363e-03
   1.29388292e-03 6.69938563e-04 6.69938563e-04]]

 [[5.91585274e-06 2.50673705e-02 2.52331668e+01 1.33496793e-03
   1.29750314e-03 6.70422446e-04 6.70422446e-04]
  [5.84717852e-06 2.50016968e-02 2.52119057e+01 1.34713507e-03
   1.29569023e-03 6.70414616e-04 6.70414616e-04]
  [5.85048968e-06 2.50115357e-02 2.52531742e+01 1.34503752e-03
   1.27318900e-03 6.70417103e-04 6.70417103e-04]
  [5.11052370e-06 2.43040775e-02 2.96947548e+01 1.39022786e-03
   1.28051915e-03 6.69793686e-04 6.69793686e-04]]

 [[4.68815365e-05 7.52047700e-01 5.05978363e+01 1.70087413e-03
   1.20382141e-03 6.67970599e-04 6.68130218e-04]
  [5.68145152e-06 2.49092519e-02 2.59617518e+01 1.35555564e-03
   1.28312342e-03 6.70317466e-04 6.70317466e-04]
  [5.80814464e-06 2.50370642e-02 2.52084708e+01 1.33715441e-03
   1.29992856e-03 6.70371696e-04 6.70371696e-04]
  [5.78801345e-06 2.49822547e-02 2.54946241e+01 1.35084169e-03
   1.26688093e-03 6.70360096e-04 6.70360096e-04]]]

Response Table:
[[[1.62303874e-05 2.11150964e-02 3.69421889e+01]
  [3.57831861e-06 2.35591448e-02 2.60522996e+01]]

 [[3.70055522e-06 2.36627711e-02 2.56102323e+01]
  [4.44895705e-05 7.52110376e-01 5.09642926e+01]]]

Refresh Table:
[[[4.50393767e-05 7.52001885e-01 5.14683394e+01]
  [4.27404719e-06 2.35690801e-02 2.55786698e+01]]

 [[4.26074943e-06 2.36573873e-02 2.62388840e+01]
  [7.15760202e-06 2.12002488e-02 3.72740676e+01]]]

Request Buffer Table:
[[[1.31894633e-05 1.13989556e-01 2.48524431e+01]
  [1.39019144e-05 1.21578917e-01 2.47536740e+01]
  [1.42948461e-05 1.22132421e-01 2.47398615e+01]
  [1.39361366e-05 1.17930977e-01 2.48749957e+01]
  [1.37168596e-05 1.15399812e-01 2.47740551e+01]
  [1.31274079e-05 1.10575725e-01 2.50882220e+01]
  [1.39015301e-05 1.16995978e-01 2.49159967e+01]
  [1.39213716e-05 1.21473613e-01 2.48981895e+01]]

 [[1.34768448e-05 1.17962922e-01 2.48599712e+01]
  [1.40192738e-05 1.21590152e-01 2.47376070e+01]
  [1.40349362e-05 1.23759791e-01 2.49461831e+01]
  [1.34108350e-05 1.13372030e-01 2.49840626e+01]
  [1.62878675e-05 1.15682566e-01 2.49794578e+01]
  [1.55062524e-05 1.23097475e-01 2.48954862e+01]
  [1.42111233e-05 1.15711418e-01 2.49692159e+01]
  [1.37271854e-05 1.15859977e-01 2.49620648e+01]]

 [[1.39083298e-05 1.18970365e-01 2.48459697e+01]
  [1.38797394e-05 1.18016737e-01 2.48269486e+01]
  [1.34963090e-05 1.17659266e-01 2.47953671e+01]
  [1.41260011e-05 1.18021219e-01 2.48069529e+01]
  [1.29454751e-05 1.12622986e-01 2.50227930e+01]
  [1.58441164e-05 1.22047668e-01 2.48071131e+01]
  [1.43247543e-05 1.14346303e-01 2.49119545e+01]
  [1.41123839e-05 1.13390809e-01 2.50075588e+01]]

 [[1.39017005e-05 1.22719731e-01 2.47077738e+01]
  [1.40366231e-05 1.17402561e-01 2.48202916e+01]
  [1.38438032e-05 1.16255624e-01 2.47945651e+01]
  [1.32953610e-05 1.16402143e-01 2.47571340e+01]
  [1.42633064e-05 1.15834346e-01 2.47864104e+01]
  [9.75501543e-06 6.49972921e-02 3.28781277e+01]
  [1.40450588e-05 1.15660264e-01 2.49241209e+01]
  [1.34506786e-05 1.14247127e-01 2.51312574e+01]]

 [[1.31203606e-05 1.13579965e-01 2.47712820e+01]
  [1.52420881e-05 1.23269279e-01 2.47910740e+01]
  [1.30500576e-05 1.15047587e-01 2.48775976e+01]
  [1.28959846e-05 1.04953728e-01 2.68826857e+01]
  [1.30840175e-05 1.13842289e-01 2.49410411e+01]
  [1.28661459e-05 1.08507847e-01 2.50626017e+01]
  [1.43178174e-05 1.13074310e-01 2.48011488e+01]
  [6.43747838e-06 2.02322007e-02 4.93617750e+01]]

 [[1.29982841e-05 1.12606625e-01 2.49173587e+01]
  [1.43281559e-05 1.16450831e-01 2.50050645e+01]
  [1.30657148e-05 1.15583453e-01 2.48887379e+01]
  [1.31859163e-05 1.13604118e-01 2.48876741e+01]
  [1.32178307e-05 1.15110584e-01 2.48650649e+01]
  [1.81503444e-05 1.21105327e-01 2.49470694e+01]
  [6.39046333e-06 2.02288149e-02 4.82442484e+01]
  [1.54306454e-05 1.18400755e-01 2.49750045e+01]]

 [[1.39498496e-05 1.19344750e-01 2.47410927e+01]
  [1.41628849e-05 1.20611772e-01 2.48431452e+01]
  [1.31154649e-05 1.13962314e-01 2.48765546e+01]
  [1.34595429e-05 1.12907575e-01 2.49607929e+01]
  [5.01217797e-05 7.52339281e-01 4.83200941e+01]
  [1.34178931e-05 1.15097863e-01 2.48980601e+01]
  [1.37807951e-05 1.13089738e-01 2.49911327e+01]
  [1.57265948e-05 1.13345727e-01 2.49409514e+01]]

 [[1.35242829e-05 1.15899389e-01 2.48350620e+01]
  [1.50582484e-05 1.20893492e-01 2.47517283e+01]
  [1.31277280e-05 1.15285612e-01 2.48872638e+01]
  [1.32206584e-05 1.11917640e-01 2.50037835e+01]
  [1.06265507e-05 8.14489004e-02 3.02521568e+01]
  [6.41392314e-06 2.02305055e-02 4.84183987e+01]
  [1.59557464e-05 1.13958407e-01 2.48738439e+01]
  [1.36700409e-05 1.15597908e-01 2.48599204e+01]]]

Ref Max Post Table:
[[[4.50393767e-05 7.52001885e-01 5.14683394e+01]
  [2.65434121e-06 2.18447676e-02 2.87348026e+01]
  [5.66960008e-06 2.49251297e-02 2.60776770e+01]
  [5.74261281e-06 2.49902014e-02 2.54098162e+01]]

 [[2.66332088e-06 2.18476340e-02 2.87130489e+01]
  [5.34058372e-06 2.29045584e-02 2.77223491e+01]
  [5.74850565e-06 2.49663434e-02 2.52492739e+01]
  [5.48395605e-06 2.43209590e-02 2.74740719e+01]]

 [[6.45638900e-06 2.38571253e-02 3.18323155e+01]
  [5.63259568e-06 2.49335886e-02 2.52835118e+01]
  [6.26377816e-06 2.51525644e-02 2.52334742e+01]
  [5.71336897e-06 2.49212443e-02 2.52564449e+01]]

 [[5.45881400e-06 2.33261137e-02 3.20780761e+01]
  [5.56724524e-06 2.49158655e-02 2.53804947e+01]
  [5.77887253e-06 2.49883284e-02 2.52344771e+01]
  [6.00780704e-06 2.51256386e-02 2.52742659e+01]]]

Ref Max Pull Table:
[[[5.91805330e-06 2.50108241e-02 2.52402698e+01]
  [6.01692521e-06 2.50083117e-02 2.58551106e+01]
  [5.56396816e-06 2.49460940e-02 2.53270402e+01]
  [3.14848438e-06 1.99360758e-02 5.10423572e+01]]

 [[5.84304559e-06 2.50175782e-02 2.54218863e+01]
  [6.01120291e-06 2.50506668e-02 2.54344005e+01]
  [5.23775001e-06 2.46861486e-02 2.65892185e+01]
  [5.82805383e-06 2.51568111e-02 2.53286957e+01]]

 [[5.88825390e-06 2.49807192e-02 2.52440255e+01]
  [5.86336346e-06 2.49785920e-02 2.52585651e+01]
  [5.95054212e-06 2.50170636e-02 2.53243617e+01]
  [5.98754266e-06 2.35618586e-02 3.07802109e+01]]

 [[4.68811279e-05 7.52047183e-01 5.05998425e+01]
  [5.56196965e-06 2.48814499e-02 2.54651536e+01]
  [5.56765536e-06 2.48852416e-02 2.53708721e+01]
  [5.62330146e-06 2.49138004e-02 2.53022901e+01]]]

Max Activate Table:
[[[1.50203590e-05 1.29401470e-01 2.47474103e+01 1.33460748e-03
   1.26580595e-03 6.56009528e-04 6.56009528e-04]
  [1.43114317e-05 1.17934717e-01 2.48259808e+01 1.33101782e-03
   1.26148257e-03 6.57449399e-04 6.57449399e-04]
  [1.38142687e-05 1.19903139e-01 2.48890988e+01 1.33382688e-03
   1.26034096e-03 6.57335019e-04 6.57335019e-04]
  [1.44720050e-05 1.21989818e-01 2.47440376e+01 1.33852627e-03
   1.25728251e-03 6.56915564e-04 6.56915564e-04]
  [1.34623217e-05 1.16488386e-01 2.49188577e+01 1.32349734e-03
   1.25715736e-03 6.57586939e-04 6.57586939e-04]
  [1.36358499e-05 1.17876737e-01 2.47539521e+01 1.33621356e-03
   1.25903857e-03 6.57469877e-04 6.57469877e-04]
  [1.38498267e-05 1.11607417e-01 2.49286232e+01 1.32889336e-03
   1.27948112e-03 6.58282912e-04 6.58282912e-04]
  [1.02760061e-05 8.83221210e-02 2.70650244e+01 1.32958689e-03
   1.28056307e-03 6.62443127e-04 6.62443127e-04]]

 [[1.38368309e-05 1.17331061e-01 2.50191557e+01 1.34529445e-03
   1.26571285e-03 6.57519175e-04 6.57519175e-04]
  [1.10066918e-05 8.84313296e-02 2.71228217e+01 1.32379409e-03
   1.30493852e-03 6.62680194e-04 6.62680194e-04]
  [1.39604403e-05 1.18265075e-01 2.48663160e+01 1.33158454e-03
   1.25646325e-03 6.57352863e-04 6.57352863e-04]
  [1.37137213e-05 1.17149918e-01 2.48077207e+01 1.32742052e-03
   1.26291471e-03 6.57605017e-04 6.57605017e-04]
  [1.39212858e-05 1.21012256e-01 2.49931375e+01 1.32952073e-03
   1.26322553e-03 6.57193379e-04 6.57193379e-04]
  [1.46788042e-05 1.13341042e-01 2.49890604e+01 1.34509728e-03
   1.25420446e-03 6.58058956e-04 6.58058956e-04]
  [1.61068570e-05 1.15271865e-01 2.49141811e+01 1.32738031e-03
   1.25694901e-03 6.57874995e-04 6.57874995e-04]
  [4.98092893e-05 7.52962988e-01 4.82177184e+01 1.60700328e-03
   1.28020966e-03 6.68291756e-04 6.68291756e-04]]

 [[1.36888503e-05 1.13635488e-01 2.48649583e+01 1.32603617e-03
   1.25358722e-03 6.57993930e-04 6.57993930e-04]
  [1.45260823e-05 1.16449470e-01 2.50727483e+01 1.34029565e-03
   1.25931468e-03 6.57738786e-04 6.57738786e-04]
  [1.41490137e-05 1.16108112e-01 2.50487935e+01 1.33533132e-03
   1.25494210e-03 6.57754777e-04 6.57754777e-04]
  [1.40988998e-05 1.20877278e-01 2.48108110e+01 1.32695756e-03
   1.27991942e-03 6.57112352e-04 6.57112352e-04]
  [1.34561673e-05 1.15516712e-01 2.49343687e+01 1.33600670e-03
   1.25270438e-03 6.57851938e-04 6.57851938e-04]
  [1.19340309e-05 9.15099152e-02 2.89875444e+01 1.33819949e-03
   1.30411671e-03 6.60655353e-04 6.60655353e-04]
  [1.37452801e-05 1.15862908e-01 2.48795937e+01 1.34174458e-03
   1.25678706e-03 6.57807110e-04 6.57807110e-04]
  [1.41184556e-05 1.20811546e-01 2.48026825e+01 1.33117587e-03
   1.25635332e-03 6.57389178e-04 6.57389178e-04]]

 [[1.42738025e-05 1.16482210e-01 2.49825390e+01 1.33353227e-03
   1.26879912e-03 6.57648755e-04 6.57648755e-04]
  [1.44407533e-05 1.24600536e-01 2.47786057e+01 1.33733471e-03
   1.26118427e-03 6.56679056e-04 6.56679056e-04]
  [1.39363736e-05 1.18711265e-01 2.48279605e+01 1.32842795e-03
   1.26541586e-03 6.57410946e-04 6.57410946e-04]
  [1.59726409e-05 1.16993714e-01 2.47814746e+01 1.32343928e-03
   1.27473987e-03 6.57635694e-04 6.57635694e-04]
  [1.33464340e-05 1.14434372e-01 2.50802266e+01 1.33436038e-03
   1.25436566e-03 6.57952600e-04 6.57952600e-04]
  [1.96312541e-05 1.17829048e-01 2.47806885e+01 1.33072529e-03
   1.26982166e-03 6.57523205e-04 6.57523205e-04]
  [1.35136925e-05 1.15397331e-01 2.49230591e+01 1.32674979e-03
   1.26833036e-03 6.57846734e-04 6.57846734e-04]
  [1.34263687e-05 1.13288840e-01 2.48318705e+01 1.33998225e-03
   1.25427722e-03 6.58043396e-04 6.58043396e-04]]

 [[1.42534875e-05 1.24212753e-01 2.47702489e+01 1.33174016e-03
   1.26121394e-03 6.56593139e-04 6.56593139e-04]
  [1.35965642e-05 1.18657050e-01 2.48125121e+01 1.32683969e-03
   1.25948225e-03 6.57393563e-04 6.57393563e-04]
  [1.35856244e-05 1.14624669e-01 2.51260570e+01 1.33236208e-03
   1.26783721e-03 6.57909405e-04 6.57909405e-04]
  [1.35502445e-05 1.17564748e-01 2.48250616e+01 1.31923416e-03
   1.26843005e-03 6.57567047e-04 6.57567047e-04]
  [1.40156140e-05 1.16257399e-01 2.48820751e+01 1.32687602e-03
   1.25711776e-03 6.57745163e-04 6.57745163e-04]
  [1.50492262e-05 1.13697840e-01 2.48942344e+01 1.34097750e-03
   1.25151786e-03 6.57997422e-04 6.57997422e-04]
  [1.51835459e-05 1.15069217e-01 2.50527625e+01 1.32478811e-03
   1.25152347e-03 6.57875267e-04 6.57875267e-04]
  [1.31442384e-05 1.11855556e-01 2.50432301e+01 1.33916864e-03
   1.25246390e-03 6.58239353e-04 6.58239353e-04]]

 [[1.39529363e-05 1.15845826e-01 2.49757497e+01 1.33084792e-03
   1.28031814e-03 6.57706858e-04 6.57706858e-04]
  [1.43507577e-05 1.15995584e-01 2.47926232e+01 1.33214461e-03
   1.26922803e-03 6.57724472e-04 6.57724472e-04]
  [1.38904625e-05 1.17203201e-01 2.49222630e+01 1.32144314e-03
   1.26953460e-03 6.57537869e-04 6.57537869e-04]
  [1.38474179e-05 1.14144407e-01 2.48143895e+01 1.33767672e-03
   1.25701489e-03 6.57979687e-04 6.57979687e-04]
  [1.34613702e-05 1.14911272e-01 2.49378769e+01 1.34183626e-03
   1.25051170e-03 6.57837182e-04 6.57837182e-04]
  [1.32510143e-05 1.12441666e-01 2.51558792e+01 1.31403088e-03
   1.29023445e-03 6.58111512e-04 6.58111512e-04]
  [6.09887705e-06 2.08593138e-02 4.83151857e+01 1.62080319e-03
   1.15488436e-03 6.68073565e-04 6.68073565e-04]
  [1.37364927e-05 1.14708555e-01 2.48195736e+01 1.32672509e-03
   1.29138780e-03 6.57930849e-04 6.57930849e-04]]

 [[1.36248671e-05 1.16029970e-01 2.50127958e+01 1.33602590e-03
   1.25545361e-03 6.57731615e-04 6.57731615e-04]
  [6.07669767e-06 2.08550677e-02 4.81414549e+01 1.60868956e-03
   1.16866816e-03 6.68209212e-04 6.68769279e-04]
  [1.42493082e-05 1.14628346e-01 2.48613348e+01 1.33839333e-03
   1.25122924e-03 6.57976094e-04 6.57976094e-04]
  [1.39433345e-05 1.16661294e-01 2.47448454e+01 1.32975324e-03
   1.28220986e-03 6.57664441e-04 6.57664441e-04]
  [1.37630233e-05 1.13837311e-01 2.49191338e+01 1.33407375e-03
   1.25318719e-03 6.58029237e-04 6.58029237e-04]
  [1.46418673e-05 1.15140410e-01 2.49668668e+01 1.32618660e-03
   1.28478290e-03 6.57816993e-04 6.57816993e-04]
  [1.43898089e-05 1.13642343e-01 2.49303101e+01 1.33686672e-03
   1.25391628e-03 6.58041359e-04 6.58041359e-04]
  [1.33743305e-05 1.13214723e-01 2.48954528e+01 1.32420925e-03
   1.28794698e-03 6.58111252e-04 6.58111252e-04]]

 [[1.33770217e-05 1.12383371e-01 2.48358590e+01 1.33933483e-03
   1.25124249e-03 6.58127404e-04 6.58127404e-04]
  [2.13974372e-05 9.31510862e-02 2.82807675e+01 1.33670955e-03
   1.26734204e-03 6.60818230e-04 6.60818230e-04]
  [1.36171537e-05 1.14394918e-01 2.49878243e+01 1.33647728e-03
   1.25579020e-03 6.57908642e-04 6.57908642e-04]
  [1.47090194e-05 1.19878403e-01 2.47229859e+01 1.33199628e-03
   1.27367643e-03 6.57292888e-04 6.57292888e-04]
  [1.42400276e-05 1.13430509e-01 2.48797509e+01 1.33809283e-03
   1.25192469e-03 6.58035804e-04 6.58035804e-04]
  [6.12114662e-06 2.08635752e-02 4.92581408e+01 1.61938247e-03
   1.15548566e-03 6.68083942e-04 6.68083942e-04]
  [1.46917507e-05 1.15851116e-01 2.48736037e+01 1.32485639e-03
   1.28847735e-03 6.57812629e-04 6.57812629e-04]
  [1.32486730e-05 1.11645364e-01 2.50745859e+01 1.33809417e-03
   1.25333034e-03 6.58238555e-04 6.58238555e-04]]]

Cumulative Reward: 7540.425673556255
