Scheduler Table:
[[[1.09987842e-05 2.89400278e-02 2.78103628e+01 9.67407536e-04
   9.83408012e-03 1.47785133e-03 1.47785133e-03]
  [1.07992209e-05 2.89805517e-02 2.78348066e+01 9.64989568e-04
   1.18579063e-02 1.47417055e-03 1.47417055e-03]
  [1.10202155e-05 2.89075981e-02 2.79473330e+01 9.62759258e-04
   9.12900041e-03 1.47833237e-03 1.47833237e-03]]

 [[1.08172933e-05 2.90143100e-02 2.78107325e+01 9.63489033e-04
   1.15436026e-02 1.47641179e-03 1.47641179e-03]
  [1.07845863e-05 2.89754882e-02 2.78105139e+01 9.59268719e-04
   1.03079040e-02 1.47063029e-03 1.47063029e-03]
  [1.15441446e-05 2.64898680e-02 2.90634532e+01 9.58742837e-04
   8.00298035e-03 1.47156131e-03 1.47156131e-03]]

 [[1.16221375e-05 2.90861462e-02 2.79919885e+01 9.59604660e-04
   8.98698664e-03 1.47814520e-03 1.47814520e-03]
  [1.01616900e-05 2.82218767e-02 2.84294559e+01 9.59923147e-04
   8.64132933e-03 1.47944678e-03 1.47944678e-03]
  [8.24133869e-07 2.12953428e-02 2.99378874e+01 9.71118038e-04
   8.66068614e-02 1.38092339e-03 1.48875597e-03]]]

Buffer Table:
[[[1.06830730e-05 2.90419665e-02 2.77734548e+01 9.62990848e-04
   1.14186338e-02 1.47612063e-03 1.47612063e-03]
  [8.38720028e-06 2.69117974e-02 2.87305937e+01 9.72114340e-04
   8.88891516e-03 1.47144883e-03 1.47144883e-03]
  [9.75051195e-06 2.89771774e-02 2.78903270e+01 9.59683686e-04
   1.02076077e-02 1.47840250e-03 1.47840250e-03]]

 [[1.03386249e-05 2.87772312e-02 2.80588771e+01 9.62811529e-04
   9.46353157e-03 1.47857948e-03 1.47857948e-03]
  [1.03625355e-06 2.14938700e-02 2.98659137e+01 9.69926646e-04
   8.66739106e-02 1.38165500e-03 1.48948758e-03]
  [9.57383391e-06 2.85537403e-02 2.81012468e+01 9.64927129e-04
   1.17116015e-02 1.48173198e-03 1.48173198e-03]]

 [[1.03384717e-05 2.89997350e-02 2.76332341e+01 9.59283289e-04
   9.44326204e-03 1.47137847e-03 1.47137847e-03]
  [8.31888338e-06 2.73585566e-02 2.86666319e+01 9.61828728e-04
   1.26132636e-02 1.48140852e-03 1.48140852e-03]
  [1.00270439e-05 2.89296758e-02 2.79510538e+01 9.66020313e-04
   1.06978590e-02 1.47782072e-03 1.47782072e-03]]]

Arbiter Table:
[[[8.24134385e-07 2.12953420e-02 2.99378877e+01 9.71118035e-04
   8.66068611e-02 1.38092339e-03 1.48875597e-03]
  [5.94089892e-06 2.65378626e-02 2.87200698e+01 9.57188701e-04
   1.02366767e-02 1.48116865e-03 1.48116865e-03]
  [1.00143391e-05 2.83280116e-02 2.81622627e+01 9.62559094e-04
   1.03203371e-02 1.47889749e-03 1.47889749e-03]]

 [[6.44634109e-06 2.55841084e-02 2.93960368e+01 9.56806742e-04
   9.89831370e-03 1.48289298e-03 1.48289298e-03]
  [6.12264167e-06 2.66618553e-02 2.87114314e+01 9.59088918e-04
   1.01405066e-02 1.48107765e-03 1.48107765e-03]
  [9.55282310e-06 2.88614999e-02 2.79152564e+01 9.65604414e-04
   1.06169524e-02 1.47768540e-03 1.47768540e-03]]

 [[9.28822214e-06 2.65930579e-02 2.92131624e+01 9.59682946e-04
   8.18419086e-03 1.47771504e-03 1.47771504e-03]
  [9.90028567e-06 2.89923220e-02 2.79507873e+01 9.65663555e-04
   1.17085494e-02 1.47017345e-03 1.47017345e-03]
  [1.05469439e-05 2.89857615e-02 2.79134637e+01 9.63711319e-04
   1.00301074e-02 1.47462757e-03 1.47462757e-03]]]

Page Table:
[[[8.24134385e-07 2.12953420e-02 2.99378877e+01 9.71118035e-04
   8.66068611e-02 1.38092339e-03 1.48875597e-03]
  [1.76161493e-05 2.96603681e-02 2.79696720e+01 9.60589047e-04
   1.02922947e-02 1.47192597e-03 1.47192597e-03]
  [1.82011124e-05 2.94802647e-02 2.79400324e+01 9.70385312e-04
   9.25630110e-03 1.47802063e-03 1.47802063e-03]
  [1.74095621e-05 2.94448885e-02 2.82255190e+01 9.68971123e-04
   1.06532022e-02 1.47784955e-03 1.47784955e-03]]

 [[1.24633998e-05 2.76322328e-02 2.87440214e+01 9.70094447e-04
   8.71224588e-03 1.47477167e-03 1.47477167e-03]
  [2.46225234e-05 2.96795113e-02 2.78612422e+01 9.63297143e-04
   9.63137198e-03 1.47623913e-03 1.47623913e-03]
  [1.95764337e-05 2.97027181e-02 2.78291524e+01 9.63046520e-04
   9.48550230e-03 1.47047088e-03 1.47047088e-03]
  [1.76764696e-05 2.95770516e-02 2.78464221e+01 9.55981843e-04
   1.29342249e-02 1.47877352e-03 1.47877352e-03]]

 [[1.90471479e-05 2.97391745e-02 2.77562258e+01 9.63238662e-04
   1.22238992e-02 1.46549967e-03 1.46549967e-03]
  [1.54387825e-05 2.88851361e-02 2.85740843e+01 9.67607700e-04
   8.62852446e-03 1.47364048e-03 1.47364048e-03]
  [1.78230552e-05 2.97194230e-02 2.78078585e+01 9.68060380e-04
   1.11779366e-02 1.47649164e-03 1.47649164e-03]
  [1.78169470e-05 2.97181108e-02 2.78524182e+01 9.67527719e-04
   9.95407669e-03 1.47493397e-03 1.47493397e-03]]

 [[1.35427373e-05 2.77394930e-02 2.89322045e+01 9.67445692e-04
   1.01750838e-02 1.47987608e-03 1.47987608e-03]
  [1.78195634e-05 2.97511303e-02 2.80292962e+01 9.62656747e-04
   1.13083077e-02 1.47812301e-03 1.47812301e-03]
  [1.71692117e-05 2.97099598e-02 2.78344697e+01 9.70451422e-04
   1.03716316e-02 1.47486840e-03 1.47486840e-03]
  [1.79007713e-05 2.97264954e-02 2.76636108e+01 9.54795080e-04
   1.33571374e-02 1.47575032e-03 1.47575032e-03]]]

Response Table:
[[[8.86406018e-06 2.84726457e-02 2.77959463e+01]
  [9.16538691e-06 2.84694024e-02 2.79223321e+01]]

 [[8.95987600e-06 2.84827964e-02 2.78515734e+01]
  [8.24134385e-07 2.12953420e-02 2.99378877e+01]]]

Refresh Table:
[[[1.11055896e-05 2.85696995e-02 2.79147862e+01]
  [9.14447657e-06 2.65614821e-02 2.90794597e+01]]

 [[1.16370000e-05 2.79020552e-02 2.82700938e+01]
  [8.24134385e-07 2.12953420e-02 2.99378877e+01]]]

Request Buffer Table:
[[[1.40234335e-04 4.62408979e-02 2.75059473e+01]
  [1.34763242e-04 4.53814813e-02 2.77601309e+01]
  [1.38459557e-04 4.59301957e-02 2.79374496e+01]
  [1.36890509e-04 4.56567213e-02 2.78744016e+01]
  [1.37412894e-04 4.57672201e-02 2.80241963e+01]
  [1.35473819e-04 4.55974837e-02 2.79955776e+01]
  [1.05813448e-04 4.08225410e-02 2.84556540e+01]
  [1.38926923e-04 4.60487250e-02 2.79123180e+01]]

 [[1.36868497e-04 4.56879500e-02 2.76668682e+01]
  [1.38299454e-04 4.59495510e-02 2.79249088e+01]
  [9.95241831e-05 3.96196317e-02 2.85729333e+01]
  [1.43920930e-04 4.63952621e-02 2.78986174e+01]
  [1.40915620e-04 4.60693202e-02 2.78533015e+01]
  [1.38767967e-04 4.60424586e-02 2.77634241e+01]
  [1.44933385e-04 4.67537689e-02 2.79708561e+01]
  [1.37052306e-04 4.57440458e-02 2.78953253e+01]]

 [[1.29203907e-04 4.45693481e-02 2.80048971e+01]
  [1.35132456e-04 4.53606544e-02 2.80065996e+01]
  [8.24134385e-07 2.12953420e-02 2.99378877e+01]
  [1.44818844e-04 4.68527117e-02 2.79813615e+01]
  [1.38592744e-04 4.55912196e-02 2.80298500e+01]
  [1.38270518e-04 4.58497776e-02 2.80299552e+01]
  [1.15496486e-04 4.23724288e-02 2.81369075e+01]
  [1.35727415e-04 4.55468257e-02 2.80092583e+01]]

 [[1.51980134e-04 4.77451581e-02 2.75222715e+01]
  [1.47072326e-04 4.70966030e-02 2.76731486e+01]
  [1.35606202e-04 4.55513583e-02 2.79646653e+01]
  [1.56022174e-04 4.63727227e-02 2.76571279e+01]
  [1.44182536e-04 4.59479472e-02 2.78642997e+01]
  [1.54985206e-04 4.65508198e-02 2.78426886e+01]
  [1.42752410e-04 4.63435823e-02 2.77067153e+01]
  [1.35826009e-04 4.55468480e-02 2.77500701e+01]]

 [[1.47911914e-04 4.56430839e-02 2.75815185e+01]
  [1.30264582e-04 4.47270778e-02 2.80996255e+01]
  [1.36113738e-04 4.54149578e-02 2.76808009e+01]
  [1.41466226e-04 4.60391359e-02 2.80370056e+01]
  [1.48946942e-04 4.55189450e-02 2.79396848e+01]
  [1.42062441e-04 4.63817599e-02 2.77909573e+01]
  [1.43671737e-04 4.66591945e-02 2.77238692e+01]
  [1.38576706e-04 4.59735549e-02 2.78185100e+01]]

 [[1.41915799e-04 4.64282585e-02 2.78983338e+01]
  [1.36991288e-04 4.57275035e-02 2.77754776e+01]
  [1.40834809e-04 4.63008074e-02 2.78211032e+01]
  [1.42676510e-04 4.64354490e-02 2.79216339e+01]
  [1.30793710e-04 4.47880554e-02 2.80346335e+01]
  [1.32184352e-04 4.50492593e-02 2.81074015e+01]
  [1.44235498e-04 4.68108268e-02 2.80665655e+01]
  [1.35048564e-04 4.54948851e-02 2.80706858e+01]]

 [[1.45309293e-04 4.68779708e-02 2.76185011e+01]
  [1.32006874e-04 4.50874725e-02 2.77789149e+01]
  [7.14162792e-05 3.52446998e-02 2.89228507e+01]
  [1.46069301e-04 4.63156808e-02 2.76386788e+01]
  [1.35023769e-04 4.53866784e-02 2.76646189e+01]
  [1.40412379e-04 4.61972682e-02 2.78292343e+01]
  [1.45822362e-04 4.69749685e-02 2.78394111e+01]
  [1.54358397e-04 4.80051062e-02 2.78229143e+01]]

 [[1.32304336e-04 4.49938195e-02 2.76471750e+01]
  [1.44232757e-04 4.67191463e-02 2.76953661e+01]
  [1.34973955e-04 4.53523930e-02 2.81504676e+01]
  [1.53626962e-04 4.80759027e-02 2.78728162e+01]
  [1.37130776e-04 4.58496713e-02 2.77947412e+01]
  [1.64082226e-04 4.84360447e-02 2.76703737e+01]
  [1.40945300e-04 4.62074705e-02 2.79482217e+01]
  [1.33787417e-04 4.52602646e-02 2.80975172e+01]]]

Ref Max Post Table:
[[[1.87589000e-05 2.97761955e-02 2.78611546e+01]
  [2.05676729e-05 2.96728239e-02 2.78804532e+01]
  [2.26750707e-05 2.98251041e-02 2.77964467e+01]
  [1.43043042e-05 2.80792462e-02 2.87050680e+01]]

 [[1.79233824e-05 2.96511936e-02 2.77877373e+01]
  [2.09025641e-05 2.96664430e-02 2.79085406e+01]
  [2.09184934e-05 2.96107398e-02 2.78218222e+01]
  [1.79292076e-05 2.81058227e-02 2.88800356e+01]]

 [[1.95646754e-05 2.97621405e-02 2.80191889e+01]
  [2.13346427e-05 2.97155179e-02 2.79614679e+01]
  [1.78024488e-05 2.96547584e-02 2.78620352e+01]
  [1.40533724e-05 2.74789330e-02 2.89313237e+01]]

 [[1.89008145e-05 2.96090673e-02 2.81126501e+01]
  [2.27314113e-05 2.93456724e-02 2.81889564e+01]
  [1.83972842e-05 2.94729344e-02 2.81616428e+01]
  [8.24863119e-07 2.12956745e-02 2.99377567e+01]]]

Ref Max Pull Table:
[[[1.80013278e-05 2.96279798e-02 2.78106338e+01]
  [2.08955177e-06 2.15847571e-02 3.00831250e+01]
  [1.90827270e-05 2.97815634e-02 2.78404709e+01]
  [2.07172353e-05 2.96464131e-02 2.79393211e+01]]

 [[2.06727045e-06 2.15793697e-02 3.00226734e+01]
  [1.35143133e-05 2.53783086e-02 2.92757856e+01]
  [1.84111506e-05 2.94732142e-02 2.80500836e+01]
  [6.68849613e-06 2.44292006e-02 2.92951834e+01]]

 [[1.86260269e-05 2.96941901e-02 2.78522270e+01]
  [1.36386818e-05 2.74443462e-02 2.88147511e+01]
  [2.21795464e-05 2.97197008e-02 2.77433277e+01]
  [2.57354679e-05 2.97400707e-02 2.77571546e+01]]

 [[1.89599100e-05 2.95719198e-02 2.79233200e+01]
  [1.28405336e-05 2.53810785e-02 2.93325541e+01]
  [1.96922577e-05 2.96382110e-02 2.81025661e+01]
  [1.90547183e-05 2.98893913e-02 2.79142312e+01]]]

Max Activate Table:
[[[1.61945353e-04 4.69108062e-02 2.77914225e+01 9.55046253e-04
   1.12170489e-02 1.45490533e-03 1.45490533e-03]
  [1.54899144e-04 4.60505872e-02 2.77312821e+01 9.65229193e-04
   1.09363920e-02 1.46609008e-03 1.46609008e-03]
  [1.55752848e-04 4.62627135e-02 2.79198315e+01 9.61619918e-04
   1.06502431e-02 1.46807223e-03 1.46807223e-03]
  [1.53255006e-04 4.59296745e-02 2.78219741e+01 9.60199710e-04
   1.11879260e-02 1.45852851e-03 1.45852851e-03]
  [1.60380939e-04 4.69046563e-02 2.78396290e+01 9.56000229e-04
   1.22723253e-02 1.46241160e-03 1.46241160e-03]
  [1.57652214e-04 4.63539612e-02 2.78877199e+01 9.66917737e-04
   1.07718567e-02 1.46433257e-03 1.46433257e-03]
  [1.43089999e-04 4.47288972e-02 2.80074719e+01 9.50382110e-04
   1.25318917e-02 1.46698732e-03 1.46698732e-03]
  [1.49319973e-04 4.54176142e-02 2.78389738e+01 9.56295167e-04
   1.33487232e-02 1.46928741e-03 1.46928741e-03]]

 [[1.67263380e-04 4.76019526e-02 2.75615470e+01 9.59790077e-04
   1.10406688e-02 1.46572146e-03 1.46572146e-03]
  [1.71840423e-04 4.81103745e-02 2.79635805e+01 9.69498300e-04
   1.16162185e-02 1.46503280e-03 1.46503280e-03]
  [2.17594632e-06 2.14165578e-02 3.03095889e+01 9.70370051e-04
   5.90320153e-03 1.42686910e-03 1.42686910e-03]
  [1.68210660e-04 4.77259815e-02 2.79016976e+01 9.69703836e-04
   1.10121326e-02 1.46545991e-03 1.46545991e-03]
  [1.49630099e-04 4.52677417e-02 2.78033040e+01 9.64711672e-04
   1.45941247e-02 1.46671775e-03 1.46671775e-03]
  [1.51649328e-04 4.57110598e-02 2.78271165e+01 9.64556927e-04
   1.10546880e-02 1.46570713e-03 1.46570713e-03]
  [7.92086517e-05 3.42788143e-02 2.94198904e+01 9.64238440e-04
   9.76760590e-03 1.47159199e-03 1.47159199e-03]
  [1.53598680e-04 4.59177231e-02 2.77195548e+01 9.55286669e-04
   1.34651698e-02 1.46800926e-03 1.46800926e-03]]

 [[1.55189387e-04 4.61855293e-02 2.78235556e+01 9.57626275e-04
   1.05333772e-02 1.46230218e-03 1.46230218e-03]
  [1.71215962e-04 4.77029749e-02 2.77251839e+01 9.64180371e-04
   1.23374696e-02 1.46582466e-03 1.46582466e-03]
  [1.47730323e-04 4.53229490e-02 2.79373963e+01 9.57355257e-04
   1.32405641e-02 1.46847087e-03 1.46847087e-03]
  [1.51385193e-04 4.57845031e-02 2.78939849e+01 9.69115785e-04
   1.16186734e-02 1.46467983e-03 1.46467983e-03]
  [1.62406507e-04 4.57219858e-02 2.79090120e+01 9.57543873e-04
   1.08317278e-02 1.46698531e-03 1.46698531e-03]
  [1.58868009e-04 4.65605735e-02 2.78215849e+01 9.55975863e-04
   1.14986274e-02 1.45572802e-03 1.45572802e-03]
  [2.16567537e-06 2.14155466e-02 3.02817440e+01 9.69153993e-04
   8.91206814e-02 1.41569174e-03 1.52352432e-03]
  [1.52725296e-04 4.58706602e-02 2.78177132e+01 9.64873366e-04
   1.34608088e-02 1.46744607e-03 1.46744607e-03]]

 [[1.53720243e-04 4.58461180e-02 2.76817897e+01 9.52744921e-04
   1.15939640e-02 1.46544626e-03 1.46544626e-03]
  [1.50669979e-04 4.56732338e-02 2.77221132e+01 9.61751850e-04
   1.11917543e-02 1.46596600e-03 1.46596600e-03]
  [1.52447806e-04 4.59936614e-02 2.77356607e+01 9.55903612e-04
   1.20339874e-02 1.45841387e-03 1.45841387e-03]
  [1.58852744e-04 4.66438224e-02 2.77083767e+01 9.72733806e-04
   1.07739623e-02 1.46610777e-03 1.46610777e-03]
  [1.46759411e-04 4.51740909e-02 2.77518160e+01 9.65432063e-04
   1.07852117e-02 1.46356368e-03 1.46356368e-03]
  [1.53442594e-04 4.60456080e-02 2.79922550e+01 9.64574561e-04
   1.09001101e-02 1.45936064e-03 1.45936064e-03]
  [1.54413321e-04 4.54605518e-02 2.80860145e+01 9.57212203e-04
   1.07674289e-02 1.46903997e-03 1.46903997e-03]
  [1.55067288e-04 4.62522595e-02 2.78550053e+01 9.70630568e-04
   1.08580390e-02 1.46677777e-03 1.46677777e-03]]

 [[1.61794631e-04 4.55849200e-02 2.79246779e+01 9.66685801e-04
   1.07387742e-02 1.46329172e-03 1.46329172e-03]
  [1.61338414e-04 4.69072857e-02 2.76298836e+01 9.60905743e-04
   1.09047390e-02 1.46508546e-03 1.46508546e-03]
  [1.54799691e-04 4.59596587e-02 2.79301888e+01 9.61212032e-04
   1.43852553e-02 1.46352445e-03 1.46352445e-03]
  [1.53377798e-04 4.59800740e-02 2.76694095e+01 9.58631452e-04
   1.11094452e-02 1.46702053e-03 1.46702053e-03]
  [1.54947353e-04 4.60305496e-02 2.79609998e+01 9.60980508e-04
   1.09187878e-02 1.46547952e-03 1.46547952e-03]
  [1.52150189e-04 4.56890454e-02 2.77408791e+01 9.63382228e-04
   1.07783937e-02 1.46498745e-03 1.46498745e-03]
  [1.47529749e-04 4.50534581e-02 2.79719001e+01 9.57630072e-04
   1.27302734e-02 1.46595353e-03 1.46595353e-03]
  [1.36015965e-04 4.31218923e-02 2.83913206e+01 9.59127777e-04
   1.07116897e-02 1.47443508e-03 1.47443508e-03]]

 [[1.56635320e-04 4.64432880e-02 2.76719533e+01 9.71374122e-04
   1.09003392e-02 1.46729927e-03 1.46729927e-03]
  [1.43635594e-04 4.49346870e-02 2.81207383e+01 9.64649819e-04
   1.19493404e-02 1.46463874e-03 1.46463874e-03]
  [1.58410350e-04 4.66641602e-02 2.78046218e+01 9.57224544e-04
   1.16502222e-02 1.46475113e-03 1.46475113e-03]
  [1.60114197e-04 4.61374818e-02 2.80353125e+01 9.63109772e-04
   1.08729262e-02 1.46178433e-03 1.46178433e-03]
  [1.54339036e-04 4.61393902e-02 2.76934285e+01 9.60356847e-04
   1.37363557e-02 1.46348501e-03 1.46348501e-03]
  [1.55014366e-04 4.62029394e-02 2.77442038e+01 9.67042749e-04
   1.17263273e-02 1.46599957e-03 1.46599957e-03]
  [1.47997368e-04 4.52917944e-02 2.78204193e+01 9.56573368e-04
   1.11918726e-02 1.46754556e-03 1.46754556e-03]
  [1.59776142e-04 4.55093303e-02 2.77096105e+01 9.66416456e-04
   1.09752484e-02 1.46696120e-03 1.46696120e-03]]

 [[1.52847661e-04 4.57021103e-02 2.78025449e+01 9.64779080e-04
   1.17990081e-02 1.47024725e-03 1.47024725e-03]
  [1.44029222e-04 4.47575914e-02 2.79125707e+01 9.57055030e-04
   1.25456826e-02 1.46535236e-03 1.46535236e-03]
  [1.60141254e-04 4.68517715e-02 2.79246164e+01 9.47729183e-04
   1.18342994e-02 1.46575580e-03 1.46575580e-03]
  [1.49925002e-04 4.56664276e-02 2.79021335e+01 9.67707487e-04
   1.08726932e-02 1.45575756e-03 1.45575756e-03]
  [1.61503553e-04 4.68604237e-02 2.78615461e+01 9.51457156e-04
   1.18268991e-02 1.46426659e-03 1.46426659e-03]
  [1.51075854e-04 4.52930027e-02 2.78911981e+01 9.68863666e-04
   1.13210046e-02 1.46795115e-03 1.46795115e-03]
  [1.46857034e-04 4.49681750e-02 2.78449039e+01 9.58638603e-04
   1.27430610e-02 1.47063146e-03 1.47063146e-03]
  [2.19671701e-06 2.14190330e-02 3.04026096e+01 9.78583653e-04
   5.91980567e-03 1.43176641e-03 1.43176641e-03]]

 [[1.55691902e-04 4.62104371e-02 2.77590374e+01 9.47443499e-04
   1.23498785e-02 1.46180964e-03 1.46180964e-03]
  [2.18629518e-06 2.14178319e-02 3.04330263e+01 9.75922351e-04
   5.90415242e-03 1.43371887e-03 1.43371887e-03]
  [1.53132161e-04 4.59262557e-02 2.79267059e+01 9.54647467e-04
   1.62381779e-02 1.46996246e-03 1.46996246e-03]
  [1.47134231e-04 4.53208219e-02 2.80457463e+01 9.60677665e-04
   1.23061082e-02 1.46443358e-03 1.46443358e-03]
  [1.60053892e-04 4.66070249e-02 2.75603044e+01 9.59529028e-04
   1.17076778e-02 1.46573147e-03 1.46573147e-03]
  [1.54818874e-04 4.57636261e-02 2.80275203e+01 9.70026063e-04
   1.14421762e-02 1.46502723e-03 1.46502723e-03]
  [1.63609393e-04 4.58283120e-02 2.76022432e+01 9.66957828e-04
   1.06103689e-02 1.46899755e-03 1.46899755e-03]
  [1.54880191e-04 4.62594662e-02 2.79679707e+01 9.69923899e-04
   1.08749423e-02 1.46647318e-03 1.46647318e-03]]]

Cumulative Reward: 5909.7396223350715
