Scheduler Table:
[[[1.17501554e-05 2.95852951e-02 3.84911468e+01 7.85052768e-04
   2.28343060e-03 2.02861875e-03 2.02861875e-03]
  [1.01351140e-05 2.95943272e-02 3.90882794e+01 7.85037764e-04
   2.28346272e-03 2.02860730e-03 2.02860730e-03]
  [1.00735717e-05 2.96380537e-02 3.88123845e+01 7.85026307e-04
   2.28341294e-03 2.02854278e-03 2.02854278e-03]]

 [[1.23603774e-05 2.95875460e-02 3.83955401e+01 7.85055404e-04
   2.28372793e-03 2.02890842e-03 2.02890842e-03]
  [1.41638150e-05 2.12431341e-02 4.99340796e+01 8.30417948e-04
   1.34232130e-03 1.24955205e-03 1.33918581e-03]
  [6.10305253e-06 2.21923291e-02 4.50678720e+01 9.07217316e-04
   1.22285760e-03 1.19855221e-03 1.19855221e-03]]

 [[9.35285339e-06 2.96699695e-02 3.88463547e+01 7.85042191e-04
   2.28328830e-03 2.02843502e-03 2.02843502e-03]
  [6.91127678e-06 2.42355434e-02 4.52251334e+01 8.64536071e-04
   1.58782181e-03 1.48463284e-03 1.48463284e-03]
  [9.69030010e-06 2.96490524e-02 3.87958513e+01 7.85042675e-04
   2.28337850e-03 2.02852909e-03 2.02852909e-03]]]

Buffer Table:
[[[8.64195747e-06 2.72297805e-02 4.13539347e+01 8.14991407e-04
   1.95986241e-03 1.77866728e-03 1.77866728e-03]
  [9.43178942e-06 2.96294338e-02 3.88097910e+01 7.85046077e-04
   2.28320085e-03 2.02837081e-03 2.02837081e-03]
  [1.04955816e-05 2.16046321e-02 4.87289977e+01 8.48467389e-04
   1.26994767e-03 1.25917139e-03 1.25917139e-03]]

 [[1.09005476e-05 2.15994714e-02 4.89448536e+01 8.46163314e-04
   1.35325223e-03 1.25110752e-03 1.34074129e-03]
  [1.89602901e-05 2.96133086e-02 3.89351826e+01 7.85049884e-04
   2.28323173e-03 2.02841157e-03 2.02841157e-03]
  [9.63233803e-06 2.96799960e-02 3.82326860e+01 7.85052679e-04
   2.28322092e-03 2.02839786e-03 2.02839786e-03]]

 [[9.14330155e-06 2.95931216e-02 3.90205876e+01 7.85051322e-04
   2.28336074e-03 2.02853124e-03 2.02853124e-03]
  [1.16179167e-05 2.16020025e-02 4.85909915e+01 8.48290911e-04
   1.26983874e-03 1.25912237e-03 1.25912237e-03]
  [9.04793467e-06 2.95879476e-02 3.87823830e+01 7.85033237e-04
   2.28325921e-03 2.02840191e-03 2.02840191e-03]]]

Arbiter Table:
[[[1.41327676e-05 2.12102322e-02 4.99296509e+01 8.31028577e-04
   1.33660558e-03 1.24511627e-03 1.33475003e-03]
  [8.39901388e-06 2.88666081e-02 4.18943747e+01 7.85070582e-04
   2.28424722e-03 2.02945225e-03 2.02945225e-03]
  [1.10442233e-05 2.93887470e-02 3.93872704e+01 7.85058260e-04
   2.28366528e-03 2.02884878e-03 2.02884878e-03]]

 [[8.34407136e-06 2.69980378e-02 4.94205214e+01 7.85149517e-04
   2.28665888e-03 2.03198345e-03 2.03198345e-03]
  [1.00585597e-05 2.97305380e-02 3.81553389e+01 7.85040452e-04
   2.28338638e-03 2.02853827e-03 2.02853827e-03]
  [1.23379445e-05 2.95954179e-02 3.87725633e+01 7.85053627e-04
   2.28338001e-03 2.02854893e-03 2.02854893e-03]]

 [[1.64048727e-05 2.96119593e-02 3.88262600e+01 7.85049076e-04
   2.28357064e-03 2.02873351e-03 2.02873351e-03]
  [8.36745354e-06 2.87799884e-02 4.26657830e+01 7.85067273e-04
   2.28447369e-03 2.02966583e-03 2.02966583e-03]
  [9.56496846e-06 2.96314328e-02 3.86673479e+01 7.85037381e-04
   2.28314445e-03 2.02828987e-03 2.02828987e-03]]]

Page Table:
[[[9.88062533e-06 3.13589974e-02 3.95155934e+01 7.84932433e-04
   2.28110003e-03 2.02606073e-03 2.02606073e-03]
  [9.48670851e-06 2.66274133e-02 5.12522573e+01 7.85110415e-04
   2.28554083e-03 2.03080380e-03 2.03080380e-03]
  [9.21360999e-06 3.14850320e-02 3.81811116e+01 7.84929574e-04
   2.28072989e-03 2.02569859e-03 2.02569859e-03]
  [1.15611076e-05 3.12034678e-02 3.96032830e+01 7.84939910e-04
   2.28143746e-03 2.02641524e-03 2.02641524e-03]]

 [[9.03236247e-06 2.97661661e-02 4.37571138e+01 7.84997680e-04
   2.28253944e-03 2.02761140e-03 2.02761140e-03]
  [1.41327676e-05 2.12102322e-02 4.99296509e+01 8.31028577e-04
   1.33660558e-03 1.24511627e-03 1.33475003e-03]
  [9.25155634e-06 3.11739886e-02 3.85156934e+01 7.84946178e-04
   2.28117433e-03 2.02618058e-03 2.02618058e-03]
  [1.14031731e-05 3.10207704e-02 3.92569716e+01 7.84944920e-04
   2.28140360e-03 2.02641023e-03 2.02641023e-03]]

 [[9.71459517e-06 3.07155276e-02 4.14278745e+01 7.84963989e-04
   2.28159274e-03 2.02660910e-03 2.02660910e-03]
  [8.68098319e-06 3.12765674e-02 3.91208988e+01 7.84940347e-04
   2.28117105e-03 2.02615804e-03 2.02615804e-03]
  [1.00205964e-05 3.14289852e-02 3.85683249e+01 7.84939313e-04
   2.28088445e-03 2.02587086e-03 2.02587086e-03]
  [9.47787020e-06 3.13856260e-02 3.87573667e+01 7.84935466e-04
   2.28107886e-03 2.02605055e-03 2.02605055e-03]]

 [[1.11380560e-05 2.99159406e-02 4.30135222e+01 7.84991641e-04
   2.28235196e-03 2.02741837e-03 2.02741837e-03]
  [8.66492275e-06 3.12615069e-02 3.92947499e+01 7.84940489e-04
   2.28115047e-03 2.02613147e-03 2.02613147e-03]
  [9.61135658e-06 3.13253166e-02 3.84073475e+01 7.84931046e-04
   2.28123659e-03 2.02620069e-03 2.02620069e-03]
  [1.21633527e-05 3.12711342e-02 3.86819032e+01 7.84950004e-04
   2.28142848e-03 2.02644103e-03 2.02644103e-03]]]

Response Table:
[[[1.01087358e-05 2.88129410e-02 3.81845985e+01]
  [1.11456882e-05 2.87786880e-02 3.86635747e+01]]

 [[1.09808096e-05 2.87484066e-02 3.88239005e+01]
  [1.41327676e-05 2.12102322e-02 4.99296509e+01]]]

Refresh Table:
[[[9.59001416e-06 2.88580802e-02 3.86702642e+01]
  [1.15328552e-05 2.69469573e-02 4.65466965e+01]]

 [[9.32064644e-06 2.84581769e-02 4.06156850e+01]
  [1.41327676e-05 2.12102322e-02 4.99296509e+01]]]

Request Buffer Table:
[[[1.92828283e-04 1.67022397e+00 3.74930542e+01]
  [1.89470796e-04 1.62435215e+00 3.74431864e+01]
  [1.93212323e-04 1.66681897e+00 3.80006156e+01]
  [1.91474504e-04 1.65285454e+00 3.80781199e+01]
  [1.84563442e-04 1.59022426e+00 3.81737644e+01]
  [8.91418577e-05 7.49687406e-01 4.96455844e+01]
  [1.87470615e-04 1.61928662e+00 3.82316476e+01]
  [1.96908933e-04 1.69087338e+00 3.79565351e+01]]

 [[1.92220119e-04 1.65843873e+00 3.72536178e+01]
  [2.00787648e-04 1.74009751e+00 3.74479465e+01]
  [1.93513369e-04 1.62632303e+00 3.84316025e+01]
  [1.93056799e-04 1.66578486e+00 3.77959044e+01]
  [1.85988686e-04 1.59919098e+00 3.79420096e+01]
  [1.90308880e-04 1.64036206e+00 3.79220774e+01]
  [1.90656932e-04 1.61732065e+00 3.79613161e+01]
  [1.91955889e-04 1.65914920e+00 3.79429119e+01]]

 [[1.95670839e-04 1.68379510e+00 3.73840834e+01]
  [1.95119280e-04 1.67634778e+00 3.75171441e+01]
  [1.93571837e-04 1.67274800e+00 3.80140878e+01]
  [2.00846707e-04 1.73374968e+00 3.76866114e+01]
  [1.82091956e-04 1.54448021e+00 3.87628829e+01]
  [2.10677656e-04 1.78773163e+00 3.75428470e+01]
  [1.91679130e-04 1.64073720e+00 3.78163728e+01]
  [1.90272414e-04 1.64669319e+00 3.81321333e+01]]

 [[2.00143499e-04 1.72799337e+00 3.77731470e+01]
  [1.93573639e-04 1.66208397e+00 3.75375406e+01]
  [1.90428715e-04 1.64411045e+00 3.81759262e+01]
  [1.90873713e-04 1.64279290e+00 3.78339308e+01]
  [1.83457840e-04 1.58171579e+00 3.81644861e+01]
  [1.95931849e-04 1.69400366e+00 3.78880690e+01]
  [1.77923696e-04 1.53610797e+00 3.88364289e+01]
  [1.98466651e-04 1.71469292e+00 3.80951443e+01]]

 [[1.97165135e-04 1.61587785e+00 3.75359431e+01]
  [1.89409810e-04 1.60850685e+00 3.78006584e+01]
  [1.94072117e-04 1.66874357e+00 3.73380402e+01]
  [1.78769727e-04 1.54384506e+00 3.87243725e+01]
  [1.87838752e-04 1.61909297e+00 3.76128655e+01]
  [1.95657311e-04 1.67125984e+00 3.75084955e+01]
  [1.87710956e-04 1.61355464e+00 3.80360023e+01]
  [1.88300233e-04 1.62235902e+00 3.81268046e+01]]

 [[1.68174384e-04 1.45005288e+00 4.05419169e+01]
  [1.93373524e-04 1.63701825e+00 3.74085117e+01]
  [1.91170903e-04 1.65383599e+00 3.78643424e+01]
  [1.89541267e-04 1.63774899e+00 3.82294576e+01]
  [1.85543641e-04 1.59323390e+00 3.81033967e+01]
  [1.41327676e-05 2.12102322e-02 4.99296509e+01]
  [1.90714636e-04 1.64652467e+00 3.86362429e+01]
  [1.89454077e-04 1.63753303e+00 3.83298266e+01]]

 [[1.50124725e-04 1.28777615e+00 4.19112878e+01]
  [2.00723067e-04 1.70787016e+00 3.76396056e+01]
  [1.88331279e-04 1.62096730e+00 3.76460637e+01]
  [1.96070816e-04 1.68990235e+00 3.77695697e+01]
  [1.82259701e-04 1.56819568e+00 3.76948909e+01]
  [1.92467416e-04 1.64586498e+00 3.78281256e+01]
  [1.91281649e-04 1.65167811e+00 3.77458832e+01]
  [2.12533125e-04 1.77644576e+00 3.74477056e+01]]

 [[1.90609258e-04 1.63930197e+00 3.72516779e+01]
  [1.89889469e-04 1.63266271e+00 3.72012090e+01]
  [1.91186554e-04 1.65344617e+00 3.79972678e+01]
  [1.99892471e-04 1.71962640e+00 3.76914545e+01]
  [1.91313009e-04 1.65390950e+00 3.79896265e+01]
  [2.05629560e-04 1.77176327e+00 3.75200768e+01]
  [1.87227624e-04 1.61814901e+00 3.81899617e+01]
  [1.88126909e-04 1.62424079e+00 3.79158041e+01]]]

Ref Max Post Table:
[[[9.00864640e-06 3.14573523e-02 3.86947123e+01]
  [9.80419382e-06 3.13614244e-02 3.86530405e+01]
  [1.01052476e-05 3.06171264e-02 4.11953759e+01]
  [9.62354421e-06 3.12953531e-02 3.90615359e+01]]

 [[9.95160201e-06 3.13316796e-02 3.86421652e+01]
  [9.61614202e-06 3.12326534e-02 3.88211322e+01]
  [1.09068897e-05 3.08221605e-02 4.05922960e+01]
  [8.74344094e-06 3.12886959e-02 3.89433157e+01]]

 [[9.17556170e-06 3.14584034e-02 3.91766623e+01]
  [1.00876941e-05 3.13341713e-02 3.89937489e+01]
  [9.00136676e-06 3.13651873e-02 3.88468587e+01]
  [2.02755158e-05 2.71453429e-02 4.66620469e+01]]

 [[9.30393459e-06 3.11965663e-02 3.93913485e+01]
  [9.76236762e-06 3.09241848e-02 4.00495569e+01]
  [9.26467137e-06 3.02423152e-02 4.17830701e+01]
  [1.41228759e-05 2.12124394e-02 4.99282260e+01]]]

Ref Max Pull Table:
[[[9.55632354e-06 3.10971566e-02 3.90738261e+01]
  [1.24009516e-05 2.15028569e-02 4.94469765e+01]
  [9.70377395e-06 3.13134286e-02 3.89826856e+01]
  [1.20821677e-05 3.12789792e-02 3.91307377e+01]]

 [[1.25651300e-05 2.15060683e-02 4.92886243e+01]
  [7.23106829e-06 2.44121563e-02 4.50805277e+01]
  [1.03689065e-05 3.11273000e-02 3.94172681e+01]
  [1.12246816e-05 3.12326184e-02 3.91477481e+01]]

 [[1.03562550e-05 3.12308346e-02 3.89076904e+01]
  [8.32397218e-06 2.88108469e-02 4.12524406e+01]
  [8.69455959e-06 3.12947596e-02 3.88983672e+01]
  [8.63106675e-06 3.13497319e-02 3.88619725e+01]]

 [[1.44402213e-05 3.12303763e-02 3.89722981e+01]
  [9.71384724e-06 3.12781649e-02 3.95800504e+01]
  [9.23886334e-06 3.13683224e-02 3.93954293e+01]
  [9.06877302e-06 3.14022570e-02 3.88319856e+01]]]

Max Activate Table:
[[[2.00819566e-04 1.75575186e+00 3.74100968e+01 7.49642103e-04
   2.25068892e-03 1.99931848e-03 1.99931848e-03]
  [1.90155075e-04 1.65520161e+00 3.75311692e+01 7.51706420e-04
   2.25238554e-03 2.00084428e-03 2.00084428e-03]
  [2.13274339e-04 1.86253556e+00 3.77834775e+01 7.47441327e-04
   2.24870423e-03 1.99753861e-03 1.99753861e-03]
  [1.93515081e-04 1.68578851e+00 3.74516441e+01 7.51080928e-04
   2.25215444e-03 2.00066151e-03 2.00066151e-03]
  [1.94290494e-04 1.68456197e+00 3.82794715e+01 7.51093210e-04
   2.25182862e-03 2.00031327e-03 2.00031327e-03]
  [1.93783163e-04 1.69173387e+00 3.80599496e+01 7.50964861e-04
   2.25204364e-03 2.00057050e-03 2.00057050e-03]
  [1.85391623e-04 1.60556632e+00 3.83528633e+01 7.52726403e-04
   2.25386141e-03 2.00222400e-03 2.00222400e-03]
  [1.90356706e-04 1.66204035e+00 3.76277987e+01 7.51566779e-04
   2.25233161e-03 2.00079433e-03 2.00079433e-03]]

 [[2.03063972e-04 1.77775921e+00 3.70917431e+01 7.49188622e-04
   2.25030165e-03 1.99898025e-03 1.99898025e-03]
  [2.07856409e-04 1.82059339e+00 3.78439487e+01 7.48299505e-04
   2.24942828e-03 1.99817598e-03 1.99817598e-03]
  [2.06149544e-04 1.79088761e+00 3.78283426e+01 7.48899878e-04
   2.24980900e-03 1.99849201e-03 1.99849201e-03]
  [2.12699833e-04 1.86738297e+00 3.79452661e+01 7.47349653e-04
   2.24840892e-03 1.99728478e-03 1.99728478e-03]
  [1.85756645e-04 1.60543308e+00 3.81579452e+01 7.52718164e-04
   2.25367576e-03 2.00200095e-03 2.00200095e-03]
  [1.90755319e-04 1.65687908e+00 3.81957508e+01 7.51669065e-04
   2.25251313e-03 2.00095616e-03 2.00095616e-03]
  [1.88403178e-04 1.64745842e+00 3.74782716e+01 7.51849873e-04
   2.25277690e-03 2.00118238e-03 2.00118238e-03]
  [1.90344391e-04 1.65581535e+00 3.78171162e+01 7.51689212e-04
   2.25260702e-03 2.00104769e-03 2.00104769e-03]]

 [[1.94095452e-04 1.69279539e+00 3.80261485e+01 7.50934559e-04
   2.25192868e-03 2.00045014e-03 2.00045014e-03]
  [2.05466565e-04 1.80081552e+00 3.74156090e+01 7.48701919e-04
   2.24969668e-03 1.99839361e-03 1.99839361e-03]
  [1.90497558e-04 1.65605255e+00 3.78484539e+01 7.51684991e-04
   2.25281565e-03 2.00125450e-03 2.00125450e-03]
  [2.04168590e-04 1.78842154e+00 3.77485753e+01 7.48949064e-04
   2.24996125e-03 1.99862135e-03 1.99862135e-03]
  [1.92781914e-04 1.66913238e+00 3.78404767e+01 7.51422064e-04
   2.25248075e-03 2.00096398e-03 2.00096398e-03]
  [1.93078267e-04 1.69092645e+00 3.80715760e+01 7.50959175e-04
   2.25179762e-03 2.00029064e-03 2.00029064e-03]
  [1.90668462e-04 1.64771211e+00 3.82911941e+01 7.51855684e-04
   2.25279014e-03 2.00121365e-03 2.00121365e-03]
  [1.86899437e-04 1.63400537e+00 3.84002458e+01 7.52137252e-04
   2.25287152e-03 2.00125953e-03 2.00125953e-03]]

 [[1.93863699e-04 1.69262004e+00 3.73352803e+01 7.50940766e-04
   2.25191823e-03 2.00044560e-03 2.00044560e-03]
  [1.94271654e-04 1.69100439e+00 3.73660782e+01 7.50985316e-04
   2.25214540e-03 2.00068850e-03 2.00068850e-03]
  [1.91904936e-04 1.67867514e+00 3.79681125e+01 7.51208103e-04
   2.25217671e-03 2.00063827e-03 2.00063827e-03]
  [1.97846284e-04 1.73260062e+00 3.72540590e+01 7.50124426e-04
   2.25152551e-03 2.00013292e-03 2.00013292e-03]
  [1.63956734e-04 1.42064687e+00 4.04584954e+01 7.62115456e-04
   2.17561298e-03 1.94325994e-03 1.94325994e-03]
  [1.95423984e-04 1.68137018e+00 3.81054247e+01 7.51164666e-04
   2.25190947e-03 2.00039950e-03 2.00039950e-03]
  [1.93771339e-04 1.69458862e+00 3.80033349e+01 7.50896252e-04
   2.25171891e-03 2.00023394e-03 2.00023394e-03]
  [1.91920208e-04 1.67898880e+00 3.80227350e+01 7.51205882e-04
   2.25226433e-03 2.00073630e-03 2.00073630e-03]]

 [[1.95760451e-04 1.70562318e+00 3.78655754e+01 7.50663130e-04
   2.25162189e-03 2.00016059e-03 2.00016059e-03]
  [1.97639717e-04 1.73002430e+00 3.71527446e+01 7.50171751e-04
   2.25135394e-03 1.99994182e-03 1.99994182e-03]
  [1.93435286e-04 1.69021625e+00 3.80161457e+01 7.50973595e-04
   2.25183293e-03 2.00031950e-03 2.00031950e-03]
  [1.91347149e-04 1.65213522e+00 3.75461691e+01 7.51763345e-04
   2.25270719e-03 2.00116183e-03 2.00116183e-03]
  [2.01008723e-04 1.71309184e+00 3.77657400e+01 7.50506996e-04
   2.25139832e-03 1.99992579e-03 1.99992579e-03]
  [1.86723952e-04 1.63237868e+00 3.79251931e+01 7.52171908e-04
   2.25291918e-03 2.00131544e-03 2.00131544e-03]
  [1.87973569e-04 1.62246510e+00 3.78312541e+01 7.52368731e-04
   2.25358300e-03 2.00194813e-03 2.00194813e-03]
  [8.39339218e-05 7.08455425e-01 4.57236167e+01 8.01099521e-04
   1.80592192e-03 1.66457876e-03 1.66457876e-03]]

 [[1.99553781e-04 1.73797546e+00 3.72648036e+01 7.49989737e-04
   2.25092316e-03 1.99950331e-03 1.99950331e-03]
  [1.94201725e-04 1.69850045e+00 3.77671213e+01 7.50805910e-04
   2.25168054e-03 2.00018251e-03 2.00018251e-03]
  [1.97567139e-04 1.72701086e+00 3.73931583e+01 7.50222188e-04
   2.25148558e-03 2.00005590e-03 2.00005590e-03]
  [1.98712015e-04 1.71100546e+00 3.79922955e+01 7.50550110e-04
   2.25165711e-03 2.00019185e-03 2.00019185e-03]
  [1.87611562e-04 1.63346591e+00 3.82181431e+01 7.52154618e-04
   2.25316990e-03 2.00157264e-03 2.00157264e-03]
  [1.97157064e-04 1.72801080e+00 3.78118868e+01 7.50202703e-04
   2.25112127e-03 1.99969428e-03 1.99969428e-03]
  [1.86070603e-04 1.61060040e+00 3.86035160e+01 7.54430803e-04
   2.23628522e-03 1.98846971e-03 1.98846971e-03]
  [3.81655931e-05 2.53425209e-01 4.79879453e+01 8.24905977e-04
   1.47216577e-03 1.34467546e-03 1.43430922e-03]]

 [[1.88800399e-04 1.65259446e+00 3.72978985e+01 7.51761479e-04
   2.25275210e-03 2.00119431e-03 2.00119431e-03]
  [1.92558693e-04 1.60804669e+00 3.80293253e+01 7.52663453e-04
   2.25345342e-03 2.00178449e-03 2.00178449e-03]
  [2.11360922e-04 1.74850420e+00 3.76852078e+01 7.49776008e-04
   2.25095253e-03 1.99955024e-03 1.99955024e-03]
  [1.93510854e-04 1.64701987e+00 3.79163272e+01 7.51871774e-04
   2.25355886e-03 2.00198451e-03 2.00198451e-03]
  [1.70766426e-04 1.49064732e+00 4.08203277e+01 7.55999721e-04
   2.24068618e-03 1.99265476e-03 1.99265476e-03]
  [1.85988626e-04 1.62690690e+00 3.79586269e+01 7.52276485e-04
   2.25321758e-03 2.00159430e-03 2.00159430e-03]
  [1.87425230e-04 1.59531009e+00 3.82443508e+01 7.52933573e-04
   2.25386011e-03 2.00219073e-03 2.00219073e-03]
  [1.89477700e-04 1.65707610e+00 3.80992850e+01 7.51657057e-04
   2.25248611e-03 2.00093254e-03 2.00093254e-03]]

 [[1.94435693e-04 1.69654700e+00 3.73989279e+01 7.50837252e-04
   2.25179381e-03 2.00029032e-03 2.00029032e-03]
  [1.89458837e-04 1.64823880e+00 3.80473972e+01 7.51831365e-04
   2.25280495e-03 2.00121087e-03 2.00121087e-03]
  [1.90855570e-04 1.66734717e+00 3.75286033e+01 7.51447036e-04
   2.25245133e-03 2.00089941e-03 2.00089941e-03]
  [1.86126453e-04 1.62422372e+00 3.84608400e+01 7.52846554e-04
   2.23825885e-03 1.99046563e-03 1.99046563e-03]
  [1.92857490e-04 1.67765227e+00 3.73700239e+01 7.51236062e-04
   2.25215406e-03 2.00062728e-03 2.00062728e-03]
  [3.85582436e-05 2.55485025e-01 4.78166551e+01 8.26945179e-04
   1.38965693e-03 1.35333527e-03 1.35333527e-03]
  [1.86014576e-04 1.61050339e+00 3.82380675e+01 7.52620090e-04
   2.25376590e-03 2.00212185e-03 2.00212185e-03]
  [1.94484151e-04 1.69785488e+00 3.80158812e+01 7.50823906e-04
   2.25183728e-03 2.00035676e-03 2.00035676e-03]]]

Cumulative Reward: 11368.627593520003
