Scheduler Table:
[[[1.07356060e-05 2.53251158e-02 3.72736149e+01 7.40735473e+00
   3.85516770e+00 6.66646561e-04 6.66646561e-04]
  [9.18544191e-06 2.44134880e-02 5.51071768e+01 5.37050820e+00
   2.81087243e+00 6.66647265e-04 6.66647265e-04]
  [9.21910387e-06 2.54426255e-02 3.76895944e+01 7.52148322e+00
   3.76028863e+00 6.66646666e-04 6.66646666e-04]]

 [[1.21947095e-05 2.52618014e-02 3.72788272e+01 7.24229018e+00
   3.74169910e+00 6.66646524e-04 6.66646524e-04]
  [2.83601122e-04 6.64541769e-01 1.24225219e+02 9.92101934e-04
   7.40109587e-04 6.94074681e-04 7.11629042e-04]
  [7.63880544e-06 2.53830099e-02 3.78715595e+01 7.21471713e+00
   4.01252677e+00 6.66646620e-04 6.66646620e-04]]

 [[1.44602041e-05 2.53656224e-02 3.77389419e+01 7.69862202e+00
   3.61415194e+00 6.66646646e-04 6.66646646e-04]
  [9.76003000e-06 2.53840290e-02 3.70980865e+01 7.36142620e+00
   3.89301944e+00 6.66646610e-04 6.66646610e-04]
  [1.27424261e-05 2.54240681e-02 3.74742877e+01 7.13176247e+00
   4.08271912e+00 6.66646553e-04 6.66646553e-04]]]

Buffer Table:
[[[2.85026263e-04 6.65270627e-01 1.13141234e+02 8.25866178e-01
   5.61697875e-01 6.94074949e-04 7.11629310e-04]
  [1.03635921e-05 2.45941542e-02 5.34319401e+01 5.12828306e+00
   3.64673119e+00 6.66646139e-04 6.66646139e-04]
  [9.52142719e-06 2.53214480e-02 3.91588861e+01 7.91887358e+00
   3.63374017e+00 6.66646853e-04 6.66646853e-04]]

 [[7.65449016e-06 2.31647068e-02 7.44044252e+01 3.54638563e+00
   2.57933892e+00 6.66645627e-04 6.66645627e-04]
  [1.67189745e-05 2.53955054e-02 3.75931183e+01 7.26560527e+00
   4.00925635e+00 6.66646805e-04 6.66646805e-04]
  [9.67561397e-06 2.53972004e-02 3.77391502e+01 7.58086493e+00
   3.75027020e+00 6.66646901e-04 6.66646901e-04]]

 [[9.89603803e-06 2.46768909e-02 5.08707429e+01 1.10025329e+01
   2.68524082e+00 6.66646273e-04 6.66646273e-04]
  [1.23318204e-05 2.53896982e-02 3.75493723e+01 7.44757180e+00
   3.86032442e+00 6.66646872e-04 6.66646872e-04]
  [9.27360514e-06 2.53647541e-02 3.77320322e+01 7.40072918e+00
   3.89903518e+00 6.66646848e-04 6.66646848e-04]]]

Arbiter Table:
[[[1.06801429e-05 2.53101660e-02 3.79565353e+01 7.55286931e+00
   3.76839116e+00 6.66646083e-04 6.66646083e-04]
  [1.09566602e-05 2.53078170e-02 3.78231632e+01 7.49181903e+00
   3.81783801e+00 6.66646068e-04 6.66646068e-04]
  [9.95792485e-06 2.32931655e-02 6.84576096e+01 2.70628339e+00
   3.79135827e+00 6.66645629e-04 6.66645629e-04]]

 [[8.63712876e-06 2.25770811e-02 6.16843551e+01 1.31828676e+00
   7.68218392e+00 6.66644875e-04 6.66644875e-04]
  [1.06849815e-05 2.53903892e-02 3.76620673e+01 7.42233305e+00
   3.87370918e+00 6.66646063e-04 6.66646063e-04]
  [1.19573201e-05 2.54422396e-02 3.77216748e+01 7.45924286e+00
   3.84160988e+00 6.66646054e-04 6.66646054e-04]]

 [[9.53360928e-06 2.42143432e-02 5.07013219e+01 4.71383690e+00
   4.68518906e+00 6.66645520e-04 6.66645520e-04]
  [7.10743095e-06 2.21443790e-02 6.01900482e+01 6.44092600e-01
   9.41398499e+00 6.66644756e-04 6.66644756e-04]
  [2.83601122e-04 6.64541769e-01 1.24225219e+02 9.92101934e-04
   7.40109587e-04 6.94074681e-04 7.11629042e-04]]]

Page Table:
[[[2.83565174e-04 6.64574081e-01 1.23743185e+02 3.36849118e-02
   2.21797533e-02 6.94074690e-04 7.11629052e-04]
  [9.24992537e-06 2.58218345e-02 3.82096370e+01 6.54932039e+00
   2.67289714e+00 6.66646286e-04 6.66646286e-04]
  [5.98197043e-06 2.57955060e-02 3.78594635e+01 6.32194035e+00
   2.86811897e+00 6.66646221e-04 6.66646221e-04]
  [9.13784013e-06 2.44270099e-02 5.66002908e+01 4.56409144e+00
   3.21382311e+00 6.66648043e-04 6.66648043e-04]]

 [[1.20273434e-05 2.59136199e-02 3.83861622e+01 6.60263848e+00
   2.58666846e+00 6.66646158e-04 6.66646158e-04]
  [1.15429404e-05 2.58804712e-02 3.83717931e+01 6.31693681e+00
   2.87333171e+00 6.66646174e-04 6.66646174e-04]
  [6.85121325e-06 2.58999173e-02 3.80551036e+01 6.60059355e+00
   2.56248343e+00 6.66646229e-04 6.66646229e-04]
  [1.16245343e-05 2.58423006e-02 3.91332573e+01 6.36651202e+00
   2.81967369e+00 6.66646228e-04 6.66646228e-04]]

 [[9.61606200e-06 2.59229527e-02 3.80248780e+01 6.51719002e+00
   2.66280408e+00 6.66646267e-04 6.66646267e-04]
  [7.52437383e-06 2.58664190e-02 3.76266102e+01 6.38313650e+00
   2.82352024e+00 6.66646162e-04 6.66646162e-04]
  [8.27500679e-06 2.58888565e-02 3.79446538e+01 6.58729784e+00
   2.59661348e+00 6.66646149e-04 6.66646149e-04]
  [6.54205632e-06 2.57565700e-02 3.95171128e+01 6.22623634e+00
   2.97671189e+00 6.66646203e-04 6.66646203e-04]]

 [[1.09353622e-05 2.30889202e-02 7.77984442e+01 3.15480723e+00
   2.30057681e+00 6.66647760e-04 6.66647760e-04]
  [1.21742122e-05 2.58487946e-02 3.82460546e+01 6.33562096e+00
   2.85401482e+00 6.66646151e-04 6.66646151e-04]
  [7.82790113e-06 2.58958208e-02 3.81520852e+01 6.52275814e+00
   2.71096341e+00 6.66646363e-04 6.66646363e-04]
  [1.09838856e-05 2.58024809e-02 3.81768964e+01 6.24257180e+00
   2.93945285e+00 6.66646214e-04 6.66646214e-04]]]

Response Table:
[[[1.68459535e-05 2.50372478e-02 3.39858181e+01]
  [1.20192236e-06 1.97152454e-02 1.25534207e+02]]

 [[2.83969270e-04 6.64551248e-01 1.24304629e+02]
  [9.52813826e-06 2.43413117e-02 5.46544041e+01]]]

Refresh Table:
[[[7.61749691e-06 2.28629646e-02 8.05177770e+01]
  [2.83969271e-04 6.64551248e-01 1.24304621e+02]]

 [[1.20192335e-06 1.97152458e-02 1.25534199e+02]
  [7.70059662e-06 2.31456908e-02 5.63723553e+01]]]

Request Buffer Table:
[[[7.40406177e-06 4.34017694e-02 3.70269945e+01]
  [9.27804140e-06 4.33198930e-02 3.78175634e+01]
  [8.44527183e-06 4.19116770e-02 3.72090385e+01]
  [7.37291666e-06 4.23245269e-02 3.79552419e+01]
  [7.87374218e-06 4.27252078e-02 3.78338974e+01]
  [1.73203207e-05 4.25257217e-02 3.83537542e+01]
  [7.06023105e-06 4.24834540e-02 3.62292520e+01]
  [7.16535816e-06 4.20838649e-02 3.77050186e+01]]

 [[6.99044047e-06 4.22862819e-02 3.74115387e+01]
  [1.25195463e-05 4.20669485e-02 3.80250327e+01]
  [7.45812601e-06 4.22920726e-02 3.73512499e+01]
  [8.07461280e-06 4.33907704e-02 3.78469790e+01]
  [7.16626507e-06 4.15425391e-02 3.84477694e+01]
  [3.10597500e-05 4.33141447e-02 3.69601369e+01]
  [5.38844951e-06 3.08977427e-02 6.71337811e+01]
  [8.76310853e-06 4.28615198e-02 3.79608559e+01]]

 [[7.36276383e-06 4.31087157e-02 3.69329381e+01]
  [9.02064170e-06 4.18340054e-02 3.81960832e+01]
  [7.31856253e-06 4.26553086e-02 3.73838957e+01]
  [7.33022229e-06 4.30897396e-02 3.75105669e+01]
  [7.45560703e-06 4.23696315e-02 3.77556546e+01]
  [9.58824386e-06 4.15294533e-02 3.71092912e+01]
  [7.37081534e-06 4.25899796e-02 3.79467509e+01]
  [7.59674132e-06 4.36455143e-02 3.81014927e+01]]

 [[1.37420245e-05 4.22678245e-02 3.71675837e+01]
  [8.02882506e-06 4.49106052e-02 3.62417684e+01]
  [7.31497810e-06 4.22634006e-02 3.74783629e+01]
  [7.81147893e-06 4.45574984e-02 3.66588829e+01]
  [8.11835600e-06 4.27238515e-02 3.78491866e+01]
  [1.19474387e-05 4.29608169e-02 3.71320429e+01]
  [7.27271731e-06 4.14826031e-02 3.74375661e+01]
  [9.12285690e-06 3.72356245e-02 4.92238131e+01]]

 [[7.22977981e-06 4.23308856e-02 3.77227165e+01]
  [7.27479727e-06 4.09073291e-02 3.83702834e+01]
  [7.14426849e-06 4.20600771e-02 3.74285745e+01]
  [7.13265700e-06 4.24538094e-02 3.75878939e+01]
  [7.49862835e-06 4.21046692e-02 3.71762711e+01]
  [6.91309605e-06 4.18897427e-02 3.74549227e+01]
  [7.59593919e-06 4.19111050e-02 3.76356347e+01]
  [7.25733384e-06 4.19213387e-02 3.79830588e+01]]

 [[7.99359714e-06 4.30417369e-02 3.68609465e+01]
  [9.84858428e-06 4.28781537e-02 3.72338957e+01]
  [7.51732573e-06 4.22665091e-02 3.70252207e+01]
  [1.02952119e-05 4.22751349e-02 4.00077204e+01]
  [7.09420967e-06 4.21310798e-02 3.68420693e+01]
  [7.52147149e-06 4.21635042e-02 3.74681411e+01]
  [2.93897467e-06 2.04311424e-02 1.31983581e+02]
  [9.62968537e-06 4.14029079e-02 3.70571639e+01]]

 [[8.76434131e-06 4.23593927e-02 3.74728685e+01]
  [7.62560600e-06 4.45918215e-02 3.65717384e+01]
  [7.51269944e-06 4.20762622e-02 3.69267277e+01]
  [7.64201492e-06 4.30619071e-02 3.78408954e+01]
  [7.59978541e-06 4.12970599e-02 3.93940160e+01]
  [7.46124310e-06 3.11454023e-02 8.70033620e+01]
  [7.53490839e-06 4.26568452e-02 3.70953527e+01]
  [9.58220488e-06 4.16526329e-02 3.75375249e+01]]

 [[2.81383954e-05 4.25062371e-02 3.73681888e+01]
  [1.23870546e-05 4.25079852e-02 3.74159292e+01]
  [7.54533711e-06 4.13385396e-02 3.71761530e+01]
  [1.21669657e-05 4.21217134e-02 3.73443500e+01]
  [8.27036142e-06 4.33605783e-02 3.74025469e+01]
  [1.06759437e-05 4.18683554e-02 3.85308046e+01]
  [7.86702991e-06 4.20537516e-02 3.72186126e+01]
  [2.83601122e-04 6.64541769e-01 1.24225217e+02]]]

Ref Max Post Table:
[[[1.02305413e-05 2.30011988e-02 8.73983338e+01]
  [7.79645137e-06 2.58556246e-02 3.83409544e+01]
  [1.23707964e-05 2.57136628e-02 4.06046509e+01]
  [7.01348374e-06 2.57866459e-02 4.08796837e+01]]

 [[7.85333575e-06 2.58168487e-02 3.81954781e+01]
  [8.63358514e-06 2.58364396e-02 3.82440651e+01]
  [1.27633494e-05 2.58303122e-02 3.79821493e+01]
  [6.17332227e-06 2.42478549e-02 6.29205162e+01]]

 [[9.52654429e-06 2.58403600e-02 3.84007657e+01]
  [7.83262250e-06 2.58908161e-02 3.81318821e+01]
  [4.07151181e-06 2.31401769e-02 8.41364493e+01]
  [7.86149585e-06 2.44609592e-02 5.98739580e+01]]

 [[1.40381588e-05 2.46451657e-02 5.61679630e+01]
  [7.99448261e-06 2.57614563e-02 4.07660861e+01]
  [7.86863140e-06 2.58916507e-02 3.77380684e+01]
  [2.83603136e-04 6.64543404e-01 1.24200231e+02]]]

Ref Max Pull Table:
[[[7.63510585e-06 2.58469991e-02 3.84013070e+01]
  [6.83964980e-06 2.58687183e-02 3.78561331e+01]
  [8.50002341e-06 2.52643733e-02 4.85491728e+01]
  [1.89936398e-06 1.97155731e-02 1.25789364e+02]]

 [[6.97779334e-06 2.58196805e-02 3.80520057e+01]
  [8.14688985e-06 2.58388019e-02 3.77316762e+01]
  [1.28112678e-05 2.58605487e-02 3.84659418e+01]
  [8.29928698e-06 2.41291746e-02 5.99850358e+01]]

 [[2.84650985e-04 6.64590786e-01 1.24476505e+02]
  [1.02006800e-05 2.49768423e-02 5.37589890e+01]
  [7.86276088e-06 2.58151830e-02 3.81667368e+01]
  [7.91958832e-06 2.58739352e-02 3.85023507e+01]]

 [[7.87135688e-06 2.58917355e-02 3.81882362e+01]
  [1.68482751e-05 2.57916347e-02 3.90800990e+01]
  [1.88695644e-06 1.97528500e-02 1.25423471e+02]
  [7.05219705e-06 2.58685006e-02 3.83427463e+01]]]

Max Activate Table:
[[[7.17151674e-06 4.29631422e-02 3.70540473e+01 4.05467172e+00
   1.95994144e+00 1.07504695e-03 1.07504695e-03]
  [7.29904582e-06 4.14148978e-02 3.69277358e+01 4.49835555e+00
   2.27969664e+00 1.04090836e-03 1.04090836e-03]
  [6.90349550e-06 4.17595701e-02 3.70705234e+01 4.41569124e+00
   2.20864457e+00 1.04763778e-03 1.04763778e-03]
  [7.24727678e-06 4.18065353e-02 4.07385380e+01 4.08548967e+00
   1.43737718e+00 1.05408220e-03 1.05408220e-03]
  [9.23870473e-06 4.26965454e-02 3.79194866e+01 4.46035685e+00
   1.95880980e+00 1.06805595e-03 1.06805595e-03]
  [7.88777660e-06 4.23777008e-02 3.75865028e+01 4.61476874e+00
   1.97674635e+00 1.05969649e-03 1.05969649e-03]
  [7.81596887e-06 4.42888504e-02 3.64819854e+01 4.55852409e+00
   1.38092410e+00 1.10400837e-03 1.10400837e-03]
  [7.54277219e-06 4.43811323e-02 3.90099862e+01 3.93697054e+00
   1.64131902e+00 1.10682560e-03 1.10682560e-03]]

 [[9.18411697e-06 4.33133729e-02 3.68146112e+01 4.07281576e+00
   1.86874583e+00 1.08217537e-03 1.08217537e-03]
  [7.88195934e-06 4.47845555e-02 3.62093602e+01 3.36981003e+00
   1.88650962e+00 1.11576014e-03 1.11576014e-03]
  [8.13591187e-06 3.79577264e-02 4.48575820e+01 3.63574204e+00
   1.56052964e+00 9.71797826e-04 9.71797826e-04]
  [7.84802781e-06 4.23947137e-02 3.72665393e+01 4.34298132e+00
   2.06445464e+00 1.06047997e-03 1.06047997e-03]
  [6.87131071e-06 4.30743736e-02 3.75173618e+01 4.44981051e+00
   1.77940182e+00 1.07578529e-03 1.07578529e-03]
  [2.87527889e-05 4.22406499e-02 3.76345191e+01 4.45555286e+00
   2.04206898e+00 1.05784427e-03 1.05784427e-03]
  [7.20488716e-06 4.19940934e-02 3.75081889e+01 4.33501235e+00
   2.17857062e+00 1.05249648e-03 1.05249648e-03]
  [7.13414371e-06 4.28272966e-02 3.77936002e+01 4.51909470e+00
   1.90496905e+00 1.07177416e-03 1.07177416e-03]]

 [[7.94254588e-06 4.28009317e-02 3.72286463e+01 4.63169236e+00
   1.74923929e+00 1.07105420e-03 1.07105420e-03]
  [7.14957302e-06 4.40148238e-02 3.61656632e+01 3.45442690e+00
   2.07850455e+00 1.09839044e-03 1.09839044e-03]
  [7.21013719e-06 4.38835422e-02 3.68906218e+01 3.77920202e+00
   1.72817220e+00 1.09712991e-03 1.09712991e-03]
  [7.17437437e-06 4.35382574e-02 3.79039402e+01 4.96376577e+00
   1.33549758e+00 1.08893148e-03 1.08893148e-03]
  [8.42175255e-06 4.22609749e-02 3.78349141e+01 4.96361007e+00
   1.76240576e+00 1.05918909e-03 1.05918909e-03]
  [8.35866002e-06 4.29285756e-02 3.72100674e+01 4.00917059e+00
   1.96636229e+00 1.07435290e-03 1.07435290e-03]
  [7.17601017e-06 4.12799025e-02 3.76067727e+01 4.27327708e+00
   2.43851112e+00 1.03797541e-03 1.03797541e-03]
  [4.77589002e-06 3.23693493e-02 7.47558801e+01 2.25438210e+00
   1.05091376e+00 8.80064169e-04 8.80064169e-04]]

 [[7.42193779e-06 4.46794414e-02 3.86146353e+01 3.92630409e+00
   1.41440241e+00 1.11433417e-03 1.11433417e-03]
  [1.25290424e-05 4.40789503e-02 3.75616723e+01 4.62154178e+00
   1.36649848e+00 1.09901167e-03 1.09901167e-03]
  [5.96913047e-06 3.56726771e-02 5.53968479e+01 3.19173117e+00
   1.22960039e+00 9.34642966e-04 9.34642966e-04]
  [1.75393034e-05 4.37980499e-02 3.70588975e+01 4.02788210e+00
   1.72861552e+00 1.09510169e-03 1.09510169e-03]
  [7.24799373e-06 4.22036453e-02 3.68475976e+01 4.68230489e+00
   2.02942503e+00 1.05621408e-03 1.05621408e-03]
  [7.44346380e-06 4.18566075e-02 3.73148899e+01 4.41124977e+00
   2.23164078e+00 1.04830027e-03 1.04830027e-03]
  [7.74550153e-06 4.38279621e-02 3.66222033e+01 3.39192538e+00
   1.96099003e+00 1.09339546e-03 1.09339546e-03]
  [8.07658546e-06 4.29673126e-02 3.75964076e+01 4.17340380e+00
   1.97616316e+00 1.07575320e-03 1.07575320e-03]]

 [[8.98582075e-06 4.22211546e-02 3.68022546e+01 4.64666969e+00
   2.03527140e+00 1.05607547e-03 1.05607547e-03]
  [9.90023737e-06 4.25609750e-02 3.75706497e+01 4.66908591e+00
   1.79552203e+00 1.06515793e-03 1.06515793e-03]
  [2.79202826e-05 4.33597610e-02 3.68505323e+01 4.76859616e+00
   1.56766217e+00 1.08336172e-03 1.08336172e-03]
  [1.89670271e-05 4.37223636e-02 3.75710855e+01 3.74026735e+00
   1.84022790e+00 1.09275673e-03 1.09275673e-03]
  [1.21377285e-05 4.39429449e-02 3.82037241e+01 4.24228044e+00
   1.60798162e+00 1.09590730e-03 1.09590730e-03]
  [7.62768677e-06 4.14086453e-02 3.72983378e+01 4.53264191e+00
   2.29400018e+00 1.03955964e-03 1.03955964e-03]
  [7.12642365e-06 4.10615473e-02 3.72735247e+01 4.34363504e+00
   2.50911258e+00 1.03062554e-03 1.03062554e-03]
  [6.68563749e-06 4.23644057e-02 3.70916934e+01 4.75054643e+00
   1.90468111e+00 1.06080439e-03 1.06080439e-03]]

 [[1.07740480e-05 4.21485058e-02 3.82604233e+01 5.16301760e+00
   1.72346078e+00 1.05584317e-03 1.05584317e-03]
  [6.51855678e-06 4.14339955e-02 3.72778576e+01 4.35772270e+00
   2.39088629e+00 1.03996002e-03 1.03996002e-03]
  [7.04948038e-06 4.21091640e-02 3.69953183e+01 4.55822076e+00
   2.00953964e+00 1.05633293e-03 1.05633293e-03]
  [1.00256175e-05 4.25772087e-02 3.75066976e+01 4.43755796e+00
   1.93046607e+00 1.06569074e-03 1.06569074e-03]
  [9.09769882e-06 4.14402794e-02 3.75737628e+01 4.74695009e+00
   2.16653782e+00 1.04016773e-03 1.04016773e-03]
  [7.25993391e-06 4.45645284e-02 3.82423031e+01 4.43486776e+00
   1.40408130e+00 1.11076266e-03 1.11076266e-03]
  [7.98280368e-06 4.20158867e-02 3.82381066e+01 4.43396722e+00
   2.17818275e+00 1.05231452e-03 1.05231452e-03]
  [7.68137265e-06 4.22377700e-02 3.69729358e+01 4.31234253e+00
   2.23418149e+00 1.05764947e-03 1.05764947e-03]]

 [[6.99848081e-06 4.12768312e-02 3.71863301e+01 4.55995902e+00
   2.32561568e+00 1.03644490e-03 1.03644490e-03]
  [9.20796608e-06 4.23288472e-02 3.75600815e+01 4.64661481e+00
   1.89219442e+00 1.06009192e-03 1.06009192e-03]
  [6.91285574e-06 4.18451606e-02 3.82188510e+01 4.24793932e+00
   2.09955057e+00 1.04955448e-03 1.04955448e-03]
  [6.76865329e-06 4.28178535e-02 3.73803534e+01 4.58390689e+00
   1.80156963e+00 1.07053801e-03 1.07053801e-03]
  [7.14462355e-06 4.10092282e-02 3.67830415e+01 4.21374467e+00
   2.57823846e+00 1.02957315e-03 1.02957315e-03]
  [8.47645111e-06 4.24135012e-02 3.72890770e+01 4.62751945e+00
   1.83647630e+00 1.06312379e-03 1.06312379e-03]
  [7.30324018e-06 4.11696687e-02 3.71248152e+01 4.23038067e+00
   2.52910366e+00 1.03287543e-03 1.03287543e-03]
  [8.24283265e-06 4.35462251e-02 3.75709783e+01 4.17673716e+00
   1.86274726e+00 1.08928908e-03 1.08928908e-03]]

 [[7.67280936e-06 4.32699564e-02 3.76885095e+01 4.00826941e+00
   1.73315543e+00 1.08468602e-03 1.08468602e-03]
  [8.44177548e-06 4.18464508e-02 3.72108336e+01 4.47118279e+00
   1.89377199e+00 1.05283509e-03 1.05283509e-03]
  [7.42341659e-06 4.43157800e-02 3.80266855e+01 4.53228147e+00
   1.38460218e+00 1.10498850e-03 1.10498850e-03]
  [7.52812835e-06 4.25881769e-02 3.73365819e+01 4.83992123e+00
   1.50763844e+00 1.06664225e-03 1.06664225e-03]
  [8.92035658e-06 4.29999619e-02 3.85168695e+01 4.14835383e+00
   1.93141562e+00 1.07550921e-03 1.07550921e-03]
  [7.14681524e-06 4.26495970e-02 3.73023984e+01 4.41793126e+00
   1.97831765e+00 1.06787969e-03 1.06787969e-03]
  [7.21033902e-06 4.16412773e-02 3.90130626e+01 4.24173950e+00
   2.14759674e+00 1.04558732e-03 1.04558732e-03]
  [2.83608976e-04 6.64567747e-01 1.24140094e+02 5.62478008e-03
   3.07949854e-03 6.94532407e-04 7.12086769e-04]]]

Cumulative Reward: 19932.95878748492
