Scheduler Table:
[[[7.16723615e-06 2.95991882e-02 3.68229430e+01 6.70823577e-04
   1.80829560e-01 7.48089506e-03 7.48089506e-03]
  [7.12563817e-06 2.96272875e-02 3.74105840e+01 6.70926250e-04
   1.79348597e-01 7.45343302e-03 7.45343302e-03]
  [7.61832459e-06 2.96121549e-02 3.72238021e+01 6.70903320e-04
   1.75684863e-01 7.41610668e-03 7.41610668e-03]]

 [[6.81678941e-06 2.96333447e-02 3.69505378e+01 6.70828371e-04
   1.84927413e-01 7.49543630e-03 7.49543630e-03]
  [6.39934867e-06 2.81676614e-02 4.01750921e+01 6.70608114e-04
   1.83816966e-01 7.46117324e-03 7.46117324e-03]
  [3.50365320e-06 2.14260155e-02 4.65777011e+01 6.69680720e-04
   2.00383805e-01 7.49417938e-03 7.49417938e-03]]

 [[7.28280311e-06 2.96624437e-02 3.70791984e+01 6.70774934e-04
   1.80095737e-01 7.43257927e-03 7.43257927e-03]
  [3.47941349e-06 2.14248833e-02 4.65808450e+01 6.69643201e-04
   3.47026190e-01 7.39095871e-03 8.26731939e-03]
  [7.26109208e-06 2.96364581e-02 3.73829404e+01 6.70838158e-04
   1.75551787e-01 7.45477668e-03 7.45477668e-03]]]

Buffer Table:
[[[7.32908000e-06 2.96289820e-02 3.70937196e+01 6.70963994e-04
   1.76397863e-01 7.47641574e-03 7.47641574e-03]
  [7.70149844e-06 2.96418319e-02 3.73097660e+01 6.70883046e-04
   1.73964925e-01 7.45299978e-03 7.45299978e-03]
  [7.44594746e-06 2.90050867e-02 3.85427164e+01 6.70828700e-04
   1.78237191e-01 7.41472847e-03 7.41472847e-03]]

 [[7.13148905e-06 2.94394889e-02 3.75085896e+01 6.70849985e-04
   1.95444151e-01 7.43540342e-03 7.43540342e-03]
  [2.00433468e-06 2.20360022e-02 4.57615406e+01 6.69619567e-04
   3.44264121e-01 7.36771306e-03 8.24407375e-03]
  [8.02716307e-06 2.93344845e-02 3.79570888e+01 6.70876957e-04
   1.76805789e-01 7.39836023e-03 7.39836023e-03]]

 [[7.29820077e-06 2.95975621e-02 3.70932312e+01 6.70890718e-04
   1.74497068e-01 7.45186328e-03 7.45186328e-03]
  [7.14344799e-06 2.66811255e-02 4.18415971e+01 6.70291287e-04
   1.88886285e-01 7.44615466e-03 7.44615466e-03]
  [7.52527099e-06 2.95914248e-02 3.71497878e+01 6.70859869e-04
   1.78912634e-01 7.42729566e-03 7.42729566e-03]]]

Arbiter Table:
[[[1.72225298e-06 2.13680698e-02 4.65158711e+01 6.69527378e-04
   3.48763938e-01 7.36870923e-03 8.24506992e-03]
  [6.50317979e-06 2.88701091e-02 3.85399521e+01 6.70705669e-04
   1.76588485e-01 7.45704548e-03 7.45704548e-03]
  [6.88004609e-06 2.93833967e-02 3.75962995e+01 6.70929528e-04
   1.78950744e-01 7.47114249e-03 7.47114249e-03]]

 [[5.37359096e-06 2.69970613e-02 4.22582191e+01 6.70325107e-04
   1.86547549e-01 7.45926994e-03 7.45926994e-03]
  [7.43849139e-06 2.97254905e-02 3.67163328e+01 6.70819752e-04
   1.74553363e-01 7.44831482e-03 7.44831482e-03]
  [7.18266846e-06 2.95844604e-02 3.70436360e+01 6.70907228e-04
   1.81278469e-01 7.43815625e-03 7.43815625e-03]]

 [[7.29415288e-06 2.95908863e-02 3.73512738e+01 6.70887416e-04
   1.76622442e-01 7.45820530e-03 7.45820530e-03]
  [6.56295017e-06 2.87947474e-02 3.89020210e+01 6.70754591e-04
   1.79490979e-01 7.46563836e-03 7.46563836e-03]
  [7.14689862e-06 2.96347598e-02 3.70314451e+01 6.70860084e-04
   1.87891390e-01 7.44814812e-03 7.44814812e-03]]]

Page Table:
[[[8.27748145e-06 2.86741818e-02 4.06256941e+01 6.70779129e-04
   1.87967718e-01 7.48706498e-03 7.48706498e-03]
  [8.86063183e-06 3.08030604e-02 3.77311781e+01 6.70753654e-04
   1.94153653e-01 7.47150292e-03 7.47150292e-03]
  [8.09504820e-06 3.03709658e-02 3.74769206e+01 6.70707483e-04
   2.01449953e-01 7.42658207e-03 7.42658207e-03]
  [3.50367415e-06 2.14260765e-02 4.65776230e+01 6.69680729e-04
   2.00383088e-01 7.49417881e-03 7.49417881e-03]]

 [[8.77182252e-06 3.08853561e-02 3.76271747e+01 6.70816496e-04
   1.90716402e-01 7.43894122e-03 7.43894122e-03]
  [8.61372555e-06 3.08981292e-02 3.72223623e+01 6.70870629e-04
   1.79510558e-01 7.40270328e-03 7.40270328e-03]
  [8.43981508e-06 3.09573946e-02 3.65034680e+01 6.70919126e-04
   1.81841376e-01 7.43138052e-03 7.43138052e-03]
  [1.08664542e-05 3.08405997e-02 3.70744215e+01 6.70857219e-04
   1.81727802e-01 7.43655879e-03 7.43655879e-03]]

 [[1.90025745e-05 2.78469386e-02 4.23696014e+01 6.70361853e-04
   2.07224869e-01 7.49652319e-03 7.49652319e-03]
  [8.58077488e-06 3.08987917e-02 3.74008372e+01 6.70993167e-04
   1.81896720e-01 7.37841066e-03 7.37841066e-03]
  [8.59763940e-06 3.10221527e-02 3.66019437e+01 6.70866426e-04
   1.83507610e-01 7.41403330e-03 7.41403330e-03]
  [8.50840474e-06 3.09943756e-02 3.70936315e+01 6.70900552e-04
   1.81765962e-01 7.44696762e-03 7.44696762e-03]]

 [[3.47943425e-06 2.14249439e-02 4.65807677e+01 6.69643210e-04
   3.47025479e-01 7.39095815e-03 8.26731883e-03]
  [8.36957220e-06 3.09017369e-02 3.72600269e+01 6.70888049e-04
   1.82297582e-01 7.40888670e-03 7.40888670e-03]
  [8.50709975e-06 3.09508227e-02 3.65351567e+01 6.70767243e-04
   1.85972391e-01 7.43175100e-03 7.43175100e-03]
  [1.02590320e-05 2.85498911e-02 3.97080200e+01 6.70453827e-04
   2.12425848e-01 7.47753267e-03 7.47753267e-03]]]

Response Table:
[[[6.05086683e-06 2.88071820e-02 3.71018789e+01]
  [5.60970804e-06 2.87689512e-02 3.73583670e+01]]

 [[5.58450736e-06 2.87390196e-02 3.75519380e+01]
  [1.72225298e-06 2.13680698e-02 4.65158711e+01]]]

Refresh Table:
[[[4.63803441e-06 2.88580731e-02 3.73924598e+01]
  [5.34049155e-06 2.69530691e-02 4.12163060e+01]]

 [[4.49232798e-06 2.84643007e-02 3.83989090e+01]
  [1.72225298e-06 2.13680698e-02 4.65158711e+01]]]

Request Buffer Table:
[[[1.21609819e-05 6.43677230e-02 3.84602724e+01]
  [1.67350350e-05 8.03026879e-02 3.58764889e+01]
  [1.73472675e-05 8.19048811e-02 3.59754391e+01]
  [1.69062478e-05 8.06742192e-02 3.59948686e+01]
  [1.65147170e-05 8.00808728e-02 3.60634926e+01]
  [1.66788373e-05 8.04762878e-02 3.60137752e+01]
  [7.77864789e-06 2.63812503e-02 4.60846650e+01]
  [1.74277812e-05 8.21609341e-02 3.59825804e+01]]

 [[1.66754562e-05 8.11750051e-02 3.53481836e+01]
  [1.81416743e-05 8.46870717e-02 3.56091127e+01]
  [2.72250718e-05 8.28392671e-02 3.55764059e+01]
  [1.76418652e-05 8.12394891e-02 3.57385476e+01]
  [1.24275703e-05 6.48628710e-02 3.91707262e+01]
  [1.80747577e-05 8.31558682e-02 3.57060772e+01]
  [1.66670889e-05 7.99292629e-02 3.58192610e+01]
  [1.75453195e-05 8.17248170e-02 3.56850504e+01]]

 [[1.73895029e-05 8.42314691e-02 3.55277619e+01]
  [1.84132329e-05 8.19250305e-02 3.56499953e+01]
  [1.73460523e-05 8.42166186e-02 3.59567643e+01]
  [1.73983363e-05 8.48142966e-02 3.56261975e+01]
  [5.39385679e-06 2.15086596e-02 4.66542849e+01]
  [1.94659258e-05 8.64895060e-02 3.55964392e+01]
  [1.86995523e-05 8.34717671e-02 3.56773451e+01]
  [1.71714553e-05 8.21184747e-02 3.58222005e+01]]

 [[1.71210383e-05 8.36262743e-02 3.56506920e+01]
  [1.79623684e-05 8.17107060e-02 3.55807312e+01]
  [5.34233089e-06 2.15062972e-02 4.66795705e+01]
  [1.69353582e-05 8.16047291e-02 3.55784047e+01]
  [1.62519731e-05 7.96276123e-02 3.59737864e+01]
  [1.72693314e-05 8.32484175e-02 3.57111202e+01]
  [1.70092364e-05 8.24868750e-02 3.55239363e+01]
  [1.69285609e-05 8.10365161e-02 3.59397868e+01]]

 [[1.63452388e-05 7.97684538e-02 3.59615115e+01]
  [1.79046083e-05 8.07545836e-02 3.59721734e+01]
  [1.80097929e-05 8.26853111e-02 3.53929345e+01]
  [5.36802174e-06 2.15074404e-02 4.66652466e+01]
  [1.67883702e-05 8.06468389e-02 3.55278389e+01]
  [1.69948536e-05 8.18905077e-02 3.59804411e+01]
  [1.72040642e-05 8.22527887e-02 3.59392759e+01]
  [1.66112757e-05 8.20642184e-02 3.60483652e+01]]

 [[1.74145744e-05 8.49275485e-02 3.55156976e+01]
  [1.97539034e-05 8.20870217e-02 3.55501169e+01]
  [1.85243503e-05 8.36925576e-02 3.55234609e+01]
  [1.70510188e-05 8.16979435e-02 3.60391640e+01]
  [1.64272731e-05 7.91524903e-02 3.60531884e+01]
  [1.73549460e-05 8.08857410e-02 3.62103898e+01]
  [1.70960479e-05 8.24146583e-02 3.59757598e+01]
  [1.72859994e-05 8.17278234e-02 3.59817431e+01]]

 [[1.03783255e-05 4.19211659e-02 4.30967447e+01]
  [1.83345037e-05 8.34143047e-02 3.58610903e+01]
  [1.82650770e-05 8.33625493e-02 3.56119679e+01]
  [1.72807155e-05 8.12521546e-02 3.58001001e+01]
  [1.69512356e-05 7.96554117e-02 3.57269774e+01]
  [1.79931442e-05 8.19416552e-02 3.57964128e+01]
  [1.36445680e-05 6.34503782e-02 3.90112527e+01]
  [1.73156932e-05 8.56190166e-02 3.58638429e+01]]

 [[1.67874395e-05 8.15479736e-02 3.53642149e+01]
  [1.76362828e-05 8.13425616e-02 3.53974491e+01]
  [1.74404612e-05 8.25855793e-02 3.59173998e+01]
  [1.74460946e-05 8.53100576e-02 3.56085013e+01]
  [1.65175859e-05 8.09584291e-02 3.57137089e+01]
  [2.13560823e-05 8.65631926e-02 3.55081816e+01]
  [1.65131134e-05 8.06404491e-02 3.60758993e+01]
  [1.69455898e-05 8.10748187e-02 3.58750112e+01]]]

Ref Max Post Table:
[[[9.86924024e-06 3.10400877e-02 3.68261097e+01]
  [8.29690207e-06 3.09968843e-02 3.68873021e+01]
  [8.72720551e-06 3.12264953e-02 3.70007012e+01]
  [8.93639231e-06 2.94498761e-02 3.95318277e+01]]

 [[9.89634333e-06 3.09603207e-02 3.68926366e+01]
  [8.94030898e-06 3.08812273e-02 3.70978777e+01]
  [3.08616737e-06 2.15876524e-02 4.64478516e+01]
  [8.07002141e-06 3.08560176e-02 3.73160284e+01]]

 [[9.98422242e-06 3.08247112e-02 3.74142837e+01]
  [3.06559795e-06 2.15850993e-02 4.64521372e+01]
  [8.41884471e-06 3.09943278e-02 3.69134304e+01]
  [1.01858582e-05 3.04198858e-02 3.84108124e+01]]

 [[9.37145641e-06 3.09930917e-02 3.70960671e+01]
  [7.06797637e-06 2.98767907e-02 3.92935322e+01]
  [6.52537658e-06 2.87465058e-02 4.01038141e+01]
  [9.80247451e-06 2.43781850e-02 4.45575667e+01]]]

Ref Max Pull Table:
[[[7.92848449e-06 3.07395159e-02 3.75634558e+01]
  [1.05187195e-05 2.59959165e-02 4.28313770e+01]
  [1.17639321e-05 3.09942403e-02 3.71128932e+01]
  [8.39642614e-06 3.08781931e-02 3.71087706e+01]]

 [[8.36373982e-06 2.93680776e-02 3.91606446e+01]
  [6.84964144e-06 2.83737344e-02 3.98088050e+01]
  [8.95096337e-06 3.07152272e-02 3.73962533e+01]
  [3.44686719e-06 2.18475841e-02 4.61448386e+01]]

 [[1.11338820e-05 3.09723054e-02 3.69355716e+01]
  [9.26706070e-06 2.80969518e-02 4.01161436e+01]
  [9.96612387e-06 3.10698977e-02 3.68084353e+01]
  [9.00612876e-06 3.10451360e-02 3.69669027e+01]]

 [[8.13977724e-06 3.07181414e-02 3.76695899e+01]
  [3.42312670e-06 2.18427458e-02 4.61517880e+01]
  [8.55937180e-06 3.09164108e-02 3.73075281e+01]
  [8.74767516e-06 3.10213485e-02 3.68217662e+01]]]

Max Activate Table:
[[[1.78527761e-05 8.45823212e-02 3.55644750e+01 6.43298091e-04
   1.83998218e-01 7.08547888e-03 7.08547888e-03]
  [1.68755086e-05 8.07723506e-02 3.54930781e+01 6.45223469e-04
   1.82559527e-01 7.11228131e-03 7.11228131e-03]
  [1.75585716e-05 8.68052278e-02 3.55045002e+01 6.42024556e-04
   1.82526468e-01 7.06712852e-03 7.06712852e-03]
  [1.68866275e-05 8.11771321e-02 3.55167256e+01 6.44944569e-04
   1.82794383e-01 7.11907065e-03 7.11907065e-03]
  [1.65679793e-05 8.07394924e-02 3.63122687e+01 6.45136364e-04
   1.83583555e-01 7.19888434e-03 7.19888434e-03]
  [1.76682563e-05 8.13945452e-02 3.56876903e+01 6.44756948e-04
   1.81430838e-01 7.10137367e-03 7.10137367e-03]
  [1.67281816e-05 8.03083119e-02 3.61865975e+01 6.45490539e-04
   1.81109457e-01 7.12995051e-03 7.12995051e-03]
  [1.65164839e-05 8.03581036e-02 3.56328769e+01 6.45286901e-04
   1.84435731e-01 7.14576267e-03 7.14576267e-03]]

 [[1.72444881e-05 8.46315198e-02 3.49385538e+01 6.43104667e-04
   1.82483394e-01 7.09230194e-03 7.09230194e-03]
  [1.80874873e-05 8.67738317e-02 3.55995419e+01 6.42012650e-04
   1.86995535e-01 7.08434600e-03 7.08434600e-03]
  [1.77117414e-05 8.46739641e-02 3.60333949e+01 6.43176246e-04
   1.95971535e-01 7.15267617e-03 7.15267617e-03]
  [1.67853863e-05 8.37031108e-02 3.60013552e+01 6.43583107e-04
   1.82453366e-01 7.12056682e-03 7.12056682e-03]
  [1.62827052e-05 7.87832732e-02 3.60693406e+01 6.45935000e-04
   1.87716745e-01 7.14107722e-03 7.14107722e-03]
  [1.70040497e-05 8.01860304e-02 3.59952623e+01 6.45347958e-04
   1.81561788e-01 7.15474018e-03 7.15474018e-03]
  [1.68283346e-05 8.11369048e-02 3.60337067e+01 6.44938740e-04
   1.82723611e-01 7.08743400e-03 7.08743400e-03]
  [1.70076729e-05 8.18691657e-02 3.57488555e+01 6.44663831e-04
   1.86511675e-01 7.12265638e-03 7.12265638e-03]]

 [[1.81076258e-05 8.49252180e-02 3.56318161e+01 6.43038523e-04
   1.86900605e-01 7.09969764e-03 7.09969764e-03]
  [2.30429733e-05 8.52272304e-02 3.52566090e+01 6.43938109e-04
   1.83713122e-01 7.03043248e-03 7.03043248e-03]
  [1.94290846e-05 8.10494142e-02 3.58211149e+01 6.45009997e-04
   1.80348954e-01 7.10933373e-03 7.10933373e-03]
  [1.81535744e-05 8.47703571e-02 3.58243110e+01 6.42989327e-04
   1.87553180e-01 7.09702169e-03 7.09702169e-03]
  [1.66498344e-05 8.07300008e-02 3.61030681e+01 6.45159778e-04
   1.81987261e-01 7.13353000e-03 7.13353000e-03]
  [7.20236588e-06 2.48588515e-02 4.61045042e+01 6.68595562e-04
   1.93230150e-01 7.47726585e-03 7.47726585e-03]
  [1.76581397e-05 7.39606619e-02 3.71740078e+01 6.48087815e-04
   1.85910042e-01 7.17766236e-03 7.17766236e-03]
  [1.71265149e-05 8.30004872e-02 3.59479382e+01 6.43873016e-04
   1.87271400e-01 7.10804466e-03 7.10804466e-03]]

 [[1.69504798e-05 8.11514200e-02 3.53512676e+01 6.44866357e-04
   1.84077136e-01 7.11303709e-03 7.11303709e-03]
  [1.74320955e-05 8.17729213e-02 3.53645013e+01 6.44634659e-04
   1.84559473e-01 7.09896360e-03 7.09896360e-03]
  [7.24118490e-06 2.48856417e-02 4.60990367e+01 6.68593486e-04
   1.93784747e-01 7.47567347e-03 7.47567347e-03]
  [1.66447175e-05 8.24795454e-02 3.53478724e+01 6.44178686e-04
   1.85467241e-01 7.10501999e-03 7.10501999e-03]
  [1.61900741e-05 8.00646993e-02 3.60144944e+01 6.45412888e-04
   1.84882143e-01 7.19603927e-03 7.19603927e-03]
  [1.71101371e-05 8.15847331e-02 3.59243859e+01 6.44807993e-04
   1.81601546e-01 7.12307047e-03 7.12307047e-03]
  [1.78071608e-05 8.33653214e-02 3.59811172e+01 6.43791415e-04
   1.89111422e-01 7.10006514e-03 7.10006514e-03]
  [1.72617010e-05 8.17577527e-02 3.58014105e+01 6.44665284e-04
   1.86910605e-01 7.13436105e-03 7.13436105e-03]]

 [[1.68139155e-05 8.21393100e-02 3.61447419e+01 6.44378726e-04
   1.84499702e-01 7.22722925e-03 7.22722925e-03]
  [1.73023444e-05 8.26134801e-02 3.53910270e+01 6.44059882e-04
   1.83700665e-01 7.17630251e-03 7.17630251e-03]
  [1.80279714e-05 7.85752652e-02 3.67577347e+01 6.46055576e-04
   1.93956480e-01 7.16579392e-03 7.16579392e-03]
  [1.66213860e-05 8.00614998e-02 3.55910229e+01 6.45468921e-04
   1.80840658e-01 7.13086059e-03 7.13086059e-03]
  [1.67175553e-05 8.25885244e-02 3.56420668e+01 6.44165690e-04
   1.82198570e-01 7.10915099e-03 7.10915099e-03]
  [1.67222145e-05 7.96088339e-02 3.59483343e+01 6.45556177e-04
   1.84029723e-01 7.17041447e-03 7.17041447e-03]
  [1.65434129e-05 7.96388745e-02 3.57467238e+01 6.45637747e-04
   1.82097129e-01 7.12850592e-03 7.12850592e-03]
  [1.68178596e-05 8.13575637e-02 3.59987057e+01 6.44814102e-04
   1.85732289e-01 7.12114751e-03 7.12114751e-03]]

 [[1.74880942e-05 8.31569419e-02 3.52163310e+01 6.44025866e-04
   1.84005383e-01 7.10615542e-03 7.10615542e-03]
  [1.89117768e-05 8.49638779e-02 3.51076793e+01 6.43162383e-04
   1.84559376e-01 7.09952299e-03 7.09952299e-03]
  [1.91512696e-05 8.16064840e-02 3.54723492e+01 6.44897638e-04
   1.80074463e-01 7.10229459e-03 7.10229459e-03]
  [1.76008047e-05 8.22944520e-02 3.59206238e+01 6.44277196e-04
   1.84502417e-01 7.10613370e-03 7.10613370e-03]
  [1.67845698e-05 8.06897693e-02 3.56965891e+01 6.45027293e-04
   1.89540671e-01 7.15134265e-03 7.15134265e-03]
  [1.74680423e-05 8.25707048e-02 3.56511319e+01 6.44122696e-04
   1.86208250e-01 7.12873243e-03 7.12873243e-03]
  [1.63034973e-05 7.91868597e-02 3.62028376e+01 6.45827946e-04
   1.88209068e-01 7.12907291e-03 7.12907291e-03]
  [7.51781100e-06 2.64766121e-02 4.58199897e+01 6.67883223e-04
   3.39481558e-01 7.37012246e-03 8.24648315e-03]]

 [[1.66823602e-05 8.09840105e-02 3.52720076e+01 6.44939115e-04
   1.84579209e-01 7.14256476e-03 7.14256476e-03]
  [1.63799469e-05 7.94788360e-02 3.59452700e+01 6.45865058e-04
   1.82650047e-01 7.13292839e-03 7.13292839e-03]
  [1.97244836e-05 8.17929251e-02 3.59776824e+01 6.44643540e-04
   1.79511883e-01 7.09430311e-03 7.09430311e-03]
  [1.69440483e-05 8.02272439e-02 3.59429098e+01 6.45366720e-04
   1.82381271e-01 7.10895638e-03 7.10895638e-03]
  [1.73174554e-05 8.47236980e-02 3.57843493e+01 6.43172929e-04
   1.84395638e-01 7.10127577e-03 7.10127577e-03]
  [1.66718644e-05 7.95127948e-02 3.59170438e+01 6.45664486e-04
   1.82930006e-01 7.14686953e-03 7.14686953e-03]
  [1.64459318e-05 7.99964497e-02 3.58758074e+01 6.45442112e-04
   1.85637230e-01 7.10619824e-03 7.10619824e-03]
  [1.16776673e-05 5.10230929e-02 4.16058031e+01 6.57739576e-04
   1.99335637e-01 7.32539096e-03 7.32539096e-03]]

 [[1.70630971e-05 8.18531068e-02 3.55191621e+01 6.44574413e-04
   1.83806135e-01 7.12911690e-03 7.12911690e-03]
  [1.67627251e-05 8.12453201e-02 3.59478205e+01 6.44854395e-04
   1.81550326e-01 7.13389537e-03 7.13389537e-03]
  [1.75338171e-05 8.48740917e-02 3.54801862e+01 6.43345468e-04
   1.84067762e-01 7.05047895e-03 7.05047895e-03]
  [7.63926150e-06 2.66900773e-02 4.57923925e+01 6.67855134e-04
   1.93502932e-01 7.47165258e-03 7.47165258e-03]
  [1.69680455e-05 8.13818930e-02 3.54278709e+01 6.44694746e-04
   1.82803930e-01 7.13018272e-03 7.13018272e-03]
  [1.64528355e-05 7.96797898e-02 3.61372946e+01 6.45837385e-04
   1.79866109e-01 7.10022913e-03 7.10022913e-03]
  [1.70499072e-05 8.15478614e-02 3.55544430e+01 6.44700501e-04
   1.84723087e-01 7.19660690e-03 7.19660690e-03]
  [1.69780995e-05 8.38259048e-02 3.58647980e+01 6.43576566e-04
   1.87403221e-01 7.07752749e-03 7.07752749e-03]]]

Cumulative Reward: 9081.255253706433
