Scheduler Table:
[[[2.07804792e-05 2.71137892e-02 2.80125119e+01 2.01147835e-03
   1.77523588e-01 7.31725530e-04 7.31725530e-04]
  [1.02830772e-05 2.71902029e-02 2.81360242e+01 2.01086153e-03
   1.83751726e-01 7.30891628e-04 7.30891628e-04]
  [1.22844043e-05 2.70519198e-02 2.84724038e+01 2.08019710e-03
   1.57850830e-01 7.30271467e-04 7.30271467e-04]]

 [[1.32538518e-05 2.70985715e-02 2.81861583e+01 2.05979554e-03
   1.70898528e-01 7.30655816e-04 7.30655816e-04]
  [7.59133167e-06 2.34756376e-02 5.33370032e+01 2.04537922e-03
   2.44637602e-02 7.25926546e-04 7.25926546e-04]
  [2.86983879e-06 2.25543949e-02 5.89334721e+01 2.25079160e-03
   5.32301251e-03 7.24730858e-04 7.44653472e-04]]

 [[1.26401585e-05 2.70443508e-02 2.79758511e+01 2.06321223e-03
   1.56566225e-01 7.30431148e-04 7.30431148e-04]
  [1.92719799e-04 7.18161427e-01 5.82416595e+01 2.22712249e-03
   2.55215513e-01 7.26166540e-04 7.35629781e-04]
  [1.18121961e-05 2.71417093e-02 2.81627565e+01 2.03753486e-03
   1.75513854e-01 7.30480327e-04 7.30480327e-04]]]

Buffer Table:
[[[7.27348155e-06 2.48418338e-02 4.87889928e+01 2.14241056e-03
   6.01237743e-02 7.28317177e-04 7.28317177e-04]
  [2.02963645e-05 2.71433518e-02 2.81917582e+01 2.02726760e-03
   1.28934936e-01 7.31376607e-04 7.31376607e-04]
  [1.50128791e-05 2.61788107e-02 3.50941834e+01 2.14352676e-03
   9.14855528e-02 7.29335631e-04 7.29335631e-04]]

 [[1.16523333e-05 2.70780513e-02 2.80890649e+01 2.03974166e-03
   1.29589057e-01 7.30742772e-04 7.30742772e-04]
  [9.70594364e-06 2.71303691e-02 2.80350077e+01 2.04053294e-03
   1.36094469e-01 7.30288024e-04 7.30288024e-04]
  [1.30309010e-05 2.71299800e-02 2.82702266e+01 2.06060710e-03
   1.25653774e-01 7.30958832e-04 7.30958832e-04]]

 [[1.47507052e-05 2.70304671e-02 2.91838815e+01 2.04639893e-03
   1.27817406e-01 7.30341174e-04 7.30341174e-04]
  [1.78778443e-05 2.71364773e-02 2.81265900e+01 2.03482793e-03
   1.37070605e-01 7.31336092e-04 7.31336092e-04]
  [1.91833658e-04 7.17953961e-01 5.93715434e+01 2.24144356e-03
   2.50930064e-01 7.25507080e-04 7.44931628e-04]]]

Arbiter Table:
[[[9.08432534e-06 2.53137629e-02 4.44924311e+01 2.14206722e-03
   7.57788827e-02 7.28762549e-04 7.28762549e-04]
  [2.31385905e-05 2.71069551e-02 2.80955167e+01 2.06316366e-03
   1.43137469e-01 7.31325367e-04 7.31325367e-04]
  [1.93132284e-04 7.17978220e-01 5.91607091e+01 2.20848956e-03
   2.50916841e-01 7.26011637e-04 7.35474879e-04]]

 [[1.25945026e-05 2.70696096e-02 2.91799785e+01 2.05818000e-03
   1.43374599e-01 7.30852358e-04 7.30852358e-04]
  [1.97070428e-05 2.70851617e-02 2.84835027e+01 2.05259504e-03
   1.43461657e-01 7.30430603e-04 7.30430603e-04]
  [1.42118461e-05 2.71072476e-02 2.82752927e+01 2.03909935e-03
   1.46739225e-01 7.30901613e-04 7.30901613e-04]]

 [[3.28927562e-06 2.23680995e-02 5.98680103e+01 2.23184465e-03
   9.51896003e-04 7.24573345e-04 7.44495959e-04]
  [1.27147615e-05 2.70869086e-02 2.82841940e+01 2.05999692e-03
   1.45331388e-01 7.30073530e-04 7.30073530e-04]
  [8.55264518e-06 2.52124836e-02 4.75322332e+01 2.17742815e-03
   7.34565136e-02 7.28168821e-04 7.28168821e-04]]]

Page Table:
[[[2.14832211e-05 2.75724591e-02 2.82771809e+01 2.06540534e-03
   1.34850020e-01 7.29742373e-04 7.29742373e-04]
  [1.19365547e-05 2.76684727e-02 2.81971446e+01 2.08182263e-03
   1.39439266e-01 7.29144624e-04 7.29144624e-04]
  [9.62679558e-06 2.76285854e-02 2.82613124e+01 2.08280981e-03
   1.31560161e-01 7.29235352e-04 7.29235352e-04]
  [8.07841070e-06 2.70935926e-02 3.56275147e+01 2.06197423e-03
   8.24725204e-02 7.28327346e-04 7.28327346e-04]]

 [[9.51578688e-06 2.75601170e-02 3.05205347e+01 2.09992374e-03
   1.16590323e-01 7.29216596e-04 7.29216596e-04]
  [1.10960069e-05 2.76081103e-02 2.84657227e+01 2.08933919e-03
   1.36374563e-01 7.30330594e-04 7.30330594e-04]
  [1.08906892e-05 2.76338404e-02 2.87009008e+01 2.07709168e-03
   1.40294280e-01 7.29433535e-04 7.29433535e-04]
  [1.93209647e-04 7.18013619e-01 5.89573059e+01 2.20817907e-03
   2.51900078e-01 7.26037491e-04 7.35500733e-04]]

 [[9.09519148e-06 2.77257112e-02 2.89694201e+01 2.07110109e-03
   1.37215270e-01 7.29624948e-04 7.29624948e-04]
  [1.25276306e-05 2.76937556e-02 2.85465802e+01 2.08105841e-03
   1.38947855e-01 7.30420017e-04 7.30420017e-04]
  [1.02986746e-05 2.76826615e-02 2.84580393e+01 2.04711729e-03
   1.49482079e-01 7.29701984e-04 7.29701984e-04]
  [5.11140219e-06 2.50950477e-02 4.69011131e+01 2.10324762e-03
   5.45725310e-02 7.27647742e-04 7.27647742e-04]]

 [[1.17752384e-05 2.76173813e-02 2.85276587e+01 2.05507827e-03
   1.41754155e-01 7.30109652e-04 7.30109652e-04]
  [3.36794185e-06 2.24040955e-02 5.96611792e+01 2.23152893e-03
   1.95170293e-03 7.24599635e-04 7.44522249e-04]
  [1.04733432e-05 2.75223052e-02 3.10552867e+01 2.08507257e-03
   1.22839649e-01 7.29196082e-04 7.29196082e-04]
  [6.68168806e-06 2.65043862e-02 3.63763599e+01 2.19332293e-03
   7.49581740e-02 7.27700732e-04 7.27700732e-04]]]

Response Table:
[[[2.10455115e-05 2.64745510e-02 3.73435782e+01]
  [1.75121909e-05 2.66770938e-02 2.80396748e+01]]

 [[1.24676310e-05 2.67612995e-02 2.75913629e+01]
  [1.91832939e-04 7.17953843e-01 5.93727468e+01]]]

Refresh Table:
[[[1.91832939e-04 7.17953843e-01 5.93727468e+01]
  [1.38828674e-05 2.66358896e-02 2.74681727e+01]]

 [[1.27881140e-05 2.67625991e-02 2.76723777e+01]
  [1.30773761e-05 2.66743022e-02 2.82936630e+01]]]

Request Buffer Table:
[[[1.07089995e-05 3.82190212e-02 2.87997360e+01]
  [1.04705587e-05 3.87093242e-02 2.88100725e+01]
  [1.14483782e-05 3.80147827e-02 2.86114517e+01]
  [1.12130768e-05 3.76250363e-02 2.81918462e+01]
  [1.13459294e-05 3.85975483e-02 2.84808670e+01]
  [1.08435700e-05 3.75754867e-02 2.87149820e+01]
  [1.06631550e-05 3.15229368e-02 4.05298814e+01]
  [1.05571972e-05 3.78502083e-02 2.83247304e+01]]

 [[1.01651350e-05 3.78363532e-02 2.84257342e+01]
  [9.88710673e-06 3.80159759e-02 2.82165291e+01]
  [3.76026379e-05 3.83218898e-02 2.87190893e+01]
  [9.63994217e-06 3.80825208e-02 2.83133309e+01]
  [1.05799135e-05 3.83384991e-02 2.86731546e+01]
  [1.13176022e-05 3.74165694e-02 2.93892907e+01]
  [1.00753834e-05 3.80436784e-02 2.82851720e+01]
  [1.02999008e-05 3.77379569e-02 2.89115786e+01]]

 [[1.14359974e-05 3.76172078e-02 2.84734878e+01]
  [1.14496660e-05 3.81651684e-02 2.84636939e+01]
  [1.61461836e-05 3.79003208e-02 2.86856899e+01]
  [1.02172683e-05 3.75349190e-02 2.93414720e+01]
  [1.06729117e-05 3.79759947e-02 2.88286793e+01]
  [9.99448182e-06 3.81139924e-02 2.86414497e+01]
  [2.71752078e-05 3.75955432e-02 2.93176532e+01]
  [1.08023162e-05 3.79621026e-02 2.86034880e+01]]

 [[1.10416324e-05 3.76290345e-02 2.82872596e+01]
  [1.00345975e-05 3.80104943e-02 2.83872149e+01]
  [1.14332833e-05 3.88477791e-02 2.84200223e+01]
  [1.04746053e-05 3.82239352e-02 2.84999449e+01]
  [1.13359222e-05 3.82123754e-02 2.88277576e+01]
  [1.00374010e-05 3.74423292e-02 2.89707123e+01]
  [1.53724677e-05 3.79380905e-02 2.85060005e+01]
  [1.06185800e-05 3.78965264e-02 2.91346810e+01]]

 [[1.18265262e-05 3.76536583e-02 2.85121261e+01]
  [1.05511880e-05 3.84420336e-02 2.89699146e+01]
  [1.04240526e-05 3.80618016e-02 2.87454266e+01]
  [1.01576178e-05 3.75773846e-02 2.83777477e+01]
  [1.13111924e-05 3.80946358e-02 2.86129422e+01]
  [1.11967499e-05 3.80065820e-02 2.89514235e+01]
  [1.14871845e-05 3.99985071e-02 2.86105921e+01]
  [1.34792215e-05 3.85852195e-02 2.87344167e+01]]

 [[1.10599973e-05 3.41226323e-02 3.29088594e+01]
  [9.91890731e-06 3.77958153e-02 2.87923002e+01]
  [1.56468195e-05 3.77287230e-02 2.86168728e+01]
  [1.34608760e-05 3.88419521e-02 2.85892036e+01]
  [1.02530499e-05 3.80891020e-02 2.85051218e+01]
  [1.04485326e-05 3.79842155e-02 2.85676769e+01]
  [1.04033713e-05 3.79470964e-02 2.82985114e+01]
  [1.07696859e-05 3.77995709e-02 2.85259429e+01]]

 [[1.84002373e-05 3.70053618e-02 2.89426490e+01]
  [1.08228221e-05 3.78395436e-02 2.85505477e+01]
  [1.04620133e-05 3.81571965e-02 2.84590319e+01]
  [1.54637132e-05 3.83141958e-02 2.85541208e+01]
  [1.05861476e-05 3.83657027e-02 2.83723942e+01]
  [1.10135196e-05 3.64592723e-02 2.98819225e+01]
  [1.91832939e-04 7.17953843e-01 5.93727468e+01]
  [1.03883002e-05 3.75979080e-02 2.89375817e+01]]

 [[1.15948192e-05 3.75409747e-02 2.91567051e+01]
  [1.15858233e-05 3.85412377e-02 2.85593870e+01]
  [1.11213586e-05 3.81929845e-02 2.86614807e+01]
  [1.00659409e-05 3.76456473e-02 2.84893584e+01]
  [9.62578268e-06 3.74080394e-02 2.85927728e+01]
  [1.09356763e-05 3.82652189e-02 2.86243289e+01]
  [1.08359360e-05 3.82648183e-02 2.82599236e+01]
  [1.17944448e-05 3.81725815e-02 2.86785104e+01]]]

Ref Max Post Table:
[[[2.08571243e-05 2.76125448e-02 2.84280879e+01]
  [1.41230222e-05 2.72548956e-02 3.28977562e+01]
  [1.62538434e-05 2.76724621e-02 2.82203465e+01]
  [9.70265415e-06 2.76614022e-02 2.83859740e+01]]

 [[1.49081351e-05 2.75732422e-02 2.97142587e+01]
  [1.91832939e-04 7.17953843e-01 5.93727468e+01]
  [1.08060529e-05 2.75458385e-02 2.88999735e+01]
  [9.08166963e-06 2.77664786e-02 2.83255825e+01]]

 [[1.06993645e-05 2.75213950e-02 2.84777278e+01]
  [8.20358721e-06 2.66816717e-02 3.51621295e+01]
  [1.48751235e-05 2.76718494e-02 2.85409839e+01]
  [1.02826674e-05 2.77874572e-02 2.83985387e+01]]

 [[1.02329291e-05 2.76570054e-02 2.83925493e+01]
  [1.18512748e-05 2.76235125e-02 2.94760438e+01]
  [1.15048270e-05 2.77686216e-02 2.83879321e+01]
  [6.67573524e-06 2.76425130e-02 3.31152534e+01]]]

Ref Max Pull Table:
[[[1.01154614e-05 2.76412511e-02 2.86028319e+01]
  [5.53364535e-06 2.53846694e-02 4.55959848e+01]
  [1.40572432e-05 2.76331157e-02 2.88068500e+01]
  [2.01748346e-05 2.74947052e-02 2.84302381e+01]]

 [[1.03683738e-05 2.68349807e-02 3.53164816e+01]
  [7.40907896e-06 2.62063143e-02 4.08093158e+01]
  [9.48352306e-06 2.72190301e-02 3.29891632e+01]
  [1.93187869e-04 7.18004787e-01 5.89888961e+01]]

 [[9.54878125e-06 2.76610328e-02 2.95545512e+01]
  [1.05681785e-05 2.57490009e-02 4.25832007e+01]
  [7.81035667e-06 2.51554842e-02 4.92244711e+01]
  [1.07184995e-05 2.76965719e-02 2.83261089e+01]]

 [[1.67100571e-05 2.75859077e-02 2.98947101e+01]
  [3.34579723e-06 2.23951143e-02 5.96933018e+01]
  [1.08196848e-05 2.76824964e-02 2.82584215e+01]
  [6.37027202e-06 2.51971093e-02 4.36778014e+01]]]

Max Activate Table:
[[[1.12128294e-05 3.80023216e-02 2.85373829e+01 2.11240733e-03
   6.63016216e-02 7.25187965e-04 7.25187965e-04]
  [1.01220850e-05 3.87036988e-02 2.86803587e+01 2.12616609e-03
   4.53563817e-02 7.24899119e-04 7.24899119e-04]
  [1.18625582e-05 3.79095308e-02 2.86157230e+01 2.08542133e-03
   8.39698162e-02 7.25593509e-04 7.25593509e-04]
  [1.05087114e-05 3.79975464e-02 2.84260486e+01 2.10228484e-03
   4.07642863e-02 7.26444570e-04 7.26444570e-04]
  [1.30449080e-05 4.04264654e-02 2.86379327e+01 2.13758781e-03
   6.40319950e-02 7.24057317e-04 7.24057317e-04]
  [1.04780658e-05 3.75522493e-02 2.85996307e+01 2.08928355e-03
   8.62759296e-02 7.24948670e-04 7.24948670e-04]
  [1.22929646e-05 3.75911312e-02 2.85402460e+01 2.13063630e-03
   4.94352844e-02 7.24961258e-04 7.24961258e-04]
  [1.05053675e-05 3.80203179e-02 2.86502570e+01 2.08499040e-03
   5.61749682e-02 7.26612992e-04 7.26612992e-04]]

 [[1.04686480e-05 3.91686753e-02 2.83990563e+01 2.09818071e-03
   4.40765798e-02 7.24262189e-04 7.24262189e-04]
  [1.25797444e-05 3.78278521e-02 2.92500481e+01 2.12851940e-03
   4.66582078e-02 7.26108660e-04 7.26108660e-04]
  [1.05936793e-05 3.76507438e-02 2.85608968e+01 2.11102914e-03
   5.20404546e-02 7.25742885e-04 7.25742885e-04]
  [1.02054044e-05 3.81519990e-02 2.88605081e+01 2.09949527e-03
   1.24688209e-01 7.25699345e-04 7.25699345e-04]
  [3.24801775e-05 3.73429885e-02 2.87082335e+01 2.08794764e-03
   6.80651033e-02 7.26522458e-04 7.26522458e-04]
  [1.00275557e-05 3.75661928e-02 2.91271816e+01 2.12162434e-03
   7.11180712e-02 7.26042587e-04 7.26042587e-04]
  [1.23144801e-05 3.79681647e-02 2.84314171e+01 2.11348559e-03
   4.32198410e-02 7.25256175e-04 7.25256175e-04]
  [1.08554931e-05 3.86531871e-02 2.88281731e+01 2.08265613e-03
   1.65863528e-01 7.25299352e-04 7.25299352e-04]]

 [[1.05364031e-05 3.81359607e-02 2.84770715e+01 2.12145164e-03
   6.70172242e-02 7.24869711e-04 7.24869711e-04]
  [1.05107870e-05 3.79483828e-02 2.86248313e+01 2.11014625e-03
   7.29081799e-02 7.26413986e-04 7.26413986e-04]
  [1.54815998e-05 3.75707490e-02 2.86774789e+01 2.13377542e-03
   9.13414519e-02 7.24969422e-04 7.24969422e-04]
  [1.09942932e-05 3.77818578e-02 2.85557884e+01 2.11333892e-03
   4.87201275e-02 7.26012561e-04 7.26012561e-04]
  [1.24400329e-05 3.79242840e-02 2.85590387e+01 2.10402818e-03
   9.95548350e-02 7.25364632e-04 7.25364632e-04]
  [9.61297223e-06 3.69150108e-02 2.92818979e+01 2.10837776e-03
   8.53914100e-02 7.25373684e-04 7.25373684e-04]
  [1.88679429e-05 3.79935251e-02 2.87339677e+01 2.08799877e-03
   4.85538220e-02 7.25055902e-04 7.25055902e-04]
  [9.85160185e-06 3.72042640e-02 2.87284171e+01 2.09079031e-03
   1.18807449e-01 7.25235400e-04 7.25235400e-04]]

 [[1.10044813e-05 3.83944367e-02 2.86081841e+01 2.09458630e-03
   8.55205203e-02 7.26061406e-04 7.26061406e-04]
  [1.08335819e-05 3.86371352e-02 2.83752139e+01 2.14375944e-03
   4.20233592e-02 7.25864419e-04 7.25864419e-04]
  [1.13718030e-05 3.79107117e-02 2.84762534e+01 2.11596489e-03
   8.63932984e-02 7.25566723e-04 7.25566723e-04]
  [1.12055467e-05 3.81913219e-02 2.86457674e+01 2.11663358e-03
   4.50991731e-02 7.25493838e-04 7.25493838e-04]
  [1.02747816e-05 3.82000730e-02 2.83606335e+01 2.11259991e-03
   8.73830568e-02 7.25896798e-04 7.25896798e-04]
  [1.13681632e-05 3.77474918e-02 2.88478571e+01 2.08392557e-03
   7.57722948e-02 7.25632820e-04 7.25632820e-04]
  [2.17468599e-05 3.92781374e-02 2.86730738e+01 2.14525417e-03
   4.28648388e-02 7.25438803e-04 7.25438803e-04]
  [1.04530970e-05 3.69290522e-02 3.00472251e+01 2.11250991e-03
   6.90482178e-02 7.25645414e-04 7.25645414e-04]]

 [[9.94560615e-06 3.78332777e-02 2.88102291e+01 2.09477027e-03
   8.13922697e-02 7.25678680e-04 7.25678680e-04]
  [1.08324129e-05 3.84029449e-02 2.84900457e+01 2.10301369e-03
   8.31927173e-02 7.25662034e-04 7.25662034e-04]
  [1.01736504e-05 3.72883298e-02 2.87027830e+01 2.07884859e-03
   1.25681941e-01 7.25551065e-04 7.25551065e-04]
  [1.06943154e-05 3.77060671e-02 2.89348076e+01 2.10800417e-03
   4.86346081e-02 7.25552542e-04 7.25552542e-04]
  [6.03041997e-06 3.21709014e-02 3.78399649e+01 2.08517039e-03
   2.36591967e-02 7.25811377e-04 7.25811377e-04]
  [1.02246868e-05 3.77472555e-02 2.83805233e+01 2.05736895e-03
   1.97794491e-01 7.25774547e-04 7.25774547e-04]
  [1.17594685e-05 3.84814350e-02 2.94182873e+01 2.13614199e-03
   4.98414406e-02 7.25036781e-04 7.25036781e-04]
  [1.08744721e-05 3.82267018e-02 2.85328727e+01 2.12958638e-03
   7.11956810e-02 7.24922977e-04 7.24922977e-04]]

 [[1.00418642e-05 3.78998192e-02 2.84934078e+01 2.12579579e-03
   4.65312933e-02 7.25091928e-04 7.25091928e-04]
  [1.02150809e-05 3.83459331e-02 2.87036650e+01 2.11019331e-03
   3.99490598e-02 7.25352177e-04 7.25352177e-04]
  [2.07922439e-05 3.74856088e-02 2.84534210e+01 2.10224200e-03
   1.19320506e-01 7.24786344e-04 7.24786344e-04]
  [1.06522254e-05 3.77606728e-02 2.83632281e+01 2.11203317e-03
   8.16248438e-02 7.25324419e-04 7.25324419e-04]
  [1.18312388e-05 3.86233431e-02 2.86238876e+01 2.11673247e-03
   4.49459485e-02 7.25596157e-04 7.25596157e-04]
  [1.06662454e-05 3.77591817e-02 2.87039971e+01 2.11193124e-03
   6.95831132e-02 7.25271764e-04 7.25271764e-04]
  [1.09088291e-05 3.78869970e-02 2.87372123e+01 2.10306804e-03
   4.14315497e-02 7.25074943e-04 7.25074943e-04]
  [1.80036569e-05 3.75641355e-02 2.87467107e+01 2.10717911e-03
   5.07892993e-02 7.25415157e-04 7.25415157e-04]]

 [[1.05974133e-05 3.78099816e-02 2.85215792e+01 2.07880811e-03
   8.22608939e-02 7.25380833e-04 7.25380833e-04]
  [1.12807452e-05 4.04437536e-02 2.85398859e+01 2.12704620e-03
   5.60879294e-02 7.23903872e-04 7.23903872e-04]
  [1.51861502e-05 3.71210165e-02 2.85366598e+01 2.10872055e-03
   7.14544217e-02 7.25586172e-04 7.25586172e-04]
  [1.05753573e-05 3.75130545e-02 2.88844864e+01 2.13913403e-03
   6.90727192e-02 7.25892440e-04 7.25892440e-04]
  [1.12182362e-05 3.77545054e-02 2.86159026e+01 2.11737492e-03
   5.07592459e-02 7.25911173e-04 7.25911173e-04]
  [1.04294234e-05 3.80459806e-02 2.85581362e+01 2.11077854e-03
   4.01507133e-02 7.26225071e-04 7.26225071e-04]
  [8.09561685e-06 3.04842385e-02 4.55632917e+01 2.23195004e-03
   4.14259899e-02 7.25162782e-04 7.25162782e-04]
  [1.09274724e-05 3.70875787e-02 2.85990540e+01 2.11533445e-03
   5.34767087e-02 7.26093143e-04 7.26093143e-04]]

 [[9.90678649e-06 3.74585214e-02 2.86960176e+01 2.10892715e-03
   1.12989912e-01 7.25084908e-04 7.25084908e-04]
  [1.15540708e-05 3.74786079e-02 2.87354256e+01 2.12864686e-03
   5.08251493e-02 7.25300494e-04 7.25300494e-04]
  [9.85109833e-06 3.71806605e-02 2.85457461e+01 2.08955205e-03
   1.00319683e-01 7.25877816e-04 7.25877816e-04]
  [1.06687854e-05 3.84537000e-02 2.85059869e+01 2.09632385e-03
   2.90566561e-01 7.24273554e-04 7.24273554e-04]
  [1.26652980e-05 3.86426838e-02 2.85325334e+01 2.12709559e-03
   4.18998084e-02 7.25498039e-04 7.25498039e-04]
  [9.98698136e-06 3.73876787e-02 2.86539416e+01 2.13153286e-03
   4.81456653e-02 7.25659351e-04 7.25659351e-04]
  [1.90423728e-05 3.78498052e-02 2.86072612e+01 2.09154871e-03
   4.54408326e-02 7.25949842e-04 7.25949842e-04]
  [1.91832939e-04 7.17953843e-01 5.93727468e+01 2.24144418e-03
   2.50927366e-01 7.25506955e-04 7.44931504e-04]]]

Cumulative Reward: 9233.904095408929
