Scheduler Table:
[[[7.50168662e-06 2.90025531e-02 3.07549949e+01 1.89706423e-03
   4.11872452e-02 6.84754001e-04 6.84754001e-04]
  [7.31935066e-06 2.89637094e-02 3.08999100e+01 1.84392007e-03
   4.26363181e-02 6.85312790e-04 6.85312790e-04]
  [7.64921536e-06 2.89741284e-02 3.23609932e+01 1.88387486e-03
   3.71608726e-02 6.84275763e-04 6.84275763e-04]]

 [[7.25069618e-06 2.90269003e-02 3.06510761e+01 1.85571608e-03
   4.40921948e-02 6.84839375e-04 6.84839375e-04]
  [7.19983957e-06 2.89778464e-02 3.14065667e+01 1.85540438e-03
   4.39702369e-02 6.85315795e-04 6.85315795e-04]
  [7.28151102e-06 2.70106519e-02 5.35475475e+01 2.20295633e-03
   2.45077637e-02 6.81953742e-04 6.81953742e-04]]

 [[7.70256650e-06 2.90146047e-02 3.09697102e+01 1.89598450e-03
   3.79493274e-02 6.84563439e-04 6.84563439e-04]
  [8.84905432e-06 2.82942276e-02 4.15187223e+01 2.00494096e-03
   3.49924514e-02 6.83609638e-04 6.83609638e-04]
  [6.44153315e-06 2.35055713e-02 7.83002335e+01 2.81946665e-03
   1.03220762e-03 6.76523168e-04 7.24809836e-04]]]

Buffer Table:
[[[7.49794667e-06 2.90704532e-02 3.20898217e+01 1.90683113e-03
   5.07240801e-02 6.84306293e-04 6.84306293e-04]
  [7.71908145e-06 2.90852491e-02 3.13740862e+01 1.91335150e-03
   5.01548005e-02 6.84698486e-04 6.84698486e-04]
  [7.05238915e-06 2.89994348e-02 3.14468063e+01 1.86619602e-03
   4.67655641e-02 6.85133509e-04 6.85133509e-04]]

 [[7.07149765e-06 2.89412848e-02 3.10771945e+01 1.86516327e-03
   4.62137553e-02 6.85295673e-04 6.85295673e-04]
  [7.75195043e-06 2.89959744e-02 3.07682876e+01 1.90607594e-03
   4.91854650e-02 6.84771397e-04 6.84771397e-04]
  [7.32195414e-06 2.90297383e-02 3.13028089e+01 1.89571221e-03
   4.79049261e-02 6.84656912e-04 6.84656912e-04]]

 [[7.66410147e-06 2.90368373e-02 3.12368608e+01 1.90399274e-03
   5.20087495e-02 6.84967375e-04 6.84967375e-04]
  [7.77319355e-06 2.90749331e-02 3.10931180e+01 1.90981481e-03
   4.82680564e-02 6.84364084e-04 6.84364084e-04]
  [6.43839798e-06 2.35031844e-02 7.83191897e+01 2.81981147e-03
   1.01288476e-03 6.76520610e-04 7.24807279e-04]]]

Arbiter Table:
[[[7.59300877e-06 2.90374011e-02 3.13050183e+01 1.86188084e-03
   4.59797651e-02 6.86177683e-04 6.86177683e-04]
  [7.60621248e-06 2.88936521e-02 3.18547184e+01 1.86422720e-03
   4.57306082e-02 6.84740415e-04 6.84740415e-04]
  [8.85520746e-06 2.35301541e-02 7.67292552e+01 2.73294372e-03
   1.03247777e-03 6.76785245e-04 7.25071913e-04]]

 [[7.45377690e-06 2.90243553e-02 3.09722040e+01 1.86401833e-03
   4.65802350e-02 6.84753613e-04 6.84753613e-04]
  [7.85945997e-06 2.90135117e-02 3.06816943e+01 1.87785830e-03
   4.70946736e-02 6.85277008e-04 6.85277008e-04]
  [6.73025214e-06 2.70431950e-02 5.74619589e+01 1.82652177e-03
   2.12148826e-02 6.83991993e-04 6.83991993e-04]]

 [[8.99164924e-06 2.35313392e-02 7.89211526e+01 2.78629909e-03
   8.64850169e-04 6.76969380e-04 6.76969380e-04]
  [1.01364865e-05 2.84278561e-02 4.06598695e+01 2.01557040e-03
   3.98797219e-02 6.83046967e-04 6.83046967e-04]
  [7.97834362e-06 2.90044383e-02 3.15381545e+01 1.93609701e-03
   4.82963428e-02 6.83547699e-04 6.83547699e-04]]]

Page Table:
[[[2.04768054e-03 2.57613786e-02 5.90451456e+01 1.53045188e-03
   1.09829190e-01 6.88282420e-04 6.88282420e-04]
  [7.75414929e-06 2.95872669e-02 3.24962669e+01 1.98021735e-03
   4.41310652e-02 6.82892006e-04 6.82892006e-04]
  [9.75503184e-06 2.97158215e-02 3.21584827e+01 2.04644631e-03
   4.99717378e-02 6.83065647e-04 6.83065647e-04]
  [8.99165110e-06 2.35313392e-02 7.89211526e+01 2.78629909e-03
   8.64849092e-04 6.76969380e-04 6.76969380e-04]]

 [[7.05089421e-06 2.74491138e-02 6.56930892e+01 2.30024715e-03
   2.33190126e-02 6.79738985e-04 6.79738985e-04]
  [7.90825998e-06 2.97100755e-02 3.16279466e+01 2.00386358e-03
   3.80858719e-02 6.84282483e-04 6.84282483e-04]
  [8.02556099e-06 2.97884507e-02 3.21216349e+01 2.01183209e-03
   3.88137552e-02 6.84191776e-04 6.84191776e-04]
  [7.86964290e-06 2.95740929e-02 3.16688996e+01 1.97610827e-03
   4.05049213e-02 6.83325452e-04 6.83325452e-04]]

 [[9.01823228e-06 2.97554252e-02 3.22881190e+01 2.05912665e-03
   4.79617184e-02 6.83550824e-04 6.83550824e-04]
  [8.44184451e-06 2.84381994e-02 5.03448896e+01 2.22577442e-03
   3.61121769e-02 6.81428913e-04 6.81428913e-04]
  [7.66325012e-06 2.95813541e-02 3.21970604e+01 1.98711299e-03
   4.20865423e-02 6.83793920e-04 6.83793920e-04]
  [1.05481560e-05 2.97217553e-02 3.18930253e+01 2.03709841e-03
   5.65726360e-02 6.82926053e-04 6.82926053e-04]]

 [[8.85520929e-06 2.35301541e-02 7.67292552e+01 2.73294372e-03
   1.03247671e-03 6.76785245e-04 7.25071913e-04]
  [7.95889478e-06 2.97407958e-02 3.20336081e+01 1.99626559e-03
   4.11952436e-02 6.84095692e-04 6.84095692e-04]
  [8.30112043e-06 2.95677911e-02 3.29333316e+01 2.01494339e-03
   4.49364870e-02 6.83322322e-04 6.83322322e-04]
  [8.83200549e-06 2.97119481e-02 3.16837912e+01 2.00079529e-03
   4.32431653e-02 6.83307080e-04 6.83307080e-04]]]

Response Table:
[[[6.78724517e-06 2.85277709e-02 2.94243018e+01]
  [6.61571849e-06 2.85046724e-02 2.99847074e+01]]

 [[6.81602722e-06 2.85264156e-02 2.94916274e+01]
  [6.43839798e-06 2.35031844e-02 7.83191897e+01]]]

Refresh Table:
[[[6.43839798e-06 2.35031844e-02 7.83191897e+01]
  [6.32852270e-06 2.84687481e-02 2.98172284e+01]]

 [[6.42565605e-06 2.85605126e-02 3.20904607e+01]
  [4.09622557e-06 2.65117481e-02 6.71479070e+01]]]

Request Buffer Table:
[[[2.18821709e-05 4.31838892e-02 3.21075132e+01]
  [1.34122053e-05 4.28290718e-02 3.17551157e+01]
  [1.41552002e-05 4.34053133e-02 3.21378670e+01]
  [1.54731860e-05 4.31026833e-02 3.18362626e+01]
  [1.42946720e-05 4.34725970e-02 3.22175436e+01]
  [1.67166683e-05 4.31002143e-02 3.20210938e+01]
  [1.54205167e-05 4.29362201e-02 3.28815492e+01]
  [1.22575062e-05 4.01300596e-02 4.28726372e+01]]

 [[1.44653766e-05 4.32615523e-02 3.14851673e+01]
  [1.37934421e-05 4.42664822e-02 3.18318746e+01]
  [2.26824667e-05 4.33214996e-02 3.21032495e+01]
  [1.68875211e-05 4.45093070e-02 3.19438894e+01]
  [1.42361781e-05 4.33104460e-02 3.21334447e+01]
  [1.40025816e-05 4.34845901e-02 3.20880371e+01]
  [1.49079127e-05 4.28659210e-02 3.22642816e+01]
  [1.10381585e-05 3.87622189e-02 4.23719323e+01]]

 [[1.49530547e-05 4.52363856e-02 3.22212750e+01]
  [1.69236201e-05 4.34414658e-02 3.25331385e+01]
  [1.39425355e-05 4.37567333e-02 3.21440663e+01]
  [1.44893229e-05 4.48517895e-02 3.22153709e+01]
  [1.36252726e-05 4.36299964e-02 3.23149174e+01]
  [1.43059867e-05 4.43261415e-02 3.21271137e+01]
  [1.41215136e-05 4.31636680e-02 3.35884889e+01]
  [1.38060514e-05 4.31921949e-02 3.25062868e+01]]

 [[1.70267764e-05 4.54275000e-02 3.19834050e+01]
  [1.48923862e-05 4.31826472e-02 3.23612131e+01]
  [1.41309259e-05 4.30750265e-02 3.25442762e+01]
  [1.78108926e-05 4.48578188e-02 3.18178557e+01]
  [1.41566199e-05 4.39278867e-02 3.22062576e+01]
  [1.68481900e-05 4.36628614e-02 3.25693302e+01]
  [1.63504705e-05 4.46399694e-02 3.22611468e+01]
  [1.52911196e-05 4.30228223e-02 3.17115405e+01]]

 [[1.40653285e-05 4.37628501e-02 3.18091428e+01]
  [1.29703139e-05 4.21503195e-02 3.23048341e+01]
  [1.50088649e-05 4.32492468e-02 3.26000020e+01]
  [1.46064538e-05 4.37110608e-02 3.23256506e+01]
  [1.37160301e-05 4.39429593e-02 3.19150885e+01]
  [1.50681333e-05 4.46353236e-02 3.18914990e+01]
  [1.52789016e-05 4.29682988e-02 3.26443012e+01]
  [1.46428835e-05 4.33925315e-02 3.20411897e+01]]

 [[1.64348171e-05 4.30993628e-02 3.17139631e+01]
  [1.58288484e-05 4.30587987e-02 3.19400473e+01]
  [1.38678706e-05 4.38331224e-02 3.24921348e+01]
  [1.71327972e-05 4.46017735e-02 3.19270322e+01]
  [1.41592544e-05 4.33428697e-02 3.19777403e+01]
  [1.35579578e-05 4.29020197e-02 3.24925250e+01]
  [1.56303161e-05 4.30765608e-02 3.24535717e+01]
  [1.35603569e-05 4.32238958e-02 3.25372177e+01]]

 [[1.36948515e-05 4.24165150e-02 3.30805515e+01]
  [1.34805959e-05 4.24582732e-02 3.28905024e+01]
  [1.41254360e-05 4.37578704e-02 3.21515972e+01]
  [1.53512943e-05 4.39416517e-02 3.22541749e+01]
  [1.41066514e-05 4.31197890e-02 3.16345194e+01]
  [1.55529098e-05 4.26141306e-02 3.20245028e+01]
  [6.43839798e-06 2.35031844e-02 7.83191897e+01]
  [1.39096795e-05 4.31760703e-02 3.23037617e+01]]

 [[1.64674357e-05 4.26109596e-02 3.16131491e+01]
  [1.40808069e-05 4.35760830e-02 3.20894369e+01]
  [1.37812756e-05 4.31149427e-02 3.19699762e+01]
  [1.78723813e-05 4.40765343e-02 3.21982929e+01]
  [1.45746087e-05 4.36480386e-02 3.23202662e+01]
  [1.42382248e-05 4.46600797e-02 3.22786473e+01]
  [8.15211618e-06 3.49178083e-02 5.01404706e+01]
  [1.37288318e-05 4.31398412e-02 3.20289784e+01]]]

Ref Max Post Table:
[[[8.01029970e-06 2.96724838e-02 3.22066385e+01]
  [8.66235325e-06 2.96095098e-02 3.19775795e+01]
  [7.50698162e-06 2.99220849e-02 3.22681062e+01]
  [8.98146703e-06 2.70917998e-02 5.05671473e+01]]

 [[8.31670847e-06 2.95700723e-02 3.26147072e+01]
  [4.94106984e-06 2.76063561e-02 4.98430726e+01]
  [8.39482821e-06 2.95212381e-02 3.31413775e+01]
  [8.73216678e-06 2.40588170e-02 7.58084539e+01]]

 [[7.22327826e-06 2.87096550e-02 3.93793946e+01]
  [1.01605399e-05 2.97996440e-02 3.22584353e+01]
  [8.63310023e-06 2.97235152e-02 3.19692072e+01]
  [8.04657426e-06 2.95962092e-02 3.21791454e+01]]

 [[7.49347717e-06 2.97409818e-02 3.18598630e+01]
  [8.60002554e-06 2.40488898e-02 7.36681450e+01]
  [8.55792913e-06 2.97086121e-02 3.18176322e+01]
  [4.72449726e-06 2.81138451e-02 4.62954510e+01]]]

Ref Max Pull Table:
[[[7.76047183e-06 2.96169009e-02 3.24488117e+01]
  [5.67164117e-06 2.51762164e-02 6.47972970e+01]
  [9.59679645e-06 2.97819953e-02 3.20467260e+01]
  [7.85749636e-06 2.96529063e-02 3.16004390e+01]]

 [[5.40396261e-06 2.74253420e-02 5.20010451e+01]
  [4.67270204e-06 2.69131508e-02 5.28088312e+01]
  [8.53035403e-06 2.96430025e-02 3.22296652e+01]
  [8.99362582e-06 2.35770936e-02 7.86653757e+01]]

 [[8.39024302e-06 2.97129782e-02 3.22707535e+01]
  [8.11196822e-06 2.96710946e-02 3.20957321e+01]
  [8.72180954e-06 2.97185828e-02 3.22072647e+01]
  [1.19887604e-05 2.98647577e-02 3.21470225e+01]]

 [[8.18183980e-06 2.96791390e-02 3.24977282e+01]
  [8.85715128e-06 2.35751502e-02 7.64777174e+01]
  [7.80212652e-06 2.96993470e-02 3.24377042e+01]
  [8.57591042e-06 2.98412308e-02 3.25412189e+01]]]

Max Activate Table:
[[[1.75051426e-05 4.32005859e-02 3.18389810e+01 1.97362955e-03
   5.38418439e-02 6.81332858e-04 6.81332858e-04]
  [1.35513377e-05 4.32536994e-02 3.18817343e+01 2.00606773e-03
   5.46224290e-02 6.81793757e-04 6.81793757e-04]
  [1.46573417e-05 4.40996233e-02 3.19869122e+01 1.99965215e-03
   3.84989727e-02 6.81018357e-04 6.81018357e-04]
  [1.46695721e-05 4.31422156e-02 3.19824626e+01 1.97578132e-03
   5.84831798e-02 6.82100623e-04 6.82100623e-04]
  [1.52898172e-05 4.53831167e-02 3.19563176e+01 2.00004563e-03
   4.26140467e-02 6.81702403e-04 6.81702403e-04]
  [1.46024705e-05 4.33916084e-02 3.25123603e+01 1.99113379e-03
   3.93554464e-02 6.81620017e-04 6.81620017e-04]
  [1.31469445e-05 4.24472432e-02 3.29285639e+01 1.97175887e-03
   4.31119146e-02 6.81749975e-04 6.81749975e-04]
  [1.44543444e-05 4.22479672e-02 3.22641704e+01 1.96257481e-03
   5.38280754e-02 6.81933735e-04 6.81933735e-04]]

 [[1.52624668e-05 4.43333637e-02 3.17025517e+01 2.03299305e-03
   4.60944880e-02 6.80942799e-04 6.80942799e-04]
  [1.41292982e-05 4.44499301e-02 3.27968034e+01 2.01122639e-03
   3.91454245e-02 6.81163207e-04 6.81163207e-04]
  [1.48776278e-05 4.38717942e-02 3.19415707e+01 1.97523375e-03
   3.89191415e-02 6.81478343e-04 6.81478343e-04]
  [1.51470953e-05 4.38442525e-02 3.23829610e+01 1.99756906e-03
   4.95638415e-02 6.80849780e-04 6.80849780e-04]
  [1.55453116e-05 4.31643601e-02 3.19394746e+01 1.97773806e-03
   5.58301503e-02 6.82214836e-04 6.82214836e-04]
  [1.38394980e-05 4.37594407e-02 3.21887426e+01 2.00156406e-03
   6.44838493e-02 6.81719385e-04 6.81719385e-04]
  [1.35080713e-05 4.25486192e-02 3.39013685e+01 1.97898960e-03
   4.00705962e-02 6.80955048e-04 6.80955048e-04]
  [1.47530507e-05 4.31156323e-02 3.17306240e+01 1.99402150e-03
   4.58589441e-02 6.81671262e-04 6.81671262e-04]]

 [[1.62349602e-05 4.36687282e-02 3.21884435e+01 1.98772541e-03
   4.76499087e-02 6.81341381e-04 6.81341381e-04]
  [1.46090058e-05 4.41352767e-02 3.20875018e+01 2.03401034e-03
   4.65921542e-02 6.80995015e-04 6.80995015e-04]
  [1.48752728e-05 4.28840954e-02 3.19902079e+01 1.99772053e-03
   4.23815840e-02 6.81900641e-04 6.81900641e-04]
  [1.61163070e-05 4.49956162e-02 3.22359112e+01 2.05528678e-03
   3.94357104e-02 6.80750257e-04 6.80750257e-04]
  [1.46581958e-05 4.36357081e-02 3.18612229e+01 2.03764906e-03
   3.77724673e-02 6.81794456e-04 6.81794456e-04]
  [1.44165224e-05 4.30509843e-02 3.22935753e+01 1.99285516e-03
   3.87555382e-02 6.81201486e-04 6.81201486e-04]
  [1.35425691e-05 4.28932090e-02 3.21583386e+01 1.97414846e-03
   3.84319894e-02 6.81371196e-04 6.81371196e-04]
  [1.37086511e-05 4.32301446e-02 3.21668266e+01 2.02720292e-03
   5.21686137e-02 6.81189789e-04 6.81189789e-04]]

 [[1.96987440e-05 4.31500227e-02 3.21439127e+01 1.98034477e-03
   6.74023771e-02 6.81757867e-04 6.81757867e-04]
  [1.49805359e-05 4.32100417e-02 3.19570333e+01 2.00570892e-03
   5.47438196e-02 6.80897633e-04 6.80897633e-04]
  [1.52001584e-05 4.30719988e-02 3.23561567e+01 2.01601284e-03
   4.86948274e-02 6.81321347e-04 6.81321347e-04]
  [1.49391816e-05 4.36019851e-02 3.37929715e+01 2.01795491e-03
   5.03668240e-02 6.80737229e-04 6.80737229e-04]
  [1.42843628e-05 4.32943757e-02 3.23059083e+01 1.97697298e-03
   5.09480546e-02 6.80768384e-04 6.80768384e-04]
  [1.40742459e-05 4.32347770e-02 3.23802637e+01 1.98411592e-03
   4.38946584e-02 6.82143141e-04 6.82143141e-04]
  [1.38223545e-05 4.31444874e-02 3.19244612e+01 1.95709681e-03
   3.68648690e-02 6.81476150e-04 6.81476150e-04]
  [1.35666281e-05 4.33599276e-02 3.23075039e+01 2.01111771e-03
   4.32296591e-02 6.80917209e-04 6.80917209e-04]]

 [[1.48577234e-05 4.36319337e-02 3.18705705e+01 2.04425091e-03
   4.05280954e-02 6.81356102e-04 6.81356102e-04]
  [1.52841601e-05 4.43945241e-02 3.16512275e+01 2.02578393e-03
   5.08886432e-02 6.80902911e-04 6.80902911e-04]
  [1.58160727e-05 4.33093758e-02 3.23001030e+01 2.01037750e-03
   4.62443534e-02 6.81749620e-04 6.81749620e-04]
  [1.67247698e-05 4.33769065e-02 3.21489793e+01 2.01838681e-03
   3.90378253e-02 6.80704050e-04 6.80704050e-04]
  [1.46077345e-05 4.40267097e-02 3.21358050e+01 2.03278466e-03
   3.79133807e-02 6.81006014e-04 6.81006014e-04]
  [1.39497440e-05 4.35306735e-02 3.22577382e+01 1.99811742e-03
   7.63754476e-02 6.81581139e-04 6.81581139e-04]
  [1.45377134e-05 4.32287494e-02 3.21438435e+01 2.04433760e-03
   3.63503710e-02 6.80565677e-04 6.80565677e-04]
  [1.18239480e-05 4.04248728e-02 3.63159065e+01 1.88625490e-03
   6.55441974e-02 6.83072418e-04 6.83072418e-04]]

 [[1.54783374e-05 4.39895298e-02 3.21012219e+01 1.99127242e-03
   3.89251021e-02 6.80795251e-04 6.80795251e-04]
  [1.43506443e-05 4.47123549e-02 3.20061121e+01 2.10062511e-03
   3.98332113e-02 6.80895090e-04 6.80895090e-04]
  [1.97964680e-05 4.41295442e-02 3.16724628e+01 2.01559707e-03
   4.99092707e-02 6.81701499e-04 6.81701499e-04]
  [1.46755134e-05 4.35755819e-02 3.21911619e+01 2.01898581e-03
   3.63936771e-02 6.81771347e-04 6.81771347e-04]
  [1.36289238e-05 4.30566509e-02 3.18501991e+01 1.98485590e-03
   4.84725373e-02 6.81349123e-04 6.81349123e-04]
  [6.43839803e-06 2.35031845e-02 7.83191894e+01 2.81981147e-03
   1.01288443e-03 6.76520610e-04 7.24807279e-04]
  [1.35563898e-05 4.26459901e-02 3.28076014e+01 1.97858093e-03
   4.74119802e-02 6.80891145e-04 6.80891145e-04]
  [1.41440978e-05 4.29677443e-02 3.22990112e+01 1.98387850e-03
   5.47419976e-02 6.80785190e-04 6.80785190e-04]]

 [[1.48109130e-05 4.27220295e-02 3.20007491e+01 1.97842832e-03
   5.02497493e-02 6.81438583e-04 6.81438583e-04]
  [1.38160077e-05 4.25872324e-02 3.19869822e+01 1.95867010e-03
   7.23035497e-02 6.81547869e-04 6.81547869e-04]
  [2.54259447e-05 4.42693063e-02 3.19252518e+01 1.98090542e-03
   3.90040774e-02 6.81179494e-04 6.81179494e-04]
  [1.45596697e-05 4.29961233e-02 3.24371055e+01 1.98362120e-03
   5.36266607e-02 6.82069526e-04 6.82069526e-04]
  [1.56563974e-05 4.45738107e-02 3.21569258e+01 2.04274559e-03
   4.04545643e-02 6.80320381e-04 6.80320381e-04]
  [1.32632861e-05 4.22303286e-02 3.33911553e+01 2.04148552e-03
   4.19957348e-02 6.80610162e-04 6.80610162e-04]
  [1.34946275e-05 4.26071264e-02 3.18744542e+01 1.96247248e-03
   4.11232999e-02 6.81670906e-04 6.81670906e-04]
  [1.44357762e-05 4.38701412e-02 3.24603146e+01 2.01564569e-03
   3.76957913e-02 6.80609393e-04 6.80609393e-04]]

 [[1.63841681e-05 4.28350854e-02 3.18848687e+01 1.96517737e-03
   4.62139305e-02 6.81865451e-04 6.81865451e-04]
  [1.41868903e-05 4.37584158e-02 3.19088809e+01 1.97969352e-03
   4.21185654e-02 6.81454788e-04 6.81454788e-04]
  [1.46975657e-05 4.41790586e-02 3.21485839e+01 2.00624861e-03
   3.91818591e-02 6.80296794e-04 6.80296794e-04]
  [1.35728355e-05 4.30735189e-02 3.25551175e+01 1.99092078e-03
   5.66869439e-02 6.80909264e-04 6.80909264e-04]
  [1.41493986e-05 4.32174080e-02 3.31264762e+01 1.99614082e-03
   4.92073509e-02 6.82208502e-04 6.82208502e-04]
  [1.68488147e-05 4.40287781e-02 3.25562500e+01 2.02058305e-03
   3.81614986e-02 6.81314446e-04 6.81314446e-04]
  [1.35085126e-05 4.25949973e-02 3.47742491e+01 2.03750541e-03
   4.58198411e-02 6.80597969e-04 6.80597969e-04]
  [7.29252385e-06 3.34886383e-02 6.46647798e+01 2.38230793e-03
   9.07943781e-02 6.86634801e-04 6.86634801e-04]]]

Cumulative Reward: 13093.939249874848
