Scheduler Table:
[[[2.18264651e-06 1.32691083e-02 2.03423711e+01 2.99762199e+00
   8.83323241e-01 3.33336738e-04 3.33336738e-04]
  [6.68794950e-06 1.32106366e-02 2.08578598e+01 2.84764094e+00
   9.70319336e-01 3.33334241e-04 3.33334241e-04]
  [2.22856286e-06 1.31323234e-02 2.00850128e+01 2.80770284e+00
   1.39742733e+00 3.33332576e-04 3.33332576e-04]]

 [[5.24328688e-06 1.32111866e-02 1.99421267e+01 2.79898592e+00
   1.20344052e+00 3.33333650e-04 3.33333650e-04]
  [2.95766847e-06 1.32850175e-02 2.10170822e+01 3.11294708e+00
   7.08085678e-01 3.33335202e-04 3.33335202e-04]
  [4.03986004e-06 1.24536918e-02 2.70451375e+01 2.42825783e+00
   1.33818447e+00 3.33347688e-04 3.33347688e-04]]

 [[2.76385374e-06 1.31737591e-02 1.98888913e+01 2.85157843e+00
   1.19283974e+00 3.33333332e-04 3.33333332e-04]
  [3.31639264e-06 1.30633136e-02 2.11397597e+01 2.77201169e+00
   1.26790356e+00 3.33332885e-04 3.33332885e-04]
  [5.52573506e-05 1.41447453e-01 5.99495475e+01 6.38235998e-04
   4.02194236e-04 3.38811457e-04 3.42376342e-04]]]

Buffer Table:
[[[2.83353148e-06 1.31957107e-02 2.00673526e+01 2.85381755e+00
   1.23037577e+00 3.33332789e-04 3.33332789e-04]
  [3.66980707e-06 1.32116289e-02 2.03971293e+01 2.91182886e+00
   1.08006416e+00 3.33333036e-04 3.33333036e-04]
  [2.36629376e-06 1.28026465e-02 2.61094976e+01 2.48690939e+00
   9.86832170e-01 3.33333009e-04 3.33333009e-04]]

 [[6.17301029e-06 1.32236446e-02 2.03659821e+01 2.88279777e+00
   1.11154506e+00 3.33333143e-04 3.33333143e-04]
  [8.06396913e-07 1.22152195e-02 2.39025729e+01 3.89140619e-01
   1.41727964e-01 3.33324408e-04 3.33324408e-04]
  [2.69301145e-06 1.26243942e-02 2.57848469e+01 2.29783436e+00
   1.11543934e+00 3.33330572e-04 3.33330572e-04]]

 [[2.79703391e-06 1.31478265e-02 2.10354541e+01 2.87108170e+00
   1.09251602e+00 3.33332699e-04 3.33332699e-04]
  [3.11295279e-06 1.31248178e-02 2.10755188e+01 2.83213212e+00
   1.10524385e+00 3.33332789e-04 3.33332789e-04]
  [5.53166856e-05 1.41636079e-01 5.76510925e+01 1.66648515e-01
   6.37530523e-02 3.38811983e-04 3.42376869e-04]]]

Arbiter Table:
[[[3.39669791e-06 1.08692600e-02 3.24539410e+01 2.47437702e-01
   1.12021554e-01 3.33326016e-04 3.33326016e-04]
  [2.81933243e-06 1.32160942e-02 2.01113664e+01 2.93833481e+00
   1.08536684e+00 3.33334009e-04 3.33334009e-04]
  [2.58297713e-06 1.31486142e-02 2.02426299e+01 2.69880311e+00
   1.17113688e+00 3.33333626e-04 3.33333626e-04]]

 [[2.14523856e-06 1.30133693e-02 2.15725297e+01 2.63952871e+00
   1.21094435e+00 3.33332470e-04 3.33332470e-04]
  [5.52573264e-05 1.41447329e-01 5.99514032e+01 5.18252725e-04
   3.49733942e-04 3.38811463e-04 3.42376349e-04]
  [7.97626797e-06 1.32245268e-02 2.03203711e+01 2.97377251e+00
   1.01696922e+00 3.33334404e-04 3.33334404e-04]]

 [[2.36317373e-06 1.31738499e-02 2.01217860e+01 2.89754456e+00
   1.28981658e+00 3.33333507e-04 3.33333507e-04]
  [2.50530352e-06 1.28980301e-02 2.25332238e+01 2.49134538e+00
   1.22544524e+00 3.33332314e-04 3.33332314e-04]
  [6.13623849e-06 1.32750996e-02 2.03275726e+01 2.81014658e+00
   1.01663600e+00 3.33334788e-04 3.33334788e-04]]]

Page Table:
[[[5.52872646e-05 1.41520468e-01 5.92618790e+01 4.00262057e-02
   1.69882625e-02 3.38970239e-04 3.42535124e-04]
  [3.72103808e-06 1.41766550e-02 2.01466050e+01 2.49207905e+00
   1.11968578e+00 3.42109289e-04 3.42109289e-04]
  [3.10045777e-06 1.43458577e-02 1.95089367e+01 2.37050409e+00
   9.04625357e-01 3.43135085e-04 3.43135085e-04]
  [2.34710304e-06 1.41822000e-02 2.13181739e+01 2.29306567e+00
   9.71059332e-01 3.42511581e-04 3.42511581e-04]]

 [[2.53853579e-06 1.42752592e-02 2.03166559e+01 2.39149481e+00
   1.05542267e+00 3.42543142e-04 3.42543142e-04]
  [5.52175463e-06 1.41195744e-02 2.01082243e+01 2.36296794e+00
   1.29043876e+00 3.41752632e-04 3.41752632e-04]
  [5.34572522e-06 1.42788807e-02 1.94094449e+01 2.45582520e+00
   9.68029917e-01 3.42753665e-04 3.42753665e-04]
  [2.75368228e-06 1.42503976e-02 2.00411944e+01 2.47908612e+00
   1.03548594e+00 3.42389840e-04 3.42389840e-04]]

 [[2.51289860e-06 1.40623046e-02 2.12768154e+01 2.31544925e+00
   1.25135376e+00 3.42069501e-04 3.42069501e-04]
  [4.16076485e-06 1.42029346e-02 2.01227619e+01 2.50779007e+00
   1.10427135e+00 3.42141939e-04 3.42141939e-04]
  [2.97452210e-06 1.44333693e-02 1.94448056e+01 2.48308732e+00
   7.80474454e-01 3.43508332e-04 3.43508332e-04]
  [3.11254506e-06 1.43421641e-02 2.03145238e+01 2.53294890e+00
   8.25643926e-01 3.42988999e-04 3.42988999e-04]]

 [[2.17879466e-06 1.35270505e-02 2.81647058e+01 1.96375447e+00
   8.75583748e-01 3.40944209e-04 3.40944209e-04]
  [6.90949206e-06 1.42697669e-02 2.04872609e+01 2.41491788e+00
   9.77106483e-01 3.42587919e-04 3.42587919e-04]
  [3.06711216e-06 1.43108561e-02 1.95821125e+01 2.41356052e+00
   9.98067556e-01 3.42746021e-04 3.42746021e-04]
  [2.35682122e-06 1.42679159e-02 2.03801599e+01 2.77064998e+00
   8.01348137e-01 3.42676819e-04 3.42676819e-04]]]

Response Table:
[[[5.52573269e-05 1.41447328e-01 5.99514055e+01]
  [4.58141549e-06 1.27080610e-02 2.02702838e+01]]

 [[5.85415483e-06 1.26663248e-02 2.16059385e+01]
  [5.70904083e-06 1.27473545e-02 2.01494730e+01]]]

Refresh Table:
[[[5.53099127e-06 1.25348027e-02 2.31551620e+01]
  [5.46175514e-05 1.41474773e-01 6.04292516e+01]]

 [[2.64184243e-06 9.93409104e-03 6.11079026e+01]
  [5.84302051e-06 1.26969333e-02 2.00630579e+01]]]

Request Buffer Table:
[[[7.32700022e-06 1.18089970e-01 1.77328192e+01]
  [7.67050489e-06 1.23629745e-01 1.74459511e+01]
  [7.23433316e-06 1.17451704e-01 1.76299576e+01]
  [7.39961336e-06 1.23228169e-01 1.77821540e+01]
  [7.24682476e-06 1.19808034e-01 1.82632538e+01]
  [6.86216409e-06 1.12688191e-01 1.88473386e+01]
  [6.77360017e-06 1.06309642e-01 1.89446787e+01]
  [7.39295202e-06 1.20892630e-01 1.78295264e+01]]

 [[7.27178861e-06 1.17608614e-01 1.75511415e+01]
  [7.71628263e-06 1.19519955e-01 1.77012098e+01]
  [7.40202534e-06 1.16798304e-01 1.76312059e+01]
  [7.80252902e-06 1.31987073e-01 1.74946661e+01]
  [7.54375795e-06 1.27467866e-01 1.80339833e+01]
  [1.01786687e-05 1.11526548e-01 1.81869585e+01]
  [6.61600580e-06 1.05606394e-01 1.87225144e+01]
  [7.65561351e-06 1.26121275e-01 1.81124996e+01]]

 [[7.35013989e-06 1.20676218e-01 1.73226373e+01]
  [7.40559345e-06 1.19243354e-01 1.74400254e+01]
  [7.23047902e-06 1.17360318e-01 1.78575162e+01]
  [7.81876129e-06 1.31108350e-01 1.77871508e+01]
  [7.35444720e-06 1.17465918e-01 1.81155862e+01]
  [6.76150026e-06 1.10854627e-01 1.80235664e+01]
  [6.69612662e-06 1.06835370e-01 1.85728614e+01]
  [6.94857121e-06 1.07897519e-01 1.89466473e+01]]

 [[1.07493541e-05 1.19409148e-01 1.74379422e+01]
  [7.75455423e-06 1.25615740e-01 1.68602075e+01]
  [7.61787174e-06 1.23216317e-01 1.75659078e+01]
  [7.92771524e-06 1.35165543e-01 1.74301341e+01]
  [7.27242610e-06 1.20227853e-01 1.83847554e+01]
  [6.95651392e-06 1.15500552e-01 1.83473208e+01]
  [7.23528964e-06 1.15551597e-01 1.86253602e+01]
  [6.84536286e-06 1.06007907e-01 1.93677782e+01]]

 [[7.19578215e-06 1.17111894e-01 1.76788030e+01]
  [7.65671656e-06 1.20620265e-01 1.74695336e+01]
  [9.65301958e-06 1.19551259e-01 1.76748015e+01]
  [7.12967835e-06 1.18481970e-01 1.80576652e+01]
  [7.57051665e-06 1.21767503e-01 1.78219300e+01]
  [7.33586834e-06 1.16025364e-01 1.82026846e+01]
  [6.71540411e-06 1.07090519e-01 1.94155748e+01]
  [7.09368866e-06 1.10875757e-01 1.88627376e+01]]

 [[7.13261924e-06 1.16072740e-01 1.77253887e+01]
  [7.54700191e-06 1.21669594e-01 1.76763614e+01]
  [6.91988110e-06 1.13410735e-01 1.79099429e+01]
  [1.06198649e-05 1.14253461e-01 1.86320602e+01]
  [6.76571158e-06 1.10736706e-01 1.85520097e+01]
  [5.52544559e-05 1.41456891e-01 5.99472196e+01]
  [7.19190895e-06 1.16155282e-01 1.78885314e+01]
  [6.79720846e-06 1.03688281e-01 1.84620809e+01]]

 [[1.09665108e-05 1.10175904e-01 1.75577332e+01]
  [7.64487492e-06 1.20981508e-01 1.75152586e+01]
  [7.17817200e-06 1.17020676e-01 1.72888934e+01]
  [8.17627286e-06 1.14463280e-01 1.86499590e+01]
  [7.23857953e-06 1.13429996e-01 1.81263006e+01]
  [6.44794901e-06 9.58178281e-02 2.04644303e+01]
  [6.82094479e-06 1.08885583e-01 1.84671816e+01]
  [7.07296121e-06 1.14483902e-01 1.84191951e+01]]

 [[7.14785212e-06 1.16410098e-01 1.79543745e+01]
  [7.67133672e-06 1.17197047e-01 1.74531149e+01]
  [6.76460428e-06 1.09630364e-01 1.78292103e+01]
  [7.42933006e-06 1.16921704e-01 1.77891320e+01]
  [7.51872757e-06 1.17563276e-01 1.84008729e+01]
  [6.75094429e-06 1.02718532e-01 2.28532088e+01]
  [6.84436703e-06 1.08447453e-01 1.84125040e+01]
  [8.02662141e-06 1.04480763e-01 1.85033329e+01]]]

Ref Max Post Table:
[[[5.52661213e-05 1.41469499e-01 5.97222051e+01]
  [2.43229582e-06 1.42113970e-02 2.07661468e+01]
  [6.07035462e-06 1.41472549e-02 2.07465802e+01]
  [2.66576354e-06 1.40751789e-02 2.13668674e+01]]

 [[2.48031601e-06 1.38405490e-02 2.44254786e+01]
  [2.36949065e-06 1.43313741e-02 1.98616710e+01]
  [2.94327834e-06 1.42560406e-02 1.98962843e+01]
  [3.18385927e-06 1.43285116e-02 2.03284650e+01]]

 [[2.81464171e-06 1.42376178e-02 1.99901862e+01]
  [2.51829847e-06 1.43140305e-02 1.99266591e+01]
  [3.39096229e-06 1.17931727e-02 4.74204942e+01]
  [4.34430403e-06 1.40967339e-02 2.06340171e+01]]

 [[3.13984322e-06 1.32603904e-02 2.90200036e+01]
  [2.38349692e-06 1.43499977e-02 2.00814638e+01]
  [6.20031794e-06 1.42337238e-02 1.99564524e+01]
  [5.29425608e-06 1.41640996e-02 2.00455538e+01]]]

Ref Max Pull Table:
[[[5.52573269e-05 1.41447328e-01 5.99514055e+01]
  [4.43372083e-06 1.41918037e-02 2.00217429e+01]
  [2.57896562e-06 1.43435896e-02 2.02784398e+01]
  [2.84209764e-06 1.41810481e-02 2.01590960e+01]]

 [[5.15438821e-06 1.37550225e-02 2.18454957e+01]
  [6.35320534e-06 1.42262890e-02 2.01776562e+01]
  [2.52788464e-06 1.42474995e-02 2.00314533e+01]
  [5.53105038e-06 1.09690237e-02 3.32561570e+01]]

 [[3.37322459e-06 1.43390050e-02 2.01368154e+01]
  [3.54742061e-06 1.41894203e-02 2.01072898e+01]
  [2.58354411e-06 1.42776622e-02 2.02431308e+01]
  [2.65641542e-06 1.42369076e-02 2.04986898e+01]]

 [[3.25358605e-06 1.42898275e-02 2.01022682e+01]
  [5.46651414e-06 1.12836095e-02 3.21993312e+01]
  [2.41637889e-06 1.43056558e-02 2.00938838e+01]
  [3.38199107e-06 1.39099061e-02 2.12619821e+01]]]

Max Activate Table:
[[[7.24280372e-06 1.20492309e-01 1.75435394e+01 1.62352239e+00
   8.47331391e-01 3.39436985e-03 3.39436985e-03]
  [7.25497913e-06 1.19207211e-01 1.75359236e+01 1.72298418e+00
   8.98452146e-01 3.35772355e-03 3.35772355e-03]
  [7.15418492e-06 1.17946119e-01 1.78677899e+01 1.78377626e+00
   8.52442343e-01 3.32185714e-03 3.32185714e-03]
  [8.36791406e-06 1.30939396e-01 1.77891176e+01 1.72680128e+00
   8.00141379e-01 3.69196184e-03 3.69196184e-03]
  [6.92655769e-06 1.15171299e-01 1.77814061e+01 1.54435671e+00
   8.77424863e-01 3.24206396e-03 3.24206396e-03]
  [6.92524420e-06 1.10572277e-01 1.80961177e+01 1.65972419e+00
   8.52124905e-01 3.11083541e-03 3.11083541e-03]
  [7.11124949e-06 1.14878797e-01 1.76455501e+01 2.01049699e+00
   8.15686353e-01 3.23232446e-03 3.23232446e-03]
  [6.76200726e-06 1.03673889e-01 1.96954367e+01 1.87864682e+00
   8.84902708e-01 2.91672036e-03 2.91672036e-03]]

 [[7.65727945e-06 1.22794427e-01 1.73850265e+01 1.64335028e+00
   8.62917489e-01 3.45978057e-03 3.45978057e-03]
  [7.63798664e-06 1.32805462e-01 1.74260873e+01 1.45986073e+00
   8.79547301e-01 3.74651543e-03 3.74651543e-03]
  [1.06230517e-05 1.17434019e-01 1.81346038e+01 1.78515150e+00
   7.49402783e-01 3.30713060e-03 3.30713060e-03]
  [7.18274715e-06 1.18601218e-01 1.81501775e+01 1.77620429e+00
   8.73217843e-01 3.34055032e-03 3.34055032e-03]
  [7.22693811e-06 1.18472150e-01 1.79805214e+01 1.74665222e+00
   8.71830001e-01 3.33474724e-03 3.33474724e-03]
  [1.14745566e-05 1.13964906e-01 1.83052599e+01 1.87272399e+00
   8.45367441e-01 3.20669024e-03 3.20669024e-03]
  [7.10214595e-06 1.10303346e-01 1.85031061e+01 1.95646543e+00
   9.42605892e-01 3.10344797e-03 3.10344797e-03]
  [6.57884805e-06 1.01387155e-01 1.92138220e+01 1.99353651e+00
   9.64722768e-01 2.85192089e-03 2.85192089e-03]]

 [[7.34022220e-06 1.21394789e-01 1.73144867e+01 1.70242940e+00
   8.18812929e-01 3.42020466e-03 3.42020466e-03]
  [7.02831467e-06 1.16374561e-01 1.76259450e+01 1.84731826e+00
   9.01568192e-01 3.27743292e-03 3.27743292e-03]
  [7.45089264e-06 1.21031433e-01 1.76905427e+01 1.74998158e+00
   7.49133364e-01 3.40914739e-03 3.40914739e-03]
  [7.48586396e-06 1.20961061e-01 1.77725269e+01 1.92107442e+00
   7.68820587e-01 3.40763524e-03 3.40763524e-03]
  [7.11576480e-06 1.17715727e-01 1.82911889e+01 1.71443799e+00
   8.06239744e-01 3.31378134e-03 3.31378134e-03]
  [6.92525510e-06 1.10637638e-01 1.81599269e+01 1.39050413e+00
   8.35385948e-01 3.11263150e-03 3.11263150e-03]
  [6.91766238e-06 1.04097923e-01 1.91707940e+01 2.19097010e+00
   8.80248396e-01 2.92746971e-03 2.92746971e-03]
  [7.28294100e-06 1.14474576e-01 1.83112682e+01 1.73179824e+00
   8.37466092e-01 3.22266452e-03 3.22266452e-03]]

 [[7.56173133e-06 1.25535750e-01 1.75299177e+01 1.59891128e+00
   7.75718392e-01 3.53867134e-03 3.53867134e-03]
  [7.58158526e-06 1.21991878e-01 1.80007422e+01 1.88935019e+00
   7.91432825e-01 3.43699795e-03 3.43699795e-03]
  [7.16020257e-06 1.13610787e-01 1.80055867e+01 2.00325574e+00
   7.57980270e-01 3.19699624e-03 3.19699624e-03]
  [1.07737506e-05 1.14304185e-01 1.79579802e+01 1.84507386e+00
   8.46513051e-01 3.21780278e-03 3.21780278e-03]
  [7.06976044e-06 1.16420412e-01 1.82788902e+01 1.68737160e+00
   8.00643623e-01 3.27679071e-03 3.27679071e-03]
  [6.97482678e-06 1.12202205e-01 1.81654913e+01 1.71986840e+00
   9.23864909e-01 3.15675626e-03 3.15675626e-03]
  [9.03015018e-06 1.23111909e-01 1.77610307e+01 1.54736518e+00
   9.51030563e-01 3.46539301e-03 3.46539301e-03]
  [6.68743631e-06 1.03887833e-01 1.87603329e+01 1.96653835e+00
   8.85602698e-01 2.92188563e-03 2.92188563e-03]]

 [[7.29637871e-06 1.18778518e-01 1.73480652e+01 1.67096172e+00
   8.54536726e-01 3.34486738e-03 3.34486738e-03]
  [6.86371405e-06 1.11105201e-01 1.83096004e+01 1.89817540e+00
   9.15942495e-01 3.12685758e-03 3.12685758e-03]
  [7.15439997e-06 1.17152529e-01 1.74650678e+01 1.82255728e+00
   8.15390583e-01 3.29879130e-03 3.29879130e-03]
  [7.58345830e-06 1.16166597e-01 1.84047774e+01 1.64910443e+00
   8.73087831e-01 3.27045229e-03 3.27045229e-03]
  [6.68467377e-06 1.09631184e-01 1.89117175e+01 2.05628751e+00
   7.66010886e-01 3.08375502e-03 3.08375502e-03]
  [6.79523402e-06 1.09625944e-01 1.85190493e+01 1.79582195e+00
   7.83358665e-01 3.08336856e-03 3.08336856e-03]
  [6.80646752e-06 1.03853281e-01 1.87184166e+01 1.99685310e+00
   1.02469549e+00 2.92020798e-03 2.92020798e-03]
  [7.41727622e-06 1.10593523e-01 1.78606104e+01 1.64011774e+00
   8.85099774e-01 3.11200282e-03 3.11200282e-03]]

 [[7.06658773e-06 1.14507310e-01 1.77271385e+01 1.72537151e+00
   8.59948646e-01 3.22404521e-03 3.22404521e-03]
  [7.06168537e-06 1.14227408e-01 1.79253909e+01 1.80407561e+00
   8.91449292e-01 3.21514665e-03 3.21514665e-03]
  [7.12636807e-06 1.17559585e-01 1.78363997e+01 1.70080706e+00
   8.22556804e-01 3.31018338e-03 3.31018338e-03]
  [7.13645579e-06 1.17323835e-01 1.79826435e+01 1.68903149e+00
   7.73986343e-01 3.30292489e-03 3.30292489e-03]
  [6.75533680e-06 1.10488288e-01 1.83639841e+01 1.89612063e+00
   8.37751539e-01 3.10797123e-03 3.10797123e-03]
  [6.76189511e-06 1.09656579e-01 1.82114176e+01 2.15138130e+00
   7.10370015e-01 3.08485985e-03 3.08485985e-03]
  [6.93680080e-06 1.09504939e-01 1.82850858e+01 1.78095293e+00
   8.18496756e-01 3.08027737e-03 3.08027737e-03]
  [6.79203793e-06 1.02449844e-01 1.81924069e+01 1.90827072e+00
   1.06670952e+00 2.88068888e-03 2.88068888e-03]]

 [[6.89665886e-06 1.11128445e-01 1.81284824e+01 1.84542028e+00
   8.20379094e-01 3.12788064e-03 3.12788064e-03]
  [9.10399875e-06 1.11060379e-01 1.82872351e+01 2.09074531e+00
   8.26781396e-01 3.12611729e-03 3.12611729e-03]
  [6.75111439e-06 1.09264115e-01 1.78381772e+01 1.74414104e+00
   9.30654963e-01 3.07367135e-03 3.07367135e-03]
  [7.17351004e-06 1.14548687e-01 1.81669829e+01 1.80587430e+00
   8.48938940e-01 3.22474657e-03 3.22474657e-03]
  [6.50529301e-06 1.03949659e-01 1.85698358e+01 1.79757577e+00
   1.09907203e+00 2.92371618e-03 2.92371618e-03]
  [6.96643689e-06 1.10531884e-01 1.85479996e+01 2.17287941e+00
   7.35491145e-01 3.10982820e-03 3.10982820e-03]
  [5.53424227e-05 1.42699382e-01 5.94790900e+01 2.42968905e-02
   1.03396955e-02 3.73394454e-04 3.76959340e-04]
  [7.30969553e-06 1.12113749e-01 1.80757537e+01 1.52822445e+00
   8.58525347e-01 3.15471422e-03 3.15471422e-03]]

 [[6.81329990e-06 1.11653793e-01 1.77042777e+01 1.82103041e+00
   9.20043280e-01 3.14240653e-03 3.14240653e-03]
  [9.05694101e-06 1.11975063e-01 1.79525954e+01 1.96097456e+00
   8.49647519e-01 3.15182218e-03 3.15182218e-03]
  [7.76258106e-06 1.11241207e-01 1.78518057e+01 1.79106043e+00
   8.02358762e-01 3.13041031e-03 3.13041031e-03]
  [6.85181460e-06 1.11935319e-01 1.80843112e+01 1.90803985e+00
   8.84960907e-01 3.15070301e-03 3.15070301e-03]
  [6.67339097e-06 1.09109354e-01 1.85354126e+01 1.92878613e+00
   8.29144236e-01 3.06869514e-03 3.06869514e-03]
  [6.52031039e-06 1.03723640e-01 1.81960813e+01 1.87690269e+00
   1.02548383e+00 2.91701767e-03 2.91701767e-03]
  [5.77728737e-06 8.18470048e-02 2.71209578e+01 1.39154898e+00
   7.90062307e-01 2.31194100e-03 2.31194100e-03]
  [6.91067775e-06 1.10326001e-01 1.85109602e+01 1.76040940e+00
   8.56193488e-01 3.10370135e-03 3.10370135e-03]]]

Cumulative Reward: 17597.06754749492
