Scheduler Table:
[[[6.87466668e-06 2.67854787e-02 3.23257286e+01 1.58381709e-03
   9.46798457e-04 7.81724820e-04 7.81724820e-04]
  [8.86950535e-06 2.88805607e-02 3.06172503e+01 1.57654498e-03
   9.50165678e-04 7.81811402e-04 7.81811402e-04]
  [8.75276650e-06 2.88575953e-02 3.01863704e+01 1.57821937e-03
   9.50456498e-04 7.81731280e-04 7.81731280e-04]]

 [[8.96018027e-06 2.90272829e-02 3.00445446e+01 1.57855351e-03
   9.49251691e-04 7.81448428e-04 7.81448428e-04]
  [6.89615852e-05 1.49368001e+00 4.13288539e+01 1.54102537e-03
   1.05128859e-03 7.81558114e-04 7.96244363e-04]
  [9.53583283e-06 2.90318449e-02 3.04348756e+01 1.57548029e-03
   9.50631173e-04 7.81481256e-04 7.81481256e-04]]

 [[8.80997347e-06 2.88771434e-02 3.03342089e+01 1.57843943e-03
   9.50018739e-04 7.81710035e-04 7.81710035e-04]
  [8.86613249e-06 2.89799806e-02 2.99836964e+01 1.57638435e-03
   9.50258911e-04 7.81899959e-04 7.81899959e-04]
  [9.70751225e-06 2.90658659e-02 3.00032306e+01 1.57808599e-03
   9.49487441e-04 7.81414286e-04 7.81414286e-04]]]

Buffer Table:
[[[6.89615852e-05 1.49368001e+00 4.13288539e+01 1.54102537e-03
   1.05128859e-03 7.81558114e-04 7.96244363e-04]
  [9.28151732e-06 2.90095045e-02 3.01301921e+01 1.57754343e-03
   9.49928457e-04 7.81596738e-04 7.81596738e-04]
  [8.62257805e-06 2.88387584e-02 3.05337495e+01 1.57837380e-03
   9.49548091e-04 7.81645799e-04 7.81645799e-04]]

 [[1.12036636e-05 2.73285926e-02 3.40038606e+01 1.57931935e-03
   9.49554413e-04 7.81476946e-04 7.81476946e-04]
  [9.38126432e-06 2.89824275e-02 3.01136210e+01 1.57846764e-03
   9.48948060e-04 7.81364290e-04 7.81364290e-04]
  [9.58589421e-06 2.90732784e-02 2.98248802e+01 1.57810630e-03
   9.50267673e-04 7.81560792e-04 7.81560792e-04]]

 [[9.41086832e-06 2.90108440e-02 3.02212030e+01 1.57808700e-03
   9.49615187e-04 7.81752984e-04 7.81752984e-04]
  [1.19820832e-05 2.85220991e-02 3.07721837e+01 1.57846774e-03
   9.49585287e-04 7.81444648e-04 7.81444648e-04]
  [8.93894986e-06 2.89929013e-02 3.00776710e+01 1.57662426e-03
   9.50185560e-04 7.81756214e-04 7.81756214e-04]]]

Arbiter Table:
[[[6.89615852e-05 1.49368001e+00 4.13288539e+01 1.54102537e-03
   1.05128859e-03 7.81558114e-04 7.96244363e-04]
  [8.89832371e-06 2.82958695e-02 3.10311023e+01 1.57471278e-03
   9.50298935e-04 7.81658554e-04 7.81658554e-04]
  [8.50570493e-06 2.83318756e-02 3.08022095e+01 1.58011361e-03
   9.48427526e-04 7.81636415e-04 7.81636415e-04]]

 [[1.24094449e-05 2.70877719e-02 3.39564796e+01 1.57573211e-03
   9.50105516e-04 7.81478344e-04 7.81478344e-04]
  [9.04262519e-06 2.90809982e-02 2.95320504e+01 1.57720404e-03
   9.49965385e-04 7.81782188e-04 7.81782188e-04]
  [8.81409604e-06 2.89517588e-02 2.99742117e+01 1.57962758e-03
   9.49168213e-04 7.81499415e-04 7.81499415e-04]]

 [[7.99884358e-06 2.76051955e-02 3.15858375e+01 1.58180850e-03
   9.47921948e-04 7.81752081e-04 7.81752081e-04]
  [8.92498971e-06 2.90195772e-02 3.03088731e+01 1.57679121e-03
   9.50063616e-04 7.81660301e-04 7.81660301e-04]
  [8.97394279e-06 2.90195364e-02 3.00026893e+01 1.57700684e-03
   9.50057195e-04 7.81535648e-04 7.81535648e-04]]]

Page Table:
[[[1.63855179e-05 2.52549050e-02 3.85720575e+01 1.57515912e-03
   9.50883242e-04 7.80800587e-04 7.80800587e-04]
  [2.44024795e-06 2.28902645e-02 4.19510592e+01 1.56255666e-03
   9.83737952e-04 7.80247824e-04 7.95310643e-04]
  [8.53861130e-06 2.96282163e-02 3.01832172e+01 1.57484025e-03
   9.51388206e-04 7.82035827e-04 7.82035827e-04]
  [8.66136819e-06 2.96515439e-02 3.05225276e+01 1.57679460e-03
   9.50363281e-04 7.81570151e-04 7.81570151e-04]]

 [[6.98723454e-05 1.49372351e+00 4.16498543e+01 1.55191038e-03
   1.03234189e-03 7.82172914e-04 7.89327753e-04]
  [8.73951112e-06 2.96958841e-02 3.01183822e+01 1.57665865e-03
   9.50501752e-04 7.82040627e-04 7.82040627e-04]
  [9.74559368e-06 2.89170780e-02 3.06313931e+01 1.57383852e-03
   9.52433541e-04 7.82171127e-04 7.82171127e-04]
  [8.86449067e-06 2.96408193e-02 3.00627192e+01 1.57639935e-03
   9.50304137e-04 7.81501733e-04 7.81501733e-04]]

 [[1.01549224e-05 2.97382986e-02 3.01622790e+01 1.57714862e-03
   9.50057258e-04 7.81546907e-04 7.81546907e-04]
  [7.33422039e-06 2.64840553e-02 3.48808863e+01 1.56174063e-03
   9.59746544e-04 7.81465805e-04 7.81465805e-04]
  [9.27543614e-06 2.97463697e-02 3.01606379e+01 1.57707986e-03
   9.50378042e-04 7.82147362e-04 7.82147362e-04]
  [9.18705050e-06 2.96831505e-02 3.01983960e+01 1.57531933e-03
   9.50614419e-04 7.81831079e-04 7.81831079e-04]]

 [[8.98983576e-06 2.96448075e-02 3.04876669e+01 1.57781635e-03
   9.49869882e-04 7.81444589e-04 7.81444589e-04]
  [8.78055536e-06 2.97343677e-02 3.04632031e+01 1.57815658e-03
   9.50246237e-04 7.81715418e-04 7.81715418e-04]
  [9.42880682e-06 2.96804613e-02 3.03500547e+01 1.57990459e-03
   9.49400516e-04 7.81458036e-04 7.81458036e-04]
  [9.34268166e-06 2.97504424e-02 3.00808415e+01 1.57758037e-03
   9.50003950e-04 7.81469258e-04 7.81469258e-04]]]

Response Table:
[[[6.95720852e-06 2.84907795e-02 3.01233102e+01]
  [7.08928578e-06 2.85177002e-02 3.04666060e+01]]

 [[6.77196315e-06 2.84733676e-02 3.00453894e+01]
  [6.89615852e-05 1.49368001e+00 4.13288539e+01]]]

Refresh Table:
[[[6.95690529e-06 2.85825909e-02 3.01708014e+01]
  [8.56387356e-06 2.65658620e-02 3.44515954e+01]]

 [[6.43560363e-06 2.79094730e-02 3.14583676e+01]
  [6.89614300e-05 1.49368011e+00 4.13286173e+01]]]

Request Buffer Table:
[[[4.31853341e-05 7.44301571e-02 2.99815525e+01]
  [4.08430794e-05 7.35250297e-02 2.99291093e+01]
  [4.50621376e-05 7.53363395e-02 3.02466671e+01]
  [4.39061587e-05 7.58724776e-02 3.01679650e+01]
  [4.15479472e-05 7.42403603e-02 3.03113714e+01]
  [4.15430002e-05 7.26843887e-02 3.03615053e+01]
  [4.26446323e-05 7.46544357e-02 3.04094318e+01]
  [4.06879549e-05 7.07654873e-02 3.15569976e+01]]

 [[4.16009742e-05 7.42080820e-02 2.96924357e+01]
  [4.38882401e-05 7.76914534e-02 3.00614849e+01]
  [4.25450680e-05 7.56715919e-02 3.02149262e+01]
  [4.46562895e-05 7.66659166e-02 3.02619312e+01]
  [4.25145448e-05 7.28726910e-02 3.02796560e+01]
  [4.16403731e-05 7.37978108e-02 3.02617958e+01]
  [4.10735018e-05 6.13762994e-02 3.31470947e+01]
  [3.96849798e-05 7.12664092e-02 3.01894222e+01]]

 [[5.33407434e-05 8.02683091e-02 2.98537446e+01]
  [5.34351813e-05 7.51939875e-02 3.00631030e+01]
  [4.73016276e-05 7.64178969e-02 3.03657179e+01]
  [4.63199452e-05 7.71373903e-02 3.01549789e+01]
  [4.19768108e-05 7.28162227e-02 3.03093616e+01]
  [4.59154719e-05 7.85481534e-02 3.01245380e+01]
  [4.11988945e-05 7.29624093e-02 3.01136855e+01]
  [4.37612933e-05 7.29771401e-02 3.08645494e+01]]

 [[4.69237495e-05 8.01960097e-02 3.00907209e+01]
  [4.11764951e-05 7.35527088e-02 3.00558158e+01]
  [4.40575531e-05 7.52145967e-02 3.08043398e+01]
  [4.39709699e-05 7.65654697e-02 2.99298725e+01]
  [4.12790233e-05 7.34825955e-02 3.04576625e+01]
  [4.59743890e-05 7.75083198e-02 2.99929211e+01]
  [4.47247241e-05 7.50985852e-02 3.01471469e+01]
  [4.36988243e-05 7.60800627e-02 3.03283402e+01]]

 [[4.26253796e-05 7.53570697e-02 2.98275436e+01]
  [3.97692149e-05 7.20126342e-02 3.03962748e+01]
  [4.27889184e-05 7.38283589e-02 3.01005124e+01]
  [4.21359592e-05 7.49614085e-02 3.03661994e+01]
  [4.12695362e-05 7.40562587e-02 3.00576706e+01]
  [4.47802535e-05 7.60220281e-02 3.01376452e+01]
  [4.05201078e-05 7.19320291e-02 3.04867986e+01]
  [4.48219967e-05 7.50464111e-02 3.03475468e+01]]

 [[4.20427107e-05 7.16178563e-02 3.03450385e+01]
  [4.65967941e-05 7.30049147e-02 3.01189657e+01]
  [4.28146368e-05 7.62496661e-02 3.02052139e+01]
  [4.58232147e-05 7.87964594e-02 3.03353426e+01]
  [4.00120357e-05 7.26376903e-02 3.01998460e+01]
  [6.89615916e-05 1.49368001e+00 4.13288516e+01]
  [6.01255422e-05 6.73785483e-02 3.11793178e+01]
  [4.22164448e-05 7.36377890e-02 3.04300474e+01]]

 [[4.75444130e-05 7.81479578e-02 2.98561998e+01]
  [4.40032239e-05 7.80246723e-02 3.01477619e+01]
  [4.74790261e-05 7.94587302e-02 3.01082015e+01]
  [4.53779242e-05 7.75718233e-02 3.00707173e+01]
  [4.11290477e-05 7.28403828e-02 2.98872035e+01]
  [2.67071814e-05 4.83676962e-02 3.61345559e+01]
  [5.02865122e-05 7.67569413e-02 3.02140950e+01]
  [4.15839035e-05 7.35334135e-02 2.99931450e+01]]

 [[4.14185197e-05 7.38838020e-02 3.01242713e+01]
  [4.08745491e-05 7.34387284e-02 3.00078233e+01]
  [4.65277953e-05 7.49247087e-02 3.02236488e+01]
  [4.69458501e-05 8.14514265e-02 3.01574256e+01]
  [4.16170602e-05 7.41971076e-02 3.04221191e+01]
  [4.61873409e-05 8.02088832e-02 3.01887946e+01]
  [3.47893824e-05 6.17458093e-02 3.25878509e+01]
  [4.44172097e-05 7.45884194e-02 3.01137170e+01]]]

Ref Max Post Table:
[[[8.49061620e-06 2.98130450e-02 3.04034790e+01]
  [9.10492882e-06 2.97583824e-02 3.01052913e+01]
  [9.14898069e-06 2.97433007e-02 3.01340772e+01]
  [1.08686049e-05 2.80833082e-02 3.40184389e+01]]

 [[9.31510087e-06 2.98020932e-02 3.01231077e+01]
  [9.02149377e-06 2.97644679e-02 3.00979646e+01]
  [1.16339631e-05 2.92502219e-02 3.11529345e+01]
  [8.64471570e-06 2.97241174e-02 3.02749150e+01]]

 [[9.36565664e-06 2.98004707e-02 3.02983061e+01]
  [8.76791406e-06 2.96882815e-02 3.02523770e+01]
  [9.06731795e-06 2.96291478e-02 3.00270945e+01]
  [1.46267469e-05 2.80368655e-02 3.35908745e+01]]

 [[8.38024408e-06 2.95994460e-02 3.07883971e+01]
  [8.38876096e-06 2.94143248e-02 3.08376240e+01]
  [9.07309007e-06 2.96967691e-02 3.02291987e+01]
  [6.89615846e-05 1.49368001e+00 4.13288530e+01]]]

Ref Max Pull Table:
[[[8.49094731e-06 2.96574784e-02 3.07049624e+01]
  [1.05438851e-05 2.66592157e-02 3.67274244e+01]
  [9.33885468e-06 2.97525552e-02 3.02145522e+01]
  [8.21031711e-06 2.96447204e-02 2.98730364e+01]]

 [[8.35425188e-06 2.95303241e-02 3.08893542e+01]
  [9.22167228e-06 2.97456795e-02 3.00723473e+01]
  [8.93313090e-06 2.96376669e-02 3.01969445e+01]
  [2.44087460e-06 2.28746625e-02 4.19773307e+01]]

 [[8.24259010e-06 2.97277799e-02 3.02359209e+01]
  [8.43449044e-06 2.97136561e-02 3.02747509e+01]
  [8.72873805e-06 2.98060207e-02 3.01832056e+01]
  [8.84876261e-06 2.97472430e-02 3.01122362e+01]]

 [[8.21954633e-06 2.96137551e-02 3.02308764e+01]
  [6.98729616e-05 1.49370817e+00 4.16756903e+01]
  [8.48007978e-06 2.96462416e-02 3.03015028e+01]
  [8.79379449e-06 2.98838835e-02 3.00573548e+01]]]

Max Activate Table:
[[[4.72533765e-05 7.67019594e-02 2.99202164e+01 1.56711827e-03
   9.47105618e-04 7.78287177e-04 7.78287177e-04]
  [4.55662941e-05 7.42598315e-02 3.01473962e+01 1.56889852e-03
   9.46939037e-04 7.78414535e-04 7.78414535e-04]
  [4.71478110e-05 7.62761356e-02 3.02825036e+01 1.56990354e-03
   9.46542807e-04 7.78168350e-04 7.78168350e-04]
  [4.62371608e-05 7.40635530e-02 3.02810646e+01 1.56852876e-03
   9.46997582e-04 7.78539639e-04 7.78539639e-04]
  [5.18584093e-05 8.21295387e-02 3.01967577e+01 1.56748356e-03
   9.46906033e-04 7.77682355e-04 7.77682355e-04]
  [5.19501571e-05 7.62615463e-02 3.02542932e+01 1.56999353e-03
   9.46552123e-04 7.77993795e-04 7.77993795e-04]
  [4.60179480e-05 7.17379583e-02 3.04091268e+01 1.57228595e-03
   9.46422971e-04 7.78293965e-04 7.78293965e-04]
  [4.39457014e-05 7.28639637e-02 3.01253220e+01 1.57123172e-03
   9.46044238e-04 7.78229217e-04 7.78229217e-04]]

 [[4.89261196e-05 7.85027194e-02 2.99640659e+01 1.56902748e-03
   9.46591450e-04 7.78131764e-04 7.78131764e-04]
  [4.86883239e-05 7.86508685e-02 3.01857083e+01 1.56817257e-03
   9.46732510e-04 7.78174784e-04 7.78174784e-04]
  [6.08345481e-05 7.59820975e-02 3.01444470e+01 1.56847917e-03
   9.46395613e-04 7.78049947e-04 7.78049947e-04]
  [4.96999242e-05 7.98856509e-02 3.02982209e+01 1.57016313e-03
   9.46073774e-04 7.77661166e-04 7.77661166e-04]
  [4.54138086e-05 7.26842259e-02 3.01663595e+01 1.57066656e-03
   9.46234694e-04 7.78235303e-04 7.78235303e-04]
  [4.62847613e-05 7.51844995e-02 3.02897439e+01 1.56958684e-03
   9.46502396e-04 7.77916696e-04 7.77916696e-04]
  [4.55330004e-05 7.16400456e-02 3.07883603e+01 1.56681213e-03
   9.48154534e-04 7.78163646e-04 7.78163646e-04]
  [4.49774120e-05 7.35385061e-02 3.03549668e+01 1.57081509e-03
   9.46091844e-04 7.78076476e-04 7.78076476e-04]]

 [[4.78437900e-05 7.79864781e-02 3.00491679e+01 1.56978753e-03
   9.46066077e-04 7.77920467e-04 7.77920467e-04]
  [4.94563493e-05 7.84245353e-02 2.99820586e+01 1.56896605e-03
   9.46343932e-04 7.77782007e-04 7.77782007e-04]
  [4.48414844e-05 7.35427383e-02 3.01820333e+01 1.56916919e-03
   9.46829250e-04 7.78324019e-04 7.78324019e-04]
  [4.67212206e-05 7.51703617e-02 3.03014031e+01 1.56744028e-03
   9.47390923e-04 7.78415951e-04 7.78415951e-04]
  [4.67690988e-05 7.58066134e-02 3.00988385e+01 1.56833129e-03
   9.46821815e-04 7.78211933e-04 7.78211933e-04]
  [4.55597951e-05 7.43982508e-02 3.03170979e+01 1.56923431e-03
   9.46805399e-04 7.78406348e-04 7.78406348e-04]
  [4.66704496e-05 7.32970047e-02 3.03427141e+01 1.56930277e-03
   9.46903827e-04 7.78264647e-04 7.78264647e-04]
  [4.61697496e-05 7.39644690e-02 3.02131902e+01 1.56675415e-03
   9.47884555e-04 7.78726798e-04 7.78726798e-04]]

 [[4.58911847e-05 7.46005742e-02 2.99656224e+01 1.56842059e-03
   9.46932713e-04 7.78340364e-04 7.78340364e-04]
  [4.57896083e-05 7.43417708e-02 2.98405030e+01 1.56954298e-03
   9.46588786e-04 7.78092012e-04 7.78092012e-04]
  [4.48308747e-05 7.35953100e-02 3.01085981e+01 1.56842597e-03
   9.47557514e-04 7.78419430e-04 7.78419430e-04]
  [5.59440684e-05 7.87006712e-02 3.00917625e+01 1.56904977e-03
   9.46469137e-04 7.77885030e-04 7.77885030e-04]
  [4.55598321e-05 7.40969132e-02 3.02267899e+01 1.57082232e-03
   9.46157886e-04 7.77957602e-04 7.77957602e-04]
  [5.99251127e-05 7.49541398e-02 3.02103095e+01 1.56853606e-03
   9.47090502e-04 7.78208074e-04 7.78208074e-04]
  [4.66426672e-05 7.47208648e-02 3.04224135e+01 1.56713313e-03
   9.47387897e-04 7.78628395e-04 7.78628395e-04]
  [4.73125592e-05 7.50738342e-02 3.01575489e+01 1.57162792e-03
   9.45624228e-04 7.77949504e-04 7.77949504e-04]]

 [[4.48159516e-05 7.37869637e-02 3.06401803e+01 1.57091417e-03
   9.45977735e-04 7.78109797e-04 7.78109797e-04]
  [4.86920491e-05 7.82387082e-02 2.99019878e+01 1.56812785e-03
   9.46718044e-04 7.78009616e-04 7.78009616e-04]
  [4.88250533e-05 7.67131904e-02 3.01756754e+01 1.56799736e-03
   9.46768926e-04 7.78454797e-04 7.78454797e-04]
  [4.67598427e-05 7.50793184e-02 2.98693152e+01 1.56915541e-03
   9.46380817e-04 7.78051711e-04 7.78051711e-04]
  [4.89028500e-05 7.76360925e-02 3.01639242e+01 1.56918982e-03
   9.46188025e-04 7.77952130e-04 7.77952130e-04]
  [4.65690363e-05 7.44551738e-02 3.02358585e+01 1.56882222e-03
   9.46586340e-04 7.78308893e-04 7.78308893e-04]
  [4.62379968e-05 7.49611043e-02 3.00522996e+01 1.56928430e-03
   9.46764652e-04 7.78294910e-04 7.78294910e-04]
  [4.50447681e-05 6.58254696e-02 3.12542478e+01 1.57391095e-03
   9.46434291e-04 7.78472267e-04 7.78472267e-04]]

 [[5.01708891e-05 7.63107812e-02 3.01716493e+01 1.57121806e-03
   9.45959714e-04 7.77831238e-04 7.77831238e-04]
  [4.54902453e-05 7.28139728e-02 3.02216355e+01 1.57080409e-03
   9.46214038e-04 7.78235182e-04 7.78235182e-04]
  [4.78358703e-05 7.74652894e-02 2.98602235e+01 1.56858027e-03
   9.46525354e-04 7.78225018e-04 7.78225018e-04]
  [6.08910218e-05 7.55688001e-02 3.01639247e+01 1.56860294e-03
   9.46844365e-04 7.78220211e-04 7.78220211e-04]
  [4.60642024e-05 7.47721822e-02 3.02291301e+01 1.57043394e-03
   9.45967629e-04 7.77897637e-04 7.77897637e-04]
  [4.99288877e-05 7.67360830e-02 3.01771131e+01 1.56963236e-03
   9.46778238e-04 7.78124595e-04 7.78124595e-04]
  [3.95152828e-06 2.29301518e-02 4.23200826e+01 1.57928751e-03
   9.48415351e-04 7.81454629e-04 7.81454629e-04]
  [4.45718592e-05 7.22752856e-02 3.02513878e+01 1.57080474e-03
   9.46494425e-04 7.78317230e-04 7.78317230e-04]]

 [[4.50880957e-05 7.37755835e-02 3.00791450e+01 1.56903216e-03
   9.46641008e-04 7.78492480e-04 7.78492480e-04]
  [4.46022035e-05 7.10938844e-02 3.02185894e+01 1.56869865e-03
   9.47389125e-04 7.78231462e-04 7.78231462e-04]
  [4.83295931e-05 7.81892829e-02 2.99118354e+01 1.56874159e-03
   9.45916629e-04 7.77955749e-04 7.77955749e-04]
  [4.48300511e-05 7.32562573e-02 3.02926378e+01 1.57102645e-03
   9.46411430e-04 7.78041586e-04 7.78041586e-04]
  [4.73105977e-05 7.62280415e-02 3.02888641e+01 1.56818798e-03
   9.46696364e-04 7.78133229e-04 7.78133229e-04]
  [4.52042833e-05 7.28960610e-02 3.02801677e+01 1.57013030e-03
   9.46316464e-04 7.78035607e-04 7.78035607e-04]
  [4.57319976e-05 7.20849519e-02 3.02193682e+01 1.56855945e-03
   9.46959864e-04 7.78429604e-04 7.78429604e-04]
  [3.91994231e-06 2.29288673e-02 4.21356900e+01 1.56474056e-03
   9.82567527e-04 7.80291776e-04 7.95354595e-04]]

 [[4.61402410e-05 7.53744414e-02 3.00588505e+01 1.57056758e-03
   9.46495578e-04 7.78046119e-04 7.78046119e-04]
  [4.59859440e-05 7.49235273e-02 3.02328678e+01 1.56707026e-03
   9.47508322e-04 7.78369520e-04 7.78369520e-04]
  [4.80554923e-05 7.79250369e-02 3.01150363e+01 1.56912836e-03
   9.46460936e-04 7.78013404e-04 7.78013404e-04]
  [4.59018691e-05 7.38868246e-02 3.03350144e+01 1.57083751e-03
   9.46503888e-04 7.78476883e-04 7.78476883e-04]
  [4.63379610e-05 7.41152210e-02 3.05355527e+01 1.57032172e-03
   9.46350535e-04 7.78281552e-04 7.78281552e-04]
  [7.13479685e-05 1.49376233e+00 4.20152122e+01 1.56216170e-03
   1.01437690e-03 7.82754615e-04 7.82754615e-04]
  [4.63911945e-05 7.40213024e-02 3.00522047e+01 1.56797818e-03
   9.46940593e-04 7.78522806e-04 7.78522806e-04]
  [4.64521201e-05 7.53567750e-02 3.03022329e+01 1.57119822e-03
   9.46181797e-04 7.78172351e-04 7.78172351e-04]]]

Cumulative Reward: 5067.621038924505
