Scheduler Table:
[[[4.26902317e-06 1.42376304e-02 1.52724975e+01 1.05633508e-03
   3.67675908e-02 3.64865822e-04 3.64865822e-04]
  [3.94083460e-06 1.41372329e-02 1.55270591e+01 1.03087695e-03
   5.57249829e-02 3.64818112e-04 3.64818112e-04]
  [3.77638433e-06 1.41115702e-02 1.54646498e+01 1.04532174e-03
   6.76344443e-02 3.64553602e-04 3.64553602e-04]]

 [[3.95073038e-06 1.41669379e-02 1.52666888e+01 1.05552514e-03
   5.90406215e-02 3.64368109e-04 3.64368109e-04]
  [4.76428895e-05 1.46204472e-01 4.29445251e+01 1.09375096e-03
   5.04644417e-02 3.62771817e-04 3.66716494e-04]
  [3.86006707e-06 1.41280322e-02 1.54987683e+01 1.03690383e-03
   6.75406573e-02 3.64790846e-04 3.64790846e-04]]

 [[3.88874030e-06 1.41233280e-02 1.52605245e+01 1.04896720e-03
   6.11849018e-02 3.64632612e-04 3.64632612e-04]
  [3.74361802e-06 1.40736858e-02 1.57290235e+01 1.03817129e-03
   5.97589523e-02 3.64285517e-04 3.64285517e-04]
  [3.07049539e-06 1.25476915e-02 4.06267344e+01 1.08479905e-03
   5.87346236e-03 3.63019568e-04 3.63019568e-04]]]

Buffer Table:
[[[3.90441014e-06 1.41923909e-02 1.54677397e+01 1.04631085e-03
   4.33932039e-02 3.64719484e-04 3.64719484e-04]
  [3.82989879e-06 1.41489769e-02 1.53823459e+01 1.04281621e-03
   5.73944904e-02 3.64647988e-04 3.64647988e-04]
  [3.59158166e-06 1.12803496e-02 4.27513498e+01 1.08431774e-03
   8.62640504e-04 3.62564226e-04 3.66548749e-04]]

 [[3.97205877e-06 1.41707397e-02 1.54402035e+01 1.04661791e-03
   5.35240179e-02 3.64565183e-04 3.64565183e-04]
  [3.97881744e-06 1.42103976e-02 1.53390625e+01 1.04839917e-03
   4.62278030e-02 3.64518702e-04 3.64518702e-04]
  [3.81279656e-06 1.41030514e-02 1.54630517e+01 1.03674139e-03
   7.14168285e-02 3.64532462e-04 3.64532462e-04]]

 [[4.68463227e-05 1.46275600e-01 4.27961235e+01 1.08204788e-03
   5.08518831e-02 3.63006645e-04 3.63365252e-04]
  [3.88444450e-06 1.41655572e-02 1.52823270e+01 1.04423173e-03
   5.46124046e-02 3.64452556e-04 3.64452556e-04]
  [3.40235675e-06 1.37943286e-02 1.83836901e+01 1.04574626e-03
   6.02411745e-02 3.64673434e-04 3.64673434e-04]]]

Arbiter Table:
[[[4.76428912e-05 1.46204671e-01 4.29423774e+01 1.09374323e-03
   5.04686698e-02 3.62772016e-04 3.66716693e-04]
  [4.14205147e-06 1.41352563e-02 1.53090543e+01 1.05109437e-03
   5.43720436e-02 3.64720348e-04 3.64720348e-04]
  [3.72450601e-06 1.40964653e-02 1.54897214e+01 1.05100278e-03
   5.30909003e-02 3.64543790e-04 3.64543790e-04]]

 [[3.66661643e-06 1.41191865e-02 1.57693804e+01 1.04178411e-03
   6.98876296e-02 3.64570965e-04 3.64570965e-04]
  [4.21571244e-06 1.41244280e-02 1.52696716e+01 1.03835610e-03
   7.15585293e-02 3.64603329e-04 3.64603329e-04]
  [3.97985447e-06 1.42183190e-02 1.55394483e+01 1.04864783e-03
   4.52973248e-02 3.64491155e-04 3.64491155e-04]]

 [[3.81067884e-06 1.38771409e-02 1.83332685e+01 1.05331608e-03
   5.15294228e-02 3.64415954e-04 3.64415954e-04]
  [4.20974429e-06 1.41863085e-02 1.53167827e+01 1.04403930e-03
   5.72194349e-02 3.64347648e-04 3.64347648e-04]
  [4.01103488e-06 1.41933682e-02 1.52700996e+01 1.04256179e-03
   5.04632267e-02 3.64632365e-04 3.64632365e-04]]]

Page Table:
[[[4.76689433e-05 1.46240399e-01 4.27295741e+01 1.09359866e-03
   5.08197885e-02 3.62782959e-04 3.66727636e-04]
  [4.29305568e-06 1.53072873e-02 1.54525406e+01 1.06522306e-03
   3.45922435e-02 3.64041526e-04 3.64041526e-04]
  [4.19112470e-06 1.51853725e-02 1.52821220e+01 1.05259672e-03
   4.02517796e-02 3.63866682e-04 3.63866682e-04]
  [4.17232542e-06 1.50693715e-02 1.59922122e+01 1.04828101e-03
   5.04815544e-02 3.64184520e-04 3.64184520e-04]]

 [[4.30801274e-06 1.52869008e-02 1.54319991e+01 1.07184451e-03
   2.80641549e-02 3.63811480e-04 3.63811480e-04]
  [4.18978791e-06 1.52322496e-02 1.56094458e+01 1.07320965e-03
   2.96325843e-02 3.64515714e-04 3.64515714e-04]
  [4.43969852e-06 1.53001028e-02 1.52717379e+01 1.05014746e-03
   3.72466720e-02 3.64254934e-04 3.64254934e-04]
  [4.42338103e-06 1.51771576e-02 1.58329013e+01 1.04057385e-03
   6.76630797e-02 3.64322275e-04 3.64322275e-04]]

 [[4.39443876e-06 1.52619779e-02 1.54996768e+01 1.05103150e-03
   5.22597881e-02 3.63792609e-04 3.63792609e-04]
  [4.38089609e-06 1.53924732e-02 1.56290094e+01 1.06891132e-03
   3.00771234e-02 3.63889550e-04 3.63889550e-04]
  [4.33496376e-06 1.53652135e-02 1.52370199e+01 1.04486226e-03
   3.57330322e-02 3.63644228e-04 3.63644228e-04]
  [4.24433352e-06 1.50302109e-02 1.66110496e+01 1.04393265e-03
   5.33811185e-02 3.64230644e-04 3.64230644e-04]]

 [[3.86492987e-06 1.45121203e-02 2.22449441e+01 1.06088759e-03
   3.07780648e-02 3.63775899e-04 3.63775899e-04]
  [4.82792989e-06 1.52439701e-02 1.54566198e+01 1.05788631e-03
   3.21409336e-02 3.64244465e-04 3.64244465e-04]
  [4.26302001e-06 1.52471400e-02 1.52843103e+01 1.04471985e-03
   7.56470459e-02 3.63726590e-04 3.63726590e-04]
  [4.70883290e-06 1.51212554e-02 1.57193741e+01 1.02514220e-03
   6.92327479e-02 3.64215160e-04 3.64215160e-04]]]

Response Table:
[[[2.70431791e-06 1.35950156e-02 1.52782668e+01]
  [2.77730394e-06 1.35759767e-02 1.54761553e+01]]

 [[2.73552969e-06 1.35761033e-02 1.52811433e+01]
  [4.76428894e-05 1.46204472e-01 4.29445257e+01]]]

Refresh Table:
[[[4.76428894e-05 1.46204472e-01 4.29445257e+01]
  [2.67049426e-06 1.35371744e-02 1.53230391e+01]]

 [[2.71430137e-06 1.36561007e-02 1.51741261e+01]
  [2.52596475e-06 1.35009478e-02 1.52719345e+01]]]

Request Buffer Table:
[[[1.02516695e-05 5.03070866e-02 1.35441538e+01]
  [9.63370687e-06 4.95258229e-02 1.35679707e+01]
  [9.17941809e-06 4.88136558e-02 1.36864851e+01]
  [9.21969536e-06 4.73833799e-02 1.37956677e+01]
  [1.22039071e-05 5.04560542e-02 1.36929663e+01]
  [9.16334219e-06 4.50938481e-02 1.45999142e+01]
  [9.22717044e-06 4.97873399e-02 1.41467162e+01]
  [8.50811928e-06 4.41152492e-02 1.41069084e+01]]

 [[9.29212523e-06 4.77930573e-02 1.36338092e+01]
  [1.00112613e-05 5.16412311e-02 1.35315893e+01]
  [9.64082526e-06 4.92290713e-02 1.36749994e+01]
  [9.87735448e-06 5.07189810e-02 1.35305110e+01]
  [1.09412486e-05 4.91234892e-02 1.37552471e+01]
  [1.00274037e-05 4.97335422e-02 1.40046986e+01]
  [9.07128173e-06 4.62430555e-02 1.42522681e+01]
  [8.68356717e-06 4.39817676e-02 1.70187427e+01]]

 [[9.64361372e-06 4.95603344e-02 1.35646653e+01]
  [1.02874555e-05 5.01432934e-02 1.35599493e+01]
  [9.08235111e-06 4.97221075e-02 1.36504287e+01]
  [9.63523573e-06 5.20078942e-02 1.37131053e+01]
  [9.52204438e-06 4.88861767e-02 1.39386782e+01]
  [9.85209027e-06 5.05420934e-02 1.37043207e+01]
  [9.41495850e-06 5.06454197e-02 1.42259162e+01]
  [8.42011092e-06 4.42165986e-02 1.45160218e+01]]

 [[9.19809397e-06 4.86423844e-02 1.35889716e+01]
  [1.12947719e-05 4.83543748e-02 1.36128041e+01]
  [9.41924980e-06 5.19805420e-02 1.34646616e+01]
  [1.01303551e-05 5.09742572e-02 1.36686434e+01]
  [9.35414859e-06 4.88565339e-02 1.39537550e+01]
  [1.05858459e-05 4.75553208e-02 1.40464234e+01]
  [9.64194756e-06 5.13875109e-02 1.41773919e+01]
  [8.23213458e-06 4.33770416e-02 1.46388385e+01]]

 [[9.35640174e-06 4.75534165e-02 1.36005163e+01]
  [1.22305442e-05 4.87420292e-02 1.36878028e+01]
  [9.12153177e-06 5.02232751e-02 1.35688474e+01]
  [9.07155128e-06 4.77189738e-02 1.39093236e+01]
  [9.72500005e-06 4.91974286e-02 1.38419676e+01]
  [9.81917971e-06 5.00340292e-02 1.39998979e+01]
  [9.30513897e-06 5.03306609e-02 1.41487497e+01]
  [8.89817822e-06 4.36962647e-02 1.50713919e+01]]

 [[9.37202822e-06 4.76526009e-02 1.36815562e+01]
  [9.68791821e-06 4.85671039e-02 1.36598924e+01]
  [1.14539581e-05 4.91626915e-02 1.37397214e+01]
  [9.62066701e-06 5.08451350e-02 1.36237061e+01]
  [1.06887026e-05 4.91456425e-02 1.36916673e+01]
  [9.86562393e-06 5.09341860e-02 1.38826140e+01]
  [8.85147090e-06 4.76092482e-02 1.39231241e+01]
  [7.20459018e-06 3.74715250e-02 1.97003735e+01]]

 [[9.38239730e-06 4.80922841e-02 1.36117559e+01]
  [1.00125655e-05 5.07561537e-02 1.35438140e+01]
  [9.45354816e-06 5.09211639e-02 1.34351114e+01]
  [1.24063187e-05 4.86469427e-02 1.38751961e+01]
  [1.00475590e-05 4.83267908e-02 1.36866870e+01]
  [9.31492894e-06 4.67638406e-02 1.42122342e+01]
  [9.32322365e-06 4.78789265e-02 1.40775311e+01]
  [8.10679679e-06 4.17289290e-02 1.68233021e+01]]

 [[9.19159209e-06 4.61915837e-02 1.37515122e+01]
  [9.41681167e-06 4.80277465e-02 1.36382626e+01]
  [9.12132157e-06 4.70212511e-02 1.37810800e+01]
  [9.30697622e-06 4.63011058e-02 1.37603670e+01]
  [8.98747525e-06 4.60952712e-02 1.40667412e+01]
  [9.14180757e-06 4.55518552e-02 1.43489608e+01]
  [8.89235168e-06 4.50799686e-02 1.45583333e+01]
  [4.76429531e-05 1.46204721e-01 4.29443380e+01]]]

Ref Max Post Table:
[[[4.21006927e-06 1.53251867e-02 1.55115299e+01]
  [3.83032393e-06 1.49443180e-02 1.81680270e+01]
  [4.49724991e-06 1.53459399e-02 1.53875003e+01]
  [4.51895894e-06 1.52463267e-02 1.54414523e+01]]

 [[4.10865343e-06 1.51889422e-02 1.58007759e+01]
  [4.04478133e-06 1.23795197e-02 4.01225307e+01]
  [4.18349028e-06 1.51436416e-02 1.58927315e+01]
  [4.56494718e-06 1.52160563e-02 1.54989364e+01]]

 [[4.12313000e-06 1.52115642e-02 1.52925237e+01]
  [4.18244107e-06 1.52165914e-02 1.55242668e+01]
  [4.76428900e-05 1.46204476e-01 4.29444932e+01]
  [5.01471664e-06 1.52604212e-02 1.55150006e+01]]

 [[4.13000725e-06 1.52706691e-02 1.53360298e+01]
  [4.29063527e-06 1.52170524e-02 1.58350990e+01]
  [5.71300418e-06 1.52936422e-02 1.54980171e+01]
  [3.46055540e-06 1.48103313e-02 2.24876855e+01]]]

Ref Max Pull Table:
[[[4.61780163e-06 1.53573929e-02 1.54506427e+01]
  [4.37161024e-06 1.53866544e-02 1.54835808e+01]
  [4.32976296e-06 1.51846052e-02 1.57137568e+01]
  [4.02727317e-06 1.43978091e-02 2.44459978e+01]]

 [[4.40002371e-06 1.51607962e-02 1.66804903e+01]
  [4.34339533e-06 1.51619175e-02 1.53933976e+01]
  [4.42522619e-06 1.51501358e-02 1.54689793e+01]
  [4.68648559e-05 1.46310293e-01 4.25930565e+01]]

 [[4.71650103e-06 1.53861457e-02 1.53525848e+01]
  [4.37945180e-06 1.51649007e-02 1.53132129e+01]
  [4.14983282e-06 1.51355206e-02 1.53148402e+01]
  [4.20469900e-06 1.48777633e-02 1.83210818e+01]]

 [[4.37938673e-06 1.51407946e-02 1.67007701e+01]
  [3.61021262e-06 1.13152254e-02 4.25472110e+01]
  [4.31315012e-06 1.51778576e-02 1.58318144e+01]
  [4.15513655e-06 1.48451004e-02 1.84181273e+01]]]

Max Activate Table:
[[[9.78203925e-06 5.14314111e-02 1.36765589e+01 9.34373731e-04
   4.96598392e-02 3.22202313e-04 3.22202313e-04]
  [9.08168683e-06 4.80136145e-02 1.39961842e+01 9.53304022e-04
   2.23298762e-02 3.26402812e-04 3.26402812e-04]
  [9.81396074e-06 4.96385915e-02 1.36970580e+01 9.31807298e-04
   4.00576415e-02 3.24471900e-04 3.24471900e-04]
  [1.16921094e-05 5.13616071e-02 1.37226698e+01 9.49384922e-04
   1.42947357e-02 3.22148404e-04 3.22148404e-04]
  [9.69422266e-06 5.37083956e-02 1.37081704e+01 9.40908244e-04
   1.58250459e-02 3.19707986e-04 3.19707986e-04]
  [9.27478730e-06 4.91549517e-02 1.39584276e+01 9.45485406e-04
   3.48518580e-02 3.24878235e-04 3.24878235e-04]
  [1.00319225e-05 5.17626262e-02 1.37007395e+01 9.40345769e-04
   4.94772984e-02 3.21780266e-04 3.21780266e-04]
  [8.88097761e-06 4.38117130e-02 1.43581478e+01 9.58264503e-04
   2.35806327e-02 3.30836934e-04 3.30836934e-04]]

 [[9.43138482e-06 4.92565943e-02 1.36155160e+01 9.37491103e-04
   4.37039309e-02 3.24769816e-04 3.24769816e-04]
  [9.69160153e-06 5.21612676e-02 1.37740855e+01 9.40800068e-04
   1.57476917e-02 3.21705114e-04 3.21705114e-04]
  [9.45547785e-06 4.83936744e-02 1.40424339e+01 9.52227065e-04
   2.00443447e-02 3.25688374e-04 3.25688374e-04]
  [9.47099462e-06 4.92471710e-02 1.39531542e+01 9.49746829e-04
   1.84052178e-02 3.24994648e-04 3.24994648e-04]
  [8.88439865e-06 4.72820834e-02 1.38289441e+01 9.56829325e-04
   2.08732478e-02 3.27399282e-04 3.27399282e-04]
  [9.23076010e-06 4.84110845e-02 1.39791147e+01 9.55468963e-04
   1.52458176e-02 3.25851072e-04 3.25851072e-04]
  [9.68461055e-06 4.72456139e-02 1.40546246e+01 9.65980444e-04
   1.88651669e-02 3.27205614e-04 3.27205614e-04]
  [9.27741023e-06 4.58014651e-02 1.41284030e+01 9.53721777e-04
   6.09364863e-02 3.28862427e-04 3.28862427e-04]]

 [[1.04144644e-05 4.93724217e-02 1.36908737e+01 9.35490468e-04
   2.84295057e-02 3.24664012e-04 3.24664012e-04]
  [1.13487087e-05 4.90798550e-02 1.35507387e+01 9.46790468e-04
   5.31233055e-02 3.24941835e-04 3.24941835e-04]
  [9.61480208e-06 4.81228968e-02 1.37901696e+01 9.55802289e-04
   2.60656000e-02 3.25771264e-04 3.25771264e-04]
  [9.57351459e-06 4.74860497e-02 1.40069757e+01 9.61845535e-04
   2.21044491e-02 3.26707803e-04 3.26707803e-04]
  [8.90202889e-06 4.43620721e-02 1.44072414e+01 9.51795471e-04
   4.20144183e-02 3.30348294e-04 3.30348294e-04]
  [9.58506358e-06 4.93038207e-02 1.39496969e+01 9.57106956e-04
   1.54241684e-02 3.24883956e-04 3.24883956e-04]
  [9.09020004e-06 4.84854325e-02 1.38862759e+01 9.48499685e-04
   1.62026060e-02 3.25607167e-04 3.25607167e-04]
  [9.29620816e-06 4.57836933e-02 1.41961834e+01 9.47992593e-04
   5.58490348e-02 3.28781978e-04 3.28781978e-04]]

 [[1.18561594e-05 5.03457003e-02 1.35855398e+01 9.41996466e-04
   2.09731121e-02 3.23612442e-04 3.23612442e-04]
  [9.15587813e-06 5.00766547e-02 1.37042185e+01 9.56858432e-04
   1.67329049e-02 3.23859124e-04 3.23859124e-04]
  [9.91940803e-06 4.92519000e-02 1.37671662e+01 9.34799004e-04
   6.48560066e-02 3.24795169e-04 3.24795169e-04]
  [1.14121694e-05 4.85488363e-02 1.38416602e+01 9.50599697e-04
   1.45623259e-02 3.25662142e-04 3.25662142e-04]
  [8.74516052e-06 4.47604223e-02 1.47243433e+01 9.58229378e-04
   2.95226188e-02 3.29937377e-04 3.29937377e-04]
  [9.18811242e-06 4.72383580e-02 1.41474671e+01 9.50446748e-04
   1.44665122e-02 3.26964608e-04 3.26964608e-04]
  [9.04470075e-06 4.97235832e-02 1.37563315e+01 9.56691682e-04
   1.45523427e-02 3.24412460e-04 3.24412460e-04]
  [8.96789519e-06 4.64515570e-02 1.40917578e+01 9.65289470e-04
   1.55073311e-02 3.27911626e-04 3.27911626e-04]]

 [[9.67064526e-06 4.95395041e-02 1.36154151e+01 9.44679790e-04
   2.39796498e-02 3.24659967e-04 3.24659967e-04]
  [9.15268034e-06 4.89354013e-02 1.38650696e+01 9.56330347e-04
   1.65832678e-02 3.25259646e-04 3.25259646e-04]
  [9.37179024e-06 4.63607087e-02 1.40622050e+01 9.46433541e-04
   6.77947996e-02 3.28120253e-04 3.28120253e-04]
  [9.74104096e-06 4.72139577e-02 1.39834035e+01 9.52528967e-04
   1.98915955e-02 3.27026051e-04 3.27026051e-04]
  [8.75602186e-06 4.81279856e-02 1.42080821e+01 9.67430163e-04
   1.58577971e-02 3.26074032e-04 3.26074032e-04]
  [9.07850260e-06 4.76251323e-02 1.40582341e+01 9.49856581e-04
   5.02468275e-02 3.26587955e-04 3.26587955e-04]
  [9.05136380e-06 5.03937021e-02 1.37001213e+01 9.50896031e-04
   1.53541790e-02 3.23485866e-04 3.23485866e-04]
  [8.66766473e-06 4.02048309e-02 1.69647118e+01 9.73900047e-04
   1.73643268e-02 3.34765849e-04 3.34765849e-04]]

 [[1.01116867e-05 5.27081699e-02 1.36114990e+01 9.27834796e-04
   2.17009785e-02 3.20503329e-04 3.20503329e-04]
  [9.17715624e-06 4.92981606e-02 1.38840078e+01 9.47900747e-04
   2.79717637e-02 3.24960018e-04 3.24960018e-04]
  [9.63238808e-06 5.00435068e-02 1.37600499e+01 9.38500000e-04
   1.54013666e-02 3.23890685e-04 3.23890685e-04]
  [9.52328855e-06 4.75977804e-02 1.39809383e+01 9.35801539e-04
   3.72491186e-02 3.26551675e-04 3.26551675e-04]
  [9.01548292e-06 4.80263736e-02 1.38027565e+01 9.56589140e-04
   1.57571455e-02 3.26537940e-04 3.26537940e-04]
  [9.02541730e-06 4.77806234e-02 1.39756739e+01 9.56403631e-04
   1.78935452e-02 3.26184309e-04 3.26184309e-04]
  [1.14912847e-05 4.94209752e-02 1.36891079e+01 9.52535230e-04
   1.64047264e-02 3.24717000e-04 3.24717000e-04]
  [8.63100490e-06 4.33119754e-02 1.44117039e+01 9.77703508e-04
   1.53588561e-02 3.31592914e-04 3.31592914e-04]]

 [[9.43642151e-06 4.94255306e-02 1.35657702e+01 9.47627713e-04
   2.34194085e-02 3.24468946e-04 3.24468946e-04]
  [9.38430281e-06 4.93378850e-02 1.40313969e+01 9.58934655e-04
   1.95020481e-02 3.24737172e-04 3.24737172e-04]
  [1.17699759e-05 4.81821668e-02 1.39190598e+01 9.52566138e-04
   2.36050784e-02 3.26274148e-04 3.26274148e-04]
  [9.49832388e-06 4.89614325e-02 1.38329970e+01 9.61406705e-04
   1.58703088e-02 3.25093129e-04 3.25093129e-04]
  [9.28959382e-06 5.11815355e-02 1.37570530e+01 9.37925220e-04
   1.74597612e-02 3.22820008e-04 3.22820008e-04]
  [9.08502247e-06 4.75763929e-02 1.40095133e+01 9.55287037e-04
   3.03771483e-02 3.26591226e-04 3.26591226e-04]
  [9.47552661e-06 5.28948285e-02 1.38454170e+01 9.53827591e-04
   1.46461391e-02 3.20439336e-04 3.20439336e-04]
  [7.43327206e-06 3.78332893e-02 1.92102902e+01 9.78016951e-04
   1.47154145e-02 3.37296447e-04 3.37296447e-04]]

 [[9.50767603e-06 4.59757463e-02 1.39796502e+01 9.53669903e-04
   2.38569469e-02 3.28567490e-04 3.28567490e-04]
  [9.31146237e-06 4.73815031e-02 1.40939078e+01 9.56744498e-04
   2.53342925e-02 3.27062842e-04 3.27062842e-04]
  [9.36076837e-06 4.56852260e-02 1.38573272e+01 9.54207641e-04
   2.81370681e-02 3.28774800e-04 3.28774800e-04]
  [9.07112208e-06 4.56877805e-02 1.45352484e+01 9.53569604e-04
   5.37887632e-02 3.28795771e-04 3.28795771e-04]
  [8.77029104e-06 4.73626790e-02 1.38187435e+01 9.52053297e-04
   1.65282248e-02 3.26994584e-04 3.26994584e-04]
  [8.63652491e-06 4.62334423e-02 1.41473658e+01 9.63279122e-04
   1.35314378e-02 3.28212675e-04 3.28212675e-04]
  [8.40289584e-06 4.33605384e-02 1.50269086e+01 9.63567203e-04
   1.83544958e-02 3.31286493e-04 3.31286493e-04]
  [4.76429889e-05 1.46204896e-01 4.29441555e+01 1.09374925e-03
   5.04650373e-02 3.62771370e-04 3.66716048e-04]]]

Cumulative Reward: 14934.60309119386
