Scheduler Table:
[[[6.71531109e-04 1.25380987e-01 2.45629628e+02 4.97274125e-03
   1.01616102e-02 1.01105935e-02 1.01105935e-02]
  [2.74977364e-04 1.10429384e-01 2.47830728e+02 4.57049460e-03
   1.26686052e-02 1.17134243e-02 1.17134243e-02]
  [1.13347537e-03 1.37471587e-01 2.12356544e+02 4.95571285e-03
   1.02692389e-02 1.01812643e-02 1.01812643e-02]]

 [[1.60693521e-04 1.05595655e-01 2.47407080e+02 4.44591425e-03
   1.34442372e-02 1.22090225e-02 1.22090225e-02]
  [3.22192230e-04 7.79467954e-01 2.73278145e+02 4.34224448e-03
   1.41558906e-02 1.25591249e-02 1.26652922e-02]
  [1.13192449e-03 1.37438615e-01 2.12112553e+02 4.95577610e-03
   1.02688327e-02 1.01810015e-02 1.01810015e-02]]

 [[1.12908109e-03 1.37388864e-01 2.12485022e+02 4.95586710e-03
   1.02682624e-02 1.01806241e-02 1.01806241e-02]
  [1.13112720e-03 1.37474611e-01 2.12210589e+02 4.95580204e-03
   1.02686665e-02 1.01808937e-02 1.01808937e-02]
  [1.13228110e-03 1.37431673e-01 2.12398690e+02 4.95575792e-03
   1.02689467e-02 1.01810768e-02 1.01810768e-02]]]

Buffer Table:
[[[2.69272720e-04 7.77221419e-01 2.73228889e+02 4.28223520e-03
   1.45295699e-02 1.27978855e-02 1.29040528e-02]
  [1.12960284e-03 1.37107202e-01 2.12955938e+02 4.95582693e-03
   1.02686546e-02 1.01808761e-02 1.01808761e-02]
  [1.13062865e-03 1.37190572e-01 2.13150089e+02 4.95578884e-03
   1.02688902e-02 1.01810340e-02 1.01810340e-02]]

 [[8.58040463e-04 1.29908203e-01 2.32338686e+02 4.96575009e-03
   1.02059113e-02 1.01396729e-02 1.01396729e-02]
  [1.16073473e-03 1.37764092e-01 2.12826705e+02 4.95472951e-03
   1.02755812e-02 1.01854321e-02 1.01854321e-02]
  [1.12982574e-03 1.37186584e-01 2.12741726e+02 4.95579818e-03
   1.02688289e-02 1.01809951e-02 1.01809951e-02]]

 [[1.10699164e-03 1.36659552e-01 2.14765976e+02 4.95663095e-03
   1.02635622e-02 1.01775371e-02 1.01775371e-02]
  [1.13980301e-03 1.37413434e-01 2.12345956e+02 4.95543865e-03
   1.02711074e-02 1.01824882e-02 1.01824882e-02]
  [1.12009888e-03 1.36978548e-01 2.12722308e+02 4.95615677e-03
   1.02665745e-02 1.01795069e-02 1.01795069e-02]]]

Arbiter Table:
[[[2.69843423e-04 7.77238146e-01 2.73188084e+02 4.28221386e-03
   1.45297047e-02 1.27979741e-02 1.29041414e-02]
  [1.10951241e-03 1.37163183e-01 2.12300135e+02 4.95571531e-03
   1.02693207e-02 1.01813171e-02 1.01813171e-02]
  [1.10090363e-03 1.36993597e-01 2.11969098e+02 4.95602261e-03
   1.02673731e-02 1.01800410e-02 1.01800410e-02]]

 [[8.27986256e-04 1.29174062e-01 2.32868492e+02 4.96617967e-03
   1.02031631e-02 1.01378723e-02 1.01378723e-02]
  [1.12232426e-03 1.37425718e-01 2.12420451e+02 4.95522589e-03
   1.02724226e-02 1.01833494e-02 1.01833494e-02]
  [1.10067120e-03 1.37013516e-01 2.12000823e+02 4.95603058e-03
   1.02673237e-02 1.01800079e-02 1.01800079e-02]]

 [[1.10121997e-03 1.37101815e-01 2.11401578e+02 4.95600464e-03
   1.02674909e-02 1.01801158e-02 1.01801158e-02]
  [1.09669593e-03 1.36880869e-01 2.13106900e+02 4.95618571e-03
   1.02663531e-02 1.01793645e-02 1.01793645e-02]
  [1.11745989e-03 1.37313026e-01 2.12638937e+02 4.95542279e-03
   1.02711692e-02 1.01825314e-02 1.01825314e-02]]]

Page Table:
[[[9.46192340e-04 2.84479943e-01 2.09001329e+02 4.86511168e-03
   1.06361704e-02 1.04042522e-02 1.04042522e-02]
  [9.42469245e-04 2.83709867e-01 2.09326682e+02 4.86563980e-03
   1.06336592e-02 1.04026791e-02 1.04026791e-02]
  [9.24875925e-04 2.80586300e-01 2.07843922e+02 4.86808571e-03
   1.06220358e-02 1.03953836e-02 1.03953836e-02]
  [9.37999615e-04 2.82948320e-01 2.09175157e+02 4.86623731e-03
   1.06308224e-02 1.04008930e-02 1.04008930e-02]]

 [[9.34034335e-04 2.82218303e-01 2.08657573e+02 4.86683199e-03
   1.06279923e-02 1.03991250e-02 1.03991250e-02]
  [9.43875970e-04 2.83983175e-01 2.08681331e+02 4.86540462e-03
   1.06347769e-02 1.04033804e-02 1.04033804e-02]
  [9.30638910e-04 2.81646237e-01 2.07466402e+02 4.86726378e-03
   1.06259419e-02 1.03978349e-02 1.03978349e-02]
  [9.38002741e-04 2.82962309e-01 2.07360686e+02 4.86625189e-03
   1.06307511e-02 1.04008523e-02 1.04008523e-02]]

 [[9.43191029e-04 2.83895092e-01 2.07908984e+02 4.86556078e-03
   1.06340348e-02 1.04029147e-02 1.04029147e-02]
  [9.36743185e-04 2.82693500e-01 2.07568228e+02 4.86640846e-03
   1.06300043e-02 1.04003894e-02 1.04003894e-02]
  [9.37267340e-04 2.82835584e-01 2.07326944e+02 4.86634114e-03
   1.06303270e-02 1.04005861e-02 1.04005861e-02]
  [7.24102159e-04 2.42698923e-01 2.27710539e+02 4.89655298e-03
   1.04867685e-02 1.03104529e-02 1.03104529e-02]]

 [[9.41153365e-04 2.83475379e-01 2.08589005e+02 4.86587305e-03
   1.06325496e-02 1.04019850e-02 1.04019850e-02]
  [9.37164244e-04 2.82871893e-01 2.08047091e+02 4.86631899e-03
   1.06304327e-02 1.04006516e-02 1.04006516e-02]
  [9.25993168e-04 2.80794602e-01 2.07831633e+02 4.86792123e-03
   1.06228196e-02 1.03958711e-02 1.03958711e-02]
  [2.69144787e-04 7.77220987e-01 2.73237654e+02 4.28223796e-03
   1.45295484e-02 1.27978711e-02 1.29040383e-02]]]

Response Table:
[[[1.68345393e-04 1.05615459e-01 2.52132070e+02]
  [3.06697028e-04 7.79017751e-01 2.70630741e+02]]

 [[6.94815264e-05 1.00495909e-01 2.70735401e+02]
  [8.59521700e-04 1.22663311e-01 2.13667156e+02]]]

Refresh Table:
[[[8.92597048e-04 1.22832951e-01 2.13842992e+02]
  [6.66761672e-04 1.17362224e-01 2.23187204e+02]]

 [[8.78904905e-04 1.22638108e-01 2.15167445e+02]
  [2.91073137e-04 7.77756863e-01 2.72325267e+02]]]

Request Buffer Table:
[[[4.23149891e-04 1.80726873e+00 1.50566812e+02]
  [4.22108926e-04 1.85693086e+00 1.49124049e+02]
  [4.40222378e-04 1.84493327e+00 1.49831458e+02]
  [4.23783392e-04 1.79651627e+00 1.51930927e+02]
  [4.17742715e-04 1.81251432e+00 1.50313237e+02]
  [4.27445180e-04 1.81803022e+00 1.50223979e+02]
  [4.00476476e-04 1.87700588e+00 1.49543395e+02]
  [4.86883659e-04 1.86605421e+00 1.49406172e+02]]

 [[4.24182022e-04 1.82146982e+00 1.51430780e+02]
  [4.26434818e-04 1.83248301e+00 1.50286057e+02]
  [4.17120493e-04 1.84822816e+00 1.50181366e+02]
  [4.18512414e-04 1.79559837e+00 1.52977355e+02]
  [4.28004359e-04 1.80629878e+00 1.51746526e+02]
  [4.36125459e-04 1.84028973e+00 1.50900643e+02]
  [4.23116116e-04 1.82421251e+00 1.51549879e+02]
  [4.23685912e-04 1.81324951e+00 1.51717877e+02]]

 [[4.34636618e-04 1.82302187e+00 1.49902062e+02]
  [4.14620571e-04 1.81133917e+00 1.50975833e+02]
  [4.25105030e-04 1.82340786e+00 1.50756800e+02]
  [4.26983833e-04 1.81940111e+00 1.50289166e+02]
  [4.20694345e-04 1.78815632e+00 1.52284401e+02]
  [4.41968413e-04 1.84856517e+00 1.49789339e+02]
  [4.26173058e-04 1.83369911e+00 1.49992889e+02]
  [4.27658795e-04 1.79917903e+00 1.50845853e+02]]

 [[4.35050044e-04 1.82442543e+00 1.49634315e+02]
  [4.26457974e-04 1.83273388e+00 1.50083600e+02]
  [4.34090310e-04 1.81252960e+00 1.50601371e+02]
  [3.25343884e-04 1.03142880e+00 2.58943140e+02]
  [4.26416563e-04 1.82843717e+00 1.50427806e+02]
  [4.16032465e-04 1.79126548e+00 1.51452550e+02]
  [4.30332189e-04 1.82957948e+00 1.50458364e+02]
  [4.24729309e-04 1.81211525e+00 1.51269690e+02]]

 [[4.21469181e-04 1.80997716e+00 1.50310369e+02]
  [4.46103770e-04 1.87656711e+00 1.49641042e+02]
  [4.21684399e-04 1.81311352e+00 1.51548109e+02]
  [4.18304968e-04 1.78187427e+00 1.52842256e+02]
  [2.32481186e-04 9.40699911e-01 1.99784312e+02]
  [4.27972667e-04 1.81924791e+00 1.50312359e+02]
  [4.19214757e-04 1.79423939e+00 1.51586127e+02]
  [4.30017883e-04 1.85243471e+00 1.50358318e+02]]

 [[4.20997220e-04 1.79967648e+00 1.50351623e+02]
  [4.24931161e-04 1.81464168e+00 1.51089214e+02]
  [4.17335473e-04 1.79669474e+00 1.51816482e+02]
  [4.32268878e-04 1.83753243e+00 1.49916184e+02]
  [4.23703568e-04 1.81213369e+00 1.50894922e+02]
  [4.31918458e-04 1.83417065e+00 1.51198625e+02]
  [4.27888469e-04 1.81597821e+00 1.50579062e+02]
  [4.40532371e-04 1.82950586e+00 1.50913453e+02]]

 [[4.23300457e-04 1.81641294e+00 1.50236067e+02]
  [4.25071962e-04 1.82622122e+00 1.50869706e+02]
  [4.20500420e-04 1.81394979e+00 1.50626747e+02]
  [4.20213281e-04 1.79692391e+00 1.51407609e+02]
  [4.24116831e-04 1.79681598e+00 1.50962670e+02]
  [4.28271020e-04 1.81920296e+00 1.50291357e+02]
  [4.18600718e-04 1.80917565e+00 1.51960554e+02]
  [4.27827625e-04 1.80775283e+00 1.51184429e+02]]

 [[4.23850747e-04 1.85469784e+00 1.48744754e+02]
  [4.46465043e-04 1.83643963e+00 1.49905197e+02]
  [4.39364984e-04 1.83417523e+00 1.50846462e+02]
  [4.23545906e-04 1.79809506e+00 1.52161371e+02]
  [4.22698611e-04 1.79304912e+00 1.51430841e+02]
  [4.32558690e-04 1.81100477e+00 1.51672553e+02]
  [4.20302145e-04 1.81910520e+00 1.50418328e+02]
  [4.23635240e-04 1.80166902e+00 1.51243887e+02]]]

Ref Max Post Table:
[[[5.12668556e-04 2.89205115e-01 2.07263499e+02]
  [3.18096942e-04 2.13879413e-01 2.31142804e+02]
  [4.88602040e-04 2.80574724e-01 2.08414061e+02]
  [4.93739782e-04 2.82313349e-01 2.08330801e+02]]

 [[4.92106896e-04 2.81822780e-01 2.08805930e+02]
  [4.89094408e-04 2.80742133e-01 2.08365411e+02]
  [3.14346209e-04 2.10073572e-01 2.30855196e+02]
  [5.05719945e-04 2.85055975e-01 2.08500149e+02]]

 [[4.68843481e-04 2.73474543e-01 2.12436388e+02]
  [4.88864080e-04 2.80493869e-01 2.09580151e+02]
  [3.63849840e-04 8.15717648e-01 2.62265859e+02]
  [4.63869516e-04 2.71009279e-01 2.14472142e+02]]

 [[3.91780886e-04 2.43950170e-01 2.24612738e+02]
  [4.92086861e-04 2.81923523e-01 2.08100196e+02]
  [4.94164465e-04 2.82116278e-01 2.08330717e+02]
  [4.95238156e-04 2.82464399e-01 2.09074830e+02]]]

Ref Max Pull Table:
[[[9.44519740e-04 2.81707135e-01 2.08404863e+02]
  [6.55872089e-04 2.27348307e-01 2.34523454e+02]
  [9.41259645e-04 2.81262126e-01 2.08033906e+02]
  [9.42731016e-04 2.81546868e-01 2.09599454e+02]]

 [[8.66984495e-04 2.67215926e-01 2.16066436e+02]
  [2.69262340e-04 7.77243110e-01 2.73227155e+02]
  [9.32346718e-04 2.79723241e-01 2.09079298e+02]
  [9.36431104e-04 2.80350892e-01 2.08913131e+02]]

 [[9.41785129e-04 2.81295031e-01 2.08963620e+02]
  [9.30452116e-04 2.79263475e-01 2.10028572e+02]
  [6.22533959e-04 2.23333748e-01 2.37931192e+02]
  [9.35737358e-04 2.80262184e-01 2.07510552e+02]]

 [[9.37033940e-04 2.80383442e-01 2.10290717e+02]
  [9.32993500e-04 2.79805834e-01 2.07924352e+02]
  [9.35858908e-04 2.80217744e-01 2.08985686e+02]
  [9.37371654e-04 2.80388670e-01 2.08450651e+02]]]

Max Activate Table:
[[[3.79532667e-04 1.85875686e+00 1.48859049e+02 3.47096056e-03
   8.25340228e-03 7.91303306e-03 7.91303306e-03]
  [4.06253097e-04 1.80923697e+00 1.49828871e+02 3.51429782e-03
   8.30340917e-03 7.97271118e-03 7.97271118e-03]
  [4.31817542e-04 1.82168765e+00 1.50242282e+02 3.50337127e-03
   8.29080430e-03 7.95766805e-03 7.95766805e-03]
  [3.92855090e-04 1.81286454e+00 1.51055801e+02 3.51113460e-03
   8.29975167e-03 7.96834745e-03 7.96834745e-03]
  [4.06220643e-04 1.82925552e+00 1.50082777e+02 3.49670036e-03
   8.28310437e-03 7.94847934e-03 7.94847934e-03]
  [4.09578423e-04 1.78180647e+00 1.52753209e+02 3.53827931e-03
   8.33108605e-03 8.00574001e-03 8.00574001e-03]
  [4.28292522e-04 1.79027632e+00 1.51454739e+02 3.53085630e-03
   8.32250854e-03 7.99550544e-03 7.99550544e-03]
  [7.60387609e-04 1.90076497e+00 1.47875915e+02 3.43401684e-03
   8.21079456e-03 7.86218185e-03 7.86218185e-03]]

 [[3.95126002e-04 1.83726223e+00 1.50179244e+02 3.48975453e-03
   8.27508832e-03 7.93891319e-03 7.93891319e-03]
  [4.43952608e-04 1.80633192e+00 1.50139662e+02 3.51683198e-03
   8.30631572e-03 7.97618250e-03 7.97618250e-03]
  [4.21075692e-04 1.79871625e+00 1.50388830e+02 3.52348241e-03
   8.31400455e-03 7.98535609e-03 7.98535609e-03]
  [4.10734036e-04 1.80936953e+00 1.50693505e+02 3.51416477e-03
   8.30325731e-03 7.97252970e-03 7.97252970e-03]
  [5.10101379e-04 1.83552748e+00 1.50706622e+02 3.49124356e-03
   8.27679532e-03 7.94095199e-03 7.94095199e-03]
  [4.12370925e-04 1.78924603e+00 1.51419028e+02 3.53177551e-03
   8.32357583e-03 7.99677815e-03 7.99677815e-03]
  [3.22149459e-05 9.98503843e-02 2.70107104e+02 4.29911697e-03
   1.44204871e-02 1.27471758e-02 1.28538766e-02]
  [4.22997666e-04 1.81179072e+00 1.50655069e+02 3.51204639e-03
   8.30079923e-03 7.96959828e-03 7.96959828e-03]]

 [[4.25235874e-04 1.79666974e+00 1.51067374e+02 3.52532078e-03
   8.31613304e-03 7.98789515e-03 7.98789515e-03]
  [4.14203328e-04 1.80423979e+00 1.51442463e+02 3.51861711e-03
   8.30838532e-03 7.97865089e-03 7.97865089e-03]
  [4.24874145e-04 1.80854065e+00 1.50962655e+02 3.51481925e-03
   8.30402339e-03 7.97344230e-03 7.97344230e-03]
  [3.95531332e-04 1.83616243e+00 1.49003428e+02 3.49071070e-03
   8.27619569e-03 7.94023411e-03 7.94023411e-03]
  [4.31620501e-04 1.80790472e+00 1.52179998e+02 3.51547329e-03
   8.30474794e-03 7.97431151e-03 7.97431151e-03]
  [4.08824275e-04 1.80305165e+00 1.51657966e+02 3.51967674e-03
   8.30959643e-03 7.98009797e-03 7.98009797e-03]
  [4.18362745e-04 1.78798189e+00 1.52802557e+02 3.53290756e-03
   8.32490238e-03 7.99835821e-03 7.99835821e-03]
  [4.61181305e-04 1.84560015e+00 1.49493492e+02 3.48247687e-03
   8.26667917e-03 7.92887944e-03 7.92887944e-03]]

 [[4.03060642e-04 1.81252572e+00 1.50320483e+02 3.51142512e-03
   8.30007887e-03 7.96873913e-03 7.96873913e-03]
  [5.97738939e-04 1.83847887e+00 1.49562208e+02 3.48866650e-03
   8.27383411e-03 7.93741622e-03 7.93741622e-03]
  [4.08044059e-04 1.80027063e+00 1.51024487e+02 3.52211847e-03
   8.31242591e-03 7.98347287e-03 7.98347287e-03]
  [4.29654588e-04 1.81477837e+00 1.51070577e+02 3.50944082e-03
   8.29781836e-03 7.96603705e-03 7.96603705e-03]
  [4.67427681e-04 1.80812241e+00 1.51595881e+02 3.51523416e-03
   8.30450851e-03 7.97402029e-03 7.97402029e-03]
  [4.18176360e-04 1.80923296e+00 1.50732331e+02 3.51435215e-03
   8.30346331e-03 7.97277707e-03 7.97277707e-03]
  [4.63590048e-04 1.82217927e+00 1.50250112e+02 3.50297359e-03
   8.29032934e-03 7.95710366e-03 7.95710366e-03]
  [4.39897312e-04 1.81077978e+00 1.49550203e+02 3.51288080e-03
   8.30177433e-03 7.97076013e-03 7.97076013e-03]]

 [[3.97681584e-04 1.78800776e+00 1.52812328e+02 3.53286977e-03
   8.32481814e-03 7.99826378e-03 7.99826378e-03]
  [4.24440827e-04 1.81891136e+00 1.50211140e+02 3.50579470e-03
   8.29358975e-03 7.96099386e-03 7.96099386e-03]
  [4.29952823e-04 1.81302928e+00 1.51069553e+02 3.51100034e-03
   8.29959248e-03 7.96815810e-03 7.96815810e-03]
  [4.38793728e-04 1.82037798e+00 1.50539049e+02 3.50457208e-03
   8.29218578e-03 7.95931733e-03 7.95931733e-03]
  [4.06840942e-04 1.80423331e+00 1.51450984e+02 3.51867409e-03
   8.30846434e-03 7.97874320e-03 7.97874320e-03]
  [3.94994276e-04 1.80129409e+00 1.50347889e+02 3.52127238e-03
   8.31145625e-03 7.98231468e-03 7.98231468e-03]
  [4.14213647e-04 1.79203816e+00 1.50650231e+02 3.52936823e-03
   8.32078942e-03 7.99345416e-03 7.99345416e-03]
  [4.77214235e-04 1.82001603e+00 1.50561693e+02 3.50481504e-03
   8.29246537e-03 7.95965111e-03 7.95965111e-03]]

 [[3.84847464e-04 1.81997535e+00 1.50324677e+02 3.50489770e-03
   8.29254573e-03 7.95974927e-03 7.95974927e-03]
  [4.17397863e-04 1.81513258e+00 1.50573939e+02 3.50914471e-03
   8.29744808e-03 7.96559947e-03 7.96559947e-03]
  [3.85439965e-04 1.80832682e+00 1.50924178e+02 3.51508143e-03
   8.30429254e-03 7.97376852e-03 7.97376852e-03]
  [4.04470319e-04 1.80868002e+00 1.50707118e+02 3.51476439e-03
   8.30395520e-03 7.97336166e-03 7.97336166e-03]
  [4.03044428e-04 1.79049228e+00 1.51487540e+02 3.53070389e-03
   8.32234136e-03 7.99530464e-03 7.99530464e-03]
  [3.95521421e-04 1.80992365e+00 1.50177416e+02 3.51368640e-03
   8.30270497e-03 7.97187058e-03 7.97187058e-03]
  [3.98683925e-04 1.51848285e+00 1.76207793e+02 3.76791703e-03
   8.59598295e-03 8.32187980e-03 8.32187980e-03]
  [4.20199402e-04 1.79280585e+00 1.51628867e+02 3.52871079e-03
   8.32001738e-03 7.99253483e-03 7.99253483e-03]]

 [[3.94123966e-04 1.79361739e+00 1.50653369e+02 3.52794349e-03
   8.31913713e-03 7.99148357e-03 7.99148357e-03]
  [2.69554531e-04 7.78374376e-01 2.70004536e+02 4.30060519e-03
   1.43805454e-02 1.27462032e-02 1.27990201e-02]
  [4.35681230e-04 1.79859283e+00 1.50960803e+02 3.52358669e-03
   8.31411590e-03 7.98549032e-03 7.98549032e-03]
  [4.43720153e-04 1.81338232e+00 1.50357453e+02 3.51063530e-03
   8.29919043e-03 7.96767542e-03 7.96767542e-03]
  [4.45817140e-04 1.82295867e+00 1.50292681e+02 3.50228466e-03
   8.28955498e-03 7.95617644e-03 7.95617644e-03]
  [4.17548148e-04 1.79721698e+00 1.51390786e+02 3.52482090e-03
   8.31556356e-03 7.98721443e-03 7.98721443e-03]
  [4.08886880e-04 1.79254032e+00 1.51088877e+02 3.52888623e-03
   8.32023657e-03 7.99279389e-03 7.99279389e-03]
  [4.28074060e-04 1.81219989e+00 1.51215293e+02 3.51173064e-03
   8.30044155e-03 7.96917043e-03 7.96917043e-03]]

 [[4.05715614e-04 1.80684972e+00 1.50295971e+02 3.51641238e-03
   8.30584055e-03 7.97561407e-03 7.97561407e-03]
  [4.36773348e-04 1.80781096e+00 1.50059918e+02 3.51556653e-03
   8.30486973e-03 7.97445472e-03 7.97445472e-03]
  [4.11344939e-04 1.79746731e+00 1.50954640e+02 3.52460381e-03
   8.31529004e-03 7.98689147e-03 7.98689147e-03]
  [6.30025286e-04 1.85388641e+00 1.48193002e+02 3.47512701e-03
   8.25821897e-03 7.91877993e-03 7.91877993e-03]
  [3.99903208e-04 1.80792325e+00 1.51115910e+02 3.51539290e-03
   8.30467272e-03 7.97421910e-03 7.97421910e-03]
  [4.25451840e-04 1.78619805e+00 1.52604563e+02 3.53442573e-03
   8.32660873e-03 8.00040139e-03 8.00040139e-03]
  [4.15019081e-04 1.79931048e+00 1.50770859e+02 3.52301081e-03
   8.31344675e-03 7.98469246e-03 7.98469246e-03]
  [4.47585825e-04 1.80539153e+00 1.51277983e+02 3.51763434e-03
   8.30724215e-03 7.97728801e-03 7.97728801e-03]]]

Cumulative Reward: 6840.570955858719
