Scheduler Table:
[[[3.24980190e-05 2.16653573e-02 4.34744320e+01 9.43837684e-04
   2.34820853e-03 2.22407291e-03 2.22407291e-03]
  [8.53868259e-05 2.36073579e-02 4.61400616e+01 9.97105113e-04
   2.01583189e-03 2.01101313e-03 2.01101313e-03]
  [1.15322592e-04 2.42617274e-02 4.27900270e+01 9.99213336e-04
   2.00285104e-03 2.00276428e-03 2.00276428e-03]]

 [[1.12270815e-04 2.42645476e-02 4.36226282e+01 9.99213364e-04
   2.00284928e-03 2.00276398e-03 2.00276398e-03]
  [1.58756727e-04 4.15966301e-01 5.40767465e+01 8.54887914e-04
   2.93871699e-03 2.53768392e-03 2.60074408e-03]
  [4.03646129e-06 2.06548146e-02 4.53886203e+01 8.76936459e-04
   2.76529911e-03 2.49077413e-03 2.49077413e-03]]

 [[8.61817937e-05 2.37493822e-02 4.50301755e+01 9.99223253e-04
   2.00278634e-03 2.00272158e-03 2.00272158e-03]
  [2.82736894e-05 2.15537302e-02 4.55539118e+01 9.11635565e-04
   2.54875286e-03 2.35212710e-03 2.35212710e-03]
  [1.12021838e-04 2.42423198e-02 4.28744774e+01 9.99213008e-04
   2.00284978e-03 2.00276530e-03 2.00276530e-03]]]

Buffer Table:
[[[2.52349857e-05 2.15856708e-02 4.66582005e+01 9.17047523e-04
   2.51569048e-03 2.33142897e-03 2.33142897e-03]
  [1.57588344e-04 4.16019626e-01 5.37194766e+01 8.59568889e-04
   2.88443100e-03 2.54017366e-03 2.55841949e-03]
  [1.18814231e-04 2.42345104e-02 4.34602492e+01 9.99213455e-04
   2.00284705e-03 2.00276339e-03 2.00276339e-03]]

 [[8.20737970e-06 2.12821794e-02 5.35215258e+01 8.58324623e-04
   2.91826617e-03 2.53598673e-03 2.60000719e-03]
  [1.27018392e-04 2.43257505e-02 4.32090123e+01 9.99210008e-04
   2.00286698e-03 2.00277794e-03 2.00277794e-03]
  [1.15288179e-04 2.42378526e-02 4.34040036e+01 9.99212144e-04
   2.00285070e-03 2.00276848e-03 2.00276848e-03]]

 [[1.07605620e-04 2.41010047e-02 4.41041479e+01 9.99217037e-04
   2.00282444e-03 2.00274805e-03 2.00274805e-03]
  [1.19830802e-04 2.42808437e-02 4.29682814e+01 9.99213715e-04
   2.00284730e-03 2.00276250e-03 2.00276250e-03]
  [1.11418672e-04 2.41858851e-02 4.33229619e+01 9.99218830e-04
   2.00282046e-03 2.00274123e-03 2.00274123e-03]]]

Arbiter Table:
[[[1.58756336e-04 4.15966286e-01 5.40767415e+01 8.54887325e-04
   2.93872067e-03 2.53768628e-03 2.60074643e-03]
  [1.09512379e-04 2.42318088e-02 4.38067462e+01 9.99213914e-04
   2.00284579e-03 2.00276161e-03 2.00276161e-03]
  [3.67587133e-05 2.18166415e-02 4.46954772e+01 9.20322022e-04
   2.49449137e-03 2.31730673e-03 2.31730673e-03]]

 [[1.15674716e-04 2.42182286e-02 4.33966517e+01 9.99212836e-04
   2.00285596e-03 2.00276661e-03 2.00276661e-03]
  [1.14185706e-04 2.42669369e-02 4.30853126e+01 9.99214809e-04
   2.00284613e-03 2.00275847e-03 2.00275847e-03]
  [1.07732412e-04 2.41719593e-02 4.28513668e+01 9.99213975e-04
   2.00284413e-03 2.00276120e-03 2.00276120e-03]]

 [[3.60742744e-05 2.17889515e-02 4.48699966e+01 9.19105274e-04
   2.50207177e-03 2.32215723e-03 2.32215723e-03]
  [1.08882373e-04 2.42141389e-02 4.31486592e+01 9.99214279e-04
   2.00284389e-03 2.00276009e-03 2.00276009e-03]
  [3.26020906e-05 2.16738282e-02 4.35439225e+01 9.44572776e-04
   2.34351323e-03 2.22104961e-03 2.22104961e-03]]]

Page Table:
[[[1.65840565e-04 4.16099532e-01 5.36906715e+01 8.60072625e-04
   2.90627977e-03 2.51686504e-03 2.57992519e-03]
  [2.07074258e-04 2.51071735e-02 4.34041823e+01 9.97817436e-04
   2.01185470e-03 2.00870719e-03 2.00870719e-03]
  [1.89661825e-04 2.49556856e-02 4.26019722e+01 9.97941865e-04
   2.01104947e-03 2.00817705e-03 2.00817705e-03]
  [1.80738508e-04 2.47715682e-02 4.40669421e+01 9.95802481e-04
   2.02472482e-03 2.01712976e-03 2.01712976e-03]]

 [[1.97364721e-04 2.50526008e-02 4.34727338e+01 9.97887150e-04
   2.01139960e-03 2.00840977e-03 2.00840977e-03]
  [2.03674423e-04 2.50735103e-02 4.35055813e+01 9.97851735e-04
   2.01163127e-03 2.00856091e-03 2.00856091e-03]
  [1.97791765e-04 2.50415485e-02 4.21767542e+01 9.97881346e-04
   2.01143994e-03 2.00843478e-03 2.00843478e-03]
  [1.99735112e-04 2.50290864e-02 4.32923714e+01 9.97891259e-04
   2.01138045e-03 2.00839300e-03 2.00839300e-03]]

 [[2.03999629e-04 2.51319154e-02 4.30560395e+01 9.97838257e-04
   2.01171710e-03 2.00861820e-03 2.00861820e-03]
  [2.02157640e-04 2.50783399e-02 4.28073362e+01 9.97855362e-04
   2.01160135e-03 2.00854482e-03 2.00854482e-03]
  [2.01117230e-04 2.50700835e-02 4.20967130e+01 9.97862171e-04
   2.01156739e-03 2.00851681e-03 2.00851681e-03]
  [1.87408561e-04 2.49347552e-02 4.41405612e+01 9.97959418e-04
   2.01093964e-03 2.00810263e-03 2.00810263e-03]]

 [[1.22659736e-04 2.37429217e-02 4.79422718e+01 9.67057273e-04
   2.20401470e-03 2.13185784e-03 2.13185784e-03]
  [1.97505539e-04 2.50416880e-02 4.34361556e+01 9.97902577e-04
   2.01130929e-03 2.00834499e-03 2.00834499e-03]
  [1.99874927e-04 2.50696042e-02 4.22262626e+01 9.97866546e-04
   2.01153311e-03 2.00849758e-03 2.00849758e-03]
  [1.94406976e-04 2.50233588e-02 4.36013393e+01 9.97911131e-04
   2.01125215e-03 2.00830837e-03 2.00830837e-03]]]

Response Table:
[[[1.58756076e-04 4.15966276e-01 5.40767363e+01]
  [1.64995883e-05 2.37133394e-02 4.32818182e+01]]

 [[1.72429262e-05 2.37177751e-02 4.31064756e+01]
  [1.61117054e-05 2.36504283e-02 4.33864971e+01]]]

Refresh Table:
[[[1.58756707e-04 4.15966744e-01 5.40757220e+01]
  [1.79982695e-05 2.36246434e-02 4.28409244e+01]]

 [[1.81015008e-05 2.37195156e-02 4.34271787e+01]
  [1.49823692e-05 2.12242188e-02 4.88283138e+01]]]

Request Buffer Table:
[[[1.71550339e-04 1.01512986e-01 4.08339040e+01]
  [1.76418478e-04 1.08440876e-01 4.10932078e+01]
  [1.89939266e-04 1.07175596e-01 4.14453544e+01]
  [1.94852301e-04 1.00991827e-01 4.17637667e+01]
  [1.53960605e-04 1.00152409e-01 4.12111125e+01]
  [1.61996133e-04 9.98103459e-02 4.21396117e+01]
  [1.38710703e-04 1.06057592e-01 4.15557489e+01]
  [1.44427718e-04 1.10355420e-01 4.16491366e+01]]

 [[2.01546161e-04 1.05896128e-01 4.12674812e+01]
  [1.51988942e-04 1.07660512e-01 4.11479116e+01]
  [1.56658296e-04 1.09450818e-01 4.12964648e+01]
  [1.60953544e-04 1.00135831e-01 4.20737890e+01]
  [1.63032623e-04 1.01055048e-01 4.18165765e+01]
  [2.18011693e-04 1.06968560e-01 4.20942774e+01]
  [1.47757004e-04 1.01850944e-01 4.19174380e+01]
  [1.84020872e-04 1.03147429e-01 4.18471657e+01]]

 [[1.34304710e-04 1.06904573e-01 4.08297220e+01]
  [1.26385925e-04 1.03998472e-01 4.11643177e+01]
  [1.58915263e-04 4.16045987e-01 5.40625977e+01]
  [1.59363418e-04 1.00198697e-01 4.19071375e+01]
  [1.62285363e-04 9.91618929e-02 4.19778447e+01]
  [1.66706061e-04 1.04306433e-01 4.16391103e+01]
  [1.55559825e-04 9.95799807e-02 4.19843120e+01]
  [1.54216321e-04 1.01976456e-01 4.13410382e+01]]

 [[1.59914524e-04 1.07626336e-01 4.02466938e+01]
  [1.76376272e-04 1.05052323e-01 4.12031860e+01]
  [1.68787183e-04 1.03317300e-01 4.17064562e+01]
  [1.44479651e-04 1.02234032e-01 4.13822836e+01]
  [1.79408642e-04 1.01606314e-01 4.16056698e+01]
  [1.67280721e-04 1.00216425e-01 4.17786648e+01]
  [1.47679847e-04 1.00513560e-01 4.24840149e+01]
  [1.49034212e-04 9.84566825e-02 4.17308251e+01]]

 [[1.77160846e-04 1.00985077e-01 4.09365998e+01]
  [1.87480064e-04 1.07489534e-01 4.17182678e+01]
  [1.02167733e-04 7.11460654e-02 4.52814953e+01]
  [1.39125237e-04 1.00934058e-01 4.11659242e+01]
  [1.61835633e-04 9.91815313e-02 4.18193394e+01]
  [1.65090269e-04 1.00809107e-01 4.17478886e+01]
  [1.60208708e-04 1.01557967e-01 4.07595490e+01]
  [2.07267817e-04 1.06174258e-01 4.17701299e+01]]

 [[1.84576711e-04 1.02511596e-01 4.09178158e+01]
  [1.36603894e-04 1.02004943e-01 4.20773045e+01]
  [1.47498179e-04 1.00957504e-01 4.14166374e+01]
  [1.79308163e-04 1.05261771e-01 4.14213043e+01]
  [1.80640372e-04 1.01326895e-01 4.17204124e+01]
  [1.47069027e-04 1.04199969e-01 4.20846174e+01]
  [1.51257926e-04 1.02086020e-01 4.11935196e+01]
  [5.47565657e-05 4.85023796e-02 4.91227815e+01]]

 [[1.53590293e-04 1.02946074e-01 4.10815067e+01]
  [1.30445848e-04 1.05638972e-01 4.11695968e+01]
  [1.44907363e-04 1.01699866e-01 4.14055483e+01]
  [1.65816297e-04 1.01982104e-01 4.12435975e+01]
  [1.43924889e-04 9.45176360e-02 4.25740523e+01]
  [1.85158466e-04 1.01901230e-01 4.12094465e+01]
  [1.55756798e-04 1.01873436e-01 4.15677427e+01]
  [1.61755984e-04 9.97185203e-02 4.12156129e+01]]

 [[1.53632470e-04 1.06303201e-01 4.13990297e+01]
  [1.73768835e-04 1.06480091e-01 4.12008173e+01]
  [1.70453176e-04 1.01974921e-01 4.16598304e+01]
  [1.48231456e-04 1.03918620e-01 4.14008768e+01]
  [1.56185571e-04 9.93212064e-02 4.20481797e+01]
  [1.29938371e-05 2.80333606e-02 5.18413331e+01]
  [1.46819493e-04 1.00880248e-01 4.14187599e+01]
  [1.63867185e-04 1.00247647e-01 4.12024402e+01]]]

Ref Max Post Table:
[[[1.48613594e-04 2.51261004e-02 4.29224227e+01]
  [1.39358076e-04 2.50415368e-02 4.32053347e+01]
  [3.77746660e-05 2.23850902e-02 5.13457066e+01]
  [1.42167050e-04 2.50765940e-02 4.31775512e+01]]

 [[1.39540401e-04 2.50522298e-02 4.32099072e+01]
  [1.34031159e-04 2.49645821e-02 4.30542798e+01]
  [1.35110055e-04 2.49366457e-02 4.35218345e+01]
  [1.41298857e-04 2.50302924e-02 4.30443388e+01]]

 [[7.79268763e-06 2.15542179e-02 5.41860247e+01]
  [1.37025319e-04 2.50131101e-02 4.33704417e+01]
  [1.43671835e-04 2.50782249e-02 4.33657626e+01]
  [9.17303645e-05 2.36221733e-02 4.62473854e+01]]

 [[1.10879611e-04 2.42172133e-02 4.54782377e+01]
  [1.36731120e-04 2.49712004e-02 4.31750297e+01]
  [1.41870718e-04 2.50502035e-02 4.32021054e+01]
  [1.58995734e-04 4.15966801e-01 5.40384418e+01]]]

Ref Max Pull Table:
[[[1.89425265e-04 2.50241761e-02 4.32153777e+01]
  [1.71816246e-04 2.47011346e-02 4.50130855e+01]
  [1.90253769e-04 2.50292029e-02 4.32120576e+01]
  [3.26589298e-05 2.13524581e-02 4.65366417e+01]]

 [[2.96124907e-05 2.12825436e-02 4.63693920e+01]
  [1.58756233e-04 4.15966281e-01 5.40767524e+01]
  [1.88518788e-04 2.50439774e-02 4.28488299e+01]
  [2.00386546e-04 2.51462448e-02 4.25274610e+01]]

 [[1.91624018e-04 2.50362852e-02 4.32675685e+01]
  [2.38722232e-05 2.11427981e-02 4.65065091e+01]
  [1.89455229e-04 2.50136686e-02 4.36033814e+01]
  [1.53093100e-04 2.44453907e-02 4.45720589e+01]]

 [[1.91301973e-04 2.50522541e-02 4.33025433e+01]
  [1.92879465e-04 2.50654276e-02 4.26281310e+01]
  [2.85599637e-05 2.12541511e-02 4.65838529e+01]
  [1.86773939e-04 2.49575665e-02 4.32352775e+01]]]

Max Activate Table:
[[[8.64599812e-05 1.13822751e-01 4.10429467e+01 9.46389820e-04
   2.15281587e-03 2.08568183e-03 2.08568183e-03]
  [1.52716931e-04 1.03350689e-01 4.07359743e+01 9.52527422e-04
   2.13537437e-03 2.07603483e-03 2.07603483e-03]
  [1.80550638e-04 1.05248383e-01 4.11928277e+01 9.51427868e-04
   2.13849874e-03 2.07776267e-03 2.07776267e-03]
  [1.53461301e-04 1.09525100e-01 4.14298382e+01 9.48880338e-04
   2.14573794e-03 2.08176653e-03 2.08176653e-03]
  [1.42928143e-04 1.03535575e-01 4.14821667e+01 9.52391308e-04
   2.13576234e-03 2.07625125e-03 2.07625125e-03]
  [2.23528306e-04 1.04078911e-01 4.11825750e+01 9.52095563e-04
   2.13660232e-03 2.07671526e-03 2.07671526e-03]
  [1.56854644e-04 9.81016425e-02 4.16361965e+01 9.55603363e-04
   2.12663220e-03 2.07119772e-03 2.07119772e-03]
  [1.60251014e-04 9.79519072e-02 4.22372904e+01 9.55682772e-04
   2.12640731e-03 2.07107453e-03 2.07107453e-03]]

 [[1.82780420e-04 1.11059656e-01 4.16991325e+01 9.48001703e-04
   2.14823470e-03 2.08314741e-03 2.08314741e-03]
  [1.74351133e-04 1.03434024e-01 4.09546809e+01 9.52482639e-04
   2.13550095e-03 2.07610375e-03 2.07610375e-03]
  [1.90128972e-04 1.01195278e-01 4.10596060e+01 9.53773533e-04
   2.13183437e-03 2.07407860e-03 2.07407860e-03]
  [1.43456799e-04 1.07769316e-01 4.13906999e+01 9.49967107e-04
   2.14265014e-03 2.08005941e-03 2.08005941e-03]
  [1.67750558e-04 1.13196002e-01 4.09184038e+01 9.46785104e-04
   2.15168947e-03 2.08505439e-03 2.08505439e-03]
  [1.57236378e-04 9.94234951e-02 4.19010033e+01 9.54815986e-04
   2.12887317e-03 2.07244247e-03 2.07244247e-03]
  [1.58421162e-04 9.98136480e-02 4.16926681e+01 9.54592911e-04
   2.12950724e-03 2.07279344e-03 2.07279344e-03]
  [1.58367618e-04 9.83949107e-02 4.22351273e+01 9.55419733e-04
   2.12715403e-03 2.07148637e-03 2.07148637e-03]]

 [[1.86444290e-04 1.00503408e-01 4.10736204e+01 9.54203024e-04
   2.13061625e-03 2.07340852e-03 2.07340852e-03]
  [1.55572305e-04 1.03933412e-01 4.18243764e+01 9.52153969e-04
   2.13643526e-03 2.07662100e-03 2.07662100e-03]
  [1.92304560e-04 1.03312606e-01 4.14823937e+01 9.52537291e-04
   2.13534911e-03 2.07602525e-03 2.07602525e-03]
  [1.21894502e-04 1.08718539e-01 4.06970433e+01 9.49368167e-04
   2.14435323e-03 2.08100292e-03 2.08100292e-03]
  [1.56786286e-04 1.02493759e-01 4.19727560e+01 9.53054074e-04
   2.13387663e-03 2.07520480e-03 2.07520480e-03]
  [1.67002500e-04 9.87778654e-02 4.23447251e+01 9.55211791e-04
   2.12774764e-03 2.07181882e-03 2.07181882e-03]
  [1.59132550e-04 1.01035275e-01 4.20094576e+01 9.53895708e-04
   2.13148649e-03 2.07388506e-03 2.07388506e-03]
  [1.89928319e-04 1.06290820e-01 4.13556518e+01 9.50814503e-04
   2.14024078e-03 2.07872471e-03 2.07872471e-03]]

 [[1.38037132e-04 1.03677272e-01 4.10135804e+01 9.52338968e-04
   2.13590783e-03 2.07632668e-03 2.07632668e-03]
  [2.09081756e-04 1.08059627e-01 4.11056754e+01 9.49762424e-04
   2.14323223e-03 2.08038201e-03 2.08038201e-03]
  [1.96112239e-04 1.05643357e-01 4.11017438e+01 9.51153291e-04
   2.13927978e-03 2.07819585e-03 2.07819585e-03]
  [1.67953248e-04 1.03867560e-01 4.18380924e+01 9.52215815e-04
   2.13626158e-03 2.07652832e-03 2.07652832e-03]
  [1.54179308e-04 1.00761971e-01 4.19691761e+01 9.54040454e-04
   2.13107901e-03 2.07366563e-03 2.07366563e-03]
  [1.75899934e-04 1.04369399e-01 4.17454683e+01 9.51947541e-04
   2.13702254e-03 2.07694704e-03 2.07694704e-03]
  [1.60324575e-04 1.00286548e-01 4.16192210e+01 9.54341094e-04
   2.13022009e-03 2.07318355e-03 2.07318355e-03]
  [1.76411999e-04 1.00841908e-01 4.06144666e+01 9.53991202e-04
   2.13121745e-03 2.07373984e-03 2.07373984e-03]]

 [[1.65621471e-04 1.08638325e-01 4.09765403e+01 9.49417628e-04
   2.14421082e-03 2.08092121e-03 2.08092121e-03]
  [1.71929161e-04 1.06180072e-01 4.10199526e+01 9.50880540e-04
   2.14005406e-03 2.07862292e-03 2.07862292e-03]
  [1.67699915e-04 1.04876207e-01 4.18264540e+01 9.51638826e-04
   2.13789796e-03 2.07742834e-03 2.07742834e-03]
  [1.41489810e-04 1.03341110e-01 4.13076488e+01 9.52549829e-04
   2.13531088e-03 2.07600005e-03 2.07600005e-03]
  [1.70388724e-04 1.01860286e-01 4.14777511e+01 9.53419350e-04
   2.13284065e-03 2.07463487e-03 2.07463487e-03]
  [1.51310943e-04 9.83769916e-02 4.13919014e+01 9.55438291e-04
   2.12710265e-03 2.07146001e-03 2.07146001e-03]
  [1.24068961e-04 8.29792963e-02 4.46722469e+01 9.64257401e-04
   2.10204481e-03 2.05760588e-03 2.05760588e-03]
  [1.66647640e-04 9.73815659e-02 4.16962844e+01 9.56041126e-04
   2.12538873e-03 2.07051079e-03 2.07051079e-03]]

 [[1.64116869e-04 1.01268358e-01 4.15203301e+01 9.53736325e-04
   2.13193751e-03 2.07413171e-03 2.07413171e-03]
  [1.75166149e-04 1.05188039e-01 4.14328473e+01 9.51456953e-04
   2.13841514e-03 2.07771468e-03 2.07771468e-03]
  [1.62020057e-04 1.01448127e-01 4.10809254e+01 9.53649431e-04
   2.13218460e-03 2.07426864e-03 2.07426864e-03]
  [1.73737022e-04 1.01878127e-01 4.14969101e+01 9.53371516e-04
   2.13297659e-03 2.07471008e-03 2.07471008e-03]
  [1.55980596e-04 9.75357047e-02 4.19302003e+01 9.55916242e-04
   2.12574513e-03 2.07071020e-03 2.07071020e-03]
  [1.65908101e-04 9.90155877e-02 4.19406025e+01 9.55055385e-04
   2.12819297e-03 2.07206645e-03 2.07206645e-03]
  [6.93002192e-06 2.12715606e-02 5.39601803e+01 8.54662749e-04
   2.94118451e-03 2.55068684e-03 2.61470730e-03]
  [1.66676667e-04 9.95760371e-02 4.18695052e+01 9.54754689e-04
   2.12904479e-03 2.07253352e-03 2.07253352e-03]]

 [[1.62919708e-04 1.02850347e-01 4.07429443e+01 9.52810546e-04
   2.13456975e-03 2.07558985e-03 2.07558985e-03]
  [1.56318922e-04 1.00145559e-01 4.14812985e+01 9.54385727e-04
   2.13009309e-03 2.07311304e-03 2.07311304e-03]
  [1.56991263e-04 1.00641532e-01 4.13327249e+01 9.54108579e-04
   2.13087878e-03 2.07354471e-03 2.07354471e-03]
  [1.75189287e-04 1.03091880e-01 4.14149701e+01 9.52663261e-04
   2.13498996e-03 2.07582472e-03 2.07582472e-03]
  [1.52112166e-04 9.99203415e-02 4.15501189e+01 9.54564899e-04
   2.12958599e-03 2.07283570e-03 2.07283570e-03]
  [1.56322216e-04 4.16009101e-01 5.41542748e+01 8.55939208e-04
   2.90714785e-03 2.55474453e-03 2.57299036e-03]
  [1.58878203e-04 9.93099500e-02 4.16665308e+01 9.54891975e-04
   2.12865483e-03 2.07231806e-03 2.07231806e-03]
  [1.76024958e-04 1.03756521e-01 4.17244302e+01 9.52289264e-04
   2.13605375e-03 2.07641468e-03 2.07641468e-03]]

 [[1.60566778e-04 1.02468912e-01 4.08586805e+01 9.53065385e-04
   2.13384447e-03 2.07518692e-03 2.07518692e-03]
  [1.71372161e-04 9.96697560e-02 4.15983138e+01 9.54679768e-04
   2.12925878e-03 2.07265351e-03 2.07265351e-03]
  [1.78644744e-04 9.93518140e-02 4.20752449e+01 9.54869876e-04
   2.12871879e-03 2.07235526e-03 2.07235526e-03]
  [1.71823273e-04 1.05896085e-01 4.05737018e+01 9.51021865e-04
   2.13965493e-03 2.07840586e-03 2.07840586e-03]
  [1.50111344e-04 9.66697763e-02 4.24627278e+01 9.56424656e-04
   2.12430063e-03 2.06991165e-03 2.06991165e-03]
  [1.60424954e-04 1.02100216e-01 4.13214052e+01 9.53247711e-04
   2.13332578e-03 2.07489918e-03 2.07489918e-03]
  [1.61537923e-04 9.98173678e-02 4.15153147e+01 9.54607180e-04
   2.12946380e-03 2.07276496e-03 2.07276496e-03]
  [1.48131949e-04 9.62228036e-02 4.17264005e+01 9.56709443e-04
   2.12348974e-03 2.06946070e-03 2.06946070e-03]]]

Cumulative Reward: 6470.2151268466205
