Scheduler Table:
[[[3.24360832e-06 1.11859830e-02 1.21148288e+01 6.11501499e-04
   7.06348152e-04 3.37822314e-04 3.37822314e-04]
  [2.32835440e-06 1.04662935e-02 1.21143102e+01 5.93663881e-04
   8.48610984e-04 3.36536394e-04 3.36536394e-04]
  [4.48853439e-06 1.09270640e-02 1.21282472e+01 5.94132274e-04
   7.27295278e-04 3.39089683e-04 3.39089683e-04]]

 [[3.49968539e-06 1.06198860e-02 1.20624894e+01 6.03240311e-04
   8.13792179e-04 3.36400087e-04 3.36400087e-04]
  [2.48191466e-06 1.06605757e-02 1.20841980e+01 5.98019904e-04
   7.90143745e-04 3.37343362e-04 3.37343362e-04]
  [2.89874742e-06 1.03822805e-02 1.41414498e+01 6.64702155e-04
   6.61203203e-04 3.36877190e-04 3.36877190e-04]]

 [[3.07560407e-06 1.06753790e-02 1.20789058e+01 6.03189387e-04
   7.75444873e-04 3.37308405e-04 3.37308405e-04]
  [3.34735349e-06 1.07144488e-02 1.22833110e+01 5.95122181e-04
   7.29664755e-04 3.37776519e-04 3.37776519e-04]
  [4.34897529e-05 4.54857949e+00 1.72622399e+01 8.45515756e-04
   7.37480947e-04 3.34329050e-04 3.35215822e-04]]]

Buffer Table:
[[[3.87258236e-06 1.09781265e-02 1.20468168e+01 5.97071218e-04
   7.05970461e-04 3.38961490e-04 3.38961490e-04]
  [4.36516119e-05 4.54859398e+00 1.73280818e+01 8.54102351e-04
   7.25574342e-04 3.34229523e-04 3.34649573e-04]
  [3.23913323e-06 1.10777826e-02 1.20735407e+01 6.00635204e-04
   7.03910385e-04 3.38704340e-04 3.38704340e-04]]

 [[5.23313543e-07 9.52578738e-03 1.76479874e+01 8.68188271e-04
   5.27442970e-04 3.33995475e-04 3.34928920e-04]
  [2.89969046e-06 1.12162379e-02 1.20717857e+01 6.05194743e-04
   7.03491153e-04 3.38536126e-04 3.38536126e-04]
  [4.11156087e-06 1.08598734e-02 1.20777790e+01 5.96929185e-04
   7.08182384e-04 3.38806228e-04 3.38806228e-04]]

 [[3.50156725e-06 1.09699937e-02 1.21058580e+01 6.00267359e-04
   7.06191860e-04 3.38685387e-04 3.38685387e-04]
  [3.63049504e-06 1.10371284e-02 1.20784230e+01 5.98785975e-04
   7.04133037e-04 3.38520494e-04 3.38520494e-04]
  [4.63942991e-06 1.08135275e-02 1.20736457e+01 5.91305819e-04
   7.09739211e-04 3.39216601e-04 3.39216601e-04]]]

Arbiter Table:
[[[2.51480137e-06 1.08350724e-02 1.24073834e+01 5.98094505e-04
   7.00409208e-04 3.37894962e-04 3.37894962e-04]
  [4.00513196e-06 1.14634365e-02 1.22282905e+01 6.08910020e-04
   7.06911143e-04 3.37149711e-04 3.37149711e-04]
  [5.23313563e-07 9.52578739e-03 1.76479874e+01 8.68188269e-04
   5.27442972e-04 3.33995475e-04 3.34928920e-04]]

 [[5.06544264e-07 9.88919708e-03 1.26598136e+01 6.80906024e-04
   6.54974716e-04 3.38322949e-04 3.38322949e-04]
  [9.52525920e-06 1.05101232e-02 1.21623458e+01 5.84919300e-04
   7.12204443e-04 3.39392193e-04 3.39392193e-04]
  [2.56747101e-06 1.08435621e-02 1.23426441e+01 6.24523832e-04
   7.16167947e-04 3.36625500e-04 3.36625500e-04]]

 [[4.36516119e-05 4.54859398e+00 1.73280818e+01 8.54102350e-04
   7.25574344e-04 3.34229522e-04 3.34649573e-04]
  [1.98899543e-06 1.05936755e-02 1.24424206e+01 6.50336351e-04
   6.71478889e-04 3.38111501e-04 3.38111501e-04]
  [3.47415556e-06 1.12596515e-02 1.22036138e+01 6.10359770e-04
   7.00182638e-04 3.37698590e-04 3.37698590e-04]]]

Page Table:
[[[3.40755475e-06 1.08385817e-02 1.22734118e+01 5.92019450e-04
   7.11767461e-04 3.38447629e-04 3.38447629e-04]
  [3.35942401e-06 1.09326049e-02 1.22524049e+01 6.06294723e-04
   6.98406464e-04 3.38023591e-04 3.38023591e-04]
  [3.92745752e-06 1.12810412e-02 1.22547063e+01 6.24382322e-04
   6.85261667e-04 3.37096993e-04 3.37096993e-04]
  [1.05463338e-06 9.53646478e-03 1.75709258e+01 8.64751289e-04
   5.30606309e-04 3.34010962e-04 3.34944407e-04]]

 [[1.06966704e-06 9.57311619e-03 1.76382538e+01 8.84261469e-04
   5.07311238e-04 3.33790607e-04 3.33790607e-04]
  [1.52178026e-06 1.01141348e-02 1.24794699e+01 6.48180201e-04
   7.45120245e-04 3.34998948e-04 3.34998948e-04]
  [3.48830040e-06 1.13975780e-02 1.22550371e+01 6.32551878e-04
   6.70883448e-04 3.37393296e-04 3.37393296e-04]
  [3.55304272e-06 1.09493579e-02 1.22547378e+01 6.10071183e-04
   6.91529580e-04 3.37731307e-04 3.37731307e-04]]

 [[3.19025066e-06 1.15367140e-02 1.22654847e+01 6.32608644e-04
   6.65651938e-04 3.36451489e-04 3.36451489e-04]
  [4.24905141e-06 1.14130670e-02 1.22819333e+01 6.11411659e-04
   7.05970730e-04 3.37231958e-04 3.37231958e-04]
  [2.55136164e-06 1.15950602e-02 1.22442910e+01 6.41816928e-04
   6.56228477e-04 3.36939947e-04 3.36939947e-04]
  [3.75518710e-06 1.10214706e-02 1.22845672e+01 6.10814900e-04
   6.97802701e-04 3.37803865e-04 3.37803865e-04]]

 [[3.78560242e-06 1.10535249e-02 1.22303007e+01 6.05765513e-04
   7.02789292e-04 3.38002878e-04 3.38002878e-04]
  [4.41748704e-05 4.54860090e+00 1.74709148e+01 8.59193852e-04
   7.18299868e-04 3.34145925e-04 3.34145925e-04]
  [3.46398680e-06 1.12852850e-02 1.22435604e+01 6.16048527e-04
   7.00261355e-04 3.37409996e-04 3.37409996e-04]
  [2.67252629e-06 1.09006566e-02 1.22239376e+01 6.04183703e-04
   7.28343416e-04 3.36952802e-04 3.36952802e-04]]]

Response Table:
[[[4.37026815e-05 4.54868049e+00 1.68287420e+01]
  [4.78950143e-06 1.06105120e-02 1.24445587e+01]]

 [[4.36343926e-06 1.02460493e-02 1.43632567e+01]
  [2.92136216e-06 1.08411143e-02 1.17556055e+01]]]

Refresh Table:
[[[4.71284549e-06 1.13261810e-02 1.19004057e+01]
  [5.23313543e-07 9.52578738e-03 1.76479874e+01]]

 [[4.36516119e-05 4.54859398e+00 1.73280818e+01]
  [4.75027990e-06 1.04188730e-02 1.19666364e+01]]]

Request Buffer Table:
[[[2.85290855e-06 1.25060489e-02 1.24701306e+01]
  [3.01408294e-06 1.30042867e-02 1.23692903e+01]
  [4.85921732e-06 1.29146604e-02 1.22930956e+01]
  [2.42768940e-06 1.15560314e-02 1.24574617e+01]
  [3.00850150e-06 1.26561997e-02 1.23933944e+01]
  [2.70610942e-06 1.13594144e-02 1.24485416e+01]
  [2.65864796e-06 1.25780933e-02 1.25074290e+01]
  [4.73300940e-06 1.29567722e-02 1.23796458e+01]]

 [[2.44767758e-06 1.15489669e-02 1.25016637e+01]
  [3.43661695e-06 1.28040370e-02 1.23138041e+01]
  [2.74909790e-06 1.21208896e-02 1.25398131e+01]
  [2.98415603e-06 1.18029311e-02 1.24884826e+01]
  [3.57254209e-06 1.27661532e-02 1.24326906e+01]
  [3.44411653e-06 1.23769838e-02 1.25313491e+01]
  [6.42184561e-06 1.12351443e-02 1.24781948e+01]
  [2.60574209e-06 1.22103733e-02 1.24853479e+01]]

 [[5.45774276e-06 1.28459594e-02 1.23811285e+01]
  [3.16296787e-06 1.27094913e-02 1.24189389e+01]
  [3.71173811e-06 1.27017073e-02 1.23568570e+01]
  [3.01409029e-06 1.15157641e-02 1.24716223e+01]
  [4.58684639e-06 1.15823059e-02 1.24182506e+01]
  [3.04932431e-06 1.29226670e-02 1.24334039e+01]
  [2.79720522e-06 1.24510205e-02 1.24367267e+01]
  [3.09120414e-06 1.22160897e-02 1.24736440e+01]]

 [[2.83105800e-06 1.28644753e-02 1.22941463e+01]
  [3.80859739e-06 1.27620951e-02 1.24370559e+01]
  [2.86296420e-06 1.29195761e-02 1.23364596e+01]
  [2.46938895e-06 1.26210098e-02 1.24546360e+01]
  [2.45503310e-05 1.27493183e-02 1.23723616e+01]
  [3.66479563e-06 1.14767806e-02 1.24049985e+01]
  [2.73124066e-06 1.27844757e-02 1.24317608e+01]
  [2.58654364e-06 1.16890619e-02 1.24130524e+01]]

 [[3.31793923e-06 1.26658443e-02 1.23303232e+01]
  [3.50727698e-06 1.29644608e-02 1.24221317e+01]
  [3.83653818e-06 1.14867472e-02 1.24163925e+01]
  [4.23115146e-06 1.16878683e-02 1.24533484e+01]
  [3.67257184e-06 1.09359454e-02 1.24400822e+01]
  [2.23768209e-06 1.10315713e-02 1.24409688e+01]
  [4.18704715e-06 1.12726398e-02 1.24390089e+01]
  [1.87674934e-06 1.11647701e-02 1.24306154e+01]]

 [[4.26491110e-06 1.24816616e-02 1.24607387e+01]
  [3.87333487e-06 1.28007459e-02 1.24625925e+01]
  [3.25905692e-06 1.27300858e-02 1.23200288e+01]
  [3.79003654e-06 1.28345629e-02 1.23462468e+01]
  [3.14346853e-06 1.03112972e-02 1.24070017e+01]
  [4.34890576e-05 4.54857912e+00 1.72640534e+01]
  [2.75020183e-06 1.23842443e-02 1.24471685e+01]
  [3.00687272e-06 1.19879537e-02 1.24581923e+01]]

 [[3.33869121e-06 1.22080373e-02 1.24149312e+01]
  [2.88194823e-06 1.20108823e-02 1.24331547e+01]
  [6.18666888e-06 1.11913069e-02 1.24336072e+01]
  [3.17791941e-06 1.25688760e-02 1.23763612e+01]
  [3.75480075e-06 1.13554383e-02 1.24260020e+01]
  [3.26103107e-06 1.28025577e-02 1.23364349e+01]
  [2.90641681e-06 1.18664903e-02 1.24155706e+01]
  [2.63807276e-06 1.15414970e-02 1.25852223e+01]]

 [[2.99627155e-06 1.26879807e-02 1.24058918e+01]
  [3.26527557e-06 1.28515922e-02 1.24366672e+01]
  [3.35386571e-06 1.22725756e-02 1.24546751e+01]
  [2.50967359e-06 1.09772297e-02 1.24221898e+01]
  [3.70488725e-06 1.06904732e-02 1.24505756e+01]
  [2.94684766e-06 1.15898332e-02 1.26815182e+01]
  [2.52918896e-06 1.21563268e-02 1.24474867e+01]
  [3.84632303e-06 1.18760998e-02 1.24272655e+01]]]

Ref Max Post Table:
[[[3.73614751e-06 1.16748721e-02 1.22786835e+01]
  [1.05631860e-06 1.02255854e-02 1.24870953e+01]
  [3.37637523e-07 9.79747281e-03 1.25112272e+01]
  [1.06967448e-06 9.57312212e-03 1.76382540e+01]]

 [[4.41748775e-05 4.54860090e+00 1.74709150e+01]
  [3.02432497e-06 1.16134445e-02 1.23107066e+01]
  [4.16264279e-06 1.15065508e-02 1.22963774e+01]
  [3.02230770e-06 1.15266694e-02 1.23079814e+01]]

 [[3.54289615e-06 1.16169298e-02 1.23177873e+01]
  [4.40959886e-07 9.90159607e-03 1.25351066e+01]
  [3.60840141e-06 1.17322444e-02 1.23012535e+01]
  [2.45429134e-06 1.15759780e-02 1.23439463e+01]]

 [[3.68805958e-06 1.15041047e-02 1.22951866e+01]
  [1.05464067e-06 9.53647059e-03 1.75709260e+01]
  [4.12502536e-06 1.16430850e-02 1.23563393e+01]
  [1.98598484e-05 1.05582562e-02 1.23222297e+01]]]

Ref Max Pull Table:
[[[3.37577199e-06 1.03022493e-02 1.22644999e+01]
  [3.54744079e-06 1.12858404e-02 1.22713267e+01]
  [1.05462785e-06 9.53646351e-03 1.75709252e+01]
  [5.56758611e-06 1.02067110e-02 1.22647354e+01]]

 [[1.06966139e-06 9.57311490e-03 1.76382532e+01]
  [3.53919059e-06 1.11103062e-02 1.22776058e+01]
  [4.88081581e-06 1.07493388e-02 1.22979736e+01]
  [3.40052888e-06 1.13263456e-02 1.22873072e+01]]

 [[3.29301161e-06 1.08182745e-02 1.22753812e+01]
  [4.41748650e-05 4.54860089e+00 1.74709142e+01]
  [4.12236824e-06 1.07995132e-02 1.22594750e+01]
  [3.23575931e-06 1.07248343e-02 1.22788059e+01]]

 [[4.88599786e-06 1.03332620e-02 1.22427413e+01]
  [3.81634395e-06 1.13637694e-02 1.22543228e+01]
  [3.17271949e-06 1.10954517e-02 1.22427225e+01]
  [3.03687585e-06 1.07108350e-02 1.22425585e+01]]]

Max Activate Table:
[[[3.30405442e-06 1.31148671e-02 1.23394562e+01 6.79343130e-04
   6.44302782e-04 3.35541661e-04 3.35541661e-04]
  [3.05590975e-06 1.24546346e-02 1.23851650e+01 6.63274047e-04
   6.43764455e-04 3.35959185e-04 3.35959185e-04]
  [3.61410635e-06 1.22580064e-02 1.24080424e+01 6.53595344e-04
   6.64164545e-04 3.36727494e-04 3.36727494e-04]
  [2.56427044e-06 1.28615959e-02 1.23741640e+01 6.78360287e-04
   6.35555290e-04 3.35388296e-04 3.35388296e-04]
  [2.82405463e-06 1.20298361e-02 1.23816424e+01 6.37574381e-04
   6.67392991e-04 3.37320919e-04 3.37320919e-04]
  [8.72414830e-06 1.28082127e-02 1.23692843e+01 6.71332862e-04
   6.34867653e-04 3.35361649e-04 3.35361649e-04]
  [3.14093840e-06 1.20814845e-02 1.24809145e+01 6.63955625e-04
   6.54767104e-04 3.36167564e-04 3.36167564e-04]
  [4.21151466e-06 1.26220706e-02 1.24058483e+01 6.66628921e-04
   6.82142016e-04 3.35129240e-04 3.35129240e-04]]

 [[3.03404988e-06 1.21658721e-02 1.24035884e+01 6.61835480e-04
   6.55711118e-04 3.36675577e-04 3.36675577e-04]
  [2.66713623e-06 1.17190188e-02 1.23778464e+01 6.30108958e-04
   6.98696738e-04 3.36349513e-04 3.36349513e-04]
  [3.52722796e-06 1.26662768e-02 1.23854490e+01 6.70581527e-04
   6.38097570e-04 3.35168389e-04 3.35168389e-04]
  [3.86833818e-06 1.26102619e-02 1.24181379e+01 6.72821179e-04
   6.41357448e-04 3.35535712e-04 3.35535712e-04]
  [2.91068724e-06 1.29993601e-02 1.23861386e+01 6.57874627e-04
   6.35722827e-04 3.35409923e-04 3.35409923e-04]
  [5.39809998e-06 1.17336786e-02 1.24143798e+01 6.39926084e-04
   6.75964079e-04 3.36253716e-04 3.36253716e-04]
  [4.04772219e-06 1.14068595e-02 1.25783376e+01 6.39231196e-04
   6.94155207e-04 3.36248260e-04 3.36248260e-04]
  [2.43868256e-06 1.27232665e-02 1.23213282e+01 6.78932463e-04
   6.34568651e-04 3.35176614e-04 3.35176614e-04]]

 [[3.43208378e-06 1.23101635e-02 1.23835983e+01 6.59567377e-04
   6.57057739e-04 3.36223186e-04 3.36223186e-04]
  [4.10109152e-06 1.19046379e-02 1.23802137e+01 6.54719449e-04
   6.66079068e-04 3.36235484e-04 3.36235484e-04]
  [4.33021436e-06 1.26007413e-02 1.24328614e+01 6.56461529e-04
   6.59877153e-04 3.35875645e-04 3.35875645e-04]
  [4.09735582e-06 1.07436429e-02 1.23926942e+01 6.34671352e-04
   7.87558520e-04 3.35059207e-04 3.35059207e-04]
  [4.19065420e-06 1.21875648e-02 1.24193851e+01 6.47069250e-04
   6.68584735e-04 3.36812167e-04 3.36812167e-04]
  [3.08749316e-06 1.15775580e-02 1.24320462e+01 6.30115828e-04
   6.80190919e-04 3.37122881e-04 3.37122881e-04]
  [5.42035480e-06 1.21102054e-02 1.24405918e+01 6.53295659e-04
   6.58443989e-04 3.36170529e-04 3.36170529e-04]
  [4.51222468e-06 1.14581668e-02 1.23870522e+01 6.26687207e-04
   6.93137214e-04 3.36700445e-04 3.36700445e-04]]

 [[4.23319878e-06 1.23150700e-02 1.24207239e+01 6.56665769e-04
   6.55403285e-04 3.36648997e-04 3.36648997e-04]
  [3.45339573e-06 1.22384908e-02 1.23664125e+01 6.64863063e-04
   6.51839355e-04 3.35654854e-04 3.35654854e-04]
  [3.30506024e-07 9.79091472e-03 1.24204745e+01 6.51157014e-04
   8.33330578e-04 3.33860023e-04 3.33860023e-04]
  [7.58216970e-06 1.27322754e-02 1.23464543e+01 6.62150693e-04
   6.59895692e-04 3.35265044e-04 3.35265044e-04]
  [7.82682035e-06 1.15198728e-02 1.24317152e+01 6.12127188e-04
   7.81942081e-04 3.35958350e-04 3.35958350e-04]
  [7.50379371e-06 1.27690616e-02 1.24286889e+01 6.66298551e-04
   6.46866100e-04 3.35231683e-04 3.35231683e-04]
  [2.66509115e-06 1.27603157e-02 1.24106879e+01 6.71367957e-04
   6.53119238e-04 3.35292434e-04 3.35292434e-04]
  [2.80857864e-06 1.26372157e-02 1.23490507e+01 6.80232041e-04
   6.32017913e-04 3.35114874e-04 3.35114874e-04]]

 [[3.08522795e-06 1.24576487e-02 1.23236675e+01 6.71525826e-04
   6.43630238e-04 3.35764894e-04 3.35764894e-04]
  [4.73096985e-06 1.19085130e-02 1.23869856e+01 6.14213457e-04
   7.10425202e-04 3.36348697e-04 3.36348697e-04]
  [3.65907785e-06 1.19548440e-02 1.24025634e+01 6.29427017e-04
   6.76029124e-04 3.36765513e-04 3.36765513e-04]
  [2.81295385e-06 1.28115519e-02 1.23445257e+01 6.49632855e-04
   6.64794011e-04 3.35315021e-04 3.35315021e-04]
  [1.59026264e-06 1.12311106e-02 1.23058523e+01 6.10805354e-04
   8.53917044e-04 3.34502739e-04 3.34502739e-04]
  [5.44724490e-06 1.14012820e-02 1.23926095e+01 6.10976452e-04
   7.89149713e-04 3.36146784e-04 3.36146784e-04]
  [3.36818756e-06 1.21381086e-02 1.24007332e+01 6.37095709e-04
   6.78372829e-04 3.36899812e-04 3.36899812e-04]
  [2.46586474e-06 1.22936407e-02 1.24019811e+01 6.50506621e-04
   6.50011811e-04 3.35973537e-04 3.35973537e-04]]

 [[3.44343924e-06 1.21428507e-02 1.24123478e+01 6.56575136e-04
   6.52478170e-04 3.36639225e-04 3.36639225e-04]
  [3.96932885e-06 1.14731249e-02 1.23503855e+01 6.43318322e-04
   6.79112498e-04 3.36249975e-04 3.36249975e-04]
  [7.26928131e-06 1.24066703e-02 1.24221704e+01 6.58505811e-04
   6.43240615e-04 3.36057326e-04 3.36057326e-04]
  [3.28561400e-06 1.27101762e-02 1.23051903e+01 6.73001798e-04
   6.45881866e-04 3.35243363e-04 3.35243363e-04]
  [2.61189947e-06 1.23253758e-02 1.23913747e+01 6.49872445e-04
   6.53703761e-04 3.36350808e-04 3.36350808e-04]
  [3.45710439e-06 1.28030810e-02 1.23635576e+01 6.81716531e-04
   6.44054033e-04 3.35382628e-04 3.35382628e-04]
  [6.50872897e-06 1.19273305e-02 1.23806292e+01 6.32760174e-04
   7.55661494e-04 3.35506257e-04 3.35506257e-04]
  [5.23313607e-07 9.52578743e-03 1.76479873e+01 8.68188270e-04
   5.27442969e-04 3.33995475e-04 3.34928920e-04]]

 [[3.14952387e-06 1.22409154e-02 1.23737029e+01 6.53598346e-04
   6.77467306e-04 3.35763023e-04 3.35763023e-04]
  [2.77885718e-06 1.16157811e-02 1.23725834e+01 6.51172665e-04
   6.63644745e-04 3.36067934e-04 3.36067934e-04]
  [4.61531335e-06 1.16938696e-02 1.23752273e+01 6.39034659e-04
   6.77367368e-04 3.36274566e-04 3.36274566e-04]
  [2.33244697e-06 1.27008546e-02 1.23157714e+01 6.78752189e-04
   6.46119374e-04 3.35234087e-04 3.35234087e-04]
  [8.37194163e-06 1.14996610e-02 1.23853884e+01 6.16528072e-04
   7.96755847e-04 3.35579024e-04 3.35579024e-04]
  [3.33383630e-06 1.19908034e-02 1.23961055e+01 6.31512153e-04
   6.77267041e-04 3.36972606e-04 3.36972606e-04]
  [2.65439744e-06 1.18086383e-02 1.23775833e+01 6.51778065e-04
   6.60538444e-04 3.36125011e-04 3.36125011e-04]
  [4.66902356e-06 1.10514976e-02 1.37765813e+01 6.58112306e-04
   6.58914418e-04 3.36559153e-04 3.36559153e-04]]

 [[2.64861490e-06 1.26450214e-02 1.23747389e+01 6.74545189e-04
   6.32908546e-04 3.35101037e-04 3.35101037e-04]
  [6.44927091e-06 1.13248745e-02 1.23740357e+01 6.25360709e-04
   6.84001747e-04 3.36781281e-04 3.36781281e-04]
  [4.87882925e-06 1.18559423e-02 1.23827156e+01 6.48683023e-04
   6.79208246e-04 3.36387765e-04 3.36387765e-04]
  [2.80597959e-06 1.29755109e-02 1.23132906e+01 6.81942392e-04
   6.43445401e-04 3.35409814e-04 3.35409814e-04]
  [3.07750110e-06 1.27902089e-02 1.23719202e+01 6.84566702e-04
   6.35167809e-04 3.35247654e-04 3.35247654e-04]
  [4.36516119e-05 4.54859398e+00 1.73280818e+01 8.54102350e-04
   7.25574341e-04 3.34229523e-04 3.34649573e-04]
  [5.18416217e-06 1.15986695e-02 1.23571194e+01 6.26341555e-04
   7.22675127e-04 3.36590057e-04 3.36590057e-04]
  [4.15852429e-06 1.16918378e-02 1.23386544e+01 6.40575568e-04
   7.11914429e-04 3.36073494e-04 3.36073494e-04]]]

Cumulative Reward: 5554.500681052476
