Scheduler Table:
[[[2.71826839e-06 1.25781013e-02 1.65186506e+01 2.96159129e+00
   3.32538701e+00 3.33323354e-04 3.33323354e-04]
  [4.90199919e-06 1.21946473e-02 2.27034580e+01 2.11314408e+00
   3.50538554e+00 3.33323034e-04 3.33323034e-04]
  [4.04565033e-06 1.25490539e-02 1.68025808e+01 2.59925889e+00
   3.52996415e+00 3.33323262e-04 3.33323262e-04]]

 [[2.42879194e-06 1.25614539e-02 1.64660865e+01 3.12497420e+00
   3.23307618e+00 3.33323403e-04 3.33323403e-04]
  [5.46816973e-06 1.24540919e-02 1.67516264e+01 3.09486268e+00
   3.25049107e+00 3.33323377e-04 3.33323377e-04]
  [4.48314947e-06 1.16589617e-02 3.79721401e+01 1.20832666e+00
   2.15831496e+00 3.33322779e-04 3.33322779e-04]]

 [[9.90121985e-06 1.24145197e-02 1.67428408e+01 2.96873558e+00
   3.02174504e+00 3.33323343e-04 3.33323343e-04]
  [5.61282593e-06 1.20338270e-02 2.78098837e+01 1.64404393e+00
   2.93786452e+00 3.33322978e-04 3.33322978e-04]
  [2.82059604e-04 8.08072345e-01 6.00684647e+01 4.90417426e-04
   4.20680905e-04 3.66203933e-04 3.86512979e-04]]]

Buffer Table:
[[[2.65186160e-06 1.25028127e-02 1.70032302e+01 2.76683240e+00
   3.43757545e+00 3.33323364e-04 3.33323364e-04]
  [8.47089284e-06 1.25484789e-02 1.73254469e+01 3.27715390e+00
   3.14952200e+00 3.33323552e-04 3.33323552e-04]
  [2.76482409e-06 1.18394359e-02 3.67187571e+01 1.27784851e+00
   1.44949148e+00 3.33322748e-04 3.33322748e-04]]

 [[6.78447331e-06 1.25883844e-02 1.65862994e+01 2.89738542e+00
   3.36393472e+00 3.33323411e-04 3.33323411e-04]
  [3.59643098e-06 1.26680547e-02 2.32245057e+01 1.22220730e+00
   3.27923509e+00 3.33322720e-04 3.33322720e-04]
  [8.40461631e-07 1.10514541e-02 4.28161649e+01 1.34518156e+00
   1.13230432e+00 3.33323955e-04 3.33323955e-04]]

 [[3.61616280e-06 1.23607629e-02 2.61029943e+01 1.74238595e+00
   1.97652847e+00 3.33322939e-04 3.33322939e-04]
  [1.02424214e-06 1.13420532e-02 3.54167594e+01 1.82883104e+00
   1.53945175e+00 3.33324576e-04 3.33324576e-04]
  [2.82081513e-04 8.08101728e-01 5.93310683e+01 5.07254075e-02
   4.27277277e-02 3.66203991e-04 3.86513037e-04]]]

Arbiter Table:
[[[2.82059604e-04 8.08072345e-01 6.00684647e+01 4.90417426e-04
   4.20680905e-04 3.66203933e-04 3.86512979e-04]
  [6.21088413e-06 1.25184989e-02 1.66222165e+01 2.97599302e+00
   3.30889465e+00 3.33322759e-04 3.33322759e-04]
  [4.11454814e-06 1.24112943e-02 1.70165989e+01 2.45927178e+00
   3.02075026e+00 3.33322665e-04 3.33322665e-04]]

 [[2.76300504e-06 1.19772004e-02 2.64214666e+01 1.53079511e+00
   1.88438975e+00 3.33323048e-04 3.33323048e-04]
  [3.97389505e-06 1.25085714e-02 1.66100717e+01 3.25162114e+00
   3.15184840e+00 3.33322816e-04 3.33322816e-04]
  [1.08513526e-05 1.25478433e-02 1.61218790e+01 2.66382470e+00
   3.48659245e+00 3.33322700e-04 3.33322700e-04]]

 [[9.67084144e-06 1.25226004e-02 1.60740014e+01 2.71300541e+00
   3.45853220e+00 3.33322710e-04 3.33322710e-04]
  [3.81813439e-06 1.23308778e-02 2.05453679e+01 2.10434991e+00
   2.55185306e+00 3.33322602e-04 3.33322602e-04]
  [6.67236809e-06 1.25757366e-02 1.65741635e+01 2.73968950e+00
   3.44341309e+00 3.33322715e-04 3.33322715e-04]]]

Page Table:
[[[2.82059643e-04 8.08072369e-01 6.00679794e+01 5.24824477e-04
   4.53402736e-04 3.66203933e-04 3.86512979e-04]
  [1.03136175e-05 1.25527200e-02 1.81823012e+01 3.82218671e+00
   2.31887680e+00 3.33322879e-04 3.33322879e-04]
  [2.76133318e-06 1.25111266e-02 1.78712258e+01 3.55577999e+00
   2.49220577e+00 3.33322865e-04 3.33322865e-04]
  [2.93612042e-06 1.19272019e-02 3.17941842e+01 2.26227731e+00
   2.15403853e+00 3.33322662e-04 3.33322662e-04]]

 [[9.69420919e-06 1.26509610e-02 1.83166636e+01 3.83367340e+00
   2.31127526e+00 3.33322854e-04 3.33322854e-04]
  [3.94092688e-06 1.26372403e-02 1.86070753e+01 3.69288457e+00
   2.40029603e+00 3.33322868e-04 3.33322868e-04]
  [3.26597532e-06 1.26247205e-02 1.78880384e+01 3.76691598e+00
   2.33957484e+00 3.33322887e-04 3.33322887e-04]
  [1.59400292e-05 1.26519959e-02 1.86517019e+01 3.74274093e+00
   2.35825476e+00 3.33322884e-04 3.33322884e-04]]

 [[2.94380886e-06 1.26602518e-02 1.78101393e+01 3.68957311e+00
   2.39891756e+00 3.33322941e-04 3.33322941e-04]
  [3.71054504e-06 1.26219120e-02 1.73275976e+01 3.51702044e+00
   2.51704089e+00 3.33322888e-04 3.33322888e-04]
  [2.76419776e-06 1.26298127e-02 1.76876658e+01 3.57620442e+00
   2.48467766e+00 3.33322839e-04 3.33322839e-04]
  [5.88205222e-06 1.25442756e-02 1.98433291e+01 3.42019122e+00
   2.58607797e+00 3.33322874e-04 3.33322874e-04]]

 [[2.24632517e-06 1.14974809e-02 4.02160586e+01 1.66255883e+00
   1.58299168e+00 3.33322546e-04 3.33322546e-04]
  [1.24674946e-05 1.26547384e-02 1.86410943e+01 3.61667166e+00
   2.44535362e+00 3.33322867e-04 3.33322867e-04]
  [3.94516349e-06 1.26444595e-02 1.79393437e+01 3.82109189e+00
   2.30526876e+00 3.33323004e-04 3.33323004e-04]
  [2.49625618e-06 1.25930702e-02 1.87019648e+01 3.82297451e+00
   2.29063926e+00 3.33322943e-04 3.33322943e-04]]]

Response Table:
[[[2.82059604e-04 8.08072345e-01 6.00684647e+01]
  [1.12451554e-05 1.24474473e-02 1.40498550e+01]]

 [[1.11304508e-05 1.24275871e-02 1.57276668e+01]
  [6.60618798e-06 1.18726997e-02 2.61702092e+01]]]

Refresh Table:
[[[2.82059604e-04 8.08072345e-01 6.00684647e+01]
  [8.01635102e-06 1.23597798e-02 1.58871321e+01]]

 [[5.99182839e-06 1.20517555e-02 2.25366922e+01]
  [8.92745904e-06 1.24240913e-02 1.40720931e+01]]]

Request Buffer Table:
[[[2.88827370e-06 1.34166213e-02 1.81325743e+01]
  [3.07964642e-06 1.34295124e-02 1.91058511e+01]
  [2.87637265e-06 1.32854927e-02 1.86555764e+01]
  [2.65041147e-06 1.33958368e-02 1.96927560e+01]
  [2.07421012e-06 1.33701057e-02 1.90985899e+01]
  [2.06031410e-06 1.34053961e-02 1.87985308e+01]
  [4.02443137e-06 1.34617692e-02 1.77873737e+01]
  [2.60823732e-06 1.33449534e-02 1.94316493e+01]]

 [[3.12045761e-06 1.33416240e-02 1.85384646e+01]
  [7.89302799e-06 1.33374417e-02 1.88426434e+01]
  [2.63602331e-06 1.32616326e-02 1.86288958e+01]
  [2.51447243e-06 1.34634621e-02 1.92456657e+01]
  [5.99890062e-06 1.37097859e-02 1.98116275e+01]
  [6.06289928e-06 1.33425800e-02 1.84105412e+01]
  [2.74997597e-06 1.32860276e-02 1.89079671e+01]
  [4.27150351e-06 1.34466363e-02 1.98225464e+01]]

 [[2.29531662e-06 1.34410359e-02 1.84892953e+01]
  [3.53288880e-06 1.32558552e-02 1.91980922e+01]
  [1.89482817e-06 1.32975983e-02 1.81968618e+01]
  [1.95642341e-06 1.33513329e-02 1.82374879e+01]
  [3.28168523e-06 1.33630145e-02 1.84357940e+01]
  [3.23084087e-06 1.33116461e-02 1.82929486e+01]
  [2.26779910e-06 1.33031537e-02 2.05410629e+01]
  [2.54424233e-06 1.34336021e-02 1.86824373e+01]]

 [[7.15295175e-06 1.33725296e-02 1.84761178e+01]
  [2.55219245e-06 1.37107517e-02 1.79676981e+01]
  [1.93218513e-06 1.31891457e-02 1.78715442e+01]
  [2.82059604e-04 8.08072345e-01 6.00684647e+01]
  [2.33915770e-06 1.33522704e-02 1.81822640e+01]
  [9.23052929e-06 1.33560146e-02 1.82503342e+01]
  [2.23350560e-06 1.32574576e-02 1.83998614e+01]
  [3.06756720e-06 1.34213280e-02 1.84187287e+01]]

 [[2.94375334e-06 1.34170022e-02 1.88246722e+01]
  [2.37554292e-06 1.32886888e-02 1.89027234e+01]
  [2.52480087e-06 1.33816000e-02 1.77696287e+01]
  [1.93149461e-06 1.32206875e-02 1.85509032e+01]
  [1.98224666e-06 1.33896843e-02 1.81950790e+01]
  [2.05598853e-06 1.32741504e-02 1.88809172e+01]
  [3.37406885e-06 1.33230001e-02 1.93131464e+01]
  [7.69838912e-06 1.18269062e-02 3.48201945e+01]]

 [[2.12103769e-06 1.35008148e-02 1.81239460e+01]
  [7.45263239e-06 1.35503413e-02 1.85552787e+01]
  [2.72113686e-06 1.33369123e-02 1.78709432e+01]
  [2.45212132e-05 1.32425872e-02 2.13082493e+01]
  [1.90063617e-06 1.33433142e-02 1.83012494e+01]
  [2.35199588e-06 1.33035930e-02 1.85976254e+01]
  [5.76309426e-06 1.05944037e-02 6.61750092e+01]
  [2.91542499e-06 1.32750487e-02 1.82503702e+01]]

 [[2.47565762e-06 1.33588907e-02 1.90711317e+01]
  [5.22076454e-06 1.33485321e-02 1.85789631e+01]
  [1.88656487e-06 1.33303713e-02 1.87350447e+01]
  [2.03325257e-06 1.32087019e-02 1.88371014e+01]
  [2.42360163e-06 1.32205359e-02 1.97278208e+01]
  [1.87319117e-05 1.30605163e-02 2.28545641e+01]
  [2.74593645e-05 1.33652935e-02 1.82192166e+01]
  [5.62673094e-06 1.05938572e-02 6.61711953e+01]]

 [[2.32219052e-06 1.33637456e-02 1.84992608e+01]
  [1.01035408e-05 1.33850642e-02 1.81084781e+01]
  [2.17820373e-06 1.32397654e-02 1.86186127e+01]
  [7.43634861e-06 1.33148103e-02 1.88858071e+01]
  [2.37412531e-06 1.34158839e-02 1.92268346e+01]
  [6.30252011e-06 1.20713525e-02 4.02776143e+01]
  [2.36736144e-06 1.33843928e-02 1.85017787e+01]
  [3.16853607e-06 1.34046579e-02 1.87264320e+01]]]

Ref Max Post Table:
[[[2.79944478e-06 1.26356290e-02 1.88182230e+01]
  [6.31748575e-06 1.15036223e-02 4.30650593e+01]
  [2.22970446e-05 1.26475356e-02 1.82087584e+01]
  [1.08157466e-05 1.26529895e-02 1.78377697e+01]]

 [[2.99537156e-06 1.25226163e-02 2.18987699e+01]
  [3.19050580e-06 1.25454597e-02 1.78456194e+01]
  [8.38050103e-06 1.25842828e-02 1.74684785e+01]
  [2.81603944e-04 8.08075710e-01 6.04819236e+01]]

 [[9.98193791e-06 1.25925118e-02 1.81538307e+01]
  [2.99185773e-06 1.26305397e-02 1.80617349e+01]
  [3.82145897e-06 1.16818256e-02 3.99227792e+01]
  [8.06851452e-06 1.14213465e-02 4.67521214e+01]]

 [[2.79364152e-06 1.26051452e-02 1.85111863e+01]
  [7.54787304e-06 1.02216001e-02 6.23822486e+01]
  [4.02774203e-06 1.25118103e-02 2.10584818e+01]
  [1.75980084e-06 1.13473520e-02 4.69672041e+01]]]

Ref Max Pull Table:
[[[2.82059604e-04 8.08072345e-01 6.00684647e+01]
  [4.33489582e-06 1.25153431e-02 2.17368661e+01]
  [3.78643968e-06 1.25753521e-02 2.21219125e+01]
  [4.20842611e-06 1.24734618e-02 2.16530533e+01]]

 [[4.22775493e-06 1.25878234e-02 1.77527366e+01]
  [5.31272409e-06 1.25756966e-02 1.78102087e+01]
  [1.66018436e-05 1.26023206e-02 1.83341988e+01]
  [3.99342361e-06 1.23693908e-02 2.51493456e+01]]

 [[2.07338053e-06 1.20436181e-02 2.83517390e+01]
  [8.41524149e-06 1.26094385e-02 1.78071723e+01]
  [3.49412991e-06 1.26057481e-02 2.26196635e+01]
  [1.25992481e-05 1.26451670e-02 1.83337865e+01]]

 [[3.31996962e-06 1.26182286e-02 1.79993014e+01]
  [4.66647219e-06 1.25637003e-02 1.74953937e+01]
  [2.65452663e-06 1.21717557e-02 2.72724934e+01]
  [3.20402086e-06 1.26251271e-02 1.88259932e+01]]]

Max Activate Table:
[[[2.28828514e-06 1.32875880e-02 1.77595492e+01 2.29740469e+00
   1.34222372e+00 3.33443607e-04 3.33443607e-04]
  [3.53185931e-06 1.32960235e-02 1.79720794e+01 3.49123874e+00
   8.99053931e-01 3.33438136e-04 3.33438136e-04]
  [1.92986382e-06 1.31394153e-02 1.74527700e+01 2.43283368e+00
   1.80422052e+00 3.33420460e-04 3.33420460e-04]
  [7.77688342e-06 1.36624442e-02 1.88247881e+01 1.59514902e+00
   7.63307413e-01 3.33486773e-04 3.33486773e-04]
  [5.33303808e-06 1.02408804e-02 6.33859763e+01 2.62680595e-03
   1.26075673e-03 3.33322329e-04 3.33322329e-04]
  [2.32483267e-06 1.34110712e-02 1.86554462e+01 2.90913578e+00
   1.06368233e+00 3.33445159e-04 3.33445159e-04]
  [3.70841854e-06 1.30752636e-02 2.23254741e+01 2.33570874e+00
   2.80539290e-01 3.33421824e-04 3.33421824e-04]
  [2.91156860e-06 1.34521976e-02 1.92071837e+01 2.81048208e+00
   9.91985148e-01 3.33451674e-04 3.33451674e-04]]

 [[3.79601613e-06 1.34394862e-02 1.85291419e+01 2.62237733e+00
   1.09078677e+00 3.33452486e-04 3.33452486e-04]
  [2.32272204e-06 1.35838770e-02 1.76849993e+01 1.81165423e+00
   1.07698542e+00 3.33479031e-04 3.33479031e-04]
  [3.56020520e-06 1.33407703e-02 1.91407552e+01 3.33624720e+00
   6.67041589e-01 3.33452344e-04 3.33452344e-04]
  [2.55655465e-06 1.33237723e-02 1.81299294e+01 2.61562546e+00
   1.24186341e+00 3.33443076e-04 3.33443076e-04]
  [1.79298773e-06 1.35729473e-02 1.86452396e+01 2.74241573e+00
   7.05762059e-01 3.33466898e-04 3.33466898e-04]
  [2.69900836e-05 1.33601263e-02 1.90341344e+01 2.71577746e+00
   1.18995397e+00 3.33444510e-04 3.33444510e-04]
  [3.98877147e-06 1.02398428e-02 6.23531255e+01 2.54538693e-03
   1.25071352e-03 3.34310084e-04 3.55915453e-04]
  [2.03405466e-06 1.34189572e-02 1.86932897e+01 3.18513842e+00
   8.32021652e-01 3.33453785e-04 3.33453785e-04]]

 [[2.65112229e-06 1.33096486e-02 1.83320481e+01 2.98254462e+00
   1.10394334e+00 3.33441486e-04 3.33441486e-04]
  [2.06436509e-06 1.35577404e-02 1.74327606e+01 1.41088673e+00
   1.32922628e+00 3.33478131e-04 3.33478131e-04]
  [3.19563591e-06 1.35502397e-02 1.81147341e+01 1.57163061e+00
   7.42673768e-01 3.33479426e-04 3.33479426e-04]
  [2.51131932e-06 1.32699771e-02 1.89607696e+01 2.94935487e+00
   1.11449257e+00 3.33442091e-04 3.33442091e-04]
  [2.61412756e-06 1.33287777e-02 1.86281840e+01 4.07746232e+00
   3.60618657e-01 3.33450291e-04 3.33450291e-04]
  [5.48778628e-06 1.33281176e-02 1.83888221e+01 2.68550744e+00
   1.10946470e+00 3.33446854e-04 3.33446854e-04]
  [2.15723709e-06 1.32509595e-02 1.98566235e+01 2.64053803e+00
   1.33024842e+00 3.33438393e-04 3.33438393e-04]
  [2.52157050e-06 1.33740694e-02 1.90210196e+01 2.74388311e+00
   1.18598137e+00 3.33444777e-04 3.33444777e-04]]

 [[1.87302327e-06 1.30530010e-02 2.29997518e+01 1.72881819e+00
   4.39466007e-01 3.33435943e-04 3.33435943e-04]
  [4.31847200e-06 1.34330737e-02 1.83126886e+01 2.67016978e+00
   1.01738159e+00 3.33451578e-04 3.33451578e-04]
  [2.25943070e-06 1.33777965e-02 1.87935224e+01 2.56200926e+00
   9.56917590e-01 3.33455385e-04 3.33455385e-04]
  [1.44902894e-05 1.34409249e-02 1.86934946e+01 2.48057932e+00
   8.39003995e-01 3.33471029e-04 3.33471029e-04]
  [1.78924140e-06 1.34243051e-02 1.87353846e+01 2.86607285e+00
   9.30621119e-01 3.33451447e-04 3.33451447e-04]
  [2.98599099e-06 1.33039687e-02 1.82491156e+01 2.62316189e+00
   1.33926791e+00 3.33438791e-04 3.33438791e-04]
  [2.93340958e-06 1.34011018e-02 1.88193447e+01 2.86045622e+00
   1.07084951e+00 3.33446450e-04 3.33446450e-04]
  [4.21102063e-06 1.33812416e-02 1.85357210e+01 2.33766521e+00
   1.11357582e+00 3.33462654e-04 3.33462654e-04]]

 [[2.38303953e-06 1.24462096e-02 3.16748360e+01 1.91035212e+00
   8.33701970e-01 3.33409006e-04 3.33409006e-04]
  [5.88794778e-06 1.02403293e-02 6.33900649e+01 2.58875785e-03
   1.24416547e-03 3.33322327e-04 3.33322327e-04]
  [1.75760460e-06 1.34625573e-02 1.75155037e+01 3.09624952e+00
   6.78614096e-01 3.33457766e-04 3.33457766e-04]
  [2.37370443e-06 1.34143575e-02 2.10544967e+01 2.34030420e+00
   5.97839309e-01 3.33476250e-04 3.33476250e-04]
  [1.93723602e-06 1.35504032e-02 1.95514345e+01 2.68013846e+00
   7.00781588e-01 3.33465985e-04 3.33465985e-04]
  [3.66435228e-06 1.32701004e-02 1.87352708e+01 3.17932667e+00
   1.09424170e+00 3.33437654e-04 3.33437654e-04]
  [2.41103067e-06 1.32772492e-02 1.87298290e+01 2.60067097e+00
   1.48940461e+00 3.33431780e-04 3.33431780e-04]
  [1.84112740e-06 1.33018817e-02 1.85781393e+01 3.14986292e+00
   1.11693712e+00 3.33437291e-04 3.33437291e-04]]

 [[3.45687381e-06 1.32229537e-02 1.89276546e+01 3.05563224e+00
   1.26370478e+00 3.33430816e-04 3.33430816e-04]
  [1.22266808e-05 1.32076048e-02 1.84070631e+01 2.64652930e+00
   1.42401395e+00 3.33435156e-04 3.33435156e-04]
  [2.01976270e-06 1.31632554e-02 1.80025555e+01 2.51293522e+00
   1.60442015e+00 3.33428995e-04 3.33428995e-04]
  [2.37006231e-06 1.34177505e-02 1.92445708e+01 2.77595556e+00
   9.62780458e-01 3.33454492e-04 3.33454492e-04]
  [2.73531006e-06 1.33692462e-02 1.89316217e+01 2.84545915e+00
   1.24493183e+00 3.33436387e-04 3.33436387e-04]
  [2.05893372e-06 1.36042452e-02 1.93370394e+01 2.84797290e+00
   4.51090072e-01 3.33482581e-04 3.33482581e-04]
  [2.74926530e-06 1.33262103e-02 1.85625719e+01 2.63932466e+00
   1.33912836e+00 3.33441044e-04 3.33441044e-04]
  [2.60574762e-06 1.33494021e-02 1.87726870e+01 2.60150456e+00
   1.39426734e+00 3.33443179e-04 3.33443179e-04]]

 [[2.78578265e-04 8.08093877e-01 6.10118277e+01 2.51076272e-03
   1.27775478e-03 3.65275540e-04 3.65275540e-04]
  [2.58074493e-06 1.33642810e-02 1.90256967e+01 2.72981286e+00
   1.09032624e+00 3.33448648e-04 3.33448648e-04]
  [2.54290208e-06 1.33433916e-02 1.87485342e+01 3.06556473e+00
   1.00317434e+00 3.33444891e-04 3.33444891e-04]
  [4.67676874e-06 1.33232262e-02 1.89354261e+01 3.19665247e+00
   9.18978740e-01 3.33444876e-04 3.33444876e-04]
  [2.75841099e-06 1.32246708e-02 1.78444574e+01 2.51187106e+00
   1.59744674e+00 3.33428497e-04 3.33428497e-04]
  [1.53941417e-05 1.32784695e-02 1.83711689e+01 2.82850369e+00
   1.34292738e+00 3.33434164e-04 3.33434164e-04]
  [2.89042792e-06 1.32838143e-02 1.84137343e+01 2.57209001e+00
   1.54213720e+00 3.33429624e-04 3.33429624e-04]
  [2.26195145e-06 1.34635481e-02 1.82062657e+01 2.61593772e+00
   1.02348067e+00 3.33461065e-04 3.33461065e-04]]

 [[2.67735384e-06 1.34596287e-02 1.77808450e+01 1.99538955e+00
   1.16248264e+00 3.33461071e-04 3.33461071e-04]
  [1.90414965e-06 1.34948523e-02 1.89250928e+01 2.78078558e+00
   8.97840858e-01 3.33460973e-04 3.33460973e-04]
  [4.88001479e-06 1.33758232e-02 1.82409855e+01 2.44852791e+00
   1.10246517e+00 3.33453110e-04 3.33453110e-04]
  [1.54021196e-05 1.33486424e-02 1.80878104e+01 2.78328422e+00
   9.54170746e-01 3.33454321e-04 3.33454321e-04]
  [3.22979230e-06 1.34454847e-02 1.88922776e+01 3.52498379e+00
   6.58669771e-01 3.33450060e-04 3.33450060e-04]
  [2.20802677e-06 1.33205737e-02 1.83064511e+01 2.79423648e+00
   1.20852809e+00 3.33443475e-04 3.33443475e-04]
  [2.69534947e-06 1.32952820e-02 1.94519360e+01 2.61137800e+00
   1.50239232e+00 3.33435344e-04 3.33435344e-04]
  [2.88321979e-06 1.33075335e-02 1.90702484e+01 2.88470260e+00
   1.13536445e+00 3.33444223e-04 3.33444223e-04]]]

Cumulative Reward: 18718.856438583356
