Scheduler Table:
[[[5.24539134e-05 2.71984802e-01 1.26514609e+02 6.75625156e-03
   6.40524896e-03 3.34138698e-03 3.34138698e-03]
  [4.89516773e-05 2.57110910e-01 1.35771064e+02 6.77991595e-03
   6.45466256e-03 3.34178036e-03 3.34178036e-03]
  [5.13906332e-05 2.68480284e-01 1.26491148e+02 6.77609171e-03
   6.38781985e-03 3.34135250e-03 3.34135250e-03]]

 [[5.04349878e-05 2.65414921e-01 1.26667217e+02 6.77109533e-03
   6.40350087e-03 3.34129310e-03 3.34129310e-03]
  [5.07417867e-05 2.66450879e-01 1.26653051e+02 6.76677679e-03
   6.41899362e-03 3.34129255e-03 3.34129255e-03]
  [3.86063061e-05 1.85432010e-01 2.07374316e+02 6.96666487e-03
   6.44379414e-03 3.34468161e-03 3.34468161e-03]]

 [[5.07328394e-05 2.66392721e-01 1.26642346e+02 6.76567747e-03
   6.42442846e-03 3.34140071e-03 3.34140071e-03]
  [4.56611333e-05 2.34875344e-01 1.57951936e+02 6.81780593e-03
   6.46350697e-03 3.34323727e-03 3.34323727e-03]
  [8.18269750e-05 7.06327046e-01 2.86536220e+02 7.75283918e-03
   6.07458225e-03 3.34232288e-03 3.34288127e-03]]]

Buffer Table:
[[[7.83305056e-05 6.78897372e-01 3.15522369e+02 7.85521739e-03
   6.04787469e-03 3.34252123e-03 3.34307962e-03]
  [5.08144326e-05 2.64715302e-01 1.26771707e+02 6.75699996e-03
   6.44166190e-03 3.34172953e-03 3.34172953e-03]
  [5.16487471e-05 2.67427144e-01 1.26811047e+02 6.75757106e-03
   6.42677096e-03 3.34143656e-03 3.34143656e-03]]

 [[5.16004070e-05 2.67271085e-01 1.26633334e+02 6.77729709e-03
   6.38631404e-03 3.34141885e-03 3.34141885e-03]
  [5.24359403e-05 2.70037328e-01 1.26636290e+02 6.75302385e-03
   6.39933380e-03 3.34146778e-03 3.34146778e-03]
  [4.91260412e-05 2.56037104e-01 1.32456337e+02 6.74787101e-03
   6.47417298e-03 3.34303348e-03 3.34303348e-03]]

 [[4.19771383e-05 2.11652576e-01 1.53804863e+02 6.69352121e-03
   6.54054288e-03 3.34979982e-03 3.34979982e-03]
  [5.20100574e-05 2.68617883e-01 1.26574594e+02 6.75261670e-03
   6.42594324e-03 3.34144100e-03 3.34144100e-03]
  [5.12288231e-05 2.66033572e-01 1.26617502e+02 6.74310185e-03
   6.47961930e-03 3.34141805e-03 3.34141805e-03]]]

Arbiter Table:
[[[7.98485533e-05 6.88009133e-01 3.08566163e+02 7.85870656e-03
   6.04879540e-03 3.34178826e-03 3.34234664e-03]
  [5.11974128e-05 2.65649510e-01 1.26683739e+02 6.76889142e-03
   6.40602799e-03 3.34144649e-03 3.34144649e-03]
  [5.09557767e-05 2.64832060e-01 1.26590534e+02 6.76229281e-03
   6.41205633e-03 3.34170158e-03 3.34170158e-03]]

 [[4.77955589e-05 2.09914774e-01 1.59828534e+02 6.71343580e-03
   6.40424777e-03 3.34746544e-03 3.34746544e-03]
  [5.14964778e-05 2.66623971e-01 1.26628072e+02 6.77334122e-03
   6.38113424e-03 3.34145946e-03 3.34145946e-03]
  [5.10161020e-05 2.65052668e-01 1.26560324e+02 6.76822921e-03
   6.41230764e-03 3.34142647e-03 3.34142647e-03]]

 [[5.08810083e-05 2.64638702e-01 1.26563217e+02 6.75419891e-03
   6.45392750e-03 3.34141081e-03 3.34141081e-03]
  [5.06945066e-05 2.55948173e-01 1.30162560e+02 6.75813090e-03
   6.38419943e-03 3.34298958e-03 3.34298958e-03]
  [5.17608663e-05 2.67404772e-01 1.26497997e+02 6.76548931e-03
   6.39395889e-03 3.34147037e-03 3.34147037e-03]]]

Page Table:
[[[9.75298591e-05 9.41219768e-01 1.21940306e+02 6.52683288e-03
   6.15640884e-03 3.21385766e-03 3.21385766e-03]
  [9.83289997e-05 9.50954557e-01 1.21753153e+02 6.51474617e-03
   6.15900846e-03 3.21233284e-03 3.21233284e-03]
  [9.67684127e-05 9.35152952e-01 1.21830423e+02 6.52409399e-03
   6.18387874e-03 3.21474941e-03 3.21474941e-03]
  [9.68394634e-05 9.35083625e-01 1.22082476e+02 6.52880291e-03
   6.15351830e-03 3.21478001e-03 3.21478001e-03]]

 [[9.71760793e-05 9.39099239e-01 1.21924806e+02 6.52475150e-03
   6.16621313e-03 3.21414893e-03 3.21414893e-03]
  [7.88916154e-05 6.86617258e-01 3.15202895e+02 7.85240792e-03
   6.04434645e-03 3.34109231e-03 3.34165069e-03]
  [9.64921072e-05 9.32848220e-01 1.21895812e+02 6.51695511e-03
   6.18335647e-03 3.21509347e-03 3.21509347e-03]
  [8.69321785e-05 8.31280404e-01 1.42166710e+02 6.61737704e-03
   6.20887394e-03 3.23198553e-03 3.23198553e-03]]

 [[9.75880708e-05 9.42414700e-01 1.21795284e+02 6.50915983e-03
   6.18600352e-03 3.21365694e-03 3.21365694e-03]
  [9.73901634e-05 9.41601664e-01 1.21759417e+02 6.52468341e-03
   6.18344444e-03 3.21377007e-03 3.21377007e-03]
  [9.73357573e-05 9.39521355e-01 1.21857236e+02 6.52454114e-03
   6.15851316e-03 3.21410498e-03 3.21410498e-03]
  [9.60829601e-05 9.29203335e-01 1.23011378e+02 6.52383204e-03
   6.18064579e-03 3.21566179e-03 3.21566179e-03]]

 [[9.71525649e-05 9.38029676e-01 1.22096297e+02 6.52236005e-03
   6.15535194e-03 3.21433475e-03 3.21433475e-03]
  [6.68476535e-05 5.97632111e-01 1.67350971e+02 6.66500601e-03
   6.33505311e-03 3.27365810e-03 3.27365810e-03]
  [9.72954669e-05 9.40279575e-01 1.21788418e+02 6.51331164e-03
   6.18787559e-03 3.21396592e-03 3.21396592e-03]
  [9.65015658e-05 9.32911877e-01 1.21985262e+02 6.53517700e-03
   6.15477996e-03 3.21508670e-03 3.21508670e-03]]]

Response Table:
[[[3.69108638e-05 1.24635953e-01 1.45326214e+02]
  [8.25430564e-05 6.82905861e-01 2.68617301e+02]]

 [[2.48616576e-05 1.06186832e-01 2.68677158e+02]
  [3.18444723e-05 1.19883595e-01 1.76921755e+02]]]

Refresh Table:
[[[7.81149188e-05 6.77509554e-01 3.16102540e+02]
  [3.65537515e-05 1.27685522e-01 1.26795596e+02]]

 [[3.67537612e-05 1.27855928e-01 1.26946354e+02]
  [3.64150295e-05 1.27644322e-01 1.26775499e+02]]]

Request Buffer Table:
[[[1.55310874e-04 2.14848375e+00 6.98146887e+01]
  [1.57907132e-04 2.19133865e+00 6.86873129e+01]
  [1.59206562e-04 2.17787096e+00 6.90066284e+01]
  [1.55669282e-04 2.16302729e+00 6.96193892e+01]
  [1.55464810e-04 2.15349372e+00 6.97309399e+01]
  [1.54440110e-04 2.13598813e+00 7.03222303e+01]
  [1.59672104e-04 2.21084066e+00 6.86138999e+01]
  [1.56678311e-04 2.18325930e+00 6.91952752e+01]]

 [[1.56214077e-04 2.15689701e+00 6.96155916e+01]
  [1.57066967e-04 2.18765766e+00 6.87440471e+01]
  [1.58603559e-04 2.19134417e+00 6.89173892e+01]
  [1.55106348e-04 2.15282125e+00 6.99762732e+01]
  [1.54691194e-04 2.14557308e+00 7.00362681e+01]
  [1.56789273e-04 2.17131452e+00 6.93729194e+01]
  [1.56098085e-04 2.16353103e+00 6.98702652e+01]
  [1.56472658e-04 2.16284294e+00 6.96894884e+01]]

 [[1.57073020e-04 2.16579180e+00 6.93095864e+01]
  [1.56373965e-04 2.17270673e+00 6.91860151e+01]
  [1.55536892e-04 2.16352014e+00 6.95458719e+01]
  [1.56200691e-04 2.16366450e+00 6.94293272e+01]
  [1.54816679e-04 2.14830108e+00 7.01248043e+01]
  [1.57358085e-04 2.17959506e+00 6.90207206e+01]
  [1.56246197e-04 2.16277334e+00 6.96551168e+01]
  [1.56591733e-04 2.14589908e+00 7.01979862e+01]]

 [[1.58159096e-04 2.19895102e+00 6.83862390e+01]
  [1.56623493e-04 2.17514293e+00 6.89989649e+01]
  [1.56955878e-04 2.17400685e+00 6.91639419e+01]
  [1.55656256e-04 2.16608948e+00 6.93898214e+01]
  [1.55214808e-04 2.14935710e+00 6.99675580e+01]
  [1.55791926e-04 2.15292291e+00 6.98532253e+01]
  [1.55838670e-04 2.16171386e+00 6.98536373e+01]
  [9.08547349e-05 1.14517097e+00 1.61393101e+02]]

 [[1.55064032e-04 2.14738179e+00 6.98271452e+01]
  [1.56816041e-04 2.17250767e+00 6.91866701e+01]
  [1.55066294e-04 2.15084471e+00 6.99495090e+01]
  [1.49102134e-04 2.05070359e+00 7.90457759e+01]
  [1.54016307e-04 2.13489750e+00 7.03789809e+01]
  [1.54708711e-04 2.13749813e+00 7.03298118e+01]
  [1.55388327e-04 2.15601418e+00 6.97622814e+01]
  [1.55525076e-04 2.15802809e+00 6.96810819e+01]]

 [[1.55268580e-04 2.14733177e+00 6.98651017e+01]
  [1.55747557e-04 2.16270446e+00 6.95742063e+01]
  [1.54958835e-04 2.15203388e+00 6.99171282e+01]
  [1.55775680e-04 2.16596837e+00 6.94388368e+01]
  [1.53925597e-04 2.13161716e+00 7.05637138e+01]
  [1.59401554e-04 2.17779162e+00 6.91565370e+01]
  [1.56893171e-04 2.15010469e+00 7.00670632e+01]
  [1.62396005e-04 2.16464724e+00 6.99019758e+01]]

 [[1.58051634e-04 2.18220798e+00 6.88939060e+01]
  [1.56404187e-04 2.16963975e+00 6.93217025e+01]
  [1.55789344e-04 2.16385447e+00 6.96535580e+01]
  [1.55837755e-04 2.16033619e+00 6.95568639e+01]
  [1.55567758e-04 2.15466614e+00 6.98465907e+01]
  [1.55977129e-04 2.16718156e+00 6.93627519e+01]
  [1.57131650e-04 2.16352157e+00 6.94884678e+01]
  [1.56361324e-04 2.14233364e+00 7.01531341e+01]]

 [[1.56029295e-04 2.15566953e+00 6.96067135e+01]
  [1.56324520e-04 2.17370285e+00 6.91689196e+01]
  [1.56350801e-04 2.17121306e+00 6.93438995e+01]
  [1.30787565e-04 1.77682105e+00 1.08815331e+02]
  [1.53416492e-04 2.12472693e+00 7.09361975e+01]
  [1.54364992e-04 2.14013456e+00 7.02905567e+01]
  [1.58357714e-04 2.15610688e+00 6.98715988e+01]
  [8.04163833e-05 7.13660172e-01 3.13588729e+02]]]

Ref Max Post Table:
[[[7.57488043e-05 7.09241726e-01 1.61942765e+02]
  [9.60739132e-05 9.28648293e-01 1.22452534e+02]
  [2.51644173e-05 1.26237082e-01 2.92402828e+02]
  [9.64929055e-05 9.32356725e-01 1.22163217e+02]]

 [[8.09034527e-05 7.42530737e-01 1.48944649e+02]
  [9.59907179e-05 9.27997064e-01 1.21939104e+02]
  [9.63523247e-05 9.31785138e-01 1.21926034e+02]
  [9.70592358e-05 9.37512425e-01 1.21918096e+02]]

 [[8.28452637e-05 7.02920711e-01 2.92301413e+02]
  [9.49572044e-05 9.10004762e-01 1.26270392e+02]
  [9.74279217e-05 9.41938002e-01 1.21693179e+02]
  [8.50877757e-05 8.05537917e-01 1.42086881e+02]]

 [[6.68369210e-05 5.88005832e-01 1.83698755e+02]
  [9.68355613e-05 9.35379298e-01 1.21901602e+02]
  [9.68459516e-05 9.36156470e-01 1.21837581e+02]
  [9.74801045e-05 9.41241217e-01 1.21860614e+02]]]

Ref Max Pull Table:
[[[9.57782706e-05 9.36439576e-01 1.21863349e+02]
  [9.56320776e-05 9.34999763e-01 1.22200701e+02]
  [9.52941689e-05 9.32269132e-01 1.22132927e+02]
  [2.33294569e-05 1.04998786e-01 2.95966055e+02]]

 [[9.10159246e-05 8.65025509e-01 1.32785735e+02]
  [5.54270845e-05 5.50360099e-01 1.67980922e+02]
  [9.47658115e-05 9.27521529e-01 1.22018558e+02]
  [9.51487684e-05 9.31098411e-01 1.22734572e+02]]

 [[9.57845855e-05 9.36831111e-01 1.21927053e+02]
  [9.51819052e-05 9.31572779e-01 1.22318497e+02]
  [9.58804007e-05 9.37521327e-01 1.21888262e+02]
  [9.48493810e-05 9.28128394e-01 1.21938620e+02]]

 [[8.10135391e-05 6.81719867e-01 2.95858357e+02]
  [8.33316304e-05 8.08521524e-01 1.48667257e+02]
  [9.54093876e-05 9.33308745e-01 1.21926694e+02]
  [9.51309926e-05 9.30765148e-01 1.21958492e+02]]]

Max Activate Table:
[[[1.60370112e-04 2.21199158e+00 6.80806135e+01 3.65723127e-03
   3.46413448e-03 1.79974753e-03 1.79974753e-03]
  [1.57018336e-04 2.17041233e+00 6.92796337e+01 3.71689776e-03
   3.50971342e-03 1.83039027e-03 1.83039027e-03]
  [1.56312550e-04 2.16213235e+00 6.97312326e+01 3.71487949e-03
   3.53405738e-03 1.83668186e-03 1.83668186e-03]
  [1.57503967e-04 2.18425162e+00 6.88823314e+01 3.69606936e-03
   3.50003071e-03 1.82018419e-03 1.82018419e-03]
  [1.56654113e-04 2.16602424e+00 6.96950907e+01 3.71542661e-03
   3.52075840e-03 1.83362592e-03 1.83362592e-03]
  [1.36168187e-04 1.82032101e+00 9.05110887e+01 4.18870035e-03
   4.07582299e-03 2.09090180e-03 2.09090180e-03]
  [1.56310113e-04 2.15709560e+00 6.98313151e+01 3.73766485e-03
   3.53260636e-03 1.84020085e-03 1.84020085e-03]
  [1.58487106e-04 2.19609185e+00 6.88658775e+01 3.68222218e-03
   3.48084893e-03 1.81169575e-03 1.81169575e-03]]

 [[1.57223057e-04 2.18478619e+00 6.90218782e+01 3.68980818e-03
   3.50031854e-03 1.81986444e-03 1.81986444e-03]
  [1.56698895e-04 2.15228552e+00 6.96358285e+01 3.75240593e-03
   3.55620957e-03 1.84389533e-03 1.84389533e-03]
  [1.57178925e-04 2.16539570e+00 6.94852603e+01 3.72071010e-03
   3.51977902e-03 1.83404021e-03 1.83404021e-03]
  [1.56637949e-04 2.17390662e+00 6.92544564e+01 3.70301717e-03
   3.50899679e-03 1.82793398e-03 1.82793398e-03]
  [1.60752128e-04 2.24608335e+00 6.72102039e+01 3.60304760e-03
   3.41487707e-03 1.77451171e-03 1.77451171e-03]
  [1.12772603e-04 1.42406403e+00 1.28267470e+02 4.76959052e-03
   4.62845437e-03 2.38291991e-03 2.38291991e-03]
  [1.58159747e-04 2.16456357e+00 6.94909034e+01 3.71676404e-03
   3.52679179e-03 1.83480803e-03 1.83480803e-03]
  [1.55804794e-04 2.15239163e+00 7.00132053e+01 3.74279777e-03
   3.53696445e-03 1.84370952e-03 1.84370952e-03]]

 [[1.56924859e-04 2.15335082e+00 6.98540194e+01 3.73288764e-03
   3.53781373e-03 1.84301498e-03 1.84301498e-03]
  [1.57450299e-04 2.16866348e+00 6.96799153e+01 3.71835379e-03
   3.51720073e-03 1.83198728e-03 1.83198728e-03]
  [1.55780674e-04 2.15373853e+00 6.99452144e+01 3.73579036e-03
   3.53422721e-03 1.84270166e-03 1.84270166e-03]
  [1.57987351e-04 2.19456875e+00 6.85708650e+01 3.67502656e-03
   3.49991972e-03 1.81249630e-03 1.81249630e-03]
  [1.56180757e-04 2.16750605e+00 6.95299321e+01 3.72056313e-03
   3.51446446e-03 1.83266504e-03 1.83266504e-03]
  [1.36433913e-04 1.85989292e+00 9.93789480e+01 4.20975704e-03
   4.03867853e-03 2.05995277e-03 2.05995277e-03]
  [1.55633540e-04 2.15843934e+00 6.97121423e+01 3.73254934e-03
   3.53012569e-03 1.83933117e-03 1.83933117e-03]
  [1.56664319e-04 2.16973420e+00 6.92527665e+01 3.71447598e-03
   3.51152023e-03 1.83120628e-03 1.83120628e-03]]

 [[1.57077337e-04 2.16903744e+00 6.93423436e+01 3.72206550e-03
   3.52184388e-03 1.83140262e-03 1.83140262e-03]
  [1.57337267e-04 2.18318668e+00 6.88800497e+01 3.70147790e-03
   3.49842898e-03 1.82116374e-03 1.82116374e-03]
  [1.56994593e-04 2.17020485e+00 6.92626182e+01 3.70816529e-03
   3.52405514e-03 1.83062188e-03 1.83062188e-03]
  [1.58864314e-04 2.16518309e+00 6.94151814e+01 3.71187025e-03
   3.53756780e-03 1.83433316e-03 1.83433316e-03]
  [1.55168836e-04 2.15182265e+00 7.01380038e+01 3.74057140e-03
   3.53970197e-03 1.84417633e-03 1.84417633e-03]
  [1.62082481e-04 2.16458252e+00 6.94483864e+01 3.71949309e-03
   3.53541506e-03 1.83484280e-03 1.83484280e-03]
  [1.58138037e-04 2.18572871e+00 6.88928797e+01 3.68765905e-03
   3.50208238e-03 1.81901024e-03 1.81901024e-03]
  [1.56415857e-04 2.15785560e+00 6.96865097e+01 3.73933860e-03
   3.52650225e-03 1.83969315e-03 1.83969315e-03]]

 [[1.57171628e-04 2.15689555e+00 6.97360337e+01 3.73178871e-03
   3.56178255e-03 1.84039576e-03 1.84039576e-03]
  [1.56259532e-04 2.16363027e+00 6.94485476e+01 3.71617976e-03
   3.52987382e-03 1.83546477e-03 1.83546477e-03]
  [1.54771362e-04 2.13942395e+00 7.06391225e+01 3.75373206e-03
   3.56895176e-03 1.85328547e-03 1.85328547e-03]
  [1.56822173e-04 2.17189821e+00 6.91834335e+01 3.70548185e-03
   3.51929172e-03 1.82934019e-03 1.82934019e-03]
  [1.56134332e-04 2.16426662e+00 6.95066406e+01 3.71340087e-03
   3.52085922e-03 1.83500160e-03 1.83500160e-03]
  [1.55688376e-04 2.14698902e+00 6.99418516e+01 3.75402921e-03
   3.55131344e-03 1.84771508e-03 1.84771508e-03]
  [1.56986906e-04 2.16996663e+00 6.97771613e+01 3.70606153e-03
   3.51167663e-03 1.83079733e-03 1.83079733e-03]
  [1.55095709e-04 2.14732012e+00 7.01221928e+01 3.75216307e-03
   3.54130449e-03 1.84751313e-03 1.84751313e-03]]

 [[1.55202795e-04 2.14261230e+00 7.04858202e+01 3.76152059e-03
   3.55937528e-03 1.85089074e-03 1.85089074e-03]
  [1.46004146e-04 1.99832956e+00 7.95164134e+01 3.95369216e-03
   3.79485081e-03 1.95832518e-03 1.95832518e-03]
  [1.55721388e-04 2.15616059e+00 6.97159526e+01 3.72705036e-03
   3.54149678e-03 1.84093096e-03 1.84093096e-03]
  [1.56046206e-04 2.15368659e+00 6.97606206e+01 3.74329672e-03
   3.53564333e-03 1.84278744e-03 1.84278744e-03]
  [1.54877275e-04 2.14352039e+00 7.04614095e+01 3.75080442e-03
   3.55471932e-03 1.85024483e-03 1.85024483e-03]
  [8.71231405e-05 8.36720042e-01 3.02113025e+02 7.62666143e-03
   5.82381308e-03 3.22524966e-03 3.22580805e-03]
  [1.57068187e-04 2.15666305e+00 7.00319191e+01 3.74318376e-03
   3.53160225e-03 1.84062498e-03 1.84062498e-03]
  [1.55654909e-04 2.14162921e+00 7.02324247e+01 3.74370080e-03
   3.59854548e-03 1.85169508e-03 1.85169508e-03]]

 [[1.58052186e-04 2.18728479e+00 6.89533142e+01 3.69117019e-03
   3.49566723e-03 1.81805058e-03 1.81805058e-03]
  [1.57046340e-04 2.15446350e+00 6.98687287e+01 3.76184236e-03
   3.53026914e-03 1.84223503e-03 1.84223503e-03]
  [1.56778823e-04 2.17116250e+00 6.91938144e+01 3.71608477e-03
   3.50721372e-03 1.83009738e-03 1.83009738e-03]
  [1.56078859e-04 2.16413762e+00 6.94335256e+01 3.72279366e-03
   3.53479501e-03 1.83505653e-03 1.83505653e-03]
  [1.55855637e-04 2.15173092e+00 6.98778297e+01 3.73326567e-03
   3.56775556e-03 1.84419632e-03 1.84419632e-03]
  [1.56307336e-04 2.15147847e+00 6.98502203e+01 3.73163105e-03
   3.55315658e-03 1.84441705e-03 1.84441705e-03]
  [1.57118106e-04 2.16073267e+00 6.96742025e+01 3.74566974e-03
   3.52495971e-03 1.83757861e-03 1.83757861e-03]
  [1.57315055e-04 2.18052127e+00 6.91664777e+01 3.70109049e-03
   3.50439134e-03 1.82320763e-03 1.82320763e-03]]

 [[1.56849777e-04 2.17077664e+00 6.93168061e+01 3.71234639e-03
   3.51253094e-03 1.83009840e-03 1.83009840e-03]
  [1.55716705e-04 2.15068490e+00 6.98040046e+01 3.74775572e-03
   3.54509610e-03 1.84508033e-03 1.84508033e-03]
  [1.54685782e-04 2.13113188e+00 7.08266067e+01 3.76120284e-03
   3.57391731e-03 1.85935293e-03 1.85935293e-03]
  [1.57601451e-04 2.18011087e+00 6.89398818e+01 3.70249407e-03
   3.51029382e-03 1.82333473e-03 1.82333473e-03]
  [1.55186012e-04 2.14239574e+00 7.00285009e+01 3.76443583e-03
   3.55692297e-03 1.85110671e-03 1.85110671e-03]
  [1.56753629e-04 2.16553117e+00 6.95868809e+01 3.72383215e-03
   3.52303323e-03 1.83401860e-03 1.83401860e-03]
  [1.57245934e-04 2.16129375e+00 6.95835796e+01 3.72203777e-03
   3.55349716e-03 1.83724307e-03 1.83724307e-03]
  [1.55444289e-04 2.14730782e+00 7.01563176e+01 3.75356894e-03
   3.54363634e-03 1.84748839e-03 1.84748839e-03]]]

Cumulative Reward: 9705.802531414742
