Scheduler Table:
[[[3.94586123e-06 1.52264732e-02 1.55057748e+01 7.89318054e-04
   4.74957924e-04 3.90739820e-04 3.90739820e-04]
  [4.15575102e-06 1.51657742e-02 1.56155312e+01 7.88911685e-04
   4.75115518e-04 3.90934128e-04 3.90934128e-04]
  [5.00785770e-06 1.52402802e-02 1.56251439e+01 7.88352164e-04
   4.75354055e-04 3.90881407e-04 3.90881407e-04]]

 [[3.96000036e-06 1.52662107e-02 1.53854257e+01 7.88913780e-04
   4.75210961e-04 3.90770715e-04 3.90770715e-04]
  [4.27385019e-06 1.50094509e-02 1.66370691e+01 7.88110989e-04
   4.75381142e-04 3.90975594e-04 3.90975594e-04]
  [1.81606523e-05 2.86569816e-01 2.19062199e+01 7.86477096e-04
   4.87746316e-04 3.90982009e-04 3.91253139e-04]]

 [[6.26965723e-06 1.51893637e-02 1.54800368e+01 7.87704160e-04
   4.75521581e-04 3.90917492e-04 3.90917492e-04]
  [4.22813478e-06 1.24866039e-02 2.19658994e+01 7.87474756e-04
   4.80677283e-04 3.90518556e-04 3.93531120e-04]
  [5.34128386e-06 1.51597663e-02 1.55726255e+01 7.88906439e-04
   4.74895027e-04 3.90706678e-04 3.90706678e-04]]]

Buffer Table:
[[[1.79203159e-05 2.86500701e-01 2.16515286e+01 7.83342078e-04
   4.94160109e-04 3.90757127e-04 3.93739565e-04]
  [4.77664061e-06 1.52313976e-02 1.55655325e+01 7.88391604e-04
   4.75271893e-04 3.90880003e-04 3.90880003e-04]
  [4.37640690e-06 1.51183148e-02 1.58666360e+01 7.88752158e-04
   4.75188761e-04 3.90888408e-04 3.90888408e-04]]

 [[4.08055118e-06 1.51737763e-02 1.56888980e+01 7.88962569e-04
   4.74942739e-04 3.90727647e-04 3.90727647e-04]
  [4.65807756e-06 1.52106445e-02 1.56037734e+01 7.88806066e-04
   4.74968456e-04 3.90740373e-04 3.90740373e-04]
  [5.36249534e-06 1.52253470e-02 1.54334850e+01 7.88759271e-04
   4.75289802e-04 3.90767208e-04 3.90767208e-04]]

 [[3.57939633e-06 1.49078558e-02 1.73602140e+01 7.88051933e-04
   4.75646250e-04 3.90863479e-04 3.90863479e-04]
  [4.50012505e-06 1.52228201e-02 1.55827597e+01 7.87666628e-04
   4.75598762e-04 3.90992592e-04 3.90992592e-04]
  [6.40423623e-06 1.51663828e-02 1.54410307e+01 7.87805903e-04
   4.75509919e-04 3.90883350e-04 3.90883350e-04]]]

Arbiter Table:
[[[1.79203200e-05 2.86500717e-01 2.16514620e+01 7.83342151e-04
   4.94160095e-04 3.90757119e-04 3.93739557e-04]
  [4.18204857e-06 1.51295130e-02 1.57270541e+01 7.87348154e-04
   4.75542339e-04 3.90945038e-04 3.90945038e-04]
  [4.54985945e-06 1.51600384e-02 1.55426277e+01 7.88623126e-04
   4.75253040e-04 3.90902127e-04 3.90902127e-04]]

 [[4.02484889e-06 1.48369836e-02 1.76340750e+01 7.88138205e-04
   4.75374158e-04 3.90789777e-04 3.90789777e-04]
  [4.46645380e-06 1.52892730e-02 1.53887268e+01 7.88464417e-04
   4.75133494e-04 3.90819896e-04 3.90819896e-04]
  [4.74591978e-06 1.52394838e-02 1.53784514e+01 7.88975153e-04
   4.75134768e-04 3.90881831e-04 3.90881831e-04]]

 [[4.41215903e-06 1.49018899e-02 1.75339999e+01 7.89701977e-04
   4.74732779e-04 3.90867911e-04 3.90867911e-04]
  [4.40294476e-06 1.52422371e-02 1.54847986e+01 7.88723972e-04
   4.75196101e-04 3.90867320e-04 3.90867320e-04]
  [7.18389948e-06 1.52451224e-02 1.54302746e+01 7.88330055e-04
   4.75194535e-04 3.90700640e-04 3.90700640e-04]]]

Page Table:
[[[1.35266797e-05 1.80581837e-02 1.56212762e+01 7.88047784e-04
   4.75156316e-04 3.90751099e-04 3.90751099e-04]
  [7.34843908e-06 1.60298759e-02 1.84110568e+01 7.86757893e-04
   4.76036127e-04 3.90794273e-04 3.90794273e-04]
  [1.47849120e-05 1.81116175e-02 1.52715235e+01 7.87570295e-04
   4.75527317e-04 3.90845107e-04 3.90845107e-04]
  [9.88028055e-06 1.76327416e-02 1.56513212e+01 7.87849065e-04
   4.75343101e-04 3.90687298e-04 3.90687298e-04]]

 [[1.00094077e-05 1.73303916e-02 1.60644595e+01 7.88180674e-04
   4.75439798e-04 3.90757501e-04 3.90757501e-04]
  [1.79655178e-05 2.86532577e-01 2.16128812e+01 7.83334425e-04
   4.94159670e-04 3.90758136e-04 3.93740574e-04]
  [9.65529474e-06 1.76381781e-02 1.54193744e+01 7.87462863e-04
   4.75682188e-04 3.90894643e-04 3.90894643e-04]
  [9.03424421e-06 1.73631427e-02 1.55535460e+01 7.88201446e-04
   4.75283205e-04 3.90695440e-04 3.90695440e-04]]

 [[9.74258509e-06 1.75082451e-02 1.59634993e+01 7.88128996e-04
   4.75209607e-04 3.90682647e-04 3.90682647e-04]
  [1.10299061e-05 1.77512320e-02 1.55116919e+01 7.88899418e-04
   4.75040211e-04 3.90759137e-04 3.90759137e-04]
  [1.02900449e-05 1.78879283e-02 1.53211859e+01 7.88148166e-04
   4.75271253e-04 3.90838190e-04 3.90838190e-04]
  [9.47100946e-06 1.76963602e-02 1.55974647e+01 7.87372780e-04
   4.75544143e-04 3.90840449e-04 3.90840449e-04]]

 [[9.55510046e-06 1.75332021e-02 1.55805734e+01 7.88136166e-04
   4.75160498e-04 3.90736113e-04 3.90736113e-04]
  [9.40095925e-06 1.74107449e-02 1.57495171e+01 7.88156324e-04
   4.75454830e-04 3.90903539e-04 3.90903539e-04]
  [9.89262108e-06 1.77634515e-02 1.53135922e+01 7.88084891e-04
   4.75355685e-04 3.90748524e-04 3.90748524e-04]
  [8.99789517e-06 1.74215159e-02 1.57021791e+01 7.88800093e-04
   4.75009563e-04 3.90609895e-04 3.90609895e-04]]]

Response Table:
[[[4.24807379e-06 1.45173454e-02 1.55468310e+01]
  [4.65226873e-06 1.45262355e-02 1.55898095e+01]]

 [[4.36725693e-06 1.45390458e-02 1.55370387e+01]
  [1.79202981e-05 2.86500691e-01 2.16515772e+01]]]

Refresh Table:
[[[1.79202981e-05 2.86500691e-01 2.16515772e+01]
  [4.84043255e-06 1.44805658e-02 1.55015216e+01]]

 [[5.02511200e-06 1.46234369e-02 1.54515200e+01]
  [4.32378795e-06 1.44485427e-02 1.56043283e+01]]]

Request Buffer Table:
[[[1.58159175e-04 2.25012172e-01 1.33856362e+01]
  [1.59930635e-04 2.27983437e-01 1.33889399e+01]
  [1.57432709e-04 2.24016693e-01 1.35596071e+01]
  [1.60188128e-04 2.24180354e-01 1.36503947e+01]
  [1.64504502e-04 2.33879640e-01 1.35579062e+01]
  [1.47953066e-04 2.10917074e-01 1.38825263e+01]
  [1.64182618e-04 2.33091639e-01 1.37317397e+01]
  [1.15659174e-04 1.64790681e-01 1.64314063e+01]]

 [[1.55405947e-04 2.20790992e-01 1.33740479e+01]
  [1.71616571e-04 2.43185967e-01 1.33141911e+01]
  [1.65551380e-04 2.35681425e-01 1.33933960e+01]
  [1.65936979e-04 2.36075934e-01 1.35308356e+01]
  [1.60287045e-04 2.27911127e-01 1.36235662e+01]
  [1.36668338e-04 1.96117275e-01 1.39966167e+01]
  [1.65555717e-04 2.33614867e-01 1.37315213e+01]
  [1.56161646e-04 2.22868199e-01 1.37284989e+01]]

 [[1.77917359e-04 2.44453876e-01 1.32432831e+01]
  [1.62402540e-04 2.31033639e-01 1.33294560e+01]
  [1.62998781e-04 2.32304560e-01 1.35604014e+01]
  [1.74157404e-04 2.47195493e-01 1.33387417e+01]
  [1.57758747e-04 2.24922050e-01 1.37166973e+01]
  [1.50869927e-04 2.15550878e-01 1.36879765e+01]
  [1.66823068e-04 2.36811050e-01 1.36247489e+01]
  [1.41858297e-04 2.02859681e-01 1.41217241e+01]]

 [[1.60597039e-04 2.28473663e-01 1.33863882e+01]
  [1.65024778e-04 2.33308035e-01 1.32985003e+01]
  [1.66622485e-04 2.37200230e-01 1.34813339e+01]
  [1.66093085e-04 2.36080198e-01 1.34079449e+01]
  [1.59531955e-04 2.26799039e-01 1.38154722e+01]
  [1.49560851e-04 2.13094682e-01 1.36698108e+01]
  [1.74838362e-04 2.47630910e-01 1.35344352e+01]
  [1.38633835e-04 1.98229270e-01 1.41021723e+01]]

 [[1.60473100e-04 2.27608533e-01 1.33847907e+01]
  [1.54854667e-04 2.21082290e-01 1.34893759e+01]
  [1.67204963e-04 2.31494903e-01 1.34432095e+01]
  [1.56713857e-04 2.23029016e-01 1.37570200e+01]
  [1.64443257e-04 2.31539437e-01 1.36500643e+01]
  [1.46290328e-04 2.08795066e-01 1.37548416e+01]
  [1.63095987e-04 2.32284823e-01 1.37132122e+01]
  [1.43399947e-04 2.04535181e-01 1.41263094e+01]]

 [[1.49135481e-04 2.12596625e-01 1.35009651e+01]
  [1.55490736e-04 2.21941356e-01 1.33807429e+01]
  [1.56094676e-04 2.22910842e-01 1.35535776e+01]
  [1.56207518e-04 2.22573056e-01 1.36687276e+01]
  [1.61759849e-04 2.25868129e-01 1.36440842e+01]
  [1.83053283e-05 2.87041038e-01 2.16169973e+01]
  [1.54383244e-04 2.19809357e-01 1.38395174e+01]
  [1.38002202e-04 1.97397888e-01 1.40471104e+01]]

 [[1.58541624e-04 2.26137984e-01 1.33162070e+01]
  [1.71094877e-04 2.42240621e-01 1.32771695e+01]
  [1.67297513e-04 2.37903181e-01 1.33678589e+01]
  [1.67506183e-04 2.38293487e-01 1.34319944e+01]
  [1.63517165e-04 2.30133606e-01 1.35309056e+01]
  [1.51508881e-04 2.16505318e-01 1.37715947e+01]
  [1.79753372e-04 2.53191807e-01 1.37208315e+01]
  [8.77746190e-06 1.71446547e-02 2.61500840e+01]]

 [[1.44239298e-04 2.05371332e-01 1.36621104e+01]
  [1.47114576e-04 2.10250558e-01 1.34867804e+01]
  [1.46846847e-04 2.10334985e-01 1.37104613e+01]
  [1.50663959e-04 2.15061593e-01 1.37370547e+01]
  [1.50769756e-04 2.14582082e-01 1.36745079e+01]
  [1.46281515e-04 2.09115501e-01 1.38834545e+01]
  [2.38627371e-05 3.80156462e-02 2.47528531e+01]
  [1.38550353e-04 1.97919327e-01 1.39555440e+01]]]

Ref Max Post Table:
[[[1.79203008e-05 2.86500692e-01 2.16515733e+01]
  [9.61877089e-06 1.73621459e-02 1.57554802e+01]
  [9.58158511e-06 1.77405016e-02 1.55400794e+01]
  [1.00437013e-05 1.76439151e-02 1.56010071e+01]]

 [[1.01070827e-05 1.75136652e-02 1.55458047e+01]
  [1.02239746e-05 1.74155487e-02 1.55253648e+01]
  [9.43109500e-06 1.75458266e-02 1.56223111e+01]
  [9.58370316e-06 1.73771961e-02 1.60580835e+01]]

 [[1.32936272e-05 1.77351811e-02 1.54630901e+01]
  [9.85119755e-06 1.74657818e-02 1.55738268e+01]
  [9.37980547e-06 1.77069687e-02 1.54820596e+01]
  [9.41246575e-06 1.74849896e-02 1.55912962e+01]]

 [[8.29844535e-06 1.67855205e-02 1.75614027e+01]
  [1.00432605e-05 1.75324564e-02 1.55624946e+01]
  [9.81750754e-06 1.75670922e-02 1.56086573e+01]
  [9.78034680e-06 1.74847639e-02 1.55937619e+01]]]

Ref Max Pull Table:
[[[1.79202981e-05 2.86500691e-01 2.16515772e+01]
  [1.01267876e-05 1.75365240e-02 1.56280496e+01]
  [9.85364962e-06 1.78435190e-02 1.55141878e+01]
  [9.23178024e-06 1.72961932e-02 1.54794865e+01]]

 [[9.35465984e-06 1.75794106e-02 1.55913083e+01]
  [9.32691661e-06 1.74095045e-02 1.55402755e+01]
  [9.73629239e-06 1.76618901e-02 1.54508044e+01]
  [1.05689760e-05 1.73601736e-02 1.55721107e+01]]

 [[1.04640249e-05 1.77727247e-02 1.55779111e+01]
  [9.48066429e-06 1.75688733e-02 1.55492831e+01]
  [1.00488863e-05 1.78057018e-02 1.55646876e+01]
  [9.92946334e-06 1.74977824e-02 1.55532871e+01]]

 [[9.02001415e-06 1.73965854e-02 1.55338912e+01]
  [1.03395379e-05 1.74901609e-02 1.57570369e+01]
  [1.27222943e-05 1.76078407e-02 1.56103592e+01]
  [1.01374105e-05 1.74620714e-02 1.55070605e+01]]]

Max Activate Table:
[[[1.99741253e-04 2.47528484e-01 1.32710937e+01 6.80347801e-04
   4.11324603e-04 3.37985826e-04 3.37985826e-04]
  [1.77741841e-04 2.21444457e-01 1.34892242e+01 6.92921518e-04
   4.18400311e-04 3.43822072e-04 3.43822072e-04]
  [2.00350459e-04 2.47663915e-01 1.34701011e+01 6.81019354e-04
   4.11018072e-04 3.37760214e-04 3.37760214e-04]
  [1.83183686e-04 2.28291045e-01 1.35506964e+01 6.89725074e-04
   4.16368918e-04 3.42276316e-04 3.42276316e-04]
  [1.93451098e-04 2.39920013e-01 1.34863247e+01 6.83925892e-04
   4.13795962e-04 3.39593763e-04 3.39593763e-04]
  [1.58898210e-04 1.98816769e-01 1.39706891e+01 7.04088528e-04
   4.24253337e-04 3.48873593e-04 3.48873593e-04]
  [1.86483727e-04 2.31396067e-01 1.36926202e+01 6.88899848e-04
   4.15379601e-04 3.41584320e-04 3.41584320e-04]
  [1.91636609e-04 2.36569376e-01 1.36375971e+01 6.86350859e-04
   4.14017571e-04 3.40308090e-04 3.40308090e-04]]

 [[1.92800376e-04 2.38604294e-01 1.32669784e+01 6.85916325e-04
   4.13342099e-04 3.39769648e-04 3.39769648e-04]
  [2.00558267e-04 2.48877396e-01 1.33578836e+01 6.79657043e-04
   4.10949735e-04 3.37569993e-04 3.37569993e-04]
  [2.04879285e-04 2.52692751e-01 1.33764715e+01 6.78639261e-04
   4.09512132e-04 3.36580428e-04 3.36580428e-04]
  [2.04689353e-04 2.48776716e-01 1.34680697e+01 6.81457202e-04
   4.10498398e-04 3.37430908e-04 3.37430908e-04]
  [1.73340277e-04 2.16089092e-01 1.37064890e+01 6.95320016e-04
   4.19744556e-04 3.44941072e-04 3.44941072e-04]
  [1.61528938e-04 2.01748665e-01 1.38507801e+01 7.02476008e-04
   4.23635327e-04 3.48170976e-04 3.48170976e-04]
  [1.71424440e-04 2.13170404e-01 1.39617638e+01 6.97296389e-04
   4.20559429e-04 3.45590375e-04 3.45590375e-04]
  [1.85725848e-04 2.31250565e-01 1.36655245e+01 6.88705221e-04
   4.15786451e-04 3.41476260e-04 3.41476260e-04]]

 [[1.90904870e-04 2.36814463e-01 1.34893663e+01 6.86792991e-04
   4.13691530e-04 3.40236074e-04 3.40236074e-04]
  [1.92767665e-04 2.39373212e-01 1.33592068e+01 6.84084563e-04
   4.13441909e-04 3.39612030e-04 3.39612030e-04]
  [1.83610269e-04 2.28102848e-01 1.35392136e+01 6.90249642e-04
   4.16282105e-04 3.42291514e-04 3.42291514e-04]
  [1.90295442e-04 2.36528122e-01 1.34382141e+01 6.85822111e-04
   4.14094425e-04 3.40397629e-04 3.40397629e-04]
  [1.85649748e-04 2.31171911e-01 1.36405811e+01 6.88832473e-04
   4.15440801e-04 3.41580495e-04 3.41580495e-04]
  [1.57660162e-04 1.96920131e-01 1.39108773e+01 7.04417160e-04
   4.25065001e-04 3.49373874e-04 3.49373874e-04]
  [1.80849592e-04 2.24596906e-01 1.36687876e+01 6.91763089e-04
   4.17518531e-04 3.43133117e-04 3.43133117e-04]
  [1.99399382e-04 2.46858626e-01 1.35032058e+01 6.82370651e-04
   4.10747858e-04 3.37890368e-04 3.37890368e-04]]

 [[1.84189228e-04 2.29123223e-01 1.33608533e+01 6.89431485e-04
   4.16306139e-04 3.42080598e-04 3.42080598e-04]
  [1.82431136e-04 2.27294800e-01 1.34400867e+01 6.90475057e-04
   4.16704146e-04 3.42441985e-04 3.42441985e-04]
  [1.77167012e-04 2.20408832e-01 1.36731892e+01 6.92586363e-04
   4.18944442e-04 3.44199123e-04 3.44199123e-04]
  [1.90561370e-04 2.37402145e-01 1.33838089e+01 6.86010873e-04
   4.13844371e-04 3.40165480e-04 3.40165480e-04]
  [1.75769164e-04 2.18871026e-01 1.38296830e+01 6.94798170e-04
   4.18853201e-04 3.44300199e-04 3.44300199e-04]
  [1.59818284e-04 1.99492658e-01 1.40858101e+01 7.02815705e-04
   4.24486507e-04 3.48768312e-04 3.48768312e-04]
  [1.88929743e-04 2.34711930e-01 1.35623069e+01 6.86403043e-04
   4.14741093e-04 3.40873057e-04 3.40873057e-04]
  [1.87899421e-04 2.33023852e-01 1.37040273e+01 6.88547738e-04
   4.14917162e-04 3.41029816e-04 3.41029816e-04]]

 [[1.85083787e-04 2.30033066e-01 1.34924423e+01 6.89334134e-04
   4.15818413e-04 3.41875015e-04 3.41875015e-04]
  [1.90668220e-04 2.37023398e-01 1.33402244e+01 6.85221160e-04
   4.14186233e-04 3.40201373e-04 3.40201373e-04]
  [1.82926784e-04 2.26627196e-01 1.35332879e+01 6.90907644e-04
   4.16803857e-04 3.42600461e-04 3.42600461e-04]
  [1.80749757e-04 2.25664225e-01 1.35936303e+01 6.91846384e-04
   4.16800679e-04 3.42728012e-04 3.42728012e-04]
  [1.89085165e-04 2.34632501e-01 1.35662989e+01 6.87316842e-04
   4.14396105e-04 3.40752130e-04 3.40752130e-04]
  [1.52237815e-04 1.89151741e-01 1.44683485e+01 7.07946657e-04
   4.27078975e-04 3.51086914e-04 3.51086914e-04]
  [1.76500352e-04 2.19525571e-01 1.37011560e+01 6.94415637e-04
   4.18561724e-04 3.44133298e-04 3.44133298e-04]
  [1.87480611e-04 2.33193705e-01 1.37102718e+01 6.88008070e-04
   4.15083277e-04 3.41242312e-04 3.41242312e-04]]

 [[1.68037235e-04 2.10136184e-01 1.35410074e+01 6.98454025e-04
   4.21356689e-04 3.46329836e-04 3.46329836e-04]
  [1.78552980e-04 2.20007390e-01 1.37470197e+01 6.93510277e-04
   4.18646197e-04 3.44119458e-04 3.44119458e-04]
  [1.72662635e-04 2.15451502e-01 1.35418353e+01 6.96403368e-04
   4.19544337e-04 3.45003336e-04 3.45003336e-04]
  [1.73869760e-04 2.17366956e-01 1.37007923e+01 6.95365660e-04
   4.19278081e-04 3.44649025e-04 3.44649025e-04]
  [1.69682846e-04 2.11029052e-01 1.38520760e+01 6.98454136e-04
   4.20973743e-04 3.46067429e-04 3.46067429e-04]
  [1.79202981e-05 2.86500691e-01 2.16515772e+01 7.83342084e-04
   4.94160115e-04 3.90757125e-04 3.93739563e-04]
  [1.65062430e-04 2.05990610e-01 1.38646810e+01 6.99282438e-04
   4.22750150e-04 3.47263428e-04 3.47263428e-04]
  [1.72245611e-04 2.10021308e-01 1.38117412e+01 6.98905500e-04
   4.21210903e-04 3.46336482e-04 3.46336482e-04]]

 [[1.76027039e-04 2.19213325e-01 1.33965131e+01 6.94224166e-04
   4.18778136e-04 3.44245711e-04 3.44245711e-04]
  [1.71950786e-04 2.14537334e-01 1.36515535e+01 6.96602806e-04
   4.20269079e-04 3.45209722e-04 3.45209722e-04]
  [1.82761849e-04 2.26855111e-01 1.35850586e+01 6.91095585e-04
   4.16424586e-04 3.42535558e-04 3.42535558e-04]
  [1.76668724e-04 2.20620726e-01 1.36211416e+01 6.94200414e-04
   4.18222705e-04 3.43766397e-04 3.43766397e-04]
  [1.99097418e-04 2.47942146e-01 1.32802751e+01 6.81103589e-04
   4.11002888e-04 3.37728040e-04 3.37728040e-04]
  [1.62667633e-04 1.97522994e-01 1.38386447e+01 7.04116266e-04
   4.24878325e-04 3.49162815e-04 3.49162815e-04]
  [1.78214864e-04 2.21033641e-01 1.38002275e+01 6.93767591e-04
   4.18349330e-04 3.43777228e-04 3.43777228e-04]
  [1.71268611e-04 2.13257680e-01 1.38656387e+01 6.97362834e-04
   4.20225095e-04 3.45672256e-04 3.45672256e-04]]

 [[1.81525559e-04 2.25825141e-01 1.35663492e+01 6.91613432e-04
   4.17009558e-04 3.42779419e-04 3.42779419e-04]
  [1.93006597e-04 2.38291443e-01 1.33469725e+01 6.85436239e-04
   4.13783336e-04 3.39927610e-04 3.39927610e-04]
  [1.87697507e-04 2.31945660e-01 1.35542573e+01 6.88684825e-04
   4.15080933e-04 3.41345114e-04 3.41345114e-04]
  [1.77934929e-04 2.20541086e-01 1.36742968e+01 6.93771777e-04
   4.18338782e-04 3.43988314e-04 3.43988314e-04]
  [1.76549423e-04 2.20004546e-01 1.37969803e+01 6.94444553e-04
   4.18407315e-04 3.44107265e-04 3.44107265e-04]
  [1.62223187e-04 2.02492168e-01 1.38417706e+01 7.02401407e-04
   4.23320165e-04 3.48045949e-04 3.48045949e-04]
  [1.73693273e-04 2.16246290e-01 1.36180523e+01 6.95178737e-04
   4.20020093e-04 3.45088032e-04 3.45088032e-04]
  [1.84147732e-04 2.28980670e-01 1.36105637e+01 6.89194190e-04
   4.16589530e-04 3.42146130e-04 3.42146130e-04]]]

Cumulative Reward: 6688.0511670177875
