Scheduler Table:
[[[7.63208079e-05 1.75597531e-01 1.88727170e+02 3.92428691e-03
   1.14058597e-02 1.01301845e-02 1.01301845e-02]
  [7.92417889e-05 1.74908259e-01 1.89962487e+02 3.92431479e-03
   1.14063758e-02 1.01307131e-02 1.01307131e-02]
  [8.07369286e-05 1.75269883e-01 1.89272761e+02 3.92427925e-03
   1.14065246e-02 1.01308161e-02 1.01308161e-02]]

 [[7.64148951e-05 1.75204926e-01 1.88844509e+02 3.92429094e-03
   1.14063970e-02 1.01307109e-02 1.01307109e-02]
  [8.82402845e-05 1.75059103e-01 1.89862177e+02 3.92432115e-03
   1.14063738e-02 1.01307287e-02 1.01307287e-02]
  [4.11355828e-03 1.60576211e-01 2.08477275e+02 4.00020727e-03
   1.06947814e-02 9.56161821e-03 9.56161821e-03]]

 [[7.71658466e-05 1.76400379e-01 1.89706546e+02 3.92424586e-03
   1.14054281e-02 1.01296412e-02 1.01296412e-02]
  [6.97400848e-05 1.68824532e-01 2.01231438e+02 3.92839822e-03
   1.13667404e-02 1.01004575e-02 1.01004575e-02]
  [6.06663375e-05 1.15629149e-01 2.09470785e+02 4.22268881e-03
   6.39997437e-03 6.17884783e-03 6.38799328e-03]]]

Buffer Table:
[[[6.59670785e-05 1.74199940e-01 1.90127450e+02 3.92431287e-03
   1.14062396e-02 1.01305569e-02 1.01305569e-02]
  [3.80450844e-04 1.15647782e-01 2.11049370e+02 4.26184794e-03
   6.17892391e-03 6.16188373e-03 6.16188373e-03]
  [6.09567301e-05 1.69402383e-01 1.97321235e+02 3.92453430e-03
   1.14109321e-02 1.01355989e-02 1.01355989e-02]]

 [[3.78424739e-04 1.15641492e-01 2.11145692e+02 4.25643613e-03
   6.37449082e-03 6.14407051e-03 6.35321595e-03]
  [6.55988208e-05 1.73988527e-01 1.89607809e+02 3.92430419e-03
   1.14060543e-02 1.01304044e-02 1.01304044e-02]
  [7.27466118e-05 1.74416254e-01 1.89341795e+02 3.92428544e-03
   1.14050679e-02 1.01293817e-02 1.01293817e-02]]

 [[6.21853112e-05 1.74377549e-01 1.88241773e+02 3.92429910e-03
   1.14063783e-02 1.01306877e-02 1.01306877e-02]
  [5.93071252e-05 1.63034404e-01 2.00318825e+02 3.92473628e-03
   1.14153420e-02 1.01403190e-02 1.01403190e-02]
  [6.41503686e-05 1.74192651e-01 1.89418230e+02 3.92428562e-03
   1.14063708e-02 1.01306691e-02 1.01306691e-02]]]

Arbiter Table:
[[[1.53880714e-04 1.15358249e-01 2.09786051e+02 4.22433263e-03
   6.38463417e-03 6.16656892e-03 6.37571437e-03]
  [7.07343320e-05 1.68136739e-01 2.02248721e+02 3.92454514e-03
   1.14116022e-02 1.01362925e-02 1.01362925e-02]
  [8.27236551e-05 1.41673671e-01 1.96670597e+02 3.92550672e-03
   1.14295925e-02 1.01557885e-02 1.01557885e-02]]

 [[7.22977433e-05 1.64632453e-01 2.06380234e+02 3.92470284e-03
   1.14149348e-02 1.01398905e-02 1.01398905e-02]
  [7.80364249e-05 1.74811452e-01 1.89244952e+02 3.92423492e-03
   1.14061061e-02 1.01303048e-02 1.01303048e-02]
  [8.22877412e-05 1.74068569e-01 1.89340715e+02 3.92428726e-03
   1.14063023e-02 1.01305667e-02 1.01305667e-02]]

 [[7.27685930e-05 1.61335214e-01 1.97148269e+02 3.92483103e-03
   1.14167300e-02 1.01418642e-02 1.01418642e-02]
  [7.27125405e-05 1.74666230e-01 1.89064346e+02 3.92428463e-03
   1.14056916e-02 1.01299876e-02 1.01299876e-02]
  [7.51054566e-05 1.74519110e-01 1.88816992e+02 3.92426296e-03
   1.14059419e-02 1.01302022e-02 1.01302022e-02]]]

Page Table:
[[[1.53897276e-04 1.15455994e-01 2.09779017e+02 4.22433123e-03
   6.38463449e-03 6.16656850e-03 6.37571394e-03]
  [2.23650369e-04 1.16702817e+00 1.90539651e+02 3.91126437e-03
   1.14485499e-02 1.01678699e-02 1.01678699e-02]
  [2.25365527e-04 1.16106997e+00 1.90178697e+02 3.91133066e-03
   1.14481423e-02 1.01674854e-02 1.01674854e-02]
  [2.32020523e-04 1.16737423e+00 1.91068952e+02 3.91123774e-03
   1.14485660e-02 1.01678404e-02 1.01678404e-02]]

 [[1.77622532e-04 9.04327572e-01 1.99613939e+02 3.91502595e-03
   1.14456722e-02 1.01669716e-02 1.01669716e-02]
  [2.25243611e-04 1.17067233e+00 1.89529574e+02 3.91121250e-03
   1.14484010e-02 1.01676885e-02 1.01676885e-02]
  [2.24119849e-04 1.16900798e+00 1.90133752e+02 3.91124840e-03
   1.14483251e-02 1.01676695e-02 1.01676695e-02]
  [2.21806814e-04 1.17009506e+00 1.89099255e+02 3.91122217e-03
   1.14484215e-02 1.01677896e-02 1.01677896e-02]]

 [[2.26098414e-04 1.19477699e+00 1.89201857e+02 3.91087281e-03
   1.14481727e-02 1.01673214e-02 1.01673214e-02]
  [1.96576974e-04 1.01800817e+00 2.01602924e+02 3.91339113e-03
   1.14471356e-02 1.01675435e-02 1.01675435e-02]
  [2.27592142e-04 1.17955237e+00 1.90144550e+02 3.91110823e-03
   1.14478326e-02 1.01671283e-02 1.01671283e-02]
  [2.22669575e-04 1.17389410e+00 1.88008933e+02 3.91116133e-03
   1.14483222e-02 1.01675823e-02 1.01675823e-02]]

 [[1.91128198e-04 9.45958585e-01 2.07293046e+02 3.91441403e-03
   1.14477063e-02 1.01686944e-02 1.01686944e-02]
  [2.21551646e-04 1.16946404e+00 1.89768254e+02 3.91122883e-03
   1.14486457e-02 1.01679380e-02 1.01679380e-02]
  [2.25887343e-04 1.17121171e+00 1.90713831e+02 3.91119327e-03
   1.14479498e-02 1.01672149e-02 1.01672149e-02]
  [2.23375123e-04 1.18141865e+00 1.88970814e+02 3.91109360e-03
   1.14487255e-02 1.01680171e-02 1.01680171e-02]]]

Response Table:
[[[6.03286817e-05 1.47348675e-01 1.87897575e+02]
  [5.92975598e-05 1.47271247e-01 1.89924919e+02]]

 [[5.96009800e-05 1.47277602e-01 1.89857720e+02]
  [1.53880713e-04 1.15358242e-01 2.09786059e+02]]]

Refresh Table:
[[[1.53880713e-04 1.15358242e-01 2.09786059e+02]
  [6.21249608e-05 1.47709868e-01 1.90029202e+02]]

 [[6.13537836e-05 1.47868408e-01 1.90169786e+02]
  [6.12691779e-05 1.47788272e-01 1.90111990e+02]]]

Request Buffer Table:
[[[6.96601308e-04 2.26274135e+01 1.48685829e+02]
  [7.01929958e-04 2.24785826e+01 1.50152964e+02]
  [7.13994214e-04 2.29311135e+01 1.49764642e+02]
  [7.08719572e-04 2.29120623e+01 1.49200115e+02]
  [7.02488606e-04 2.27717150e+01 1.50267136e+02]
  [6.99702433e-04 2.26877513e+01 1.49667032e+02]
  [4.60420175e-04 1.47836683e+01 1.90641556e+02]
  [7.09840474e-04 2.29613246e+01 1.49549726e+02]]

 [[7.09264629e-04 2.28279599e+01 1.48847508e+02]
  [7.12142214e-04 2.31332945e+01 1.48300227e+02]
  [7.10661864e-04 2.29988256e+01 1.48758456e+02]
  [6.99554696e-04 2.26981338e+01 1.50999507e+02]
  [7.01181143e-04 2.27569655e+01 1.49008455e+02]
  [7.00939206e-04 2.25771880e+01 1.49176359e+02]
  [7.04811819e-04 2.28682239e+01 1.49277743e+02]
  [6.98618554e-04 2.26231950e+01 1.48888103e+02]]

 [[6.89046507e-04 2.23676252e+01 1.50960254e+02]
  [7.01946186e-04 2.27314143e+01 1.50221323e+02]
  [7.15154990e-04 2.30599328e+01 1.48675167e+02]
  [7.22614989e-04 2.33489572e+01 1.49184173e+02]
  [7.05088710e-04 2.28301155e+01 1.49330613e+02]
  [7.08143859e-04 2.28693247e+01 1.49459105e+02]
  [7.08155110e-04 2.29341378e+01 1.48789556e+02]
  [1.10551589e-04 2.50759548e+00 2.34317487e+02]]

 [[7.30571844e-04 2.36906464e+01 1.47735827e+02]
  [7.01189377e-04 2.26702659e+01 1.49660272e+02]
  [7.14637330e-04 2.26774384e+01 1.50690950e+02]
  [7.07195761e-04 2.29275650e+01 1.48842442e+02]
  [7.09696668e-04 2.27776202e+01 1.49835647e+02]
  [6.91642909e-04 2.24330887e+01 1.51789087e+02]
  [7.11169260e-04 2.31332142e+01 1.48098912e+02]
  [7.04380727e-04 2.27917151e+01 1.49814633e+02]]

 [[7.06778465e-04 2.28992551e+01 1.47965684e+02]
  [7.09933650e-04 2.27022317e+01 1.49807083e+02]
  [7.20593545e-04 2.31985575e+01 1.48595311e+02]
  [7.06933474e-04 2.28845312e+01 1.49895474e+02]
  [7.19872861e-04 2.29998648e+01 1.48557717e+02]
  [6.98419520e-04 2.25895325e+01 1.49993945e+02]
  [7.19826314e-04 2.30949486e+01 1.48997442e+02]
  [3.91611124e-04 1.20971638e+01 1.91718992e+02]]

 [[7.12776977e-04 2.29936615e+01 1.49588636e+02]
  [6.99386837e-04 2.26741829e+01 1.49103198e+02]
  [7.11848230e-04 2.31088466e+01 1.48497375e+02]
  [7.11600925e-04 2.30811352e+01 1.49063921e+02]
  [7.22784014e-04 2.26230893e+01 1.48885367e+02]
  [1.53881780e-04 1.15394758e-01 2.09785908e+02]
  [6.93946232e-04 2.24958441e+01 1.49973927e+02]
  [6.99946937e-04 2.27408206e+01 1.50518893e+02]]

 [[7.12338763e-04 2.31642770e+01 1.48251235e+02]
  [7.11641090e-04 2.29694129e+01 1.49568464e+02]
  [6.99987667e-04 2.27207584e+01 1.48517986e+02]
  [7.22405954e-04 2.35101866e+01 1.48190808e+02]
  [1.87763958e-04 5.20130237e+00 2.15434919e+02]
  [7.06605130e-04 2.28881046e+01 1.49550616e+02]
  [7.19202167e-04 2.33816667e+01 1.49020769e+02]
  [7.12533980e-04 2.30104525e+01 1.49388564e+02]]

 [[6.90468878e-04 2.23655554e+01 1.50896510e+02]
  [7.06764136e-04 2.29039539e+01 1.47908537e+02]
  [5.21341729e-04 1.64256921e+01 1.75788743e+02]
  [7.12260777e-04 2.31098285e+01 1.47914442e+02]
  [7.06573319e-04 2.29501693e+01 1.48644814e+02]
  [7.36124572e-04 2.39596826e+01 1.47083230e+02]
  [6.91391835e-04 2.24343970e+01 1.50773532e+02]
  [7.09155368e-04 2.29549948e+01 1.48782174e+02]]]

Ref Max Post Table:
[[[2.30747092e-04 1.19782780e+00 1.90523015e+02]
  [2.27980976e-04 1.17210931e+00 1.90133882e+02]
  [2.27886769e-04 1.16008741e+00 1.92421758e+02]
  [2.28584977e-04 1.18454942e+00 1.89530462e+02]]

 [[2.29070165e-04 1.16774991e+00 1.90075652e+02]
  [2.28124050e-04 1.17475458e+00 1.90020241e+02]
  [2.30039676e-04 1.16982110e+00 1.89063837e+02]
  [1.80557500e-04 9.20259617e-01 2.02227916e+02]]

 [[2.29880336e-04 1.17722937e+00 1.90672344e+02]
  [2.27762395e-04 1.18435452e+00 1.90015677e+02]
  [2.36704144e-04 1.18225026e+00 1.89742155e+02]
  [9.49597067e-04 8.81730080e-01 2.03346683e+02]]

 [[2.29362174e-04 1.17637562e+00 1.91320940e+02]
  [2.23181099e-04 1.12125608e+00 1.91787372e+02]
  [1.96966333e-04 1.01932405e+00 1.99034528e+02]
  [6.54061141e-05 1.42545948e-01 2.08657959e+02]]]

Ref Max Pull Table:
[[[2.23052770e-04 1.15439826e+00 1.90471770e+02]
  [1.75871094e-04 8.78153005e-01 2.09813591e+02]
  [2.28708460e-04 1.18112130e+00 1.89709373e+02]
  [2.20797926e-04 1.14433548e+00 1.89298725e+02]]

 [[2.19957582e-04 1.13648311e+00 1.90057573e+02]
  [2.22497031e-04 1.15224821e+00 1.90380327e+02]
  [2.24565760e-04 1.16126989e+00 1.89872056e+02]
  [2.59646842e-03 8.45058944e-01 2.09408676e+02]]

 [[1.94785595e-04 9.85908477e-01 2.01570560e+02]
  [1.92331121e-04 9.80984535e-01 2.00218615e+02]
  [1.64366828e-04 1.61706803e-01 2.08825479e+02]
  [8.59843102e-04 6.38058926e-01 2.04125559e+02]]

 [[2.32104435e-04 1.13976740e+00 1.90507877e+02]
  [2.29182001e-04 1.17350980e+00 1.90670624e+02]
  [9.36520940e-04 5.72672248e-01 2.05955000e+02]
  [2.43120181e-04 1.17508637e+00 1.90605525e+02]]]

Max Activate Table:
[[[6.91821147e-04 2.31705657e+01 1.49050411e+02 3.04319416e-03
   9.41586394e-03 8.36603200e-03 8.36603200e-03]
  [6.90622842e-04 2.32919847e+01 1.49024615e+02 3.03853425e-03
   9.40493821e-03 8.35633227e-03 8.35633227e-03]
  [6.94054235e-04 2.34148393e+01 1.48828208e+02 3.03381801e-03
   9.39436771e-03 8.34691165e-03 8.34691165e-03]
  [6.96103420e-04 2.33827760e+01 1.48272721e+02 3.03506821e-03
   9.39751148e-03 8.34978203e-03 8.34978203e-03]
  [7.03678215e-04 2.35994228e+01 1.48885160e+02 3.02673550e-03
   9.37801012e-03 8.33231790e-03 8.33231790e-03]
  [6.94551377e-04 2.34292493e+01 1.48867204e+02 3.03325496e-03
   9.39309626e-03 8.34579476e-03 8.34579476e-03]
  [6.29225444e-04 1.61756814e+01 1.68534540e+02 3.42454178e-03
   8.40392041e-03 7.67075836e-03 7.67075836e-03]
  [6.84988645e-04 2.27686823e+01 1.50828365e+02 3.05857617e-03
   9.45056339e-03 8.39685231e-03 8.39685231e-03]]

 [[7.02448041e-04 2.36864063e+01 1.47629603e+02 3.02341023e-03
   9.37061261e-03 8.32581772e-03 8.32581772e-03]
  [6.93773819e-04 2.32060033e+01 1.51562351e+02 3.04180691e-03
   9.41250276e-03 8.36298052e-03 8.36298052e-03]
  [6.90686556e-04 2.33377529e+01 1.48776925e+02 3.03674827e-03
   9.40054329e-03 8.35232749e-03 8.35232749e-03]
  [7.17457019e-04 2.42714680e+01 1.47545952e+02 3.00100837e-03
   9.31926485e-03 8.28019224e-03 8.28019224e-03]
  [6.93053037e-04 2.31283157e+01 1.48915838e+02 3.04478410e-03
   9.42008979e-03 8.36981015e-03 8.36981015e-03]
  [7.36224529e-04 2.37124887e+01 1.48827125e+02 3.02239511e-03
   9.36853447e-03 8.32393281e-03 8.32393281e-03]
  [6.88041964e-04 2.31172956e+01 1.49779614e+02 3.04517956e-03
   9.42041565e-03 8.37002167e-03 8.37002167e-03]
  [6.92027518e-04 2.32755850e+01 1.49084894e+02 3.03914288e-03
   9.40606448e-03 8.35724458e-03 8.35724458e-03]]

 [[6.86063243e-04 2.30668823e+01 1.48810848e+02 3.04717709e-03
   9.42496038e-03 8.37416121e-03 8.37416121e-03]
  [7.06262129e-04 2.36937428e+01 1.48066798e+02 3.02312863e-03
   9.37031581e-03 8.32557448e-03 8.32557448e-03]
  [6.91551048e-04 2.31339685e+01 1.49123722e+02 3.04461127e-03
   9.41898721e-03 8.36887730e-03 8.36887730e-03]
  [7.11518961e-04 2.39231581e+01 1.48270276e+02 3.01432726e-03
   9.35008656e-03 8.30753631e-03 8.30753631e-03]
  [7.05793829e-04 2.37282905e+01 1.47887256e+02 3.02180815e-03
   9.36685946e-03 8.32245793e-03 8.32245793e-03]
  [6.90347760e-04 2.32310115e+01 1.49368704e+02 3.04086160e-03
   9.41029499e-03 8.36106273e-03 8.36106273e-03]
  [6.82574963e-04 2.30400609e+01 1.50794995e+02 3.04815549e-03
   9.42689391e-03 8.37573054e-03 8.37573054e-03]
  [6.86670413e-04 2.30927986e+01 1.49259564e+02 3.04616057e-03
   9.42207761e-03 8.37150504e-03 8.37150504e-03]]

 [[6.92037706e-04 2.31991973e+01 1.48731823e+02 3.04210217e-03
   9.41247821e-03 8.36298401e-03 8.36298401e-03]
  [6.87644402e-04 2.30946678e+01 1.48583306e+02 3.04612988e-03
   9.42302688e-03 8.37254391e-03 8.37254391e-03]
  [6.84898659e-04 2.29749179e+01 1.49316312e+02 3.05067352e-03
   9.43313259e-03 8.38139384e-03 8.38139384e-03]
  [4.76483922e-04 1.60095290e+01 1.69962772e+02 3.36318258e-03
   8.93658382e-03 7.92921478e-03 8.13836023e-03]
  [6.82400290e-04 2.29838298e+01 1.50932373e+02 3.05034525e-03
   9.43202872e-03 8.38040244e-03 8.38040244e-03]
  [7.03366615e-04 2.35581785e+01 1.48996708e+02 3.02835768e-03
   9.38170844e-03 8.33569667e-03 8.33569667e-03]
  [7.02507065e-04 2.37026153e+01 1.48776506e+02 3.02278213e-03
   9.36882623e-03 8.32414748e-03 8.32414748e-03]
  [6.95154111e-04 2.34560667e+01 1.48601909e+02 3.03224382e-03
   9.39095428e-03 8.34390177e-03 8.34390177e-03]]

 [[6.91876282e-04 2.33167259e+01 1.48973204e+02 3.03757416e-03
   9.40296071e-03 8.35454910e-03 8.35454910e-03]
  [7.14967521e-04 2.41786608e+01 1.46897952e+02 3.00453804e-03
   9.32770763e-03 8.28767416e-03 8.28767416e-03]
  [6.82806193e-04 2.29010148e+01 1.50218524e+02 3.05350882e-03
   9.43941013e-03 8.38697158e-03 8.38697158e-03]
  [6.96740932e-04 2.34586608e+01 1.47549276e+02 3.03216115e-03
   9.39101263e-03 8.34408561e-03 8.34408561e-03]
  [6.94832810e-04 2.34551753e+01 1.48758951e+02 3.03226563e-03
   9.39094868e-03 8.34385158e-03 8.34385158e-03]
  [7.03063506e-04 2.37006239e+01 1.48650697e+02 3.02286744e-03
   9.36894938e-03 8.32429550e-03 8.32429550e-03]
  [6.95723324e-04 2.34492869e+01 1.48130753e+02 3.03249488e-03
   9.39178704e-03 8.34466082e-03 8.34466082e-03]
  [6.90042714e-04 2.30805424e+01 1.51185546e+02 3.04664510e-03
   9.42301987e-03 8.37236681e-03 8.37236681e-03]]

 [[7.01003631e-04 2.36992481e+01 1.47934795e+02 3.02288467e-03
   9.36899819e-03 8.32426853e-03 8.32426853e-03]
  [6.99387417e-04 2.36153114e+01 1.47555037e+02 3.02614262e-03
   9.37608981e-03 8.33060118e-03 8.33060118e-03]
  [7.01425263e-04 2.36991509e+01 1.47313699e+02 3.02291039e-03
   9.36971757e-03 8.32504153e-03 8.32504153e-03]
  [6.93026722e-04 2.31018159e+01 1.49684839e+02 3.04583363e-03
   9.42292523e-03 8.37244859e-03 8.37244859e-03]
  [6.89515041e-04 2.31784504e+01 1.48778328e+02 3.04287057e-03
   9.41465765e-03 8.36490563e-03 8.36490563e-03]
  [6.95630427e-04 2.34730583e+01 1.48674327e+02 3.03160090e-03
   9.38900654e-03 8.34214460e-03 8.34214460e-03]
  [6.79375094e-04 2.28096753e+01 1.51592242e+02 3.05700816e-03
   9.44789347e-03 8.39456922e-03 8.39456922e-03]
  [6.87508972e-04 2.30277658e+01 1.49255690e+02 3.04865096e-03
   9.42817189e-03 8.37695212e-03 8.37695212e-03]]

 [[4.78765731e-04 1.15927969e-01 2.11749379e+02 4.29800109e-03
   6.13714548e-03 6.11565848e-03 6.11565848e-03]
  [6.87293353e-04 2.29894294e+01 1.49434319e+02 3.05009535e-03
   9.43140631e-03 8.37978639e-03 8.37978639e-03]
  [7.10039419e-04 2.39949272e+01 1.47180602e+02 3.01157597e-03
   9.34411592e-03 8.30227337e-03 8.30227337e-03]
  [6.52533642e-04 2.18625713e+01 1.54824165e+02 3.09454048e-03
   9.49689107e-03 8.44333660e-03 8.44333660e-03]
  [7.03691315e-04 2.35438265e+01 1.48995924e+02 3.02887863e-03
   9.38334455e-03 8.33716940e-03 8.33716940e-03]
  [6.93302919e-04 2.33744303e+01 1.49473581e+02 3.03535337e-03
   9.39799485e-03 8.35017284e-03 8.35017284e-03]
  [6.81160731e-04 2.29424344e+01 1.49668558e+02 3.05191122e-03
   9.43534721e-03 8.38328915e-03 8.38328915e-03]
  [6.94991268e-04 2.33755504e+01 1.49677112e+02 3.03529740e-03
   9.39727744e-03 8.34943753e-03 8.34943753e-03]]

 [[6.99926107e-04 2.34460886e+01 1.48716714e+02 3.03258789e-03
   9.39197937e-03 8.34476997e-03 8.34476997e-03]
  [6.96488306e-04 2.35222923e+01 1.48947990e+02 3.02968484e-03
   9.38452049e-03 8.33812696e-03 8.33812696e-03]
  [6.85028232e-04 2.30153262e+01 1.49670628e+02 3.04910079e-03
   9.42925203e-03 8.37788196e-03 8.37788196e-03]
  [6.96941212e-04 2.32931941e+01 1.49046998e+02 3.03848397e-03
   9.40487358e-03 8.35628480e-03 8.35628480e-03]
  [6.80325413e-04 2.28660590e+01 1.49066018e+02 3.05486048e-03
   9.44246273e-03 8.38970565e-03 8.38970565e-03]
  [6.89635893e-04 2.30718649e+01 1.51679740e+02 3.04694618e-03
   9.42411112e-03 8.37328921e-03 8.37328921e-03]
  [6.93759016e-04 2.33878845e+01 1.48003943e+02 3.03482902e-03
   9.39635141e-03 8.34861310e-03 8.34861310e-03]
  [6.98451214e-04 2.35922027e+01 1.48506540e+02 3.02700479e-03
   9.37875158e-03 8.33298998e-03 8.33298998e-03]]]

Cumulative Reward: 9888.86796823948
