Scheduler Table:
[[[2.61005206e-04 5.83437630e-01 1.52431916e+02 7.80799491e-03
   4.70814932e-03 3.87078914e-03 3.87078914e-03]
  [2.61464620e-04 5.84468331e-01 1.52557266e+02 7.80676816e-03
   4.70884394e-03 3.87110232e-03 3.87110232e-03]
  [2.61894893e-04 5.84879591e-01 1.52727700e+02 7.80719750e-03
   4.70875838e-03 3.87098514e-03 3.87098514e-03]]

 [[2.60533828e-04 5.83485537e-01 1.52331569e+02 7.80787505e-03
   4.70831219e-03 3.87079285e-03 3.87079285e-03]
  [2.60199762e-04 5.82707926e-01 1.52579773e+02 7.80614805e-03
   4.70930138e-03 3.87117827e-03 3.87117827e-03]
  [2.15693692e-04 4.88828966e-01 1.74997245e+02 7.82579092e-03
   4.71559464e-03 3.87867309e-03 3.87867309e-03]]

 [[2.63182635e-04 5.85359035e-01 1.52470664e+02 7.80583635e-03
   4.70880396e-03 3.87092302e-03 3.87092302e-03]
  [2.60149668e-04 5.82457885e-01 1.52863509e+02 7.80557474e-03
   4.70949532e-03 3.87127151e-03 3.87127151e-03]
  [1.09503109e-04 8.67202946e-01 2.59797863e+02 7.88180056e-03
   4.80027819e-03 3.90762048e-03 3.91663106e-03]]]

Buffer Table:
[[[3.44278959e-04 5.81085751e-01 1.52537146e+02 7.80864261e-03
   4.70888656e-03 3.87127601e-03 3.87127601e-03]
  [3.46230516e-04 5.83424839e-01 1.52530486e+02 7.80699241e-03
   4.70905130e-03 3.87110690e-03 3.87110690e-03]
  [7.35574143e-05 1.35600919e-01 2.55581490e+02 7.88593466e-03
   4.76226967e-03 3.90595868e-03 3.91499637e-03]]

 [[3.42011711e-04 5.77710008e-01 1.52721985e+02 7.80863391e-03
   4.70931491e-03 3.87158638e-03 3.87158638e-03]
  [3.46126629e-04 5.83945867e-01 1.52534395e+02 7.80742510e-03
   4.70836662e-03 3.87089059e-03 3.87089059e-03]
  [3.49404422e-04 5.83984651e-01 1.52259785e+02 7.80722390e-03
   4.70947954e-03 3.87105439e-03 3.87105439e-03]]

 [[1.19763359e-04 8.83594804e-01 2.55356668e+02 7.88106246e-03
   4.78779206e-03 3.90722785e-03 3.90991204e-03]
  [3.45259780e-04 5.82343717e-01 1.52633780e+02 7.80632274e-03
   4.70926341e-03 3.87130973e-03 3.87130973e-03]
  [2.61126493e-04 4.50392504e-01 1.81091351e+02 7.82471009e-03
   4.72546131e-03 3.88178365e-03 3.88178365e-03]]]

Arbiter Table:
[[[1.16597557e-04 8.77498765e-01 2.57531150e+02 7.88049083e-03
   4.79902342e-03 3.90678196e-03 3.91579254e-03]
  [3.13291135e-04 5.31222662e-01 1.63793186e+02 7.81519427e-03
   4.71280261e-03 3.87509398e-03 3.87509398e-03]
  [3.46504272e-04 5.72229165e-01 1.54501154e+02 7.80869973e-03
   4.70944341e-03 3.87172511e-03 3.87172511e-03]]

 [[2.19360211e-04 3.89457836e-01 1.96052401e+02 7.83872376e-03
   4.72748968e-03 3.88638950e-03 3.88638950e-03]
  [3.53760310e-04 5.87755932e-01 1.52081998e+02 7.80534799e-03
   4.70820660e-03 3.87041981e-03 3.87041981e-03]
  [3.50574003e-04 5.83237667e-01 1.52219296e+02 7.80765251e-03
   4.70826916e-03 3.87075614e-03 3.87075614e-03]]

 [[3.49502309e-04 5.82145283e-01 1.52360404e+02 7.80686399e-03
   4.70845801e-03 3.87089594e-03 3.87089594e-03]
  [3.12236349e-04 5.17740994e-01 1.67486113e+02 7.81991523e-03
   4.71353398e-03 3.87603388e-03 3.87603388e-03]
  [3.54640556e-04 5.86339724e-01 1.52254975e+02 7.80537317e-03
   4.70836381e-03 3.87030321e-03 3.87030321e-03]]]

Page Table:
[[[9.62350667e-04 1.90449250e+00 1.42397252e+02 7.29112247e-03
   4.39981800e-03 3.61631367e-03 3.61631367e-03]
  [5.14956599e-04 1.02553606e+00 1.95819163e+02 7.57729980e-03
   4.57735954e-03 3.76012228e-03 3.76012228e-03]
  [9.67976122e-04 1.89489661e+00 1.42122164e+02 7.29179558e-03
   4.40311628e-03 3.61815366e-03 3.61815366e-03]
  [9.36172779e-04 1.85465054e+00 1.42769423e+02 7.30832262e-03
   4.40978071e-03 3.62432654e-03 3.62432654e-03]]

 [[7.69686044e-04 1.53017752e+00 1.63139365e+02 7.41303765e-03
   4.47654793e-03 3.67741823e-03 3.67741823e-03]
  [2.28378954e-04 1.10327466e+00 2.44728796e+02 7.80304729e-03
   4.75362190e-03 3.86888760e-03 3.87789818e-03]
  [9.30472297e-04 1.84359372e+00 1.42875666e+02 7.31075863e-03
   4.41270953e-03 3.62657021e-03 3.62657021e-03]
  [9.31659385e-04 1.84661968e+00 1.42585146e+02 7.31101559e-03
   4.41124682e-03 3.62553379e-03 3.62553379e-03]]

 [[8.73101076e-04 1.73292650e+00 1.50482018e+02 7.34984081e-03
   4.43321961e-03 3.64429118e-03 3.64429118e-03]
  [9.35290296e-04 1.85275052e+00 1.42718970e+02 7.31076001e-03
   4.40959882e-03 3.62461585e-03 3.62461585e-03]
  [9.44179154e-04 1.86983857e+00 1.42540779e+02 7.30329579e-03
   4.40662372e-03 3.62222275e-03 3.62222275e-03]
  [9.43672035e-04 1.86808128e+00 1.42613960e+02 7.30241268e-03
   4.40748050e-03 3.62242206e-03 3.62242206e-03]]

 [[9.33822361e-04 1.84962880e+00 1.42604442e+02 7.31089696e-03
   4.41031179e-03 3.62514870e-03 3.62514870e-03]
  [9.33830192e-04 1.84963495e+00 1.42909743e+02 7.31139046e-03
   4.41040699e-03 3.62526738e-03 3.62526738e-03]
  [9.42538035e-04 1.86661451e+00 1.42497703e+02 7.30545080e-03
   4.40683093e-03 3.62244930e-03 3.62244930e-03]
  [9.36799745e-04 1.85626422e+00 1.42520687e+02 7.30839678e-03
   4.40908506e-03 3.62401339e-03 3.62401339e-03]]]

Response Table:
[[[4.67145076e-05 1.61191347e-01 1.53888680e+02]
  [6.21737119e-05 1.18311366e-01 2.58589386e+02]]

 [[1.08399731e-04 8.66335740e-01 2.58359260e+02]
  [4.71484180e-05 1.61449864e-01 1.53964598e+02]]]

Refresh Table:
[[[4.99085980e-05 1.61812825e-01 1.53987634e+02]
  [5.55315325e-05 1.47491508e-01 1.90488154e+02]]

 [[4.96734302e-05 1.59253818e-01 1.60632140e+02]
  [1.05785032e-04 8.68399472e-01 2.50464112e+02]]]

Request Buffer Table:
[[[1.15767444e-03 3.00440771e+00 7.35061426e+01]
  [1.15167321e-03 2.98981273e+00 7.37265613e+01]
  [1.15653220e-03 3.00167297e+00 7.36312772e+01]
  [1.15103672e-03 2.98551926e+00 7.42153349e+01]
  [1.15715727e-03 3.00287400e+00 7.38737558e+01]
  [1.15464789e-03 2.99683967e+00 7.40986231e+01]
  [1.15283416e-03 2.98841781e+00 7.41946967e+01]
  [7.90189644e-04 2.04364103e+00 1.34130594e+02]]

 [[1.15412418e-03 2.99560132e+00 7.34732786e+01]
  [1.16570405e-03 3.02468323e+00 7.28733151e+01]
  [1.16126190e-03 3.01391876e+00 7.32641468e+01]
  [1.15982747e-03 3.01012026e+00 7.34357238e+01]
  [1.15811830e-03 3.00408997e+00 7.37727186e+01]
  [1.15949689e-03 3.00976375e+00 7.35372810e+01]
  [1.07713573e-03 2.79388862e+00 8.55705233e+01]
  [1.15181106e-03 2.98838092e+00 7.43538889e+01]]

 [[1.18264598e-03 3.04153806e+00 7.23313728e+01]
  [1.15290499e-03 2.99133078e+00 7.38687051e+01]
  [1.16440049e-03 3.02057490e+00 7.31853024e+01]
  [1.17139301e-03 3.03897754e+00 7.25391749e+01]
  [1.14849670e-03 2.98030095e+00 7.44975953e+01]
  [1.17691039e-03 3.05306691e+00 7.21172783e+01]
  [1.16651710e-03 3.02158062e+00 7.31679457e+01]
  [1.15405513e-03 2.99080956e+00 7.40727174e+01]]

 [[1.16596475e-03 3.02525082e+00 7.28885295e+01]
  [1.16498429e-03 3.02305467e+00 7.28413761e+01]
  [1.16587403e-03 3.02506929e+00 7.31157197e+01]
  [1.16363136e-03 3.02012190e+00 7.28798009e+01]
  [1.15901306e-03 3.00873672e+00 7.38931273e+01]
  [1.16768031e-03 3.03028899e+00 7.28389048e+01]
  [1.16830569e-03 3.02395277e+00 7.29360514e+01]
  [1.14334286e-03 2.96362656e+00 7.50167865e+01]]

 [[1.15518902e-03 2.99615000e+00 7.35751094e+01]
  [1.14759029e-03 2.97896732e+00 7.43761748e+01]
  [1.17474257e-03 3.01637836e+00 7.31324372e+01]
  [1.15149595e-03 2.98541382e+00 7.43558197e+01]
  [1.15939437e-03 2.99639374e+00 7.37879747e+01]
  [1.16635554e-03 3.02695283e+00 7.27967980e+01]
  [1.14509658e-03 2.97209060e+00 7.50354866e+01]
  [1.15324897e-03 2.98880864e+00 7.40105493e+01]]

 [[1.16372964e-03 3.01997284e+00 7.28507387e+01]
  [1.15427201e-03 2.99534409e+00 7.36186050e+01]
  [1.15868950e-03 3.00782368e+00 7.33893318e+01]
  [1.16522321e-03 3.02364161e+00 7.32314645e+01]
  [1.15694595e-03 3.00253098e+00 7.37050534e+01]
  [1.15027027e-03 2.98520636e+00 7.46567872e+01]
  [1.15730836e-03 3.00364172e+00 7.38614857e+01]
  [1.14382480e-03 2.96735363e+00 7.49336206e+01]]

 [[1.15610933e-03 3.00091967e+00 7.35382041e+01]
  [1.16183277e-03 3.01332661e+00 7.32324952e+01]
  [1.16837717e-03 3.03122415e+00 7.27070992e+01]
  [1.16162560e-03 3.01458221e+00 7.32786394e+01]
  [1.16037698e-03 3.00244399e+00 7.34271406e+01]
  [1.15063704e-03 2.98529982e+00 7.43022207e+01]
  [1.16237558e-03 3.01693784e+00 7.36579862e+01]
  [8.17971514e-04 2.10400035e+00 1.29248136e+02]]

 [[1.07545265e-03 2.79341035e+00 8.55051469e+01]
  [1.14671842e-03 2.97691805e+00 7.42506601e+01]
  [1.15106883e-03 2.98760965e+00 7.40628974e+01]
  [1.15503167e-03 2.99653872e+00 7.39023342e+01]
  [1.15000557e-03 2.98270087e+00 7.44071030e+01]
  [1.16203857e-03 3.01643329e+00 7.31617669e+01]
  [1.14342261e-03 2.96548223e+00 7.51725514e+01]
  [1.95105777e-04 1.09545923e+00 2.45868842e+02]]]

Ref Max Post Table:
[[[9.44789442e-04 1.84997844e+00 1.42762238e+02]
  [9.48572238e-04 1.85725629e+00 1.42478247e+02]
  [9.65377031e-04 1.88871050e+00 1.42425440e+02]
  [7.58994141e-04 1.48308044e+00 1.66017578e+02]]

 [[9.48294563e-04 1.85683031e+00 1.42560521e+02]
  [9.46151378e-04 1.85298281e+00 1.42491804e+02]
  [9.25048356e-04 1.81320976e+00 1.44327769e+02]
  [9.46116746e-04 1.85324120e+00 1.42645653e+02]]

 [[9.55097490e-04 1.85642015e+00 1.42595237e+02]
  [9.49959983e-04 1.85979344e+00 1.42756071e+02]
  [9.52094282e-04 1.86425338e+00 1.42505049e+02]
  [7.32567350e-04 1.44896178e+00 1.69326186e+02]]

 [[9.36389188e-04 1.83486165e+00 1.43145355e+02]
  [9.33068536e-04 1.82787756e+00 1.43600508e+02]
  [9.46174308e-04 1.84874511e+00 1.42708715e+02]
  [1.53056567e-04 9.52870818e-01 2.54565280e+02]]]

Ref Max Pull Table:
[[[1.08416762e-04 8.64902359e-01 2.60428045e+02]
  [9.42794171e-04 1.85012526e+00 1.42691190e+02]
  [9.53180766e-04 1.86644073e+00 1.42614564e+02]
  [9.33639021e-04 1.83108376e+00 1.42687191e+02]]

 [[9.39772154e-04 1.84528025e+00 1.42718954e+02]
  [9.47026230e-04 1.85858098e+00 1.42356526e+02]
  [9.44843320e-04 1.85357757e+00 1.42612753e+02]
  [9.35666386e-04 1.83668638e+00 1.43076173e+02]]

 [[9.36716070e-04 1.83938090e+00 1.42567100e+02]
  [9.44888269e-04 1.85468945e+00 1.42630461e+02]
  [9.43440770e-04 1.84979104e+00 1.42552664e+02]
  [9.39291457e-04 1.84325931e+00 1.42537373e+02]]

 [[9.33915632e-04 1.83390697e+00 1.42748917e+02]
  [9.43859198e-04 1.85188276e+00 1.43125430e+02]
  [9.45909758e-04 1.85178895e+00 1.42733953e+02]
  [9.50687506e-04 1.86335140e+00 1.42530781e+02]]]

Max Activate Table:
[[[1.16829016e-03 3.03373282e+00 7.24895909e+01 3.73138488e-03
   2.25332410e-03 1.85158830e-03 1.85158830e-03]
  [1.15308442e-03 2.99443224e+00 7.35980571e+01 3.78866440e-03
   2.28729869e-03 1.87948252e-03 1.87948252e-03]
  [1.17471063e-03 3.05011773e+00 7.21942266e+01 3.70884390e-03
   2.23905185e-03 1.83972960e-03 1.83972960e-03]
  [1.15570516e-03 3.00291350e+00 7.34657522e+01 3.77571698e-03
   2.28003715e-03 1.87354551e-03 1.87354551e-03]
  [1.17689658e-03 3.05483970e+00 7.20456507e+01 3.70102723e-03
   2.23595464e-03 1.83638686e-03 1.83638686e-03]
  [1.15708480e-03 3.00630782e+00 7.36472330e+01 3.77266062e-03
   2.27636427e-03 1.87075636e-03 1.87075636e-03]
  [1.15345159e-03 2.98764538e+00 7.42498364e+01 3.80089577e-03
   2.29203375e-03 1.88404238e-03 1.88404238e-03]
  [1.13899716e-03 2.95968194e+00 7.48095472e+01 3.83996782e-03
   2.31655220e-03 1.90416104e-03 1.90416104e-03]]

 [[1.16959637e-03 3.03750172e+00 7.22403758e+01 3.72801280e-03
   2.24961965e-03 1.84867860e-03 1.84867860e-03]
  [1.17431181e-03 3.04968150e+00 7.22097878e+01 3.70864594e-03
   2.23941448e-03 1.84014923e-03 1.84014923e-03]
  [1.16789773e-03 3.03190049e+00 7.27157966e+01 3.73477629e-03
   2.25450133e-03 1.85258152e-03 1.85258152e-03]
  [1.17448225e-03 3.04944843e+00 7.23443695e+01 3.71213162e-03
   2.23893089e-03 1.83999190e-03 1.83999190e-03]
  [1.14782666e-03 2.98139271e+00 7.41921775e+01 3.80833422e-03
   2.29783159e-03 1.88847499e-03 1.88847499e-03]
  [1.15653078e-03 3.00270876e+00 7.37017469e+01 3.77779832e-03
   2.27962098e-03 1.87330320e-03 1.87330320e-03]
  [1.14894956e-03 2.97175215e+00 7.48711906e+01 3.82281136e-03
   2.30633945e-03 1.89534022e-03 1.89534022e-03]
  [1.15180552e-03 2.99241698e+00 7.39891597e+01 3.79226559e-03
   2.28872575e-03 1.88076366e-03 1.88076366e-03]]

 [[1.16680919e-03 3.02901566e+00 7.29929826e+01 3.74047757e-03
   2.25679490e-03 1.85475211e-03 1.85475211e-03]
  [1.16924251e-03 3.03672778e+00 7.23793127e+01 3.72750007e-03
   2.25065793e-03 1.84923413e-03 1.84923413e-03]
  [1.15203682e-03 2.99276550e+00 7.37863863e+01 3.79082705e-03
   2.28857307e-03 1.88068425e-03 1.88068425e-03]
  [1.16378330e-03 3.02068237e+00 7.29846090e+01 3.74992122e-03
   2.26459239e-03 1.86098451e-03 1.86098451e-03]
  [1.15332634e-03 2.99580717e+00 7.37498349e+01 3.78613856e-03
   2.28585702e-03 1.87844447e-03 1.87844447e-03]
  [1.15834331e-03 3.00268734e+00 7.36240459e+01 3.77679392e-03
   2.28017197e-03 1.87357076e-03 1.87357076e-03]
  [1.14226940e-03 2.96272024e+00 7.51483181e+01 3.83582639e-03
   2.31372837e-03 1.90173439e-03 1.90173439e-03]
  [1.15982391e-03 3.01170738e+00 7.38692943e+01 3.76502899e-03
   2.27154004e-03 1.86706170e-03 1.86706170e-03]]

 [[1.15463353e-03 2.99898873e+00 7.35203232e+01 3.78229668e-03
   2.28305790e-03 1.87617608e-03 1.87617608e-03]
  [1.15653746e-03 3.00460983e+00 7.31790143e+01 3.77439862e-03
   2.27807980e-03 1.87202814e-03 1.87202814e-03]
  [1.14452799e-03 2.97291427e+00 7.47676490e+01 3.81882821e-03
   2.30619114e-03 1.89488031e-03 1.89488031e-03]
  [1.16767569e-03 3.02312646e+00 7.28413713e+01 3.74810724e-03
   2.26225853e-03 1.85896955e-03 1.85896955e-03]
  [1.15280464e-03 2.99263669e+00 7.40916799e+01 3.79253630e-03
   2.28810661e-03 1.88040525e-03 1.88040525e-03]
  [1.15929496e-03 3.01189640e+00 7.33624043e+01 3.76280230e-03
   2.27240962e-03 1.86695152e-03 1.86695152e-03]
  [1.15193110e-03 2.99200842e+00 7.39595074e+01 3.79067399e-03
   2.28967036e-03 1.88105254e-03 1.88105254e-03]
  [1.14668981e-03 2.97857266e+00 7.42252516e+01 3.81358518e-03
   2.30018018e-03 1.89059989e-03 1.89059989e-03]]

 [[1.16279898e-03 3.01859258e+00 7.30207185e+01 3.75492522e-03
   2.26557866e-03 1.86198835e-03 1.86198835e-03]
  [1.16222791e-03 3.01955377e+00 7.29404516e+01 3.75261486e-03
   2.26521999e-03 1.86134344e-03 1.86134344e-03]
  [1.14980921e-03 2.98667889e+00 7.39444150e+01 3.80147740e-03
   2.29329127e-03 1.88495165e-03 1.88495165e-03]
  [1.15579066e-03 3.00144981e+00 7.34294731e+01 3.77918681e-03
   2.28051147e-03 1.87422124e-03 1.87422124e-03]
  [1.16061856e-03 3.01311285e+00 7.32133474e+01 3.76211057e-03
   2.27119141e-03 1.86620331e-03 1.86620331e-03]
  [1.15517351e-03 2.99839696e+00 7.38001384e+01 3.78273977e-03
   2.28364759e-03 1.87653195e-03 1.87653195e-03]
  [1.11973893e-03 2.90640503e+00 7.90408453e+01 3.91566703e-03
   2.36249121e-03 1.94149793e-03 1.94149793e-03]
  [1.15003414e-03 2.98709421e+00 7.43179185e+01 3.80068669e-03
   2.29308541e-03 1.88474560e-03 1.88474560e-03]]

 [[1.16146215e-03 3.01602028e+00 7.29119769e+01 3.75866208e-03
   2.26829580e-03 1.86395597e-03 1.86395597e-03]
  [1.17101265e-03 3.04135837e+00 7.21666700e+01 3.72190311e-03
   2.24645729e-03 1.84594138e-03 1.84594138e-03]
  [1.16499635e-03 3.02619020e+00 7.26349761e+01 3.74312789e-03
   2.25936778e-03 1.85666328e-03 1.85666328e-03]
  [1.15535743e-03 3.00213765e+00 7.35148939e+01 3.77787667e-03
   2.28069407e-03 1.87404541e-03 1.87404541e-03]
  [1.16558726e-03 3.02792701e+00 7.29835896e+01 3.74165148e-03
   2.25780897e-03 1.85528604e-03 1.85528604e-03]
  [1.16147567e-03 3.01710361e+00 7.31248481e+01 3.75613950e-03
   2.26788686e-03 1.86324508e-03 1.86324508e-03]
  [1.15537948e-03 2.99249508e+00 7.40944607e+01 3.79258092e-03
   2.28830104e-03 1.88053818e-03 1.88053818e-03]
  [1.14419736e-03 2.96373499e+00 7.48773495e+01 3.83413012e-03
   2.31309704e-03 1.90130832e-03 1.90130832e-03]]

 [[1.14901272e-03 2.98460947e+00 7.37417965e+01 3.80277642e-03
   2.29550129e-03 1.88653537e-03 1.88653537e-03]
  [1.14727391e-03 2.97813532e+00 7.42072957e+01 3.81360953e-03
   2.30080276e-03 1.89057778e-03 1.89057778e-03]
  [1.15570416e-03 3.00260477e+00 7.34213894e+01 3.77930103e-03
   2.27894059e-03 1.87351553e-03 1.87351553e-03]
  [1.14730662e-03 2.97993267e+00 7.42162294e+01 3.81154110e-03
   2.29901155e-03 1.88947351e-03 1.88947351e-03]
  [1.15467419e-03 2.99807174e+00 7.39065383e+01 3.78450860e-03
   2.28340136e-03 1.87664026e-03 1.87664026e-03]
  [1.14728129e-03 2.96534657e+00 7.46011814e+01 3.83122774e-03
   2.31162674e-03 1.89988592e-03 1.89988592e-03]
  [1.08506392e-04 8.65316910e-01 2.60403465e+02 7.88104153e-03
   4.79965322e-03 3.90717752e-03 3.91618810e-03]
  [1.14953242e-03 2.98679894e+00 7.39825640e+01 3.79957281e-03
   2.29363367e-03 1.88504416e-03 1.88504416e-03]]

 [[1.15038285e-03 2.98799404e+00 7.41373135e+01 3.79920256e-03
   2.29234109e-03 1.88401421e-03 1.88401421e-03]
  [1.15401985e-03 2.99337616e+00 7.40730429e+01 3.78974721e-03
   2.28807674e-03 1.88011392e-03 1.88011392e-03]
  [1.16662345e-03 3.02940680e+00 7.26119628e+01 3.73954019e-03
   2.25654433e-03 1.85447619e-03 1.85447619e-03]
  [1.14615698e-03 2.97819175e+00 7.42699967e+01 3.81117065e-03
   2.30167780e-03 1.89138070e-03 1.89138070e-03]
  [1.15197275e-03 2.99326875e+00 7.38140630e+01 3.79104996e-03
   2.28775826e-03 1.88015706e-03 1.88015706e-03]
  [1.15761533e-03 2.99971118e+00 7.37634769e+01 3.78277946e-03
   2.28229294e-03 1.87558477e-03 1.87558477e-03]
  [1.15231076e-03 2.99028382e+00 7.36024438e+01 3.79428708e-03
   2.29073499e-03 1.88258137e-03 1.88258137e-03]
  [1.14461965e-03 2.97392681e+00 7.44046262e+01 3.81860093e-03
   2.30454495e-03 1.89396916e-03 1.89396916e-03]]]

Cumulative Reward: 6895.884544081791
