Scheduler Table:
[[[9.19521586e-06 1.16876555e-02 2.40581176e+01 4.99623862e-04
   1.00130743e-03 1.00130742e-03 1.00130742e-03]
  [9.68072654e-07 1.01806755e-02 3.02907834e+01 4.26579840e-04
   1.49315880e-03 1.26317574e-03 1.32719620e-03]
  [1.11257215e-05 1.19060455e-02 2.08947725e+01 4.99627713e-04
   1.00129196e-03 1.00129195e-03 1.00129195e-03]]

 [[8.86367636e-05 4.64984720e-01 2.91735498e+01 4.27879481e-04
   1.45843718e-03 1.26759083e-03 1.28487636e-03]
  [6.66686131e-06 1.13646426e-02 2.55950487e+01 4.78160528e-04
   1.13535340e-03 1.08720404e-03 1.08720404e-03]
  [1.06728514e-05 1.18772794e-02 2.15854572e+01 4.99625601e-04
   1.00130044e-03 1.00130043e-03 1.00130043e-03]]

 [[1.08511949e-05 1.18849476e-02 2.12009419e+01 4.99628130e-04
   1.00129029e-03 1.00129028e-03 1.00129028e-03]
  [1.01570484e-05 1.18879958e-02 2.18339455e+01 4.99623800e-04
   1.00130768e-03 1.00130767e-03 1.00130767e-03]
  [3.23233033e-06 1.16015248e-02 3.00441504e+01 4.99626112e-04
   1.00129838e-03 1.00129838e-03 1.00129838e-03]]]

Buffer Table:
[[[7.17664206e-06 1.13729256e-02 2.48633288e+01 4.78130042e-04
   1.13571029e-03 1.08751047e-03 1.08751047e-03]
  [1.01773637e-05 1.18654619e-02 2.14280489e+01 4.99625740e-04
   1.00129988e-03 1.00129987e-03 1.00129987e-03]
  [8.87317497e-05 4.65000827e-01 2.90801207e+01 4.28578318e-04
   1.45406831e-03 1.26478901e-03 1.28207454e-03]]

 [[1.03964107e-05 1.18620906e-02 2.15418202e+01 4.99627558e-04
   1.00129258e-03 1.00129257e-03 1.00129257e-03]
  [1.21685369e-05 1.19419788e-02 2.14166092e+01 4.99624423e-04
   1.00130518e-03 1.00130517e-03 1.00130517e-03]
  [8.12687390e-06 1.16573806e-02 2.43506080e+01 4.99625676e-04
   1.00130014e-03 1.00130013e-03 1.00130013e-03]]

 [[1.06475246e-06 1.01970692e-02 3.01956883e+01 4.27291137e-04
   1.48871203e-03 1.26032396e-03 1.32434442e-03]
  [1.08211286e-05 1.18965369e-02 2.17116057e+01 4.99626120e-04
   1.00129836e-03 1.00129835e-03 1.00129835e-03]
  [9.88514204e-06 1.18542545e-02 2.14886549e+01 4.99628978e-04
   1.00128688e-03 1.00128687e-03 1.00128687e-03]]]

Arbiter Table:
[[[8.82257516e-05 4.64957250e-01 2.95229507e+01 4.26808201e-04
   1.49028228e-03 1.25078508e-03 1.31288492e-03]
  [1.04525700e-05 1.18691652e-02 2.18372941e+01 4.99626539e-04
   1.00129668e-03 1.00129666e-03 1.00129666e-03]
  [9.81230400e-06 1.18826474e-02 2.16433693e+01 4.99624875e-04
   1.00130336e-03 1.00130335e-03 1.00130335e-03]]

 [[7.99484760e-06 1.16543356e-02 2.41083360e+01 4.99626806e-04
   1.00129560e-03 1.00129559e-03 1.00129559e-03]
  [1.09396332e-05 1.19114702e-02 2.14194456e+01 4.99628663e-04
   1.00128815e-03 1.00128813e-03 1.00128813e-03]
  [9.86182052e-06 1.18545613e-02 2.14752383e+01 4.99625621e-04
   1.00130036e-03 1.00130035e-03 1.00130035e-03]]

 [[9.79814541e-06 1.18869874e-02 2.09137968e+01 4.99625924e-04
   1.00129914e-03 1.00129913e-03 1.00129913e-03]
  [9.79483111e-06 1.18372535e-02 2.22463925e+01 4.99628252e-04
   1.00128980e-03 1.00128978e-03 1.00128978e-03]
  [1.11645093e-05 1.18863179e-02 2.17912701e+01 4.99625561e-04
   1.00130061e-03 1.00130059e-03 1.00130059e-03]]]

Page Table:
[[[5.02688953e-05 1.21318130e-02 2.20974006e+01 4.99619864e-04
   1.00134238e-03 1.00132569e-03 1.00132569e-03]
  [8.99400092e-05 4.65027596e-01 2.92535000e+01 4.29810812e-04
   1.43673490e-03 1.26804100e-03 1.26804100e-03]
  [4.44570790e-05 1.20493533e-02 2.08255645e+01 4.99618646e-04
   1.00134502e-03 1.00133032e-03 1.00133032e-03]
  [4.70534943e-05 1.20466703e-02 2.17553927e+01 4.99621353e-04
   1.00133516e-03 1.00131957e-03 1.00131957e-03]]

 [[4.54489947e-05 1.20426196e-02 2.19106944e+01 4.99617526e-04
   1.00134991e-03 1.00133487e-03 1.00133487e-03]
  [4.98627132e-05 1.20465453e-02 2.16682028e+01 4.99618223e-04
   1.00134882e-03 1.00133227e-03 1.00133227e-03]
  [4.85021616e-05 1.20390173e-02 2.05642234e+01 4.99618561e-04
   1.00134689e-03 1.00133084e-03 1.00133084e-03]
  [2.30375216e-06 1.02676183e-02 2.94298481e+01 4.29822179e-04
   1.43615681e-03 1.27942767e-03 1.27942767e-03]]

 [[5.07850245e-05 1.21321507e-02 2.14759277e+01 4.99617659e-04
   1.00135147e-03 1.00133458e-03 1.00133458e-03]
  [4.91457857e-05 1.20342776e-02 2.12471757e+01 4.99615797e-04
   1.00135827e-03 1.00134198e-03 1.00134198e-03]
  [4.97591723e-05 1.20738619e-02 2.04856680e+01 4.99619553e-04
   1.00134340e-03 1.00132692e-03 1.00132692e-03]
  [3.49120520e-05 1.19014231e-02 2.42856035e+01 4.99620708e-04
   1.00133304e-03 1.00132161e-03 1.00132161e-03]]

 [[2.28193388e-06 1.02496743e-02 2.98521087e+01 4.28023136e-04
   1.48473277e-03 1.25807245e-03 1.32209291e-03]
  [4.79063707e-05 1.20667759e-02 2.15422893e+01 4.99620190e-04
   1.00134016e-03 1.00132428e-03 1.00132428e-03]
  [4.96155667e-05 1.21031695e-02 2.07195889e+01 4.99617987e-04
   1.00134966e-03 1.00133320e-03 1.00133320e-03]
  [3.31603472e-05 1.15128793e-02 2.41157820e+01 4.78057909e-04
   1.13653333e-03 1.08825281e-03 1.08825281e-03]]]

Response Table:
[[[8.82257516e-05 4.64957250e-01 2.95229507e+01]
  [2.12029429e-06 1.17332492e-02 2.15243066e+01]]

 [[2.23074543e-06 1.17409342e-02 2.13329252e+01]
  [2.07169264e-06 1.17496291e-02 2.10331107e+01]]]

Refresh Table:
[[[2.32603885e-06 1.18121863e-02 2.09534353e+01]
  [9.68042687e-07 1.01806683e-02 3.02908176e+01]]

 [[8.86367341e-05 4.64984713e-01 2.91735834e+01]
  [2.20959603e-06 1.17171711e-02 2.15202110e+01]]]

Request Buffer Table:
[[[1.12484784e-04 1.50909942e-02 2.09183361e+01]
  [1.09686517e-04 1.55023710e-02 2.11964728e+01]
  [1.31050038e-04 1.55383995e-02 2.14111299e+01]
  [1.07359075e-04 1.49840371e-02 2.16692646e+01]
  [9.90551182e-05 1.49147275e-02 2.10749112e+01]
  [1.01075537e-04 1.51816726e-02 2.11365679e+01]
  [9.59561912e-05 1.53119423e-02 2.14651293e+01]
  [1.06213190e-04 1.53431279e-02 2.14564648e+01]]

 [[1.02474634e-04 1.51353029e-02 2.16324110e+01]
  [1.06161661e-04 1.55433913e-02 2.11333061e+01]
  [1.04848384e-04 1.55182675e-02 2.15170025e+01]
  [9.67016357e-05 1.48699512e-02 2.19425252e+01]
  [1.01404243e-04 1.49649737e-02 2.17533218e+01]
  [1.57146380e-04 1.54620430e-02 2.19533108e+01]
  [9.50802209e-05 1.49608409e-02 2.17013220e+01]
  [1.01460017e-04 1.51191268e-02 2.12314048e+01]]

 [[9.09535807e-05 1.53881908e-02 2.08059635e+01]
  [8.72079790e-05 1.51915861e-02 2.11157441e+01]
  [1.08205213e-04 1.49364046e-02 2.16934769e+01]
  [1.00237364e-04 1.50344898e-02 2.10421422e+01]
  [1.02785521e-04 1.49263386e-02 2.14270451e+01]
  [1.02871035e-04 1.54630407e-02 2.13159536e+01]
  [9.41722483e-05 1.48641151e-02 2.17816373e+01]
  [1.05127615e-04 1.52061850e-02 2.12438372e+01]]

 [[1.04825370e-04 1.54780142e-02 2.05851670e+01]
  [1.03335911e-04 1.52574988e-02 2.10886741e+01]
  [9.84162443e-05 1.53388314e-02 2.15748100e+01]
  [8.81630587e-05 1.51272334e-02 2.15153863e+01]
  [1.10511251e-04 1.51104251e-02 2.14129165e+01]
  [7.45215870e-05 1.35902230e-02 2.42169853e+01]
  [9.70801081e-05 1.48931329e-02 2.15971215e+01]
  [9.19187344e-05 1.48430135e-02 2.14794984e+01]]

 [[1.13978935e-04 1.50582922e-02 2.08059835e+01]
  [1.38219608e-04 1.56444399e-02 2.16339448e+01]
  [9.67863800e-05 1.50385375e-02 2.18136395e+01]
  [9.00693407e-05 1.49083577e-02 2.12349809e+01]
  [1.05079889e-04 1.49232903e-02 2.15484926e+01]
  [5.58781822e-05 1.31178083e-02 2.59701467e+01]
  [1.01389953e-04 1.49625197e-02 2.06211888e+01]
  [1.18605137e-04 1.51885608e-02 2.15146791e+01]]

 [[1.32226176e-04 1.53793146e-02 2.07385632e+01]
  [9.35134072e-05 1.48849818e-02 2.15979485e+01]
  [9.92492676e-05 1.49723211e-02 2.13528990e+01]
  [1.06592803e-04 1.48442355e-02 2.17887613e+01]
  [1.02670145e-04 1.47659287e-02 2.21576753e+01]
  [1.11296468e-04 1.50394914e-02 2.13066770e+01]
  [9.46360520e-05 1.52886720e-02 2.10032866e+01]
  [9.90922798e-07 1.01816298e-02 3.02892338e+01]]

 [[9.95612972e-05 1.51369004e-02 2.09293732e+01]
  [9.33537067e-05 1.51307215e-02 2.12499914e+01]
  [9.56352380e-05 1.49344590e-02 2.14198947e+01]
  [1.05853034e-04 1.50381118e-02 2.10959337e+01]
  [9.58907005e-05 1.50247352e-02 2.19235546e+01]
  [1.18515919e-04 1.51681509e-02 2.10613417e+01]
  [9.30250846e-05 1.48995738e-02 2.17080928e+01]
  [1.01502673e-04 1.49293472e-02 2.12467031e+01]]

 [[1.06833306e-04 1.55089978e-02 2.08170757e+01]
  [1.18454698e-04 1.54103674e-02 2.12202016e+01]
  [1.05159915e-04 1.50334002e-02 2.12491036e+01]
  [9.34125393e-05 1.51985581e-02 2.15269575e+01]
  [9.77055162e-05 1.47979321e-02 2.16535309e+01]
  [8.86592134e-05 4.64985658e-01 2.91720274e+01]
  [9.15553375e-05 1.49971185e-02 2.11184989e+01]
  [1.06705294e-04 1.49902205e-02 2.13096227e+01]]]

Ref Max Post Table:
[[[3.88978359e-05 1.20921337e-02 2.13464012e+01]
  [3.13628125e-05 1.20462945e-02 2.15010697e+01]
  [3.21948346e-05 1.20549858e-02 2.25132951e+01]
  [3.44126809e-05 1.20558421e-02 2.14358694e+01]]

 [[3.26622813e-05 1.20694767e-02 2.13453341e+01]
  [2.98499306e-05 1.20388355e-02 2.12746325e+01]
  [3.07749039e-05 1.20194785e-02 2.14900593e+01]
  [2.75199591e-05 1.19686499e-02 2.42336144e+01]]

 [[3.18970575e-05 1.20343499e-02 2.17774944e+01]
  [3.01181672e-05 1.20386748e-02 2.15588260e+01]
  [9.65758406e-06 1.08373651e-02 2.73394504e+01]
  [2.67136013e-05 1.17113146e-02 2.36301551e+01]]

 [[3.17870062e-05 1.19891177e-02 2.18882874e+01]
  [3.30523040e-05 1.20372676e-02 2.15893404e+01]
  [3.28797401e-05 1.20813786e-02 2.14060145e+01]
  [8.82260771e-05 4.64957272e-01 2.95228639e+01]]]

Ref Max Pull Table:
[[[4.46527375e-05 1.20662979e-02 2.15215660e+01]
  [3.84914225e-05 1.19947806e-02 2.41711671e+01]
  [4.46437510e-05 1.20691651e-02 2.15123696e+01]
  [1.39223110e-06 1.02151225e-02 3.03894106e+01]]

 [[1.40064144e-06 1.02583156e-02 2.94195850e+01]
  [3.50251429e-05 1.18386269e-02 2.45561198e+01]
  [4.31652672e-05 1.20577694e-02 2.15480829e+01]
  [5.47989062e-05 1.21439054e-02 2.08565832e+01]]

 [[4.48140209e-05 1.20747181e-02 2.15743780e+01]
  [1.40948031e-06 1.02161490e-02 3.02502672e+01]
  [4.42287129e-05 1.20352356e-02 2.22519584e+01]
  [3.34434034e-05 1.18909147e-02 2.30841273e+01]]

 [[4.63725757e-05 1.20738237e-02 2.16137101e+01]
  [4.62945295e-05 1.20640267e-02 2.10703521e+01]
  [8.90634144e-05 4.65019160e-01 2.91959002e+01]
  [4.24102453e-05 1.20153521e-02 2.14321952e+01]]]

Max Activate Table:
[[[7.56192763e-05 1.61990713e-02 2.10207683e+01 4.91663232e-04
   1.05000772e-03 1.03312376e-03 1.03312376e-03]
  [1.19938402e-04 1.53611742e-02 2.06072979e+01 4.93194196e-04
   1.04064373e-03 1.02700494e-03 1.02700494e-03]
  [1.25298470e-04 1.54373063e-02 2.13188572e+01 4.93054834e-04
   1.04149720e-03 1.02756190e-03 1.02756190e-03]
  [1.00661832e-04 1.57419236e-02 2.14039066e+01 4.92401008e-04
   1.04549600e-03 1.03017506e-03 1.03017506e-03]
  [9.62179859e-05 1.51691332e-02 2.15262369e+01 4.93448622e-04
   1.03908596e-03 1.02598807e-03 1.02598807e-03]
  [1.21442442e-04 1.51570317e-02 2.10713570e+01 4.93532616e-04
   1.03857227e-03 1.02565236e-03 1.02565236e-03]
  [1.11029453e-04 1.49241565e-02 2.14939552e+01 4.93959177e-04
   1.03596349e-03 1.02394752e-03 1.02394752e-03]
  [9.92681010e-05 1.47031408e-02 2.19348065e+01 4.94396345e-04
   1.03329021e-03 1.02220027e-03 1.02220027e-03]]

 [[1.21361813e-04 1.58211615e-02 2.15125269e+01 4.92339384e-04
   1.04587457e-03 1.03042133e-03 1.03042133e-03]
  [1.06458401e-04 1.51171413e-02 2.08501276e+01 4.93641777e-04
   1.03790584e-03 1.02521609e-03 1.02521609e-03]
  [1.17474502e-04 1.52413794e-02 2.08131972e+01 4.93345556e-04
   1.03971600e-03 1.02639998e-03 1.02639998e-03]
  [1.22779538e-04 1.55241779e-02 2.12668927e+01 4.92896623e-04
   1.04246263e-03 1.02819424e-03 1.02819424e-03]
  [1.01224262e-04 1.57511306e-02 2.12454331e+01 4.92542600e-04
   1.04463343e-03 1.02960912e-03 1.02960912e-03]
  [1.01981600e-04 1.47448909e-02 2.16947873e+01 4.94269426e-04
   1.03406209e-03 1.02270758e-03 1.02270758e-03]
  [1.20724782e-04 1.52369989e-02 2.13482935e+01 4.93433963e-04
   1.03917388e-03 1.02604667e-03 1.02604667e-03]
  [9.98704638e-05 1.46914750e-02 2.22667124e+01 4.94422852e-04
   1.03313086e-03 1.02209430e-03 1.02209430e-03]]

 [[1.06988150e-04 1.50502989e-02 2.08515212e+01 4.93755881e-04
   1.03720142e-03 1.02476009e-03 1.02476009e-03]
  [1.06269712e-04 1.53276187e-02 2.13071381e+01 4.93152887e-04
   1.04089679e-03 1.02717007e-03 1.02717007e-03]
  [1.20745339e-04 1.52417396e-02 2.12599382e+01 4.93402487e-04
   1.03936418e-03 1.02617249e-03 1.02617249e-03]
  [1.11588288e-04 1.55292411e-02 2.06266163e+01 4.92868116e-04
   1.04263533e-03 1.02830820e-03 1.02830820e-03]
  [9.65081744e-05 1.51352905e-02 2.18336720e+01 4.93627581e-04
   1.03799417e-03 1.02527278e-03 1.02527278e-03]
  [1.05269589e-04 1.48186250e-02 2.22630239e+01 4.94174235e-04
   1.03464749e-03 1.02308800e-03 1.02308800e-03]
  [1.06620290e-04 1.50782795e-02 2.17549725e+01 4.93751657e-04
   1.03723140e-03 1.02477693e-03 1.02477693e-03]
  [1.29945780e-04 1.54678575e-02 2.13223847e+01 4.93019856e-04
   1.04171197e-03 1.02770169e-03 1.02770169e-03]]

 [[1.21289940e-04 1.53216215e-02 2.07988286e+01 4.93264846e-04
   1.04021457e-03 1.02672254e-03 1.02672254e-03]
  [1.29319846e-04 1.57193421e-02 2.10279416e+01 4.92530610e-04
   1.04470089e-03 1.02965709e-03 1.02965709e-03]
  [1.18149351e-04 1.53233895e-02 2.11019326e+01 4.93167958e-04
   1.04080216e-03 1.02710980e-03 1.02710980e-03]
  [1.13925526e-04 1.50631016e-02 2.16472874e+01 4.93737702e-04
   1.03731418e-03 1.02483272e-03 1.02483272e-03]
  [9.69416688e-05 1.49554995e-02 2.17845855e+01 4.93926477e-04
   1.03615634e-03 1.02407828e-03 1.02407828e-03]
  [1.14057202e-04 1.51612822e-02 2.16670749e+01 4.93633043e-04
   1.03795674e-03 1.02525100e-03 1.02525100e-03]
  [1.09751483e-04 1.50089023e-02 2.14711139e+01 4.93836910e-04
   1.03671439e-03 1.02443615e-03 1.02443615e-03]
  [1.10636238e-04 1.49068821e-02 2.04664950e+01 4.94027524e-04
   1.03553934e-03 1.02367442e-03 1.02367442e-03]]

 [[9.91459032e-05 1.56401610e-02 2.09800144e+01 4.92651968e-04
   1.04396226e-03 1.02917204e-03 1.02917204e-03]
  [1.17349719e-04 1.53814768e-02 2.10126223e+01 4.93178054e-04
   1.04074248e-03 1.02706943e-03 1.02706943e-03]
  [9.69100375e-05 1.53224897e-02 2.14170006e+01 4.93244085e-04
   1.04033816e-03 1.02680553e-03 1.02680553e-03]
  [1.12749061e-04 1.51962678e-02 2.12841607e+01 4.93533127e-04
   1.03857098e-03 1.02565030e-03 1.02565030e-03]
  [8.27215991e-05 1.39928445e-02 2.42158335e+01 4.95559389e-04
   1.02617668e-03 1.01755190e-03 1.01755190e-03]
  [9.69726781e-05 1.47341585e-02 2.12699836e+01 4.94329818e-04
   1.03369620e-03 1.02246617e-03 1.02246617e-03]
  [1.13882988e-04 1.50174107e-02 2.13321098e+01 4.93760435e-04
   1.03717860e-03 1.02474184e-03 1.02474184e-03]
  [9.68042687e-07 1.01806683e-02 3.02908176e+01 4.26579445e-04
   1.49316127e-03 1.26317732e-03 1.32719778e-03]]

 [[1.03203896e-04 1.50302068e-02 2.13262634e+01 4.93751684e-04
   1.03723538e-03 1.02477678e-03 1.02477678e-03]
  [1.03179972e-04 1.53181664e-02 2.12739532e+01 4.93293831e-04
   1.04003610e-03 1.02660675e-03 1.02660675e-03]
  [1.07205659e-04 1.49783846e-02 2.10560244e+01 4.93871338e-04
   1.03650281e-03 1.02429856e-03 1.02429856e-03]
  [1.04107408e-04 1.48858926e-02 2.15456592e+01 4.94060309e-04
   1.03534249e-03 1.02354334e-03 1.02354334e-03]
  [1.08111420e-04 1.48938312e-02 2.13153389e+01 4.94039736e-04
   1.03547091e-03 1.02362554e-03 1.02362554e-03]
  [1.02600096e-04 1.48483671e-02 2.18533521e+01 4.94099287e-04
   1.03510302e-03 1.02338757e-03 1.02338757e-03]
  [1.14830848e-04 1.49205228e-02 2.16326969e+01 4.93972725e-04
   1.03588212e-03 1.02389335e-03 1.02389335e-03]
  [1.07175205e-04 1.50373765e-02 2.19135626e+01 4.93846864e-04
   1.03665001e-03 1.02439640e-03 1.02439640e-03]]

 [[1.67385025e-04 1.55728758e-02 2.09181308e+01 4.92929407e-04
   1.04226208e-03 1.02806321e-03 1.02806321e-03]
  [1.11780944e-04 1.50795853e-02 2.14427357e+01 4.93669848e-04
   1.03773496e-03 1.02510386e-03 1.02510386e-03]
  [9.78776973e-05 1.49228846e-02 2.13067154e+01 4.93926507e-04
   1.03616506e-03 1.02407808e-03 1.02407808e-03]
  [1.17720175e-04 1.51970439e-02 2.11955899e+01 4.93415325e-04
   1.03928957e-03 1.02612115e-03 1.02612115e-03]
  [1.03772114e-04 1.48989877e-02 2.16816536e+01 4.94107381e-04
   1.03505467e-03 1.02335521e-03 1.02335521e-03]
  [1.07369357e-04 1.50327273e-02 2.15275421e+01 4.93726605e-04
   1.03738748e-03 1.02487705e-03 1.02487705e-03]
  [1.15570036e-04 1.50838866e-02 2.15337948e+01 4.93680103e-04
   1.03766801e-03 1.02506292e-03 1.02506292e-03]
  [1.14137813e-04 1.50926932e-02 2.15035045e+01 4.93713592e-04
   1.03746872e-03 1.02492903e-03 1.02492903e-03]]

 [[1.11565988e-04 1.49427201e-02 2.07629166e+01 4.93982213e-04
   1.03582493e-03 1.02385543e-03 1.02385543e-03]
  [1.02149890e-04 1.48108918e-02 2.11316566e+01 4.94161114e-04
   1.03472683e-03 1.02314045e-03 1.02314045e-03]
  [1.08474037e-04 1.50247469e-02 2.14859921e+01 4.93861135e-04
   1.03656405e-03 1.02433935e-03 1.02433935e-03]
  [1.29086509e-04 1.54665251e-02 2.05808724e+01 4.92965904e-04
   1.04203847e-03 1.02791735e-03 1.02791735e-03]
  [8.86367341e-05 4.64984713e-01 2.91735834e+01 4.27879093e-04
   1.45843960e-03 1.26759239e-03 1.28487791e-03]
  [1.02651958e-04 1.50296860e-02 2.13129948e+01 4.93735699e-04
   1.03732977e-03 1.02484073e-03 1.02484073e-03]
  [1.05969459e-04 1.51162822e-02 2.11939866e+01 4.93675711e-04
   1.03770016e-03 1.02508044e-03 1.02508044e-03]
  [9.34880293e-05 1.45628278e-02 2.15534909e+01 4.94667005e-04
   1.03163410e-03 1.02111853e-03 1.02111853e-03]]]

Cumulative Reward: 7545.402648265378
