Scheduler Table:
[[[1.88102260e-06 1.41680439e-02 1.50272119e+01 7.90197153e-04
   4.73987272e-04 3.90484883e-04 3.90484883e-04]
  [1.45362360e-06 1.39267362e-02 1.53891196e+01 7.75239026e-04
   4.83042445e-04 3.90445813e-04 3.90445813e-04]
  [1.82760686e-06 1.41355435e-02 1.46521089e+01 7.89627883e-04
   4.74917553e-04 3.90851540e-04 3.90851540e-04]]

 [[1.85030600e-06 1.42799455e-02 1.49162674e+01 7.89563230e-04
   4.74172010e-04 3.90465506e-04 3.90465506e-04]
  [9.48563906e-05 1.57212955e+00 1.82414983e+01 7.42359868e-04
   5.97251365e-04 3.91004228e-04 4.07995087e-04]
  [1.86582485e-06 1.41603595e-02 1.50148699e+01 7.86212012e-04
   4.77003345e-04 3.90817356e-04 3.90817356e-04]]

 [[1.72048787e-06 1.41428635e-02 1.52206522e+01 7.86385738e-04
   4.75967333e-04 3.90644787e-04 3.90644787e-04]
  [1.73739687e-06 1.42103703e-02 1.47948095e+01 7.87636770e-04
   4.74938468e-04 3.90852503e-04 3.90852503e-04]
  [2.09553893e-06 1.42599633e-02 1.49312775e+01 7.87420816e-04
   4.75087550e-04 3.90748603e-04 3.90748603e-04]]]

Buffer Table:
[[[9.48563906e-05 1.57212955e+00 1.82414983e+01 7.42359868e-04
   5.97251365e-04 3.91004228e-04 4.07995087e-04]
  [2.23640015e-06 1.42448515e-02 1.48005897e+01 7.87680972e-04
   4.74788182e-04 3.90478459e-04 3.90478459e-04]
  [1.89653095e-06 1.41375112e-02 1.55962683e+01 7.89907441e-04
   4.74533955e-04 3.90649522e-04 3.90649522e-04]]

 [[1.86848642e-06 1.41668040e-02 1.47298190e+01 7.89152682e-04
   4.74653753e-04 3.90702747e-04 3.90702747e-04]
  [1.49252243e-06 1.37665412e-02 1.56270666e+01 7.89485304e-04
   4.74812854e-04 3.90512445e-04 3.90512445e-04]
  [2.20500919e-06 1.41844106e-02 1.53065905e+01 7.88253703e-04
   4.75218585e-04 3.90987459e-04 3.90987459e-04]]

 [[1.50813834e-06 1.38683987e-02 1.64770172e+01 7.89949856e-04
   4.74453046e-04 3.90646075e-04 3.90646075e-04]
  [2.25664649e-06 1.42793464e-02 1.50069455e+01 7.86771595e-04
   4.74679491e-04 3.90661865e-04 3.90661865e-04]
  [2.11671840e-06 1.41306393e-02 1.50264189e+01 7.87398014e-04
   4.75145366e-04 3.90853137e-04 3.90853137e-04]]]

Arbiter Table:
[[[1.18467640e-06 1.34257778e-02 1.83101721e+01 7.88128873e-04
   4.74578990e-04 3.90464386e-04 3.90464386e-04]
  [1.37107698e-06 1.37330002e-02 1.61475898e+01 7.87559725e-04
   4.74910503e-04 3.90977548e-04 3.90977548e-04]
  [2.06340085e-06 1.42655654e-02 1.45392845e+01 7.89486332e-04
   4.74851894e-04 3.90941933e-04 3.90941933e-04]]

 [[1.81165605e-06 1.41954132e-02 1.48894410e+01 7.87340403e-04
   4.74846942e-04 3.90587166e-04 3.90587166e-04]
  [2.10380775e-06 1.43315530e-02 1.44092685e+01 7.88349882e-04
   4.74539376e-04 3.90746095e-04 3.90746095e-04]
  [8.06679018e-06 1.23596133e-02 1.87310330e+01 7.65913101e-04
   5.18466522e-04 3.89305601e-04 4.07380984e-04]]

 [[1.68894625e-06 1.41527011e-02 1.55410304e+01 7.88233899e-04
   4.74823853e-04 3.90862614e-04 3.90862614e-04]
  [9.47978152e-05 1.57213447e+00 1.84597263e+01 7.52205534e-04
   5.79361682e-04 3.91527415e-04 4.01288121e-04]
  [2.03997823e-06 1.41774263e-02 1.48293090e+01 7.87669184e-04
   4.74833085e-04 3.90434743e-04 3.90434743e-04]]]

Page Table:
[[[9.48563906e-05 1.57212955e+00 1.82414983e+01 7.42359868e-04
   5.97251365e-04 3.91004228e-04 4.07995087e-04]
  [3.22287275e-06 1.43153443e-02 1.53052129e+01 7.87890372e-04
   4.74986672e-04 3.90728430e-04 3.90728430e-04]
  [2.60580321e-06 1.40782269e-02 1.51686726e+01 7.79244325e-04
   4.79983059e-04 3.91161020e-04 3.91161020e-04]
  [2.98381480e-06 1.42945084e-02 1.53233549e+01 7.87916815e-04
   4.76491650e-04 3.90779899e-04 3.90779899e-04]]

 [[3.08156884e-06 1.36819179e-02 1.66323495e+01 7.81752629e-04
   4.77853066e-04 3.90604376e-04 3.90604376e-04]
  [3.15330872e-06 1.44195937e-02 1.48230438e+01 7.88022920e-04
   4.74955023e-04 3.91042473e-04 3.91042473e-04]
  [3.06187705e-06 1.43615937e-02 1.50592734e+01 7.87738123e-04
   4.76677152e-04 3.90923440e-04 3.90923440e-04]
  [3.28815896e-06 1.43576106e-02 1.47090853e+01 7.87927229e-04
   4.74706738e-04 3.90563522e-04 3.90563522e-04]]

 [[3.23593683e-06 1.43283407e-02 1.46246057e+01 7.88045962e-04
   4.74884546e-04 3.90732837e-04 3.90732837e-04]
  [3.80471910e-06 1.37860847e-02 1.59793714e+01 7.81931302e-04
   4.78256654e-04 3.90388295e-04 3.90388295e-04]
  [3.42419310e-06 1.43789251e-02 1.47509611e+01 7.88598336e-04
   4.74804765e-04 3.91324971e-04 3.91324971e-04]
  [3.44855938e-06 1.43054611e-02 1.48711580e+01 7.88127674e-04
   4.74591410e-04 3.90927091e-04 3.90927091e-04]]

 [[3.13372198e-06 1.43010772e-02 1.52653127e+01 7.89315022e-04
   4.74505933e-04 3.90557115e-04 3.90557115e-04]
  [3.03900095e-06 1.43599081e-02 1.52815880e+01 7.90730518e-04
   4.75670843e-04 3.90832589e-04 3.90832589e-04]
  [3.29193941e-06 1.43524702e-02 1.49944578e+01 7.92063123e-04
   4.73674603e-04 3.90577567e-04 3.90577567e-04]
  [3.37313043e-06 1.44174195e-02 1.45455947e+01 7.89271936e-04
   4.74342461e-04 3.90573311e-04 3.90573311e-04]]]

Response Table:
[[[6.45507306e-07 1.40776604e-02 1.48487986e+01]
  [6.72708061e-07 1.41209563e-02 1.52181264e+01]]

 [[6.47494268e-07 1.40949202e-02 1.47862592e+01]
  [9.48563906e-05 1.57212955e+00 1.82414983e+01]]]

Refresh Table:
[[[9.48563906e-05 1.57212955e+00 1.82414983e+01]
  [6.22707698e-07 1.40772591e-02 1.49661179e+01]]

 [[6.21368637e-07 1.41419000e-02 1.49987600e+01]
  [5.46956176e-07 1.33236788e-02 1.55293342e+01]]]

Request Buffer Table:
[[[4.71992181e-06 1.54239939e-02 1.47012551e+01]
  [5.21199708e-06 1.53332601e-02 1.46911902e+01]
  [4.51791993e-06 1.53973496e-02 1.50459300e+01]
  [3.08197823e-06 1.56495071e-02 1.49253668e+01]
  [5.70611505e-06 1.54799862e-02 1.51386563e+01]
  [5.02108642e-06 1.54124436e-02 1.52859536e+01]
  [4.35999488e-06 1.52902721e-02 1.52433134e+01]
  [3.36011277e-06 1.40446590e-02 1.72233804e+01]]

 [[3.83847601e-06 1.53463008e-02 1.47066560e+01]
  [4.42428477e-06 1.56017736e-02 1.48875037e+01]
  [2.51032544e-06 1.45642747e-02 1.64648661e+01]
  [2.84669497e-06 1.55828733e-02 1.50686363e+01]
  [4.45715131e-06 1.53212524e-02 1.51136363e+01]
  [5.11845165e-06 1.53996600e-02 1.50687983e+01]
  [5.64612211e-06 1.54608307e-02 1.50882352e+01]
  [4.12561454e-06 1.52564504e-02 1.49346589e+01]]

 [[5.43010373e-06 1.57778781e-02 1.46693362e+01]
  [6.45958711e-06 1.55152839e-02 1.49507316e+01]
  [3.88039593e-06 1.55691068e-02 1.51750586e+01]
  [2.98323775e-06 1.57486420e-02 1.50225355e+01]
  [3.63408915e-06 1.54342910e-02 1.50932492e+01]
  [4.54114091e-06 1.56726980e-02 1.49022077e+01]
  [4.38479759e-06 1.53415832e-02 1.48905312e+01]
  [2.49497276e-06 1.40407845e-02 1.72786245e+01]]

 [[4.03226458e-06 1.58585513e-02 1.49063926e+01]
  [5.06852215e-06 1.53621742e-02 1.49419850e+01]
  [6.16262049e-06 1.54748493e-02 1.51645714e+01]
  [3.13643860e-06 1.56080073e-02 1.46883794e+01]
  [3.85664159e-06 1.52799746e-02 1.55177197e+01]
  [4.56904552e-06 1.56792713e-02 1.50814341e+01]
  [9.45711682e-06 1.57561210e-02 1.47614595e+01]
  [3.39536420e-06 1.54936997e-02 1.51618976e+01]]

 [[3.11317845e-06 1.44499541e-02 1.60823948e+01]
  [3.87744159e-06 1.52572362e-02 1.50442461e+01]
  [4.85440097e-06 1.53385801e-02 1.50894116e+01]
  [5.19266510e-06 1.54318782e-02 1.49813466e+01]
  [3.28113657e-06 1.56175444e-02 1.49582477e+01]
  [4.30209593e-06 1.55407812e-02 1.48568952e+01]
  [3.59178404e-06 1.52999915e-02 1.51802849e+01]
  [9.47978152e-05 1.57213447e+00 1.84597263e+01]]

 [[4.45049955e-06 1.54537638e-02 1.45943265e+01]
  [3.61694317e-06 1.54266899e-02 1.49557065e+01]
  [8.89580123e-06 1.56481982e-02 1.51693327e+01]
  [3.36004939e-06 1.54888386e-02 1.50398582e+01]
  [3.84168009e-06 1.52758184e-02 1.51081737e+01]
  [5.06796876e-06 1.53300143e-02 1.56023830e+01]
  [4.23420562e-06 1.55305469e-02 1.54069322e+01]
  [4.72335919e-06 1.55088569e-02 1.52504545e+01]]

 [[3.93037744e-06 1.53778514e-02 1.46693815e+01]
  [3.27736060e-06 1.52608175e-02 1.46228574e+01]
  [4.18586483e-06 1.52444924e-02 1.54770449e+01]
  [3.01940177e-06 1.57265395e-02 1.50662490e+01]
  [3.42972329e-06 1.53526312e-02 1.48133855e+01]
  [3.43723997e-06 1.54776078e-02 1.51063083e+01]
  [3.27439648e-06 1.55074113e-02 1.49164642e+01]
  [3.14374144e-06 1.54640437e-02 1.51156962e+01]]

 [[5.05410622e-06 1.53128597e-02 1.51398080e+01]
  [4.32875748e-06 1.53308985e-02 1.48601572e+01]
  [4.86755462e-06 1.54615672e-02 1.50742093e+01]
  [3.11117263e-06 1.57243058e-02 1.47790459e+01]
  [8.06679018e-06 1.23596133e-02 1.87310330e+01]
  [5.23667152e-06 1.56323557e-02 1.49605016e+01]
  [4.29536770e-06 1.52351535e-02 1.53322043e+01]
  [4.21212931e-06 1.53993930e-02 1.50113396e+01]]]

Ref Max Post Table:
[[[3.07892208e-06 1.43894865e-02 1.52231126e+01]
  [2.98299665e-06 1.43610217e-02 1.48077840e+01]
  [3.65172061e-06 1.34497969e-02 1.78188330e+01]
  [3.21008762e-06 1.43715150e-02 1.49419938e+01]]

 [[3.38973059e-06 1.43847418e-02 1.48333053e+01]
  [2.11011483e-06 1.31627749e-02 1.71518092e+01]
  [6.79111689e-06 1.23719089e-02 1.90507490e+01]
  [3.81480266e-06 1.44418157e-02 1.49432431e+01]]

 [[3.03165182e-06 1.42514005e-02 1.56522624e+01]
  [3.45944017e-06 1.43448310e-02 1.48706630e+01]
  [3.22611889e-06 1.43448577e-02 1.48406562e+01]
  [6.63947950e-06 1.23713258e-02 1.88898811e+01]]

 [[3.72793214e-06 1.43966828e-02 1.51085803e+01]
  [9.35302309e-05 1.57214610e+00 1.87168868e+01]
  [3.24837776e-06 1.43894095e-02 1.50162096e+01]
  [1.76312794e-06 1.38157211e-02 1.51434821e+01]]]

Ref Max Pull Table:
[[[2.65020718e-06 1.43447254e-02 1.50166673e+01]
  [1.36342792e-06 1.33973013e-02 1.78651774e+01]
  [3.89607631e-06 1.43864493e-02 1.47727206e+01]
  [2.83175054e-06 1.44126804e-02 1.48899397e+01]]

 [[2.64785767e-06 1.42439423e-02 1.55136678e+01]
  [3.03871017e-06 1.43616254e-02 1.47153568e+01]
  [2.93534987e-06 1.43434389e-02 1.53194902e+01]
  [8.06679018e-06 1.23596133e-02 1.87310330e+01]]

 [[2.74489051e-06 1.43817214e-02 1.46923657e+01]
  [3.12571887e-06 1.43895477e-02 1.50333789e+01]
  [3.34467962e-06 1.44223158e-02 1.48675253e+01]
  [3.34738114e-06 1.43982421e-02 1.48669025e+01]]

 [[2.69656091e-06 1.43052652e-02 1.52455160e+01]
  [9.47978152e-05 1.57213447e+00 1.84597263e+01]
  [3.06055611e-06 1.43447125e-02 1.50657983e+01]
  [3.37461320e-06 1.44573829e-02 1.51020014e+01]]]

Max Activate Table:
[[[3.57244477e-06 1.55236123e-02 1.47678249e+01 7.86687254e-04
   4.75752109e-04 3.91030094e-04 3.91030094e-04]
  [4.27847573e-06 1.53675994e-02 1.49509632e+01 7.87693844e-04
   4.75550574e-04 3.90992554e-04 3.90992554e-04]
  [4.00204272e-06 1.55453690e-02 1.50997273e+01 7.89291659e-04
   4.75268395e-04 3.90703705e-04 3.90703705e-04]
  [3.95260420e-06 1.54819357e-02 1.50791217e+01 7.87472342e-04
   4.75570421e-04 3.91118035e-04 3.91118035e-04]
  [3.31989831e-06 1.58771064e-02 1.50315627e+01 7.87584943e-04
   4.76003727e-04 3.90844166e-04 3.90844166e-04]
  [3.84734450e-06 1.54620244e-02 1.53524589e+01 7.89777114e-04
   4.75071784e-04 3.91114113e-04 3.91114113e-04]
  [3.34396828e-06 1.51954161e-02 1.52081827e+01 7.88986857e-04
   4.75505579e-04 3.90857259e-04 3.90857259e-04]
  [5.61232056e-06 1.52411832e-02 1.49938298e+01 7.89958396e-04
   4.74533591e-04 3.90723807e-04 3.90723807e-04]]

 [[4.77404037e-06 1.56922648e-02 1.47568088e+01 7.88286868e-04
   4.75707233e-04 3.91127531e-04 3.91127531e-04]
  [3.89473686e-06 1.57339324e-02 1.49759459e+01 7.86929501e-04
   4.76087592e-04 3.91289278e-04 3.91289278e-04]
  [5.72497845e-06 1.54767469e-02 1.51245365e+01 7.89440970e-04
   4.74685260e-04 3.90616807e-04 3.90616807e-04]
  [3.44539000e-06 1.59559626e-02 1.50597148e+01 7.90562844e-04
   4.75267499e-04 3.90587796e-04 3.90587796e-04]
  [5.24037388e-06 1.53050812e-02 1.49784659e+01 7.89784792e-04
   4.74564657e-04 3.90712317e-04 3.90712317e-04]
  [3.75631806e-06 1.53353138e-02 1.58797820e+01 7.88702163e-04
   4.74945601e-04 3.90363686e-04 3.90363686e-04]
  [3.21396304e-06 1.53897018e-02 1.46186811e+01 7.86369258e-04
   4.75588000e-04 3.91058934e-04 3.91058934e-04]
  [7.73849152e-06 1.52490052e-02 1.51123784e+01 7.89468675e-04
   4.74707179e-04 3.90650255e-04 3.90650255e-04]]

 [[3.89100405e-06 1.53173245e-02 1.51001219e+01 7.90290741e-04
   4.74296438e-04 3.90558744e-04 3.90558744e-04]
  [3.88921655e-06 1.57074501e-02 1.48876577e+01 7.88442661e-04
   4.75290179e-04 3.90680351e-04 3.90680351e-04]
  [3.72513564e-06 1.53489961e-02 1.49272727e+01 7.87875671e-04
   4.75471597e-04 3.90832948e-04 3.90832948e-04]
  [4.33515736e-06 1.56214835e-02 1.51188938e+01 7.85968006e-04
   4.75897566e-04 3.91269489e-04 3.91269489e-04]
  [4.40474958e-06 1.54982514e-02 1.49587234e+01 7.88212848e-04
   4.75141825e-04 3.90783121e-04 3.90783121e-04]
  [4.57658604e-06 1.53402219e-02 1.50219939e+01 7.90286863e-04
   4.74846021e-04 3.90795974e-04 3.90795974e-04]
  [4.05547906e-06 1.53374542e-02 1.51409874e+01 7.89168006e-04
   4.75056940e-04 3.90621845e-04 3.90621845e-04]
  [4.25125321e-06 1.53611713e-02 1.50287811e+01 7.84460908e-04
   4.76817935e-04 3.91466261e-04 3.91466261e-04]]

 [[1.06675544e-05 1.53700987e-02 1.47020337e+01 7.86884328e-04
   4.75761967e-04 3.90986731e-04 3.90986731e-04]
  [4.43439247e-06 1.53347211e-02 1.50181536e+01 7.88912796e-04
   4.74757707e-04 3.90509871e-04 3.90509871e-04]
  [3.72573240e-06 1.54095978e-02 1.48579547e+01 7.88350835e-04
   4.75362225e-04 3.90575448e-04 3.90575448e-04]
  [3.65865982e-06 1.56882588e-02 1.48383127e+01 7.88388104e-04
   4.75536669e-04 3.90863179e-04 3.90863179e-04]
  [5.33012789e-06 1.55498623e-02 1.50509658e+01 7.87921361e-04
   4.75399262e-04 3.90789983e-04 3.90789983e-04]
  [3.40080319e-06 1.53274685e-02 1.57641102e+01 7.87814915e-04
   4.75738205e-04 3.91143653e-04 3.91143653e-04]
  [3.64002562e-06 1.55923421e-02 1.50070018e+01 7.86826767e-04
   4.75447688e-04 3.90873783e-04 3.90873783e-04]
  [1.16002148e-05 1.54895815e-02 1.49488460e+01 7.90321557e-04
   4.74382980e-04 3.90687524e-04 3.90687524e-04]]

 [[4.17322969e-06 1.54592102e-02 1.48307388e+01 7.90594998e-04
   4.74287813e-04 3.90594447e-04 3.90594447e-04]
  [4.44315972e-06 1.57097118e-02 1.47304984e+01 7.87706882e-04
   4.75723482e-04 3.91029432e-04 3.91029432e-04]
  [4.75660036e-06 1.53387009e-02 1.49943639e+01 7.88908591e-04
   4.75295425e-04 3.91052922e-04 3.91052922e-04]
  [4.49718407e-06 1.53491902e-02 1.50100003e+01 7.88148298e-04
   4.74934170e-04 3.90594127e-04 3.90594127e-04]
  [7.15666006e-06 1.56850086e-02 1.51259891e+01 7.89446044e-04
   4.74929681e-04 3.90772560e-04 3.90772560e-04]
  [4.26608399e-06 1.54614599e-02 1.51346514e+01 7.85508197e-04
   4.75918954e-04 3.91099274e-04 3.91099274e-04]
  [3.59430723e-06 1.54826307e-02 1.49090264e+01 7.88272548e-04
   4.75470344e-04 3.90991124e-04 3.90991124e-04]
  [3.66093579e-06 1.47453677e-02 1.60576673e+01 7.92016932e-04
   4.74158843e-04 3.90347934e-04 3.90347934e-04]]

 [[3.13125253e-06 1.56113359e-02 1.47143035e+01 7.87843648e-04
   4.75892279e-04 3.91154209e-04 3.91154209e-04]
  [3.08359213e-06 1.53778430e-02 1.49370999e+01 7.89764015e-04
   4.74928809e-04 3.90754885e-04 3.90754885e-04]
  [4.71117264e-06 1.54659789e-02 1.46008774e+01 7.89371960e-04
   4.74993954e-04 3.90824891e-04 3.90824891e-04]
  [3.21646885e-06 1.55001404e-02 1.50922095e+01 7.88108706e-04
   4.75673012e-04 3.91003897e-04 3.91003897e-04]
  [3.89092203e-06 1.53862460e-02 1.50256701e+01 7.90135395e-04
   4.74275805e-04 3.90463825e-04 3.90463825e-04]
  [3.75031565e-06 1.54373226e-02 1.51147746e+01 7.91796232e-04
   4.74365659e-04 3.90421471e-04 3.90421471e-04]
  [3.43659266e-06 1.52028893e-02 1.52249489e+01 7.85560086e-04
   4.76011423e-04 3.90354638e-04 3.90354638e-04]
  [6.63947950e-06 1.23713258e-02 1.88898812e+01 7.68968504e-04
   5.16888086e-04 3.89290326e-04 4.07365709e-04]]

 [[4.06187940e-06 1.54047629e-02 1.49482699e+01 7.87796746e-04
   4.75104044e-04 3.91051310e-04 3.91051310e-04]
  [4.12612325e-06 1.52254848e-02 1.49557889e+01 7.89179511e-04
   4.74624082e-04 3.90224504e-04 3.90224504e-04]
  [4.28742584e-06 1.55101000e-02 1.47392161e+01 7.89523966e-04
   4.74384584e-04 3.90928981e-04 3.90928981e-04]
  [4.15073450e-06 1.55304205e-02 1.49135151e+01 7.87704840e-04
   4.75908147e-04 3.90961971e-04 3.90961971e-04]
  [4.44872941e-06 1.58043317e-02 1.51162453e+01 7.89723424e-04
   4.75443434e-04 3.91085440e-04 3.91085440e-04]
  [6.79111689e-06 1.23719089e-02 1.90507492e+01 7.86165236e-04
   4.75975205e-04 3.90689397e-04 3.90689397e-04]
  [3.51416214e-06 1.52650472e-02 1.49696681e+01 7.88084784e-04
   4.75213410e-04 3.90824750e-04 3.90824750e-04]
  [3.33589251e-06 1.55933504e-02 1.50663637e+01 7.84908925e-04
   4.76372678e-04 3.91388686e-04 3.91388686e-04]]

 [[4.77884771e-06 1.54605252e-02 1.45659724e+01 7.89725703e-04
   4.75223382e-04 3.90748712e-04 3.90748712e-04]
  [3.81068461e-06 1.55767850e-02 1.51276073e+01 7.85184712e-04
   4.76435588e-04 3.91061194e-04 3.91061194e-04]
  [4.49157506e-06 1.54205184e-02 1.50207670e+01 7.88980995e-04
   4.75209248e-04 3.90794036e-04 3.90794036e-04]
  [2.81602188e-06 1.54618046e-02 1.52203858e+01 7.89537314e-04
   4.75288158e-04 3.91086257e-04 3.91086257e-04]
  [5.44001778e-06 1.53536245e-02 1.52556549e+01 7.89207619e-04
   4.75145700e-04 3.90778837e-04 3.90778837e-04]
  [3.37814727e-06 1.52538580e-02 1.50194506e+01 7.85034161e-04
   4.76904499e-04 3.91358075e-04 3.91358075e-04]
  [9.35302309e-05 1.57214610e+00 1.87168869e+01 7.65280940e-04
   5.55334400e-04 3.92268444e-04 3.92268444e-04]
  [2.88187849e-06 1.56146577e-02 1.51359895e+01 7.88437480e-04
   4.75838740e-04 3.91101227e-04 3.91101227e-04]]]

Cumulative Reward: 5029.301615207804
