Scheduler Table:
[[[6.25828600e-06 2.87217886e-02 3.61323890e+01 6.70756197e-04
   1.58025809e-01 7.61792277e-03 7.61792277e-03]
  [5.83698963e-06 2.87499251e-02 3.71597181e+01 6.70786682e-04
   1.67462433e-01 7.56041144e-03 7.56041144e-03]
  [6.12599182e-06 2.86970875e-02 3.72756737e+01 6.70808775e-04
   1.57037890e-01 7.55565521e-03 7.55565521e-03]]

 [[5.70214699e-06 2.88264964e-02 3.59495423e+01 6.70568532e-04
   1.70004199e-01 7.54920977e-03 7.54920977e-03]
  [2.92857516e-05 2.13223228e-02 4.80490468e+01 6.69297551e-04
   5.48423266e-01 7.19044512e-03 9.23528672e-03]
  [5.26978477e-06 2.86980251e-02 3.67752674e+01 6.70688287e-04
   1.66255033e-01 7.57313052e-03 7.57313052e-03]]

 [[4.91117850e-06 2.86873152e-02 3.67101357e+01 6.70503690e-04
   1.84635703e-01 7.62542518e-03 7.62542518e-03]
  [5.66768839e-06 2.86934138e-02 3.73456871e+01 6.70855302e-04
   1.63404620e-01 7.54204458e-03 7.54204458e-03]
  [5.58046885e-06 2.87802440e-02 3.70551824e+01 6.70662667e-04
   1.69783551e-01 7.54425598e-03 7.54425598e-03]]]

Buffer Table:
[[[5.18765204e-06 2.88190234e-02 3.58913148e+01 6.70880124e-04
   1.63968532e-01 7.55885935e-03 7.55885935e-03]
  [2.59904005e-05 2.13336444e-02 4.79944206e+01 6.69441114e-04
   2.04439388e-01 7.44725657e-03 7.44725657e-03]
  [3.54570082e-05 2.82113347e-02 3.90176838e+01 6.70584608e-04
   1.67709028e-01 7.53649711e-03 7.53649711e-03]]

 [[2.45505415e-05 2.13326231e-02 4.80751246e+01 6.69363502e-04
   5.46952016e-01 7.21101366e-03 9.25585527e-03]
  [5.25972936e-06 2.87174828e-02 3.62655015e+01 6.70528447e-04
   1.76879772e-01 7.63419673e-03 7.63419673e-03]
  [5.56504177e-06 2.88501680e-02 3.59763485e+01 6.71641198e-04
   1.48316768e-01 7.35036075e-03 7.35036075e-03]]

 [[5.81073851e-06 2.88286566e-02 3.55099265e+01 6.71141790e-04
   1.53941422e-01 7.48399911e-03 7.48399911e-03]
  [4.44605437e-06 2.74201708e-02 4.04989773e+01 6.70335012e-04
   1.77404876e-01 7.52082903e-03 7.52082903e-03]
  [5.36542243e-06 2.87322074e-02 3.62480790e+01 6.70816469e-04
   1.61086171e-01 7.59698495e-03 7.59698495e-03]]]

Arbiter Table:
[[[2.92857516e-05 2.13223228e-02 4.80490468e+01 6.69297551e-04
   5.48423266e-01 7.19044512e-03 9.23528672e-03]
  [4.36998370e-06 2.77529488e-02 3.83275792e+01 6.70627497e-04
   1.60267974e-01 7.49802010e-03 7.49802010e-03]
  [4.43279852e-06 2.80363228e-02 3.83744611e+01 6.70605508e-04
   1.61461871e-01 7.48990821e-03 7.48990821e-03]]

 [[3.80931583e-06 2.71069514e-02 4.05212913e+01 6.70357627e-04
   1.75526706e-01 7.45607343e-03 7.45607343e-03]
  [5.28246841e-06 2.88746663e-02 3.56101135e+01 6.70906337e-04
   1.86652426e-01 7.72020674e-03 7.72020674e-03]
  [5.21894917e-06 2.87508353e-02 3.64995117e+01 6.70748493e-04
   1.71700292e-01 7.48907464e-03 7.48907464e-03]]

 [[5.54818103e-06 2.89377315e-02 3.67717537e+01 6.70643811e-04
   1.61170481e-01 7.44167589e-03 7.44167589e-03]
  [4.24188468e-06 2.74903084e-02 3.89882373e+01 6.70708492e-04
   1.59875878e-01 7.49034704e-03 7.49034704e-03]
  [6.71709488e-06 2.87463955e-02 3.68039687e+01 6.70616304e-04
   1.70491086e-01 7.57608420e-03 7.57608420e-03]]]

Page Table:
[[[2.92857516e-05 2.13223228e-02 4.80490468e+01 6.69297551e-04
   5.48423266e-01 7.19044512e-03 9.23528672e-03]
  [7.61746373e-06 2.91684322e-02 3.68964718e+01 6.70648678e-04
   1.90552703e-01 7.51701406e-03 7.51701406e-03]
  [6.80451343e-06 2.88866694e-02 3.69716738e+01 6.70780249e-04
   1.88552395e-01 7.41081507e-03 7.41081507e-03]
  [7.19952247e-06 2.89473357e-02 3.79160983e+01 6.70719750e-04
   1.78055634e-01 7.41984295e-03 7.41984295e-03]]

 [[9.32771561e-06 2.70519893e-02 4.08197703e+01 6.70299355e-04
   2.18861428e-01 7.41977541e-03 7.41977541e-03]
  [6.52875385e-06 2.92741914e-02 3.66615441e+01 6.70996517e-04
   1.68595626e-01 7.42053918e-03 7.42053918e-03]
  [7.90012235e-06 2.93097387e-02 3.63698043e+01 6.71100365e-04
   1.63368471e-01 7.41378614e-03 7.41378614e-03]
  [6.73686075e-06 2.92048449e-02 3.55897241e+01 6.70778694e-04
   1.72259600e-01 7.56925939e-03 7.56925939e-03]]

 [[5.81358633e-06 2.92624718e-02 3.63882710e+01 6.70817685e-04
   1.92222568e-01 7.53442636e-03 7.53442636e-03]
  [6.01937458e-06 2.82537218e-02 3.92434975e+01 6.70535295e-04
   1.93330076e-01 7.47559081e-03 7.47559081e-03]
  [7.59849741e-06 2.92713238e-02 3.56173322e+01 6.71122609e-04
   1.63648603e-01 7.53987922e-03 7.53987922e-03]
  [6.82512271e-06 2.92117129e-02 3.55733439e+01 6.70923710e-04
   1.66472004e-01 7.53370452e-03 7.53370452e-03]]

 [[6.10313946e-06 2.91713608e-02 3.70166099e+01 6.70631353e-04
   1.97760381e-01 7.57869846e-03 7.57869846e-03]
  [7.59732909e-06 2.79427264e-02 3.96441335e+01 6.70507672e-04
   1.94447410e-01 7.44196190e-03 7.44196190e-03]
  [7.95929546e-06 2.93655257e-02 3.69371943e+01 6.71057132e-04
   1.73675130e-01 7.37066049e-03 7.37066049e-03]
  [5.94897655e-06 2.92716606e-02 3.56706145e+01 6.70661981e-04
   1.73508081e-01 7.49386124e-03 7.49386124e-03]]]

Response Table:
[[[2.92878891e-05 2.13260114e-02 4.80436959e+01]
  [5.19786147e-06 2.58930456e-02 4.12323150e+01]]

 [[3.82211578e-06 2.51025019e-02 4.24304002e+01]
  [4.49094856e-06 2.84033769e-02 3.69820021e+01]]]

Refresh Table:
[[[4.66831703e-06 2.84771161e-02 3.68487382e+01]
  [3.28763945e-06 2.67962618e-02 4.09112644e+01]]

 [[3.79960028e-06 2.76357810e-02 3.93322857e+01]
  [2.92857516e-05 2.13223228e-02 4.80490468e+01]]]

Request Buffer Table:
[[[1.03870376e-05 3.50028710e-02 3.54571573e+01]
  [1.13478723e-05 3.45574916e-02 3.64760184e+01]
  [1.06970974e-05 3.47964376e-02 3.66116314e+01]
  [9.80762399e-06 3.48118545e-02 3.63950140e+01]
  [6.14202238e-06 2.74100447e-02 4.42742562e+01]
  [1.00624658e-05 3.47396459e-02 3.68135463e+01]
  [1.07159546e-05 3.46675252e-02 3.71064974e+01]
  [1.06552290e-05 3.47285536e-02 3.69799846e+01]]

 [[1.00472638e-05 3.47714271e-02 3.56782990e+01]
  [1.24293280e-05 3.52137381e-02 3.63920614e+01]
  [1.08090644e-05 3.48839662e-02 3.57723352e+01]
  [1.05504277e-05 3.52075310e-02 3.59160644e+01]
  [1.10869849e-05 3.45659843e-02 3.65516034e+01]
  [8.00059626e-06 3.17730902e-02 3.93299563e+01]
  [1.08160553e-05 3.49620750e-02 3.64298922e+01]
  [9.88250141e-06 3.42950248e-02 3.57554739e+01]]

 [[9.46733051e-06 3.45680708e-02 3.74718921e+01]
  [1.02673244e-05 3.50762314e-02 3.63717221e+01]
  [7.52981396e-06 3.15694157e-02 3.96549468e+01]
  [1.05470387e-05 3.52211911e-02 3.69796969e+01]
  [1.77413785e-05 3.51327913e-02 3.68904132e+01]
  [1.40228260e-05 3.57329384e-02 3.65356076e+01]
  [1.43436567e-05 3.46371852e-02 3.51739231e+01]
  [1.09132684e-05 3.51651854e-02 3.69942071e+01]]

 [[1.07509156e-05 3.53038969e-02 3.63196967e+01]
  [1.15266837e-05 3.43489279e-02 3.72050731e+01]
  [1.24190789e-05 3.44315618e-02 3.69716144e+01]
  [1.08909396e-05 3.49856668e-02 3.64069973e+01]
  [1.09562618e-05 2.37736832e-02 4.67337064e+01]
  [1.08777105e-05 3.56930667e-02 3.71372141e+01]
  [1.23789930e-05 3.56814977e-02 3.57242359e+01]
  [9.77306142e-06 3.45779904e-02 3.67078220e+01]]

 [[1.03231239e-05 3.47160100e-02 3.59500989e+01]
  [9.54459701e-06 3.42744252e-02 3.69092986e+01]
  [1.29289007e-05 3.46556798e-02 3.56129589e+01]
  [1.31374874e-05 3.14739251e-02 3.92146039e+01]
  [9.59184127e-06 3.51611038e-02 3.68657198e+01]
  [1.10998079e-05 3.50970899e-02 3.64524606e+01]
  [9.59640195e-06 3.41246203e-02 3.74020755e+01]
  [1.03552329e-05 3.46659140e-02 3.69927609e+01]]

 [[9.34631452e-06 3.40963000e-02 3.75172938e+01]
  [9.56681899e-06 3.43910862e-02 3.68255248e+01]
  [1.03976361e-05 3.52791645e-02 3.66765801e+01]
  [1.02469169e-05 3.48336648e-02 3.73060478e+01]
  [9.67220636e-06 3.46037833e-02 3.60502062e+01]
  [2.92857516e-05 2.13223228e-02 4.80490468e+01]
  [1.10078213e-05 3.53770892e-02 3.71441466e+01]
  [1.00023741e-05 3.51120198e-02 3.69020502e+01]]

 [[1.15650612e-05 3.51873516e-02 3.61314253e+01]
  [1.10614406e-05 3.44018625e-02 3.70403466e+01]
  [1.05021501e-05 3.44811513e-02 3.63036089e+01]
  [1.07169985e-05 3.55895390e-02 3.64489171e+01]
  [1.21895383e-05 3.46269856e-02 3.57101875e+01]
  [9.78017966e-06 3.46840831e-02 3.66185555e+01]
  [1.05105399e-05 3.57349174e-02 3.60925830e+01]
  [1.06128696e-05 3.61512403e-02 3.67139618e+01]]

 [[9.93071408e-06 3.49816492e-02 3.67248116e+01]
  [1.16168702e-05 3.58370004e-02 3.59385804e+01]
  [1.96878919e-05 3.47893699e-02 3.71887498e+01]
  [9.94612387e-06 3.52783047e-02 3.62895950e+01]
  [1.02062492e-05 3.53102194e-02 3.64268000e+01]
  [1.12509217e-05 3.59000914e-02 3.60606390e+01]
  [1.03415297e-05 3.45561973e-02 3.69863941e+01]
  [9.82546869e-06 3.49806620e-02 3.69186438e+01]]]

Ref Max Post Table:
[[[5.90710995e-06 2.92573492e-02 3.66384706e+01]
  [6.89430590e-06 2.92458833e-02 3.62842243e+01]
  [7.54690538e-06 2.95380759e-02 3.62758690e+01]
  [1.17347720e-05 2.78814551e-02 3.95394992e+01]]

 [[1.17827684e-05 2.93303650e-02 3.58023899e+01]
  [1.60513617e-05 2.92225139e-02 3.61542977e+01]
  [5.14288445e-06 2.87017526e-02 3.85275532e+01]
  [8.37600334e-06 2.94082543e-02 3.62805096e+01]]

 [[6.53852724e-06 2.92453067e-02 3.70725947e+01]
  [6.53484710e-06 2.93268574e-02 3.61269890e+01]
  [7.94096809e-06 2.92942240e-02 3.58760491e+01]
  [4.81414687e-06 2.69305387e-02 4.06499708e+01]]

 [[7.44612169e-06 2.90882496e-02 3.75452709e+01]
  [5.67655631e-06 2.89004439e-02 3.78064463e+01]
  [4.99997832e-06 2.80792953e-02 3.92582235e+01]
  [2.92857709e-05 2.13223526e-02 4.80490032e+01]]]

Ref Max Pull Table:
[[[5.05631600e-06 2.67307365e-02 3.99432400e+01]
  [5.91570599e-06 2.90481566e-02 3.74710686e+01]
  [4.83093386e-06 2.71709021e-02 4.01043321e+01]
  [5.57468465e-06 2.91409261e-02 3.63294341e+01]]

 [[5.93706792e-06 2.90499004e-02 3.68876692e+01]
  [6.25997742e-06 2.91955884e-02 3.70491818e+01]
  [6.35253917e-06 2.92477155e-02 3.70454115e+01]
  [5.71692772e-06 2.89436581e-02 3.74865871e+01]]

 [[1.20825388e-05 2.75427688e-02 3.91830077e+01]
  [6.07752447e-06 2.92283422e-02 3.67537387e+01]
  [7.07232057e-06 2.93050894e-02 3.65058455e+01]
  [2.46136914e-05 2.14310319e-02 4.79415067e+01]]

 [[5.74122389e-06 2.92189787e-02 3.64446650e+01]
  [6.18753109e-06 2.94593329e-02 3.63253887e+01]
  [2.60552863e-05 2.14347583e-02 4.78571298e+01]
  [6.55073790e-06 2.95017999e-02 3.62333479e+01]]]

Max Activate Table:
[[[1.00844834e-05 3.51263808e-02 3.62303570e+01 6.70449743e-04
   1.83529000e-01 7.37275706e-03 7.37275706e-03]
  [1.07431071e-05 3.49360755e-02 3.65586705e+01 6.70824524e-04
   1.86529222e-01 7.44503536e-03 7.44503536e-03]
  [1.02997595e-05 3.48498763e-02 3.68308301e+01 6.70261304e-04
   1.91868158e-01 7.35831977e-03 7.35831977e-03]
  [1.12456440e-05 3.51231214e-02 3.58930946e+01 6.70373399e-04
   1.82491019e-01 7.42065645e-03 7.42065645e-03]
  [1.05880457e-05 3.52221640e-02 3.63307254e+01 6.70502528e-04
   1.82856708e-01 7.34726866e-03 7.34726866e-03]
  [1.26699465e-05 3.51830586e-02 3.58900263e+01 6.70530913e-04
   1.83957957e-01 7.34518541e-03 7.34518541e-03]
  [9.89989943e-06 2.74332384e-02 4.29748365e+01 6.70096264e-04
   1.98279041e-01 7.42647827e-03 7.42647827e-03]
  [1.02682084e-05 3.44217347e-02 3.72158792e+01 6.70566984e-04
   1.79679718e-01 7.47732727e-03 7.47732727e-03]]

 [[1.02515559e-05 3.52122646e-02 3.55774942e+01 6.70422707e-04
   1.97482846e-01 7.42671727e-03 7.42671727e-03]
  [1.12371448e-05 3.58321544e-02 3.70181123e+01 6.70561214e-04
   1.91459674e-01 7.31321743e-03 7.31321743e-03]
  [1.14016123e-05 3.50527834e-02 3.69870641e+01 6.70242840e-04
   2.21828190e-01 7.55231434e-03 7.55231434e-03]
  [1.12521038e-05 3.50596761e-02 3.70566013e+01 6.70530411e-04
   1.84139737e-01 7.39809726e-03 7.39809726e-03]
  [9.76478975e-06 3.45748424e-02 3.64901850e+01 6.70354506e-04
   1.93190972e-01 7.35629043e-03 7.35629043e-03]
  [9.90590334e-06 3.50851513e-02 3.67618218e+01 6.70583313e-04
   1.79858158e-01 7.46990933e-03 7.46990933e-03]
  [9.78748346e-06 3.53681598e-02 3.71144307e+01 6.70251684e-04
   1.85472424e-01 7.37811157e-03 7.37811157e-03]
  [1.05058625e-05 3.48949736e-02 3.61668445e+01 6.70572761e-04
   1.90140647e-01 7.38196207e-03 7.38196207e-03]]

 [[9.70847245e-06 3.47057994e-02 3.67549125e+01 6.70746810e-04
   1.79968803e-01 7.56997399e-03 7.56997399e-03]
  [1.21630287e-05 3.57312958e-02 3.64784933e+01 6.70161800e-04
   1.87194621e-01 7.45114382e-03 7.45114382e-03]
  [1.01428501e-05 3.48215677e-02 3.66977175e+01 6.70690968e-04
   1.80597748e-01 7.32929278e-03 7.32929278e-03]
  [9.91856748e-06 3.52688077e-02 3.60655335e+01 6.70412030e-04
   1.98176847e-01 7.38993561e-03 7.38993561e-03]
  [1.13278595e-05 3.53778358e-02 3.62413085e+01 6.70414164e-04
   1.88058513e-01 7.46970328e-03 7.46970328e-03]
  [1.05871415e-05 3.47580841e-02 3.66697199e+01 6.70373293e-04
   1.96167130e-01 7.50622029e-03 7.50622029e-03]
  [1.04188260e-05 3.47109084e-02 3.67517285e+01 6.70432111e-04
   1.84847020e-01 7.43723916e-03 7.43723916e-03]
  [1.00470916e-05 3.43690825e-02 3.76165929e+01 6.71067656e-04
   1.85653824e-01 7.33722253e-03 7.33722253e-03]]

 [[9.55588066e-06 3.43564888e-02 3.62961131e+01 6.70346381e-04
   1.82113614e-01 7.41465872e-03 7.41465872e-03]
  [9.20564166e-06 3.40682881e-02 3.65564755e+01 6.70250844e-04
   1.91568351e-01 7.38584242e-03 7.38584242e-03]
  [1.02164566e-05 3.50919532e-02 3.55487723e+01 6.70631520e-04
   1.95131777e-01 7.43450658e-03 7.43450658e-03]
  [1.02727422e-05 3.54975580e-02 3.63327514e+01 6.70692765e-04
   1.89457578e-01 7.32606379e-03 7.32606379e-03]
  [1.29661584e-05 3.50212618e-02 3.65399245e+01 6.70777714e-04
   1.89304157e-01 7.37923823e-03 7.37923823e-03]
  [1.41412827e-05 3.58542073e-02 3.66507266e+01 6.70190813e-04
   1.89148146e-01 7.38315108e-03 7.38315108e-03]
  [9.86860374e-06 3.45165916e-02 3.74224307e+01 6.70539656e-04
   1.79223234e-01 7.42268392e-03 7.42268392e-03]
  [1.97492992e-05 3.49124924e-02 3.66653535e+01 6.70474700e-04
   1.83815760e-01 7.53363774e-03 7.53363774e-03]]

 [[1.03228421e-05 3.49088032e-02 3.63984430e+01 6.70330351e-04
   1.84724571e-01 7.41754330e-03 7.41754330e-03]
  [1.07175496e-05 3.51819847e-02 3.56830796e+01 6.70272293e-04
   1.99185735e-01 7.40161211e-03 7.40161211e-03]
  [9.60724516e-06 3.41862968e-02 3.73649497e+01 6.70483410e-04
   1.89220369e-01 7.37085389e-03 7.37085389e-03]
  [9.44742154e-06 3.42913678e-02 3.63968811e+01 6.70424239e-04
   1.83244088e-01 7.40071966e-03 7.40071966e-03]
  [9.92623441e-06 3.50458343e-02 3.69415687e+01 6.70348655e-04
   1.80984945e-01 7.33786864e-03 7.33786864e-03]
  [1.06790948e-05 3.53133942e-02 3.64224600e+01 6.70384706e-04
   1.90357638e-01 7.50262077e-03 7.50262077e-03]
  [1.07920399e-05 3.45405585e-02 3.67507292e+01 6.70662066e-04
   2.01549885e-01 7.40907708e-03 7.40907708e-03]
  [1.02164987e-05 3.46691896e-02 3.69460053e+01 6.70370432e-04
   1.86341793e-01 7.33654742e-03 7.33654742e-03]]

 [[1.14735639e-05 3.52073278e-02 3.63736389e+01 6.70274311e-04
   1.95328772e-01 7.41969370e-03 7.41969370e-03]
  [1.17412152e-05 3.55903208e-02 3.59173067e+01 6.70732579e-04
   1.89313298e-01 7.36380119e-03 7.36380119e-03]
  [1.12561704e-05 3.49798297e-02 3.65258730e+01 6.70406515e-04
   1.81033583e-01 7.40482530e-03 7.40482530e-03]
  [1.21579989e-05 3.55713586e-02 3.67695324e+01 6.70195999e-04
   1.91876764e-01 7.43937383e-03 7.43937383e-03]
  [1.19106898e-05 3.48564948e-02 3.63898684e+01 6.70551125e-04
   1.90625966e-01 7.54318105e-03 7.54318105e-03]
  [1.10552456e-05 3.55740311e-02 3.57095470e+01 6.70256843e-04
   1.98503562e-01 7.40807303e-03 7.40807303e-03]
  [5.78948423e-06 3.10800458e-02 4.14976961e+01 6.70111410e-04
   2.34608642e-01 7.59975833e-03 7.59975833e-03]
  [1.00936602e-05 3.46428935e-02 3.55000572e+01 6.70871027e-04
   1.77029554e-01 7.44864342e-03 7.44864342e-03]]

 [[9.97849707e-06 2.79486216e-02 4.25061660e+01 6.69913613e-04
   2.08009435e-01 7.43951299e-03 7.43951299e-03]
  [1.01832325e-05 3.43768374e-02 3.69081012e+01 6.70422795e-04
   1.90844859e-01 7.39943034e-03 7.39943034e-03]
  [9.85945681e-06 3.53745040e-02 3.65473986e+01 6.70410272e-04
   1.89220682e-01 7.33974458e-03 7.33974458e-03]
  [1.10640190e-05 3.53171885e-02 3.59848750e+01 6.70612558e-04
   1.97799568e-01 7.33898156e-03 7.33898156e-03]
  [9.74369382e-06 3.41565765e-02 3.74386027e+01 6.70684437e-04
   1.93478904e-01 7.46245025e-03 7.46245025e-03]
  [9.66746971e-06 3.46744353e-02 3.69643019e+01 6.70360169e-04
   1.87848680e-01 7.39884920e-03 7.39884920e-03]
  [2.92857516e-05 2.13223228e-02 4.80490468e+01 6.69297551e-04
   5.48423266e-01 7.19044512e-03 9.23528672e-03]
  [1.03677408e-05 3.51624780e-02 3.68297057e+01 6.70294086e-04
   1.89894474e-01 7.37405455e-03 7.37405455e-03]]

 [[1.11522393e-05 3.56872245e-02 3.64430435e+01 6.70163891e-04
   1.91553427e-01 7.43817643e-03 7.43817643e-03]
  [9.89302363e-06 3.49505508e-02 3.68266105e+01 6.70345468e-04
   1.80761854e-01 7.47945510e-03 7.47945510e-03]
  [9.69438794e-06 3.43711007e-02 3.70534485e+01 6.70545190e-04
   1.81083081e-01 7.42726650e-03 7.42726650e-03]
  [3.18245556e-05 3.47422556e-02 3.67219436e+01 6.70582117e-04
   1.85775278e-01 7.36801316e-03 7.36801316e-03]
  [1.05183967e-05 3.44396152e-02 3.56973502e+01 6.70670644e-04
   1.80305580e-01 7.38992893e-03 7.38992893e-03]
  [1.00037944e-05 3.44262347e-02 3.78710834e+01 6.70712553e-04
   1.89990541e-01 7.33995437e-03 7.33995437e-03]
  [1.03141548e-05 3.49493150e-02 3.56162830e+01 6.70471559e-04
   1.82323345e-01 7.47438056e-03 7.47438056e-03]
  [1.04735877e-05 3.50142139e-02 3.68662928e+01 6.70737721e-04
   1.84638592e-01 7.32571525e-03 7.32571525e-03]]]

Cumulative Reward: 9141.158696968998
