Scheduler Table:
[[[1.09805806e-05 2.51966016e-02 3.63695137e+01 7.45877877e+00
   4.01947136e+00 6.66646673e-04 6.66646673e-04]
  [9.60932616e-06 2.45546534e-02 5.03912477e+01 5.47506781e+00
   3.17046707e+00 6.66647154e-04 6.66647154e-04]
  [1.05104746e-05 2.53469561e-02 3.66654755e+01 7.55805968e+00
   4.36494832e+00 6.66646632e-04 6.66646632e-04]]

 [[1.17543537e-05 2.52161299e-02 3.64800787e+01 7.88381688e+00
   3.82242281e+00 6.66646779e-04 6.66646779e-04]
  [3.79563789e-04 7.81702335e-01 1.29164421e+02 9.90280381e-04
   7.54688403e-04 6.99555789e-04 7.20512996e-04]
  [8.91793587e-06 2.52675014e-02 3.67844109e+01 7.25518567e+00
   4.59209246e+00 6.66646627e-04 6.66646627e-04]]

 [[2.39897211e-05 2.52687406e-02 3.70339125e+01 7.78723870e+00
   4.19532003e+00 6.66646746e-04 6.66646746e-04]
  [1.24213147e-05 2.51718292e-02 3.74907677e+01 7.50429653e+00
   4.40466034e+00 6.66646615e-04 6.66646615e-04]
  [7.64021506e-06 2.43970519e-02 4.57377430e+01 4.64356514e+00
   6.62564340e+00 6.66646197e-04 6.66646197e-04]]]

Buffer Table:
[[[9.05255523e-06 2.52745462e-02 3.69508706e+01 7.65695674e+00
   4.29219101e+00 6.66646967e-04 6.66646967e-04]
  [1.62123519e-05 2.52772990e-02 3.73770581e+01 7.96617856e+00
   4.06018397e+00 6.66647115e-04 6.66647115e-04]
  [8.53118442e-06 2.39257877e-02 7.21517298e+01 3.67186179e+00
   2.01545314e+00 6.66645795e-04 6.66645795e-04]]

 [[1.34819901e-05 2.53386425e-02 3.65889834e+01 7.62290326e+00
   4.31716689e+00 6.66646977e-04 6.66646977e-04]
  [9.94347584e-06 2.54208507e-02 4.62975637e+01 3.16499403e+00
   6.51255463e+00 6.66645505e-04 6.66645505e-04]
  [7.93072548e-06 2.25073727e-02 8.16100095e+01 3.34051586e+00
   4.26525916e+00 6.66646204e-04 6.66646204e-04]]

 [[1.04975664e-05 2.49729592e-02 5.24460349e+01 4.76040384e+00
   2.61217850e+00 6.66646028e-04 6.66646028e-04]
  [9.59916056e-06 2.31770112e-02 6.51838482e+01 4.42316525e+00
   5.64661078e+00 6.66646776e-04 6.66646776e-04]
  [3.80275727e-04 7.82061814e-01 1.20205465e+02 6.64898591e-01
   8.51282513e-01 6.99556136e-04 7.20513343e-04]]]

Arbiter Table:
[[[8.61693160e-06 2.38548349e-02 5.53372147e+01 4.15735730e+00
   2.41502457e+00 6.66648584e-04 6.66648584e-04]
  [1.26383044e-05 2.52727109e-02 3.69499980e+01 7.92104371e+00
   4.06575451e+00 6.66645933e-04 6.66645933e-04]
  [8.53101058e-06 2.49810235e-02 4.37488199e+01 6.03955159e+00
   3.48699052e+00 6.66645592e-04 6.66645592e-04]]

 [[7.11742041e-06 2.48466965e-02 4.44577867e+01 5.44885506e+00
   3.34961131e+00 6.66645466e-04 6.66645466e-04]
  [3.79563789e-04 7.81702335e-01 1.29164421e+02 9.90280381e-04
   7.54688403e-04 6.99555789e-04 7.20512996e-04]
  [1.16831382e-05 2.52831938e-02 3.61137984e+01 7.20659427e+00
   4.59900957e+00 6.66645812e-04 6.66645812e-04]]

 [[8.91107396e-06 2.52637367e-02 3.59756830e+01 7.26089109e+00
   4.55863979e+00 6.66645811e-04 6.66645811e-04]
  [8.27844922e-06 2.45139949e-02 4.82187096e+01 4.67660479e+00
   5.00275588e+00 6.66645352e-04 6.66645352e-04]
  [1.31032019e-05 2.53113852e-02 3.67414247e+01 7.54100911e+00
   4.34867801e+00 6.66645864e-04 6.66645864e-04]]]

Page Table:
[[[3.79583649e-04 7.81715594e-01 1.28910358e+02 1.73619213e-02
   1.24230879e-02 6.99555792e-04 7.20512999e-04]
  [9.51878604e-06 2.56086244e-02 3.73107100e+01 6.92646104e+00
   2.95962717e+00 6.66646277e-04 6.66646277e-04]
  [6.84965704e-06 2.55769812e-02 3.70596376e+01 6.70112892e+00
   3.11318513e+00 6.66645931e-04 6.66645931e-04]
  [7.35977004e-06 2.44103711e-02 5.90438193e+01 4.63794715e+00
   3.25664683e+00 6.66646849e-04 6.66646849e-04]]

 [[1.26417951e-05 2.57327438e-02 3.75843445e+01 6.97725568e+00
   2.80969926e+00 6.66645841e-04 6.66645841e-04]
  [7.84331008e-06 2.56977240e-02 3.78041169e+01 6.83661569e+00
   3.01650663e+00 6.66646078e-04 6.66646078e-04]
  [7.88855888e-06 2.57084552e-02 3.71306084e+01 6.94496365e+00
   2.88708521e+00 6.66646101e-04 6.66646101e-04]
  [2.35974513e-05 2.57175908e-02 3.80433292e+01 6.82336893e+00
   2.98305455e+00 6.66645917e-04 6.66645917e-04]]

 [[7.93973619e-06 2.57195536e-02 3.69636268e+01 6.83899032e+00
   2.98491761e+00 6.66645989e-04 6.66645989e-04]
  [1.02999266e-05 2.56593806e-02 3.65231310e+01 6.79993499e+00
   3.09614346e+00 6.66646257e-04 6.66646257e-04]
  [7.50822436e-06 2.56979372e-02 3.65951630e+01 6.77791480e+00
   3.04449474e+00 6.66645901e-04 6.66645901e-04]
  [7.14236617e-06 2.55969984e-02 3.85514623e+01 6.55018563e+00
   3.26081035e+00 6.66645902e-04 6.66645902e-04]]

 [[5.93099345e-06 2.34826837e-02 7.64586579e+01 3.50201567e+00
   2.46151911e+00 6.66646188e-04 6.66646188e-04]
  [1.87301932e-05 2.57098862e-02 3.80014951e+01 6.73143679e+00
   3.08763381e+00 6.66645939e-04 6.66645939e-04]
  [1.31255537e-05 2.57162673e-02 3.70711863e+01 7.17101493e+00
   2.73581570e+00 6.66646433e-04 6.66646433e-04]
  [8.11063332e-06 2.56780381e-02 3.83851698e+01 7.18838563e+00
   2.59604898e+00 6.66645973e-04 6.66645973e-04]]]

Response Table:
[[[3.79563789e-04 7.81702335e-01 1.29164421e+02]
  [1.59169050e-05 2.50268722e-02 3.43979480e+01]]

 [[1.26930932e-05 2.48867142e-02 4.33779117e+01]
  [1.59395186e-05 2.50091730e-02 3.28316538e+01]]]

Refresh Table:
[[[3.79563789e-04 7.81702335e-01 1.29164421e+02]
  [1.11987273e-05 2.49150764e-02 3.52962297e+01]]

 [[8.65109351e-06 2.42457093e-02 4.57273037e+01]
  [8.96738111e-06 2.49862448e-02 3.35269246e+01]]]

Request Buffer Table:
[[[7.03018872e-06 3.40131067e-02 3.65988589e+01]
  [1.85299578e-05 3.31048726e-02 3.69947418e+01]
  [7.14587334e-06 3.33652407e-02 3.67365546e+01]
  [6.92235652e-06 3.37365839e-02 3.76709561e+01]
  [7.84903087e-06 3.37317284e-02 3.72491221e+01]
  [1.74922016e-05 3.37035916e-02 3.79302593e+01]
  [7.40542981e-06 3.39504584e-02 3.59053731e+01]
  [6.64788909e-06 3.35940244e-02 3.72479352e+01]]

 [[8.66177879e-06 3.35238659e-02 3.69476036e+01]
  [7.18065535e-06 3.31885495e-02 3.65559591e+01]
  [8.47096854e-06 3.33962380e-02 3.62930202e+01]
  [7.01868769e-06 3.43325478e-02 3.71963990e+01]
  [8.34578886e-06 3.51299101e-02 3.69260801e+01]
  [7.02104759e-06 3.35678312e-02 3.67114408e+01]
  [1.48563528e-05 3.09633875e-02 4.54342026e+01]
  [7.65690513e-06 3.30390673e-02 3.77163458e+01]]

 [[6.20523656e-06 3.40722452e-02 3.68261881e+01]
  [8.88498074e-06 3.32579374e-02 3.70640719e+01]
  [6.62552084e-06 3.34042918e-02 3.65169638e+01]
  [6.68153873e-06 3.37192031e-02 3.67870740e+01]
  [7.65221791e-06 3.34280667e-02 3.72304358e+01]
  [9.02713463e-06 3.29471866e-02 3.62862655e+01]
  [6.91839660e-06 3.38413450e-02 3.74243139e+01]
  [7.93355427e-06 3.38163428e-02 3.84736887e+01]]

 [[1.25516386e-05 3.33453238e-02 3.64276188e+01]
  [7.08659824e-06 3.49134597e-02 3.62630734e+01]
  [7.84403978e-06 3.34874564e-02 3.69127028e+01]
  [6.38871639e-06 3.44275412e-02 3.62369105e+01]
  [8.92562644e-06 3.32890721e-02 3.72035655e+01]
  [1.10148187e-05 3.36212999e-02 3.68639087e+01]
  [1.08862796e-05 3.02709600e-02 6.31143037e+01]
  [7.00784480e-06 3.33903689e-02 3.69924069e+01]]

 [[7.74577476e-06 3.33788833e-02 3.71745274e+01]
  [8.11541773e-06 3.31678574e-02 3.76346866e+01]
  [6.83702747e-06 3.34251025e-02 3.67787852e+01]
  [6.87502086e-06 3.38586544e-02 3.70206400e+01]
  [8.77131077e-06 2.62762072e-02 6.70498587e+01]
  [6.65096114e-06 3.32386893e-02 3.68879771e+01]
  [3.81194780e-04 7.81749254e-01 1.29740075e+02]
  [7.34872190e-06 3.32236167e-02 3.70069171e+01]]

 [[7.91177243e-06 3.39817099e-02 3.62797318e+01]
  [6.88930712e-06 3.26744697e-02 3.78901074e+01]
  [6.93534927e-06 3.33849368e-02 3.60519162e+01]
  [8.50372314e-06 3.30324785e-02 3.66363646e+01]
  [6.35404214e-06 3.34138512e-02 3.57681734e+01]
  [7.62953066e-06 3.32130651e-02 3.66245483e+01]
  [9.68170576e-06 3.44286274e-02 3.64157678e+01]
  [9.04279020e-06 3.40787048e-02 3.67180940e+01]]

 [[7.15611439e-06 3.36307545e-02 3.71859471e+01]
  [1.19508622e-05 3.41759051e-02 3.59179598e+01]
  [6.74383820e-06 3.34615087e-02 3.62888730e+01]
  [6.87014616e-06 3.35657230e-02 3.72060503e+01]
  [6.70005039e-06 3.32307115e-02 3.71015574e+01]
  [3.15933060e-05 3.38081063e-02 3.73631549e+01]
  [6.89614472e-06 3.35712047e-02 3.60639524e+01]
  [2.90128979e-06 2.05014613e-02 1.30615400e+02]]

 [[2.32474556e-05 3.29576737e-02 3.72414264e+01]
  [9.87752304e-06 3.35801270e-02 3.64722224e+01]
  [6.75433619e-06 3.30022239e-02 3.57407047e+01]
  [3.06927925e-05 3.33218882e-02 4.00057156e+01]
  [2.87319973e-06 2.05004989e-02 1.29951238e+02]
  [1.72053991e-05 3.34854060e-02 3.76605935e+01]
  [7.07046134e-06 3.33590937e-02 3.73860068e+01]
  [9.81120359e-06 3.33989391e-02 3.68510638e+01]]]

Ref Max Post Table:
[[[8.63907223e-06 2.56898506e-02 3.81226133e+01]
  [1.83637893e-06 2.04671417e-02 1.30008878e+02]
  [1.82781466e-05 2.55344633e-02 4.04718557e+01]
  [7.73521920e-06 2.36374990e-02 7.78613494e+01]]

 [[3.80160668e-04 7.81715937e-01 1.29411635e+02]
  [8.16038959e-06 2.55896801e-02 3.70203211e+01]
  [8.84903861e-06 2.56310408e-02 3.66626927e+01]
  [5.77957811e-06 2.44623690e-02 5.76548254e+01]]

 [[1.57865583e-05 2.30076570e-02 9.43926784e+01]
  [9.13825919e-06 2.56794606e-02 3.72025402e+01]
  [8.35418370e-06 2.56603556e-02 3.72077856e+01]
  [9.71658319e-06 2.56974856e-02 3.76039018e+01]]

 [[1.20804312e-05 2.56860995e-02 3.79570888e+01]
  [6.20227297e-06 2.31108024e-02 8.89250249e+01]
  [8.84118905e-06 2.56708547e-02 3.67550598e+01]
  [6.62108660e-06 2.56878801e-02 3.79841485e+01]]]

Ref Max Pull Table:
[[[3.79563789e-04 7.81702335e-01 1.29164421e+02]
  [9.06068555e-06 2.55528474e-02 4.17151294e+01]
  [7.21613704e-06 2.55903292e-02 4.40574738e+01]
  [8.68413977e-06 2.54379947e-02 4.26588734e+01]]

 [[9.52521070e-06 2.56190212e-02 3.70511732e+01]
  [1.16731511e-05 2.56148738e-02 3.70144601e+01]
  [1.45279193e-05 2.56674859e-02 3.79331694e+01]
  [8.58664557e-06 2.52130432e-02 4.76101499e+01]]

 [[6.58496549e-06 2.44677501e-02 5.51570862e+01]
  [1.50511055e-05 2.56476099e-02 3.70893548e+01]
  [8.04252636e-06 2.55901329e-02 4.38479905e+01]
  [1.13398101e-05 2.56822994e-02 3.80153113e+01]]

 [[1.23434432e-05 2.56958815e-02 3.73112711e+01]
  [9.50839025e-06 2.55783629e-02 3.68959593e+01]
  [8.53814211e-06 2.47605858e-02 5.24102355e+01]
  [6.29812999e-06 2.57322305e-02 3.81402920e+01]]]

Max Activate Table:
[[[6.53183694e-06 3.36957524e-02 3.62038781e+01 3.59215091e+00
   2.18704794e+00 8.14625231e-04 8.14625231e-04]
  [9.02643462e-06 3.34174949e-02 3.67138776e+01 4.29757542e+00
   2.27005743e+00 8.10841352e-04 8.10841352e-04]
  [7.15093754e-06 3.31686845e-02 3.61028133e+01 3.99538219e+00
   2.46481361e+00 8.05400007e-04 8.05400007e-04]
  [6.49422464e-06 3.47296228e-02 3.81145099e+01 4.31624869e+00
   1.32079546e+00 8.31679382e-04 8.31679382e-04]
  [9.00115264e-06 3.32229630e-02 3.68881190e+01 4.79511910e+00
   2.09818645e+00 8.06123222e-04 8.06123222e-04]
  [7.25422146e-06 3.33300722e-02 3.67958488e+01 4.89655312e+00
   2.06305380e+00 8.06890104e-04 8.06890104e-04]
  [9.43770186e-06 3.41383703e-02 3.65187530e+01 5.35852289e+00
   1.23787116e+00 8.21682626e-04 8.21682626e-04]
  [7.20595561e-06 3.10469663e-02 5.98937002e+01 2.99043259e+00
   1.38950883e+00 7.86312245e-04 7.86312245e-04]]

 [[6.84526459e-06 3.36601623e-02 3.69220376e+01 4.44305307e+00
   1.83184814e+00 8.13383621e-04 8.13383621e-04]
  [6.26310538e-06 3.40303000e-02 3.56629700e+01 4.19788889e+00
   2.01410005e+00 8.19727997e-04 8.19727997e-04]
  [8.03787819e-06 3.35264735e-02 3.67603148e+01 4.91037845e+00
   1.81755559e+00 8.11510471e-04 8.11510471e-04]
  [9.18733503e-06 3.33789612e-02 3.67952434e+01 4.52331097e+00
   2.17647148e+00 8.08144339e-04 8.08144339e-04]
  [6.42648735e-06 3.38089958e-02 3.69807095e+01 4.86829122e+00
   1.72209184e+00 8.15478281e-04 8.15478281e-04]
  [3.14864217e-05 3.35754006e-02 3.66637104e+01 4.39470826e+00
   2.11125972e+00 8.11776794e-04 8.11776794e-04]
  [5.61517863e-06 3.16132609e-02 4.59174348e+01 3.42273124e+00
   1.92574079e+00 7.83409136e-04 7.83409136e-04]
  [6.00096372e-06 3.41052346e-02 3.68206427e+01 4.52701135e+00
   1.80158029e+00 8.20884418e-04 8.20884418e-04]]

 [[8.33402116e-06 3.37188116e-02 3.67578876e+01 4.84362232e+00
   1.72695513e+00 8.15094018e-04 8.15094018e-04]
  [6.60935615e-06 3.39046815e-02 3.57856134e+01 4.13065655e+00
   2.12827192e+00 8.17727268e-04 8.17727268e-04]
  [6.62672652e-06 3.38750485e-02 3.59154955e+01 3.87304493e+00
   2.00575012e+00 8.16906078e-04 8.16906078e-04]
  [6.78253391e-06 3.40265366e-02 3.73768576e+01 5.33072511e+00
   1.23076373e+00 8.20920438e-04 8.20920438e-04]
  [6.60596157e-06 3.35771877e-02 3.72738264e+01 6.13427989e+00
   1.17118177e+00 8.13171577e-04 8.13171577e-04]
  [6.17253407e-06 3.31609273e-02 3.66640745e+01 4.87763770e+00
   2.09040691e+00 8.05227914e-04 8.05227914e-04]
  [8.59846611e-06 3.30105163e-02 3.78323011e+01 4.56152619e+00
   2.33603028e+00 8.03697120e-04 8.03697120e-04]
  [6.28161135e-06 3.38109295e-02 3.81038835e+01 4.76906171e+00
   1.68637171e+00 8.15715514e-04 8.15715514e-04]]

 [[6.73631203e-06 3.44427650e-02 3.76195759e+01 3.90676936e+00
   1.28662059e+00 8.27423823e-04 8.27423823e-04]
  [1.08765259e-05 3.45718977e-02 3.70886518e+01 4.73653514e+00
   1.29323923e+00 8.28391885e-04 8.28391885e-04]
  [6.42062549e-06 3.37876673e-02 3.67370849e+01 4.17726382e+00
   1.98577999e+00 8.16225445e-04 8.16225445e-04]
  [1.90596746e-05 3.40581760e-02 3.65098578e+01 4.32501957e+00
   1.65598366e+00 8.21587183e-04 8.21587183e-04]
  [6.81451431e-06 3.37876518e-02 3.63631461e+01 4.57253459e+00
   1.92792710e+00 8.14839180e-04 8.14839180e-04]
  [8.20940915e-06 3.31903317e-02 3.63493056e+01 4.35143367e+00
   2.37673852e+00 8.04891525e-04 8.04891525e-04]
  [9.15711888e-06 3.39083150e-02 3.65100290e+01 4.38639536e+00
   1.93185740e+00 8.17264281e-04 8.17264281e-04]
  [5.74333984e-06 3.10851125e-02 4.40748581e+01 3.45822428e+00
   1.32653742e+00 7.74541231e-04 7.74541231e-04]]

 [[7.73379289e-06 3.36096742e-02 3.67867976e+01 4.78163157e+00
   1.94345747e+00 8.11629033e-04 8.11629033e-04]
  [7.69799716e-06 3.29167631e-02 3.69951294e+01 4.73104041e+00
   2.34712297e+00 8.01191156e-04 8.01191156e-04]
  [3.15049076e-05 3.40549722e-02 3.62560597e+01 4.74574064e+00
   1.52803499e+00 8.20352849e-04 8.20352849e-04]
  [9.32183290e-06 3.52006656e-02 3.76801733e+01 3.28106294e+00
   1.69053347e+00 8.40456876e-04 8.40456876e-04]
  [7.73518969e-06 3.40378976e-02 3.76542541e+01 4.57191665e+00
   1.64506442e+00 8.19862901e-04 8.19862901e-04]
  [9.35666782e-06 3.33071299e-02 3.69664217e+01 4.82896948e+00
   2.07868976e+00 8.07486415e-04 8.07486415e-04]
  [6.66533732e-06 3.27028014e-02 3.62830829e+01 4.58731375e+00
   2.61682715e+00 7.96352477e-04 7.96352477e-04]
  [7.12100141e-06 3.35772332e-02 3.63017625e+01 4.97835849e+00
   1.82929472e+00 8.11755299e-04 8.11755299e-04]]

 [[8.97153666e-06 3.30241065e-02 3.71656993e+01 4.98277028e+00
   2.12123061e+00 8.02800353e-04 8.02800353e-04]
  [7.54969779e-06 3.32146533e-02 3.68745090e+01 4.74919274e+00
   2.13326487e+00 8.06407761e-04 8.06407761e-04]
  [7.16356331e-06 3.34394177e-02 3.65043495e+01 4.45969884e+00
   2.05026445e+00 8.10476845e-04 8.10476845e-04]
  [6.13788319e-06 3.42651570e-02 3.70035927e+01 4.59101111e+00
   1.55928839e+00 8.24717924e-04 8.24717924e-04]
  [9.61952024e-06 3.33173519e-02 3.70464660e+01 5.66732080e+00
   1.63222889e+00 8.07029068e-04 8.07029068e-04]
  [6.93647762e-06 3.47467790e-02 3.74841255e+01 4.16857778e+00
   1.32746199e+00 8.32335319e-04 8.32335319e-04]
  [8.37900006e-06 3.30664654e-02 3.69029436e+01 4.95511005e+00
   2.17356843e+00 8.02280030e-04 8.02280030e-04]
  [6.39161466e-06 3.30533297e-02 3.64368159e+01 4.35758546e+00
   2.48881257e+00 8.03340294e-04 8.03340294e-04]]

 [[9.62037423e-06 3.28932159e-02 3.61781266e+01 5.06138664e+00
   2.25513000e+00 7.99776251e-04 7.99776251e-04]
  [6.49197020e-06 3.42008204e-02 3.69464231e+01 3.90232006e+00
   1.95586278e+00 8.23342470e-04 8.23342470e-04]
  [7.09296115e-06 3.31084377e-02 3.68964827e+01 4.57320745e+00
   2.29562957e+00 8.04798150e-04 8.04798150e-04]
  [2.09456288e-05 3.34823441e-02 3.61971622e+01 4.46493076e+00
   2.01564197e+00 8.11688478e-04 8.11688478e-04]
  [7.58966766e-06 3.29121323e-02 3.60728705e+01 4.31566312e+00
   2.57999430e+00 8.00747306e-04 8.00747306e-04]
  [8.30411165e-06 3.36615423e-02 3.70170752e+01 4.87930243e+00
   1.60387038e+00 8.14601881e-04 8.14601881e-04]
  [7.81644880e-06 3.29732795e-02 3.65945151e+01 4.39850455e+00
   2.53625676e+00 8.00948834e-04 8.00948834e-04]
  [4.52312544e-06 2.90474680e-02 6.67512145e+01 2.80619848e+00
   1.28508781e+00 7.56381970e-04 7.56381970e-04]]

 [[6.24088260e-06 3.38969236e-02 3.76366986e+01 3.75446048e+00
   1.75002186e+00 8.19567497e-04 8.19567497e-04]
  [6.27869444e-06 3.34054928e-02 3.73560008e+01 4.18139807e+00
   2.05620591e+00 8.11652322e-04 8.11652322e-04]
  [1.48187635e-05 3.45336714e-02 3.76060756e+01 4.82503870e+00
   1.29062753e+00 8.28151195e-04 8.28151195e-04]
  [7.15808821e-06 3.33979682e-02 3.80920225e+01 4.57725793e+00
   1.77975705e+00 8.10010242e-04 8.10010242e-04]
  [6.31279542e-06 3.38041326e-02 3.73028400e+01 5.47381436e+00
   1.48791668e+00 8.15208385e-04 8.15208385e-04]
  [6.83444756e-06 3.35664645e-02 3.63822909e+01 4.34404634e+00
   2.12467310e+00 8.12092846e-04 8.12092846e-04]
  [6.53306696e-06 3.29643952e-02 3.79807697e+01 4.24868847e+00
   2.32412186e+00 8.02080777e-04 8.02080777e-04]
  [3.79563096e-04 7.81706826e-01 1.29134175e+02 2.37501909e-03
   1.45880152e-03 6.99606751e-04 7.20563958e-04]]]

Cumulative Reward: 18721.9579785371
