Scheduler Table:
[[[4.68482194e-05 1.74995826e-01 1.39590022e+02 4.83225242e-03
   5.83682218e-02 7.36082256e-03 7.36082256e-03]
  [4.65625928e-05 1.75056766e-01 1.39588142e+02 4.82790563e-03
   6.05660488e-02 7.35693848e-03 7.35693848e-03]
  [4.64673559e-05 1.75240085e-01 1.39760609e+02 4.83072190e-03
   5.75422422e-02 7.36134944e-03 7.36134944e-03]]

 [[4.67672846e-05 1.74867630e-01 1.39535414e+02 4.82559353e-03
   6.01429968e-02 7.35928068e-03 7.35928068e-03]
  [4.74904703e-05 1.74951413e-01 1.39541860e+02 4.82126632e-03
   5.91726110e-02 7.35388138e-03 7.35388138e-03]
  [3.78035353e-05 1.56082210e-01 1.44930686e+02 4.82284351e-03
   4.90130881e-02 7.36032707e-03 7.36032707e-03]]

 [[4.74472120e-05 1.74923310e-01 1.39591430e+02 4.82073090e-03
   5.98222873e-02 7.35816961e-03 7.35816961e-03]
  [4.66190109e-05 1.69718757e-01 1.41798824e+02 4.82431142e-03
   5.47019197e-02 7.36358746e-03 7.36358746e-03]
  [2.98652316e-05 1.17684200e-01 1.54019567e+02 4.85582850e-03
   1.16797468e-01 7.18506392e-03 7.29289650e-03]]]

Buffer Table:
[[[4.53441634e-05 1.74487687e-01 1.39536515e+02 4.82620545e-03
   5.99570848e-02 7.36053887e-03 7.36053887e-03]
  [2.73918097e-05 1.17067261e-01 1.54362268e+02 4.84467127e-03
   1.19305434e-01 7.23095408e-03 7.33878666e-03]
  [4.59170970e-05 1.71153962e-01 1.41448446e+02 4.83020967e-03
   6.95518373e-02 7.35883337e-03 7.35883337e-03]]

 [[2.74708717e-05 1.17073703e-01 1.54429870e+02 4.85027375e-03
   3.61235460e-02 7.24445069e-03 7.24445069e-03]
  [4.86108160e-05 1.74496656e-01 1.39749507e+02 4.82430854e-03
   5.88490638e-02 7.36399039e-03 7.36399039e-03]
  [4.35822937e-05 1.74878065e-01 1.39414440e+02 4.82902032e-03
   6.03380139e-02 7.35960745e-03 7.35960745e-03]]

 [[4.60650399e-05 1.74597077e-01 1.39463149e+02 4.82152907e-03
   5.81771228e-02 7.35590511e-03 7.35590511e-03]
  [5.03059952e-05 1.61022210e-01 1.45481193e+02 4.82744633e-03
   6.70710645e-02 7.35860043e-03 7.35860043e-03]
  [4.55069245e-05 1.74415988e-01 1.39685866e+02 4.82757519e-03
   5.91727164e-02 7.36128012e-03 7.36128012e-03]]]

Arbiter Table:
[[[4.05245153e-05 1.40630659e-01 1.45768176e+02 4.82328060e-03
   4.66040569e-02 7.34829468e-03 7.34829468e-03]
  [2.81373539e-05 1.18133563e-01 1.54376933e+02 4.84434289e-03
   1.19661209e-01 7.23176326e-03 7.33959585e-03]
  [4.36908010e-05 1.68148508e-01 1.41902746e+02 4.82663725e-03
   5.68766455e-02 7.36624822e-03 7.36624822e-03]]

 [[2.82189066e-05 1.18143567e-01 1.54444584e+02 4.84994427e-03
   3.64805099e-02 7.24526258e-03 7.24526258e-03]
  [4.51972305e-05 1.41731302e-01 1.45925140e+02 4.82330540e-03
   4.78019557e-02 7.35620438e-03 7.35620438e-03]
  [4.32391307e-05 1.74630557e-01 1.39593178e+02 4.83117402e-03
   5.81343448e-02 7.35773178e-03 7.35773178e-03]]

 [[4.36329969e-05 1.56106379e-01 1.46194228e+02 4.81380322e-03
   5.27849358e-02 7.37074972e-03 7.37074972e-03]
  [4.33904759e-05 1.74759364e-01 1.39734618e+02 4.83166026e-03
   5.95104388e-02 7.35183588e-03 7.35183588e-03]
  [4.40375463e-05 1.74766986e-01 1.39677103e+02 4.83174007e-03
   5.76198517e-02 7.35821315e-03 7.35821315e-03]]]

Page Table:
[[[5.50258422e-05 2.21720660e-01 1.45690086e+02 4.80817950e-03
   6.47204998e-02 7.30779758e-03 7.30779758e-03]
  [7.33586136e-05 2.98985967e-01 1.38072297e+02 4.77059915e-03
   5.81971027e-02 7.26632401e-03 7.26632401e-03]
  [7.03476469e-05 3.01481235e-01 1.37656131e+02 4.77155244e-03
   5.73829393e-02 7.26824788e-03 7.26824788e-03]
  [2.77048737e-05 1.20707354e-01 1.53838616e+02 4.83513031e-03
   1.22484037e-01 7.27401984e-03 7.38185242e-03]]

 [[2.77529454e-05 1.20718378e-01 1.53823982e+02 4.83864065e-03
   3.92889316e-02 7.28381196e-03 7.28381196e-03]
  [7.03782950e-05 2.98716664e-01 1.37903185e+02 4.76095403e-03
   5.79555448e-02 7.26718861e-03 7.26718861e-03]
  [6.93193354e-05 2.99366961e-01 1.37782106e+02 4.76400919e-03
   5.79525657e-02 7.26330725e-03 7.26330725e-03]
  [7.10350667e-05 2.98649038e-01 1.37807988e+02 4.75252399e-03
   6.13732335e-02 7.27235110e-03 7.27235110e-03]]

 [[7.26997072e-05 3.02108383e-01 1.37645310e+02 4.76805540e-03
   5.98545822e-02 7.25576174e-03 7.25576174e-03]
  [7.44581990e-05 2.07564893e-01 1.47475450e+02 4.80773605e-03
   5.11719315e-02 7.32348911e-03 7.32348911e-03]
  [6.99855170e-05 3.01143707e-01 1.37693977e+02 4.76795525e-03
   5.89022568e-02 7.26559861e-03 7.26559861e-03]
  [7.06690398e-05 3.01619215e-01 1.37817859e+02 4.76843804e-03
   5.73436897e-02 7.26684753e-03 7.26684753e-03]]

 [[6.99187736e-05 2.66836488e-01 1.41488612e+02 4.79030934e-03
   5.56882218e-02 7.29201652e-03 7.29201652e-03]
  [2.78011181e-05 1.20729818e-01 1.53963583e+02 4.84366891e-03
   3.93164687e-02 7.29171462e-03 7.29171462e-03]
  [6.69253895e-05 2.81201596e-01 1.39549086e+02 4.78352230e-03
   5.67151247e-02 7.27771558e-03 7.27771558e-03]
  [7.09626468e-05 3.00354286e-01 1.37615679e+02 4.75559215e-03
   6.11690289e-02 7.26790239e-03 7.26790239e-03]]]

Response Table:
[[[4.18602601e-05 1.50549352e-01 1.39609160e+02]
  [4.10415029e-05 1.50441879e-01 1.40073972e+02]]

 [[4.10153319e-05 1.50411971e-01 1.40058462e+02]
  [2.90182518e-05 1.16380664e-01 1.54321007e+02]]]

Refresh Table:
[[[2.90182518e-05 1.16380664e-01 1.54321007e+02]
  [4.73326803e-05 1.50664441e-01 1.39919882e+02]]

 [[4.73950198e-05 1.50849342e-01 1.40106350e+02]
  [4.72648324e-05 1.50685822e-01 1.39969561e+02]]]

Request Buffer Table:
[[[1.99382945e-04 8.69925918e-01 9.21857470e+01]
  [1.09295078e-04 4.20599244e-01 1.29826875e+02]
  [1.94843017e-04 8.60309369e-01 9.29863327e+01]
  [1.96765273e-04 8.66948487e-01 9.26134832e+01]
  [1.95934745e-04 8.62590566e-01 9.30855564e+01]
  [1.96623441e-04 8.63986253e-01 9.30282312e+01]
  [1.95363468e-04 8.59620255e-01 9.32336480e+01]
  [1.96284232e-04 8.65877942e-01 9.28760488e+01]]

 [[1.97458238e-04 8.65732394e-01 9.25678945e+01]
  [1.99071384e-04 8.74720506e-01 9.23181346e+01]
  [1.98361241e-04 8.71809879e-01 9.22052927e+01]
  [2.01639423e-04 8.70769763e-01 9.25135569e+01]
  [2.02358421e-04 8.56940965e-01 9.31414583e+01]
  [1.97454080e-04 8.63492694e-01 9.32631878e+01]
  [2.85126829e-05 1.24422381e-01 1.53577490e+02]
  [1.37271484e-04 5.82062784e-01 1.15991154e+02]]

 [[2.01410514e-04 8.77069410e-01 9.18651840e+01]
  [1.95552897e-04 8.60117053e-01 9.31724116e+01]
  [2.01012885e-04 8.71205949e-01 9.27917901e+01]
  [2.09778488e-04 8.71081778e-01 9.25930846e+01]
  [1.99227034e-04 8.64796005e-01 9.30724893e+01]
  [1.97148388e-04 8.68650038e-01 9.27485658e+01]
  [1.97045217e-04 8.69143634e-01 9.25239848e+01]
  [1.97532572e-04 8.69701060e-01 9.25917364e+01]]

 [[1.99669372e-04 8.76582792e-01 9.16375314e+01]
  [1.97161604e-04 8.61394080e-01 9.30186895e+01]
  [1.96927997e-04 8.68174855e-01 9.26481043e+01]
  [2.03943557e-04 8.68558470e-01 9.23017375e+01]
  [2.01257321e-04 8.61004600e-01 9.31125340e+01]
  [2.03725233e-04 8.70462634e-01 9.24661130e+01]
  [2.01267114e-04 8.79803115e-01 9.16520890e+01]
  [1.95953053e-04 8.63468651e-01 9.27457393e+01]]

 [[1.91798447e-04 7.24419810e-01 1.04920320e+02]
  [2.85623742e-05 1.24440852e-01 1.53562333e+02]
  [2.01614801e-04 8.74858086e-01 9.20442286e+01]
  [1.98273250e-04 8.61143733e-01 9.31678585e+01]
  [2.10392422e-04 8.73417332e-01 9.24722114e+01]
  [1.98115738e-04 8.71842828e-01 9.22709347e+01]
  [1.94702420e-04 8.58971616e-01 9.32899925e+01]
  [1.95855038e-04 8.62502849e-01 9.30414504e+01]]

 [[1.98434567e-04 8.67596855e-01 9.25550430e+01]
  [1.94666027e-04 8.55544077e-01 9.36129648e+01]
  [1.95687529e-04 8.62293933e-01 9.29398546e+01]
  [1.98911116e-04 8.69868963e-01 9.24857225e+01]
  [1.95975747e-04 8.61687507e-01 9.28420779e+01]
  [1.94689498e-04 8.56789125e-01 9.36920528e+01]
  [1.96915134e-04 8.67570284e-01 9.27306987e+01]
  [1.96388717e-04 8.65546060e-01 9.28390393e+01]]

 [[1.96234758e-04 8.61710667e-01 9.29316253e+01]
  [1.98934971e-04 8.77549500e-01 9.20536937e+01]
  [1.97681312e-04 8.70744360e-01 9.25667998e+01]
  [1.97658790e-04 8.65485136e-01 9.25412162e+01]
  [2.86121696e-05 1.24459755e-01 1.53701409e+02]
  [1.94846027e-04 8.58146220e-01 9.31434235e+01]
  [1.99233089e-04 8.77188483e-01 9.20346016e+01]
  [2.04617378e-04 8.93221197e-01 9.09862206e+01]]

 [[1.95279609e-04 8.59667696e-01 9.29839052e+01]
  [1.66605606e-04 7.11603579e-01 1.06004463e+02]
  [1.96110412e-04 8.64321677e-01 9.30959365e+01]
  [2.00031594e-04 8.73013704e-01 9.21557540e+01]
  [1.98956612e-04 8.75721316e-01 9.22201675e+01]
  [2.01015539e-04 8.82104935e-01 9.17253429e+01]
  [7.83459573e-05 2.99507339e-01 1.39150243e+02]
  [1.96694736e-04 8.66678148e-01 9.28119633e+01]]]

Ref Max Post Table:
[[[7.09812032e-05 3.05698759e-01 1.37874384e+02]
  [7.24959538e-05 3.06646330e-01 1.37886557e+02]
  [7.43305871e-05 3.11537208e-01 1.37854319e+02]
  [6.39058506e-05 2.60956796e-01 1.41490451e+02]]

 [[7.04369687e-05 3.06628624e-01 1.37716914e+02]
  [7.29746350e-05 3.04195290e-01 1.37939204e+02]
  [7.05093033e-05 2.99260059e-01 1.38726594e+02]
  [7.21920170e-05 3.05597810e-01 1.37971512e+02]]

 [[7.18052613e-05 3.06299320e-01 1.37998420e+02]
  [7.58393761e-05 3.09306132e-01 1.38003602e+02]
  [6.99058590e-05 3.05230943e-01 1.37889065e+02]
  [5.54799113e-05 2.33792124e-01 1.44985110e+02]]

 [[7.08029708e-05 3.04445111e-01 1.38150423e+02]
  [7.24766235e-05 3.02319820e-01 1.38287099e+02]
  [6.73971186e-05 2.80658458e-01 1.40538576e+02]
  [3.27392205e-05 1.30913757e-01 1.52945488e+02]]]

Ref Max Pull Table:
[[[6.98435153e-05 3.01339552e-01 1.37930141e+02]
  [7.05427620e-05 3.06433357e-01 1.37951712e+02]
  [7.38888692e-05 3.07720084e-01 1.37835625e+02]
  [4.04562028e-05 1.75035466e-01 1.47988358e+02]]

 [[6.28892884e-05 2.59814267e-01 1.41891395e+02]
  [7.22976486e-05 3.06085985e-01 1.37909033e+02]
  [7.16406426e-05 3.04941688e-01 1.37922386e+02]
  [3.49068945e-05 1.43325517e-01 1.52079154e+02]]

 [[7.39113124e-05 3.04821235e-01 1.37854697e+02]
  [5.98940342e-05 2.62203707e-01 1.42142213e+02]
  [7.75923378e-05 3.06805075e-01 1.37709569e+02]
  [7.19950063e-05 3.05675818e-01 1.37728818e+02]]

 [[6.05352869e-05 2.57758281e-01 1.41340553e+02]
  [3.50110625e-05 1.43419681e-01 1.52139128e+02]
  [7.27396178e-05 3.03217532e-01 1.38283382e+02]
  [7.13546892e-05 3.08191270e-01 1.37900436e+02]]]

Max Activate Table:
[[[2.00796378e-04 8.62398572e-01 9.22594770e+01 3.19023633e-03
   4.01386976e-02 4.86411609e-03 4.86411609e-03]
  [1.99440251e-04 8.57582365e-01 9.25775767e+01 3.21242829e-03
   3.98129809e-02 4.88420584e-03 4.88420584e-03]
  [2.01017354e-04 8.65000179e-01 9.21643535e+01 3.17265497e-03
   4.01349745e-02 4.84822742e-03 4.84822742e-03]
  [1.99556974e-04 8.54515708e-01 9.26947938e+01 3.20708711e-03
   4.03521007e-02 4.88879235e-03 4.88879235e-03]
  [2.03056596e-04 8.71899357e-01 9.19600312e+01 3.18388636e-03
   3.96680731e-02 4.83461371e-03 4.83461371e-03]
  [2.02813971e-04 8.64969831e-01 9.20928522e+01 3.19028775e-03
   3.97501521e-02 4.85668322e-03 4.85668322e-03]
  [3.40457498e-05 1.43718480e-01 1.51728905e+02 4.77980854e-03
   1.24639728e-01 7.21237950e-03 7.32021208e-03]
  [1.98660148e-04 8.50140171e-01 9.32563584e+01 3.22107194e-03
   4.23919513e-02 4.91201225e-03 4.91201225e-03]]

 [[2.01759272e-04 8.67611551e-01 9.17234968e+01 3.17940700e-03
   4.00565601e-02 4.85017587e-03 4.85017587e-03]
  [2.04187107e-04 8.72684302e-01 9.17995011e+01 3.18666520e-03
   3.99334491e-02 4.83406504e-03 4.83406504e-03]
  [1.99850224e-04 8.56466290e-01 9.28154756e+01 3.20018177e-03
   4.12369523e-02 4.89116050e-03 4.89116050e-03]
  [2.00358499e-04 8.58191958e-01 9.28474444e+01 3.20392000e-03
   4.02415958e-02 4.88294852e-03 4.88294852e-03]
  [3.41333227e-05 1.43800424e-01 1.51881751e+02 4.78608746e-03
   4.14594461e-02 7.23076523e-03 7.23076523e-03]
  [1.99756995e-04 8.56608609e-01 9.27666345e+01 3.21158450e-03
   4.19106915e-02 4.88783601e-03 4.88783601e-03]
  [2.04701835e-04 8.66656810e-01 9.22157334e+01 3.18295467e-03
   3.95857626e-02 4.85136879e-03 4.85136879e-03]
  [1.99581514e-04 8.58376607e-01 9.25075344e+01 3.19957379e-03
   4.22866738e-02 4.88246904e-03 4.88246904e-03]]

 [[2.01829821e-04 8.68154407e-01 9.20939977e+01 3.18992315e-03
   4.01995314e-02 4.84994136e-03 4.84994136e-03]
  [2.02149834e-04 8.67964259e-01 9.17541032e+01 3.18209739e-03
   4.11870679e-02 4.84963824e-03 4.84963824e-03]
  [1.99048058e-04 8.53775006e-01 9.29925834e+01 3.22090719e-03
   4.03800581e-02 4.90096178e-03 4.90096178e-03]
  [2.02307830e-04 8.70783328e-01 9.18945109e+01 3.18311105e-03
   4.01702383e-02 4.84011577e-03 4.84011577e-03]
  [1.99361792e-04 8.57348582e-01 9.26743200e+01 3.20748821e-03
   3.98077078e-02 4.88082902e-03 4.88082902e-03]
  [2.02538066e-04 8.51775640e-01 9.30739245e+01 3.21493392e-03
   4.04091841e-02 4.89570088e-03 4.89570088e-03]
  [2.00552532e-04 8.57724433e-01 9.27449204e+01 3.20488183e-03
   4.22324452e-02 4.88872586e-03 4.88872586e-03]
  [2.05932137e-04 8.60860195e-01 9.24872953e+01 3.19734292e-03
   4.54426772e-02 4.87215490e-03 4.87215490e-03]]

 [[2.10751419e-04 8.54085032e-01 9.28024251e+01 3.20779981e-03
   4.03660565e-02 4.89852667e-03 4.89852667e-03]
  [1.99004767e-04 8.44429873e-01 9.36552935e+01 3.23120584e-03
   4.02856218e-02 4.93191526e-03 4.93191526e-03]
  [1.97975913e-04 8.49547617e-01 9.33745222e+01 3.22681004e-03
   4.13055800e-02 4.91117335e-03 4.91117335e-03]
  [2.01551476e-04 8.65943798e-01 9.18405156e+01 3.19961668e-03
   4.03946710e-02 4.85790260e-03 4.85790260e-03]
  [1.98550228e-04 8.50762867e-01 9.31258340e+01 3.21830692e-03
   4.03052169e-02 4.90658844e-03 4.90658844e-03]
  [2.01283964e-04 8.61109764e-01 9.24795241e+01 3.19591292e-03
   4.03608614e-02 4.87311234e-03 4.87311234e-03]
  [2.07114391e-04 8.58511017e-01 9.27035222e+01 3.20309523e-03
   3.99334591e-02 4.88653863e-03 4.88653863e-03]
  [2.03750737e-04 8.60497233e-01 9.25545944e+01 3.20813190e-03
   3.97678917e-02 4.87689165e-03 4.87689165e-03]]

 [[3.40893550e-05 1.43759266e-01 1.51741650e+02 4.78084777e-03
   4.14387710e-02 7.22374503e-03 7.22374503e-03]
  [2.01223845e-04 8.64941941e-01 9.19704895e+01 3.18911988e-03
   4.04528242e-02 4.85838718e-03 4.85838718e-03]
  [1.97906640e-04 8.51224547e-01 9.32383159e+01 3.22404296e-03
   4.02020175e-02 4.90588652e-03 4.90588652e-03]
  [2.03793858e-04 8.50493449e-01 9.30903886e+01 3.22115530e-03
   4.06210589e-02 4.91284778e-03 4.91284778e-03]
  [2.00789283e-04 8.57987028e-01 9.25982709e+01 3.20535892e-03
   3.96501293e-02 4.88373977e-03 4.88373977e-03]
  [1.99577237e-04 8.58590889e-01 9.25815243e+01 3.20306704e-03
   4.06267964e-02 4.88076583e-03 4.88076583e-03]
  [1.98759722e-04 8.53554545e-01 9.28368995e+01 3.21781385e-03
   4.17208517e-02 4.89515208e-03 4.89515208e-03]
  [2.01143271e-04 8.56183232e-01 9.29732165e+01 3.21225484e-03
   3.98531931e-02 4.88828122e-03 4.88828122e-03]]

 [[2.01707005e-04 8.61358321e-01 9.23013189e+01 3.20528614e-03
   4.00796937e-02 4.87260286e-03 4.87260286e-03]
  [2.03294502e-04 8.72374506e-01 9.14281492e+01 3.16977672e-03
   4.22127155e-02 4.83238572e-03 4.83238572e-03]
  [2.01916596e-04 8.66699859e-01 9.19223895e+01 3.17825006e-03
   3.98836104e-02 4.85385977e-03 4.85385977e-03]
  [2.00650375e-04 8.54984036e-01 9.29693290e+01 3.20959122e-03
   4.03259677e-02 4.89578586e-03 4.89578586e-03]
  [1.97527405e-04 8.47834915e-01 9.33040215e+01 3.22923360e-03
   4.08338137e-02 4.91395247e-03 4.91395247e-03]
  [2.01013386e-04 8.62257992e-01 9.23541455e+01 3.20179437e-03
   4.10154076e-02 4.86957144e-03 4.86957144e-03]
  [2.01878846e-04 8.59239374e-01 9.25756122e+01 3.19781790e-03
   4.17680195e-02 4.87993788e-03 4.87993788e-03]
  [2.02814530e-04 8.55616403e-01 9.26615243e+01 3.22214082e-03
   4.00868133e-02 4.87855665e-03 4.87855665e-03]]

 [[2.01232625e-04 8.53095450e-01 9.29954157e+01 3.22109447e-03
   4.07815952e-02 4.90420752e-03 4.90420752e-03]
  [3.41764089e-05 1.43841530e-01 1.51856850e+02 4.78868836e-03
   4.14915291e-02 7.22877110e-03 7.22877110e-03]
  [2.01968586e-04 8.63531419e-01 9.23540584e+01 3.18204875e-03
   4.34498013e-02 4.86513157e-03 4.86513157e-03]
  [1.99622679e-04 8.57806501e-01 9.25987490e+01 3.20569849e-03
   4.00046862e-02 4.87963821e-03 4.87963821e-03]
  [2.02523590e-04 8.68570179e-01 9.20404419e+01 3.17966413e-03
   4.01126649e-02 4.84652408e-03 4.84652408e-03]
  [1.98403120e-04 8.50478477e-01 9.29575940e+01 3.22672958e-03
   4.17484676e-02 4.90551137e-03 4.90551137e-03]
  [1.23067983e-04 4.97313653e-01 1.23292586e+02 4.01200003e-03
   4.90050336e-02 6.10873458e-03 6.10873458e-03]
  [2.00772653e-04 8.60077477e-01 9.25072474e+01 3.20795967e-03
   3.98095219e-02 4.87758694e-03 4.87758694e-03]]

 [[1.99927764e-04 8.60385716e-01 9.24301793e+01 3.19064480e-03
   4.14704231e-02 4.87695281e-03 4.87695281e-03]
  [1.99628198e-04 8.57983819e-01 9.25523370e+01 3.20395445e-03
   4.30311335e-02 4.88392767e-03 4.88392767e-03]
  [2.04273012e-04 8.73216918e-01 9.17363838e+01 3.16468871e-03
   4.00991106e-02 4.83120403e-03 4.83120403e-03]
  [2.03959337e-04 8.54332609e-01 9.31200612e+01 3.22076615e-03
   4.03804591e-02 4.89658457e-03 4.89658457e-03]
  [1.99081911e-04 8.56781215e-01 9.24257219e+01 3.21428124e-03
   3.99685793e-02 4.88354998e-03 4.88354998e-03]
  [2.00359085e-04 8.57167421e-01 9.29209841e+01 3.21474486e-03
   4.11668777e-02 4.88386969e-03 4.88386969e-03]
  [2.10166630e-04 8.57237835e-01 9.25389772e+01 3.21024093e-03
   3.95455413e-02 4.88882913e-03 4.88882913e-03]
  [2.03569853e-04 8.74249493e-01 9.17018185e+01 3.17091983e-03
   4.00069595e-02 4.82766953e-03 4.82766953e-03]]]

Cumulative Reward: 6000.869191608522
