Scheduler Table:
[[[4.90946659e-05 1.58511619e-01 1.56641731e+02 1.01389857e-02
   2.18420021e-01 3.41882129e-03 3.41882129e-03]
  [4.90259018e-05 1.58250578e-01 1.56921711e+02 1.00459745e-02
   2.17832412e-01 3.42085192e-03 3.42085192e-03]
  [4.88069464e-05 1.58409047e-01 1.56693929e+02 1.01367248e-02
   2.19528151e-01 3.41899036e-03 3.41899036e-03]]

 [[4.85389964e-05 1.58272974e-01 1.56477940e+02 1.00569685e-02
   2.22879866e-01 3.41932320e-03 3.41932320e-03]
  [4.90225523e-05 1.58339995e-01 1.57623543e+02 1.00913239e-02
   2.21902909e-01 3.42009574e-03 3.42009574e-03]
  [4.00894307e-05 1.48444703e-01 1.95970276e+02 1.10507139e-02
   1.56521862e-01 3.41121349e-03 3.41121349e-03]]

 [[5.16649061e-05 1.58949946e-01 1.56953269e+02 1.02125672e-02
   1.99007509e-01 3.42025925e-03 3.42025925e-03]
  [4.64973027e-05 1.54584045e-01 1.77473382e+02 1.06127329e-02
   1.80381086e-01 3.41463107e-03 3.41463107e-03]
  [4.13116355e-05 1.22091899e-01 2.75369050e+02 1.29936469e-02
   2.64728140e-02 3.38874481e-03 3.45634614e-03]]]

Buffer Table:
[[[4.84240857e-05 1.58553187e-01 1.58442670e+02 1.01654512e-02
   2.36454406e-01 3.42011886e-03 3.42011886e-03]
  [4.88580665e-05 1.58689827e-01 1.58736622e+02 1.01740792e-02
   2.32877892e-01 3.42024659e-03 3.42024659e-03]
  [4.78062001e-05 1.58208871e-01 1.58041415e+02 1.00865879e-02
   2.32524599e-01 3.42079769e-03 3.42079769e-03]]

 [[4.79511525e-05 1.58200934e-01 1.57698523e+02 1.00919953e-02
   2.34143804e-01 3.42088962e-03 3.42088962e-03]
  [4.86799788e-05 1.58469362e-01 1.57669139e+02 1.01759826e-02
   2.38288454e-01 3.42016633e-03 3.42016633e-03]
  [2.70868603e-05 1.50714652e-01 1.77393546e+02 8.70716664e-03
   2.03186398e-01 3.43183566e-03 3.43183566e-03]]

 [[4.91650226e-05 1.58649279e-01 1.57808056e+02 1.01751153e-02
   2.36036865e-01 3.42029055e-03 3.42029055e-03]
  [2.94695274e-05 1.51581793e-01 1.76345295e+02 8.84924088e-03
   2.06859702e-01 3.43067074e-03 3.43067074e-03]
  [3.75059412e-05 1.18186576e-01 2.88036173e+02 1.33159698e-02
   7.83653975e-03 3.38570347e-03 3.45330481e-03]]]

Arbiter Table:
[[[3.64616779e-05 1.50383358e-01 1.75417364e+02 9.81872106e-03
   1.85480513e-01 3.41935511e-03 3.41935511e-03]
  [4.53568362e-05 1.58103536e-01 1.58382466e+02 1.00859736e-02
   2.22736453e-01 3.41867054e-03 3.41867054e-03]
  [3.16214923e-05 1.18485517e-01 2.86613578e+02 1.31959006e-02
   1.48565973e-02 3.38655597e-03 3.45415730e-03]]

 [[4.63793242e-05 1.58409797e-01 1.56405231e+02 1.01448036e-02
   2.24971426e-01 3.41949661e-03 3.41949661e-03]
  [4.71186972e-05 1.58618266e-01 1.57072837e+02 1.02527022e-02
   2.25696503e-01 3.41835159e-03 3.41835159e-03]
  [4.52399304e-05 1.54715641e-01 1.79212969e+02 1.05975441e-02
   1.94695810e-01 3.41293076e-03 3.41293076e-03]]

 [[3.98221204e-05 1.18492138e-01 2.88751282e+02 1.32683507e-02
   1.46785098e-02 3.38684289e-03 3.38684289e-03]
  [4.62209454e-05 1.58444993e-01 1.56646471e+02 1.01447263e-02
   2.25659063e-01 3.41800569e-03 3.41800569e-03]
  [4.63045074e-05 1.58669213e-01 1.56985248e+02 1.02036237e-02
   2.38365469e-01 3.41819092e-03 3.41819092e-03]]]

Page Table:
[[[6.50405638e-05 1.97304272e-01 1.57159069e+02 1.00208725e-02
   2.44527495e-01 3.41217415e-03 3.41217415e-03]
  [6.62026022e-05 1.97035304e-01 1.56748390e+02 1.00554553e-02
   2.48257197e-01 3.41083269e-03 3.41083269e-03]
  [2.42764097e-05 1.41734235e-01 2.14491471e+02 8.48579505e-03
   3.63540559e-01 3.43169915e-03 3.43169915e-03]
  [5.17817998e-05 1.48166150e-01 1.74643899e+02 8.21284756e-03
   2.90435181e-01 3.43588064e-03 3.43588064e-03]]

 [[6.60644275e-05 1.97420200e-01 1.57183960e+02 1.01011921e-02
   2.37135989e-01 3.41150438e-03 3.41150438e-03]
  [6.40842699e-05 1.96881980e-01 1.56898546e+02 1.00186537e-02
   2.24095618e-01 3.41267220e-03 3.41267220e-03]
  [6.43269913e-05 1.97415096e-01 1.57345877e+02 1.00346715e-02
   2.30571198e-01 3.41276716e-03 3.41276716e-03]
  [6.55150930e-05 1.97014341e-01 1.56284897e+02 1.00304503e-02
   2.62982875e-01 3.41147769e-03 3.41147769e-03]]

 [[6.32322046e-05 1.97028820e-01 1.57967250e+02 1.00422751e-02
   2.23167871e-01 3.41161879e-03 3.41161879e-03]
  [6.59664062e-05 1.97755193e-01 1.57125311e+02 1.00527220e-02
   2.53166380e-01 3.41292867e-03 3.41292867e-03]
  [6.36347887e-05 1.97279366e-01 1.57393289e+02 1.00402506e-02
   2.24812724e-01 3.41111937e-03 3.41111937e-03]
  [4.00091923e-05 1.18641385e-01 2.88606110e+02 1.32790531e-02
   1.40838794e-02 3.38672820e-03 3.38672820e-03]]

 [[5.19990532e-05 1.79789378e-01 1.75199250e+02 9.50981460e-03
   2.64178581e-01 3.41828338e-03 3.41828338e-03]
  [6.47766007e-05 1.97148399e-01 1.57093010e+02 1.00259527e-02
   2.25413586e-01 3.41269711e-03 3.41269711e-03]
  [3.18075582e-05 1.18633961e-01 2.86469186e+02 1.32065454e-02
   1.42651647e-02 3.38644189e-03 3.45404323e-03]
  [6.32891429e-05 1.96871612e-01 1.57676253e+02 9.99608815e-03
   2.33423102e-01 3.41157054e-03 3.41157054e-03]]]

Response Table:
[[[3.86443260e-05 1.47457349e-01 1.55857095e+02]
  [3.85332478e-05 1.47472057e-01 1.56550678e+02]]

 [[3.81373708e-05 1.47359618e-01 1.55661153e+02]
  [3.75059412e-05 1.18186576e-01 2.88036173e+02]]]

Refresh Table:
[[[3.75059412e-05 1.18186576e-01 2.88036173e+02]
  [4.30519611e-05 1.47791880e-01 1.56966097e+02]]

 [[4.28738467e-05 1.47946255e-01 1.57760888e+02]
  [4.27943979e-05 1.47826081e-01 1.56967564e+02]]]

Request Buffer Table:
[[[3.32927220e-04 6.55668371e-01 1.22509512e+02]
  [3.15010911e-04 6.52113549e-01 1.22015206e+02]
  [3.16052881e-04 6.51714343e-01 1.22620270e+02]
  [3.11660407e-04 6.45980309e-01 1.22814438e+02]
  [3.15090164e-04 6.51729432e-01 1.23196657e+02]
  [3.17140227e-04 6.49460670e-01 1.22544345e+02]
  [2.60564266e-04 5.46924374e-01 1.53169934e+02]
  [3.12044876e-04 6.45951957e-01 1.23346129e+02]]

 [[3.15309493e-04 6.51958232e-01 1.22216118e+02]
  [3.13022398e-04 6.45842472e-01 1.23628470e+02]
  [3.15460786e-04 6.51734921e-01 1.22549639e+02]
  [3.23900970e-04 6.59924149e-01 1.21166767e+02]
  [3.20506105e-04 6.57134051e-01 1.21881203e+02]
  [3.25360628e-04 6.61474199e-01 1.22046098e+02]
  [2.70321358e-04 5.72404459e-01 1.33760612e+02]
  [3.13402164e-04 6.43359220e-01 1.23083387e+02]]

 [[3.25395816e-04 6.70722611e-01 1.21287756e+02]
  [3.12698518e-04 6.47009723e-01 1.22876086e+02]
  [3.19445437e-04 6.59187987e-01 1.22306483e+02]
  [3.23180316e-04 6.67029314e-01 1.21814518e+02]
  [3.15402268e-04 6.51126589e-01 1.22836300e+02]
  [3.14214714e-04 6.49978977e-01 1.22416902e+02]
  [3.13794567e-04 6.49572210e-01 1.21957848e+02]
  [3.20520263e-04 6.60292887e-01 1.21873061e+02]]

 [[3.23668617e-04 6.66429830e-01 1.21568845e+02]
  [3.18440409e-04 6.58312701e-01 1.22292611e+02]
  [3.14271366e-04 6.51034734e-01 1.23763244e+02]
  [3.18314421e-04 6.56047283e-01 1.22539807e+02]
  [3.15363449e-04 6.52826171e-01 1.23158683e+02]
  [3.21999526e-04 6.57882045e-01 1.23007690e+02]
  [3.18312508e-04 6.57214364e-01 1.21769871e+02]
  [3.11488100e-04 6.45468661e-01 1.22454786e+02]]

 [[3.14570749e-04 6.49852379e-01 1.22291146e+02]
  [3.16879860e-04 6.50411452e-01 1.22602062e+02]
  [3.13603724e-04 6.49310289e-01 1.22403401e+02]
  [3.15680145e-04 6.52982837e-01 1.23866808e+02]
  [3.24989862e-04 6.66925226e-01 1.21168685e+02]
  [3.18618247e-04 6.58058420e-01 1.22060440e+02]
  [3.15053339e-04 6.43114419e-01 1.23449422e+02]
  [3.15545145e-04 6.50839474e-01 1.22243750e+02]]

 [[3.37538884e-04 6.38022790e-01 1.24249647e+02]
  [3.11508149e-04 6.43623937e-01 1.23634750e+02]
  [3.15455288e-04 6.50833748e-01 1.22747428e+02]
  [3.18752708e-04 6.57129045e-01 1.22234913e+02]
  [3.14745510e-04 6.47688371e-01 1.23204312e+02]
  [2.36875573e-04 4.97165938e-01 1.41729801e+02]
  [3.16622450e-05 1.18572467e-01 2.86606067e+02]
  [3.16488052e-04 6.54221548e-01 1.22741595e+02]]

 [[3.18916938e-04 6.57407912e-01 1.21871894e+02]
  [3.19447366e-04 6.57201850e-01 1.22172141e+02]
  [3.14342254e-04 6.50332399e-01 1.22700443e+02]
  [3.26398326e-04 6.68251733e-01 1.21861329e+02]
  [3.21681697e-04 6.49510916e-01 1.22283289e+02]
  [3.98630934e-05 1.18579559e-01 2.88743730e+02]
  [3.21970923e-04 6.63455557e-01 1.22585313e+02]
  [3.08190689e-04 6.40191070e-01 1.22796921e+02]]

 [[3.22328407e-04 6.62125431e-01 1.21610902e+02]
  [3.18879580e-04 6.55986503e-01 1.22379305e+02]
  [3.15651060e-04 6.52873993e-01 1.22556999e+02]
  [3.21713773e-04 6.63939879e-01 1.21783268e+02]
  [3.16532800e-04 6.47835737e-01 1.23672699e+02]
  [3.30055986e-04 6.78738983e-01 1.21583388e+02]
  [3.14578903e-04 6.50600499e-01 1.23176298e+02]
  [3.16681330e-04 6.54418044e-01 1.22190351e+02]]]

Ref Max Post Table:
[[[6.74418858e-05 1.99273686e-01 1.57248342e+02]
  [4.55793776e-05 1.76193719e-01 1.76628597e+02]
  [3.98202450e-05 1.18490660e-01 2.88754164e+02]
  [6.91285184e-05 1.98579396e-01 1.57431803e+02]]

 [[7.02686812e-05 1.97950521e-01 1.57473470e+02]
  [6.84736358e-05 1.98034767e-01 1.57462860e+02]
  [5.40967877e-05 1.75030818e-01 1.90751909e+02]
  [6.98703213e-05 1.97424540e-01 1.57917521e+02]]

 [[3.16196270e-05 1.18484046e-01 2.86616445e+02]
  [7.43709242e-05 2.00398710e-01 1.57520403e+02]
  [7.35100271e-05 1.98797834e-01 1.57502566e+02]
  [6.70610375e-05 1.95127708e-01 1.59209712e+02]]

 [[6.94759020e-05 1.99680266e-01 1.57727863e+02]
  [6.95604743e-05 1.97971696e-01 1.57944827e+02]
  [6.95059522e-05 1.99206736e-01 1.57184906e+02]
  [6.84281051e-05 1.96461367e-01 1.58663255e+02]]]

Ref Max Pull Table:
[[[6.82727649e-05 1.97994982e-01 1.57261613e+02]
  [6.13862325e-05 1.83442594e-01 1.80976256e+02]
  [6.92003486e-05 1.99059728e-01 1.57225693e+02]
  [6.93380976e-05 1.97076693e-01 1.56586669e+02]]

 [[6.92502802e-05 1.97067329e-01 1.56828078e+02]
  [7.07718855e-05 1.97994170e-01 1.57917138e+02]
  [7.05806008e-05 1.97434325e-01 1.58017818e+02]
  [5.51419843e-05 1.78971145e-01 1.88398318e+02]]

 [[6.84325882e-05 1.97695003e-01 1.56931922e+02]
  [7.02623347e-05 1.98260563e-01 1.57521781e+02]
  [7.34835265e-05 1.98507471e-01 1.57086985e+02]
  [7.01645995e-05 1.98056670e-01 1.58238362e+02]]

 [[9.03212557e-05 1.86513188e-01 1.74362393e+02]
  [6.11657595e-05 1.86796302e-01 1.61816553e+02]
  [6.88502113e-05 1.97342823e-01 1.58023960e+02]
  [4.14429388e-05 1.31453882e-01 2.67359834e+02]]]

Max Activate Table:
[[[3.13058509e-04 6.44794473e-01 1.22137302e+02 7.72387302e-03
   1.91617370e-01 2.68075103e-03 2.68075103e-03]
  [3.10815395e-04 6.41779240e-01 1.23171297e+02 7.77998563e-03
   1.86180391e-01 2.68415391e-03 2.68415391e-03]
  [3.13901880e-04 6.47612893e-01 1.22549975e+02 7.87229489e-03
   1.77068756e-01 2.67562881e-03 2.67562881e-03]
  [3.18292091e-04 6.53036062e-01 1.21114133e+02 7.71186651e-03
   1.85272073e-01 2.66938297e-03 2.66938297e-03]
  [3.22263198e-04 6.61744636e-01 1.21418024e+02 7.69401629e-03
   1.81313066e-01 2.65568899e-03 2.65568899e-03]
  [3.19138428e-04 6.57488254e-01 1.22228303e+02 7.69190703e-03
   1.78091306e-01 2.66230292e-03 2.66230292e-03]
  [1.56868163e-04 3.40581650e-01 1.93401006e+02 8.64530582e-03
   4.35288300e-01 3.14029795e-03 3.14029795e-03]
  [3.08105990e-04 6.34713789e-01 1.23470026e+02 7.74786191e-03
   2.12992945e-01 2.69773588e-03 2.69773588e-03]]

 [[3.12466090e-04 6.45340307e-01 1.22181067e+02 7.76802755e-03
   1.83802878e-01 2.67934536e-03 2.67934536e-03]
  [3.26170272e-04 6.58687155e-01 1.23059223e+02 7.69763938e-03
   1.84537674e-01 2.65985241e-03 2.65985241e-03]
  [3.17560573e-04 6.48112522e-01 1.21899011e+02 7.72833962e-03
   1.77796820e-01 2.67575491e-03 2.67575491e-03]
  [3.12288779e-04 6.44363004e-01 1.23186764e+02 7.72679756e-03
   1.84470011e-01 2.68075505e-03 2.68075505e-03]
  [3.15095415e-04 6.43310026e-01 1.22045083e+02 7.74784298e-03
   1.91500867e-01 2.68373726e-03 2.68373726e-03]
  [3.17791966e-04 6.52038908e-01 1.21675988e+02 7.71744088e-03
   1.91515520e-01 2.67032794e-03 2.67032794e-03]
  [3.10646720e-04 6.42034984e-01 1.24965441e+02 7.73497611e-03
   1.79257253e-01 2.68406222e-03 2.68406222e-03]
  [3.12264727e-04 6.41081735e-01 1.22990686e+02 7.72665748e-03
   2.00408687e-01 2.68647947e-03 2.68647947e-03]]

 [[3.19649221e-04 6.57418915e-01 1.21909879e+02 7.71361112e-03
   1.81804060e-01 2.66225297e-03 2.66225297e-03]
  [3.23282400e-04 6.56999638e-01 1.21560827e+02 7.73424610e-03
   2.16986298e-01 2.66311210e-03 2.66311210e-03]
  [3.12018020e-04 6.44067305e-01 1.21960496e+02 7.72740867e-03
   2.02576666e-01 2.68272451e-03 2.68272451e-03]
  [3.21429479e-04 6.60548536e-01 1.22360914e+02 7.75306895e-03
   2.07277768e-01 2.65702105e-03 2.65702105e-03]
  [3.12503305e-04 6.45076496e-01 1.21848348e+02 7.74945017e-03
   1.87741496e-01 2.68116951e-03 2.68116951e-03]
  [3.06713047e-04 6.33912970e-01 1.25551714e+02 7.72607196e-03
   2.06155847e-01 2.69685870e-03 2.69685870e-03]
  [3.14123565e-04 6.48193982e-01 1.22407094e+02 7.67231235e-03
   1.77684732e-01 2.67521264e-03 2.67521264e-03]
  [3.17889582e-04 6.54169007e-01 1.22569777e+02 7.71523291e-03
   1.94652858e-01 2.66744440e-03 2.66744440e-03]]

 [[3.21360435e-04 6.46919989e-01 1.22084364e+02 7.70941572e-03
   2.63439615e-01 2.67756488e-03 2.67756488e-03]
  [3.22164575e-04 6.46047949e-01 1.21733646e+02 7.74780643e-03
   1.88257526e-01 2.67821154e-03 2.67821154e-03]
  [3.09228108e-04 6.36955730e-01 1.22892883e+02 7.77162031e-03
   1.82842969e-01 2.69182647e-03 2.69182647e-03]
  [3.17658926e-04 6.54814240e-01 1.22741328e+02 7.81811046e-03
   1.80082080e-01 2.66540928e-03 2.66540928e-03]
  [3.08835597e-04 6.38546733e-01 1.23101844e+02 7.77740862e-03
   1.82792397e-01 2.68949705e-03 2.68949705e-03]
  [3.16726579e-04 6.52335949e-01 1.21721821e+02 7.72272655e-03
   1.77876456e-01 2.67056815e-03 2.67056815e-03]
  [3.12364344e-04 6.44657844e-01 1.23146346e+02 7.76059373e-03
   1.76575178e-01 2.68112588e-03 2.68112588e-03]
  [3.15305537e-04 6.41589680e-01 1.23327793e+02 7.77064377e-03
   2.01549400e-01 2.68456306e-03 2.68456306e-03]]

 [[2.97972297e-04 6.21548608e-01 1.25389211e+02 7.70513550e-03
   2.00757223e-01 2.71602499e-03 2.71602499e-03]
  [3.18486595e-04 6.55841975e-01 1.20748268e+02 7.74935119e-03
   1.80927565e-01 2.66431044e-03 2.66431044e-03]
  [3.09424532e-04 6.39867751e-01 1.22731314e+02 7.73525219e-03
   2.15898834e-01 2.68947313e-03 2.68947313e-03]
  [3.22203650e-04 6.49807006e-01 1.21561200e+02 7.82604943e-03
   1.79655043e-01 2.67195241e-03 2.67195241e-03]
  [3.18483248e-04 6.55357343e-01 1.21091201e+02 7.79726026e-03
   1.83102453e-01 2.66438981e-03 2.66438981e-03]
  [3.22158386e-04 6.55514327e-01 1.22518962e+02 7.72070878e-03
   2.06620110e-01 2.66536328e-03 2.66536328e-03]
  [3.13259273e-04 6.46897579e-01 1.22951943e+02 7.84252124e-03
   2.11390568e-01 2.67675161e-03 2.67675161e-03]
  [3.12575795e-04 6.44907885e-01 1.22908234e+02 7.80722915e-03
   2.87251191e-01 2.67938899e-03 2.67938899e-03]]

 [[3.18540133e-04 6.52224662e-01 1.22022776e+02 7.68238263e-03
   1.79599980e-01 2.66973966e-03 2.66973966e-03]
  [3.17986638e-04 6.55205783e-01 1.21776860e+02 7.89020890e-03
   1.78811039e-01 2.66489877e-03 2.66489877e-03]
  [3.10406829e-04 6.37785655e-01 1.22576146e+02 7.73509961e-03
   1.81260027e-01 2.69155232e-03 2.69155232e-03]
  [3.09821106e-04 6.39473498e-01 1.22906081e+02 7.72737308e-03
   1.95323156e-01 2.68924623e-03 2.68924623e-03]
  [3.13976275e-04 6.48214818e-01 1.22338290e+02 7.84811687e-03
   1.77208061e-01 2.67461463e-03 2.67461463e-03]
  [3.17121475e-04 6.53550768e-01 1.22424573e+02 7.84009265e-03
   1.78053515e-01 2.66739667e-03 2.66739667e-03]
  [3.07434768e-04 6.33497679e-01 1.24007967e+02 7.68516676e-03
   2.19466645e-01 2.69823746e-03 2.69823746e-03]
  [3.14318210e-04 6.46026957e-01 1.22623024e+02 7.77439461e-03
   1.82040762e-01 2.67841544e-03 2.67841544e-03]]

 [[1.74136915e-04 3.74168100e-01 1.80437806e+02 8.53562115e-03
   4.09501920e-01 3.08969721e-03 3.08969721e-03]
  [3.15339031e-04 6.47863450e-01 1.21621385e+02 7.71650272e-03
   2.13344304e-01 2.67647664e-03 2.67647664e-03]
  [3.40032511e-04 6.51400629e-01 1.21301932e+02 7.69298349e-03
   1.76115647e-01 2.67097158e-03 2.67097158e-03]
  [3.13470879e-04 6.45917808e-01 1.22584427e+02 7.73892844e-03
   1.96706129e-01 2.67899540e-03 2.67899540e-03]
  [3.08112462e-04 6.37615354e-01 1.25150331e+02 7.75145022e-03
   1.83967056e-01 2.69149342e-03 2.69149342e-03]
  [3.12636472e-04 6.44499288e-01 1.23087556e+02 7.73283423e-03
   1.80211310e-01 2.68036851e-03 2.68036851e-03]
  [3.78612916e-05 1.18944229e-01 2.87832177e+02 1.33109305e-02
   7.09314845e-03 3.38454840e-03 3.45214973e-03]
  [3.21310368e-04 6.55505543e-01 1.23285496e+02 7.69685208e-03
   1.81294543e-01 2.66389053e-03 2.66389053e-03]]

 [[3.13446199e-04 6.47421135e-01 1.21883434e+02 7.73089604e-03
   1.86648467e-01 2.67751114e-03 2.67751114e-03]
  [3.15023226e-04 6.46246894e-01 1.23552465e+02 7.72046040e-03
   1.87293544e-01 2.67792772e-03 2.67792772e-03]
  [3.21219493e-04 6.60181178e-01 1.21465525e+02 7.63393083e-03
   1.76821757e-01 2.65761242e-03 2.65761242e-03]
  [3.14206330e-04 6.46769754e-01 1.22917658e+02 7.80170331e-03
   1.86433629e-01 2.67684445e-03 2.67684445e-03]
  [3.15658489e-04 6.49594607e-01 1.22001297e+02 7.76886554e-03
   2.20801807e-01 2.67412992e-03 2.67412992e-03]
  [3.13438041e-04 6.45544779e-01 1.23470452e+02 7.71373115e-03
   1.89799970e-01 2.67954778e-03 2.67954778e-03]
  [3.13546204e-04 6.46255543e-01 1.22130778e+02 7.74940942e-03
   1.76204462e-01 2.67848574e-03 2.67848574e-03]
  [3.16760615e-04 6.53074741e-01 1.22313472e+02 7.71679980e-03
   1.77228817e-01 2.66783785e-03 2.66783785e-03]]]

Cumulative Reward: 8526.364018251747
