Scheduler Table:
[[[4.79489933e-05 1.63427997e-01 1.58313710e+02 1.01293989e-02
   2.28897933e-01 3.42014792e-03 3.42014792e-03]
  [4.73097874e-05 1.62856817e-01 1.58640435e+02 1.00126453e-02
   2.25681417e-01 3.42107569e-03 3.42107569e-03]
  [4.77014995e-05 1.63359417e-01 1.58308408e+02 1.01416474e-02
   2.28269284e-01 3.41963533e-03 3.41963533e-03]]

 [[4.76666457e-05 1.63202651e-01 1.57986368e+02 1.00685916e-02
   2.28087927e-01 3.42062493e-03 3.42062493e-03]
  [6.41455581e-05 1.18334400e-01 2.32631981e+02 1.32589355e-02
   1.11604049e-02 3.38614574e-03 3.44408974e-03]
  [4.71917256e-05 1.62910320e-01 1.58276563e+02 1.00252208e-02
   2.25402565e-01 3.42081667e-03 3.42081667e-03]]

 [[4.71022156e-05 1.62853885e-01 1.58439128e+02 1.00063826e-02
   2.25264758e-01 3.42112642e-03 3.42112642e-03]
  [4.76139563e-05 1.63004682e-01 1.58118571e+02 1.00372261e-02
   2.26787374e-01 3.42056771e-03 3.42056771e-03]
  [4.75975450e-05 1.63321072e-01 1.58103948e+02 1.01204370e-02
   2.27532675e-01 3.41950534e-03 3.41950534e-03]]]

Buffer Table:
[[[6.41459223e-05 1.18334670e-01 2.32630824e+02 1.32589245e-02
   1.11616105e-02 3.38614585e-03 3.44408986e-03]
  [5.02866388e-05 1.63049405e-01 1.59241565e+02 1.01066455e-02
   2.31405074e-01 3.41929840e-03 3.41929840e-03]
  [4.54903019e-05 1.59219469e-01 1.71160520e+02 9.63974166e-03
   2.63590586e-01 3.42328125e-03 3.42328125e-03]]

 [[5.04337683e-05 1.62914800e-01 1.59201120e+02 1.00937086e-02
   2.35706104e-01 3.42058827e-03 3.42058827e-03]
  [5.10157008e-05 1.63181931e-01 1.59169152e+02 1.01524553e-02
   2.34865527e-01 3.41989219e-03 3.41989219e-03]
  [5.03897932e-05 1.63030737e-01 1.59673802e+02 1.01193717e-02
   2.33164845e-01 3.41953962e-03 3.41953962e-03]]

 [[3.64574279e-05 1.52633357e-01 2.00261093e+02 1.00780527e-02
   2.35421855e-01 3.41903022e-03 3.41903022e-03]
  [5.04265749e-05 1.63161425e-01 1.59331328e+02 1.00991252e-02
   2.31252391e-01 3.41850808e-03 3.41850808e-03]
  [5.11179341e-05 1.63243762e-01 1.59126541e+02 1.01661942e-02
   2.36548477e-01 3.41942244e-03 3.41942244e-03]]]

Arbiter Table:
[[[4.77021917e-05 1.62994269e-01 1.58796760e+02 1.00542454e-02
   2.38259691e-01 3.42029705e-03 3.42029705e-03]
  [4.76544329e-05 1.63100977e-01 1.59151414e+02 1.01048466e-02
   2.35967434e-01 3.41975197e-03 3.41975197e-03]
  [6.12992095e-05 1.55762737e-01 1.97293741e+02 1.04671354e-02
   2.45081292e-01 3.41821811e-03 3.41821811e-03]]

 [[4.70675678e-05 1.62929778e-01 1.61259488e+02 1.01045104e-02
   2.69186362e-01 3.41937750e-03 3.41937750e-03]
  [6.41039513e-05 1.18367425e-01 2.32778429e+02 1.32595717e-02
   9.61124784e-03 3.38586862e-03 3.44381262e-03]
  [2.74940131e-05 1.25129723e-01 2.05908817e+02 7.91919091e-03
   5.49310026e-01 3.45834122e-03 3.45834122e-03]]

 [[4.71481977e-05 1.63011077e-01 1.58740836e+02 1.00420122e-02
   3.23758380e-01 3.42047163e-03 3.42047163e-03]
  [2.73337164e-05 1.25111026e-01 2.07976021e+02 7.97955769e-03
   5.45647127e-01 3.45759020e-03 3.45759020e-03]
  [4.70490788e-05 1.63118995e-01 1.58881122e+02 1.01370682e-02
   2.34010393e-01 3.41745007e-03 3.41745007e-03]]]

Page Table:
[[[6.43628034e-05 1.18730153e-01 2.32514145e+02 1.32694437e-02
   1.05206570e-02 3.38598684e-03 3.44393084e-03]
  [7.52297756e-05 2.24562768e-01 1.58370079e+02 1.00053622e-02
   2.36707920e-01 3.40129874e-03 3.40129874e-03]
  [7.38301472e-05 2.22884785e-01 1.59397137e+02 9.98730475e-03
   2.51050175e-01 3.40309513e-03 3.40309513e-03]
  [7.39445182e-05 2.23821924e-01 1.59219771e+02 9.94260945e-03
   2.33654984e-01 3.40249851e-03 3.40249851e-03]]

 [[5.31165689e-05 1.86754706e-01 1.89574657e+02 9.63133312e-03
   2.53897651e-01 3.41097337e-03 3.41097337e-03]
  [7.47061064e-05 2.24442670e-01 1.58624302e+02 9.97854923e-03
   2.29255025e-01 3.40279725e-03 3.40279725e-03]
  [7.37434154e-05 2.23285567e-01 1.58541238e+02 9.91840841e-03
   3.16784119e-01 3.40242519e-03 3.40242519e-03]
  [7.47857634e-05 2.24945964e-01 1.58178735e+02 1.00106465e-02
   2.40381574e-01 3.40168759e-03 3.40168759e-03]]

 [[7.60909133e-05 2.25280029e-01 1.58430231e+02 1.00182933e-02
   2.37504836e-01 3.40187487e-03 3.40187487e-03]
  [6.95093756e-05 2.09745899e-01 1.88048459e+02 1.04877646e-02
   2.18557396e-01 3.40096162e-03 3.40096162e-03]
  [7.49402220e-05 2.24788063e-01 1.58644124e+02 1.00220872e-02
   2.33163794e-01 3.40048590e-03 3.40048590e-03]
  [7.35761183e-05 2.22193371e-01 1.58754178e+02 9.82231510e-03
   2.23669746e-01 3.40263358e-03 3.40263358e-03]]

 [[7.53604999e-05 2.24388574e-01 1.58468363e+02 9.99464586e-03
   2.33832327e-01 3.40137978e-03 3.40137978e-03]
  [6.33623030e-05 2.05436839e-01 1.92991139e+02 1.04609053e-02
   2.02504014e-01 3.39972592e-03 3.39972592e-03]
  [7.34462880e-05 2.22701822e-01 1.58533231e+02 9.85014429e-03
   2.26247206e-01 3.40280454e-03 3.40280454e-03]
  [7.61789073e-05 2.25337632e-01 1.58366103e+02 1.00022899e-02
   2.38945092e-01 3.40137770e-03 3.40137770e-03]]]

Response Table:
[[[4.26028440e-05 1.48620690e-01 1.57934007e+02]
  [4.16355013e-05 1.48483181e-01 1.58268507e+02]]

 [[4.14003088e-05 1.48292088e-01 1.57812842e+02]
  [6.41455581e-05 1.18334400e-01 2.32631981e+02]]]

Refresh Table:
[[[6.40767462e-05 1.18357149e-01 2.32787435e+02]
  [2.53805246e-05 1.24000039e-01 2.05194737e+02]]

 [[2.52911761e-05 1.24050258e-01 2.06914677e+02]
  [4.35867497e-05 1.48699371e-01 1.57786645e+02]]]

Request Buffer Table:
[[[3.54415879e-04 6.74359620e-01 1.15753150e+02]
  [3.42319207e-04 6.71106314e-01 1.16219029e+02]
  [3.45079689e-04 6.74403661e-01 1.16309018e+02]
  [3.49847043e-04 6.79515555e-01 1.16249436e+02]
  [3.42146113e-04 6.70576992e-01 1.16768206e+02]
  [3.48042331e-04 6.73725496e-01 1.16079526e+02]
  [5.75905171e-05 1.19223048e-01 2.32581452e+02]
  [3.43330412e-04 6.72432277e-01 1.16869673e+02]]

 [[3.42969114e-04 6.71739743e-01 1.15971001e+02]
  [3.41824623e-04 6.69145880e-01 1.16551247e+02]
  [3.46649279e-04 6.78039158e-01 1.15880316e+02]
  [3.51444336e-04 6.82676435e-01 1.15257628e+02]
  [3.45332640e-04 6.74853050e-01 1.16252091e+02]
  [3.50516632e-04 6.79499698e-01 1.16086267e+02]
  [3.45563590e-04 6.76467738e-01 1.15640777e+02]
  [1.79745859e-04 4.04185563e-01 1.90361826e+02]]

 [[3.54693642e-04 6.90013872e-01 1.14521673e+02]
  [3.43575814e-04 6.71892751e-01 1.15965607e+02]
  [3.48745882e-04 6.79470998e-01 1.15898082e+02]
  [3.52570674e-04 6.88218104e-01 1.15061324e+02]
  [3.45603383e-04 6.76239594e-01 1.15807789e+02]
  [3.50896363e-04 6.83757008e-01 1.15508372e+02]
  [3.43169099e-04 6.72956352e-01 1.15871198e+02]
  [3.46296818e-04 6.76420501e-01 1.16246402e+02]]

 [[3.55537549e-04 6.92071836e-01 1.14578296e+02]
  [3.47890125e-04 6.80128580e-01 1.15292844e+02]
  [3.50301244e-04 6.77294438e-01 1.16047677e+02]
  [3.53213345e-04 6.85835998e-01 1.14990766e+02]
  [3.41689034e-04 6.69577296e-01 1.16948602e+02]
  [3.54801921e-04 6.87784439e-01 1.15886713e+02]
  [3.48174251e-04 6.79283063e-01 1.15540534e+02]
  [3.46992262e-04 6.75129228e-01 1.16104330e+02]]

 [[3.46101889e-04 6.77129104e-01 1.15550474e+02]
  [3.43863574e-04 6.73121489e-01 1.16155277e+02]
  [3.45791163e-04 6.77247247e-01 1.15678443e+02]
  [3.43711066e-04 6.72585820e-01 1.16765118e+02]
  [3.46853398e-04 6.78893157e-01 1.15238524e+02]
  [3.47976526e-04 6.80456197e-01 1.15833745e+02]
  [3.39455755e-04 6.66893827e-01 1.17040747e+02]
  [3.43700146e-04 6.72286176e-01 1.16324781e+02]]

 [[3.43172944e-04 6.71800134e-01 1.15774926e+02]
  [3.42659952e-04 6.71857401e-01 1.16206677e+02]
  [3.46163091e-04 6.76384904e-01 1.16350897e+02]
  [3.53461275e-04 6.82943318e-01 1.15434038e+02]
  [3.42714956e-04 6.71218264e-01 1.16244898e+02]
  [3.44364213e-04 6.72477112e-01 1.17010312e+02]
  [3.49304036e-04 6.75078378e-01 1.16391457e+02]
  [3.46898324e-04 6.78656253e-01 1.16301718e+02]]

 [[5.73602487e-05 1.19214622e-01 2.31059537e+02]
  [3.44940187e-04 6.75561568e-01 1.16311521e+02]
  [3.48666191e-04 6.78762487e-01 1.16033027e+02]
  [3.53727138e-04 6.87173248e-01 1.15225668e+02]
  [3.42660212e-04 6.70948688e-01 1.15909474e+02]
  [3.44424576e-04 6.69843429e-01 1.16282889e+02]
  [2.23765787e-04 4.75799490e-01 1.67762380e+02]
  [2.35023450e-04 4.95708172e-01 1.66053074e+02]]

 [[3.44870589e-04 6.71535316e-01 1.16362022e+02]
  [3.41420173e-04 6.66355045e-01 1.16376275e+02]
  [3.46046753e-04 6.75437692e-01 1.15878389e+02]
  [3.53600098e-04 6.90917501e-01 1.15139986e+02]
  [3.43997533e-04 6.73809213e-01 1.16689452e+02]
  [3.58242523e-04 6.97533047e-01 1.14324313e+02]
  [1.77688949e-04 3.78155825e-01 2.05054481e+02]
  [3.46744120e-04 6.76048427e-01 1.15675399e+02]]]

Ref Max Post Table:
[[[8.22458074e-05 2.26038417e-01 1.58429368e+02]
  [6.26527964e-05 1.93146519e-01 2.01589844e+02]
  [8.42395804e-05 2.26900669e-01 1.58698926e+02]
  [8.29305531e-05 2.27219175e-01 1.58570234e+02]]

 [[8.34450161e-05 2.26499227e-01 1.58885224e+02]
  [8.36218488e-05 2.26218726e-01 1.58846815e+02]
  [8.21571665e-05 2.25161123e-01 1.59623874e+02]
  [3.84667996e-05 1.31057090e-01 2.05558049e+02]]

 [[8.36564626e-05 2.26008326e-01 1.59121526e+02]
  [6.24731210e-05 1.62351781e-01 2.01564704e+02]
  [8.25966977e-05 2.27347219e-01 1.58820418e+02]
  [8.18383288e-05 2.24267657e-01 1.58800416e+02]]

 [[8.28341691e-05 2.25778820e-01 1.59025771e+02]
  [6.90762783e-05 1.82530302e-01 1.87171394e+02]
  [8.44449260e-05 2.26703023e-01 1.58545769e+02]
  [4.55706244e-05 1.34458981e-01 1.99409057e+02]]]

Ref Max Pull Table:
[[[8.10351160e-05 2.25386422e-01 1.58419482e+02]
  [8.17678539e-05 2.27392672e-01 1.58910294e+02]
  [6.33746629e-05 1.97701279e-01 1.76809017e+02]
  [8.02054974e-05 2.25709967e-01 1.58219820e+02]]

 [[7.37516349e-05 2.15614385e-01 1.65599094e+02]
  [7.40292349e-05 1.37862328e-01 2.19829613e+02]
  [8.12298616e-05 2.25343197e-01 1.58803551e+02]
  [8.25727492e-05 2.27792446e-01 1.59023790e+02]]

 [[8.33591514e-05 2.26398745e-01 1.58712227e+02]
  [6.12500073e-05 1.88617016e-01 1.84019079e+02]
  [8.15353670e-05 2.25414261e-01 1.59322809e+02]
  [8.13604814e-05 2.25768754e-01 1.58796356e+02]]

 [[8.25814479e-05 2.26089085e-01 1.58555683e+02]
  [8.17082228e-05 2.25917523e-01 1.58738939e+02]
  [8.23015293e-05 2.26025023e-01 1.59275072e+02]
  [8.05674372e-05 2.25255174e-01 1.59200598e+02]]]

Max Activate Table:
[[[3.43116702e-04 6.66658058e-01 1.15840403e+02 7.23066350e-03
   1.86056013e-01 2.50091799e-03 2.50091799e-03]
  [3.43986641e-04 6.66601861e-01 1.15927704e+02 7.23192002e-03
   1.89138190e-01 2.50096820e-03 2.50096820e-03]
  [3.41390757e-04 6.63597921e-01 1.16302589e+02 7.23569575e-03
   1.74968657e-01 2.50555635e-03 2.50555635e-03]
  [3.44428253e-04 6.68746985e-01 1.15740515e+02 7.22908742e-03
   1.90531989e-01 2.49766283e-03 2.49766283e-03]
  [3.44095440e-04 6.68740527e-01 1.15415987e+02 7.19421392e-03
   1.74553009e-01 2.49703533e-03 2.49703533e-03]
  [3.45557142e-04 6.71480784e-01 1.16346353e+02 7.24607071e-03
   1.66801954e-01 2.49205580e-03 2.49205580e-03]
  [3.21895830e-04 6.33510856e-01 1.20832239e+02 7.17396242e-03
   1.93305450e-01 2.56000503e-03 2.56000503e-03]
  [3.41728202e-04 6.56484126e-01 1.16806898e+02 7.23531863e-03
   1.75960819e-01 2.51918023e-03 2.51918023e-03]]

 [[3.47763529e-04 6.73806670e-01 1.15003527e+02 7.20977717e-03
   1.76135313e-01 2.48822027e-03 2.48822027e-03]
  [3.53238874e-04 6.83731131e-01 1.15531561e+02 7.14194163e-03
   1.70608051e-01 2.46998412e-03 2.46998412e-03]
  [3.44530640e-04 6.67512607e-01 1.15938099e+02 7.23925742e-03
   2.04845260e-01 2.49897823e-03 2.49897823e-03]
  [3.54774528e-04 6.87131532e-01 1.15190982e+02 7.14209960e-03
   1.68777102e-01 2.46352141e-03 2.46352141e-03]
  [3.45685920e-04 6.65289443e-01 1.15811622e+02 7.20926796e-03
   1.90727630e-01 2.50400897e-03 2.50400897e-03]
  [3.44247618e-04 6.68303665e-01 1.15755174e+02 7.18529246e-03
   1.81037824e-01 2.49866927e-03 2.49866927e-03]
  [3.40297306e-04 6.60511636e-01 1.18362315e+02 7.28086703e-03
   1.70586864e-01 2.51097787e-03 2.51097787e-03]
  [3.45401599e-04 6.68028917e-01 1.15469705e+02 7.21918850e-03
   1.79840271e-01 2.49860825e-03 2.49860825e-03]]

 [[3.46449962e-04 6.72589918e-01 1.15457483e+02 7.20171121e-03
   1.69654879e-01 2.49007932e-03 2.49007932e-03]
  [3.47677078e-04 6.73913091e-01 1.15486846e+02 7.20318772e-03
   2.00926963e-01 2.48819920e-03 2.48819920e-03]
  [3.43980306e-04 6.68672686e-01 1.15732787e+02 7.19074231e-03
   1.76148897e-01 2.49821374e-03 2.49821374e-03]
  [3.54467904e-04 6.81792570e-01 1.15137172e+02 7.15705990e-03
   1.94834381e-01 2.47434425e-03 2.47434425e-03]
  [3.46416880e-04 6.72463447e-01 1.15103358e+02 7.19094095e-03
   1.73399654e-01 2.49191810e-03 2.49191810e-03]
  [3.44376357e-04 6.68227444e-01 1.16039451e+02 7.23376404e-03
   1.76913219e-01 2.49854139e-03 2.49854139e-03]
  [3.39440554e-04 6.60104211e-01 1.16745499e+02 7.24152743e-03
   1.76962178e-01 2.51199007e-03 2.51199007e-03]
  [3.42329505e-04 6.65150911e-01 1.16061151e+02 7.22289938e-03
   1.84951792e-01 2.50438401e-03 2.50438401e-03]]

 [[3.51751571e-04 6.68704382e-01 1.15547397e+02 7.19996862e-03
   2.22286600e-01 2.49734609e-03 2.49734609e-03]
  [3.47054460e-04 6.67700218e-01 1.15723939e+02 7.22492244e-03
   1.88943150e-01 2.49827463e-03 2.49827463e-03]
  [3.41957804e-04 6.65007901e-01 1.16306320e+02 7.20151504e-03
   1.83704763e-01 2.50463594e-03 2.50463594e-03]
  [3.48621390e-04 6.73857048e-01 1.15940901e+02 7.22534692e-03
   1.67379988e-01 2.48860946e-03 2.48860946e-03]
  [3.37772382e-04 6.58315087e-01 1.16923006e+02 7.26403008e-03
   1.65493431e-01 2.51468572e-03 2.51468572e-03]
  [3.46163207e-04 6.71216109e-01 1.15831968e+02 7.25381904e-03
   1.74411462e-01 2.49332935e-03 2.49332935e-03]
  [3.46482667e-04 6.71996253e-01 1.15604172e+02 7.21082902e-03
   1.73577519e-01 2.49084210e-03 2.49084210e-03]
  [3.42143802e-04 6.65334498e-01 1.16251324e+02 7.22163520e-03
   1.66922511e-01 2.50246818e-03 2.50246818e-03]]

 [[3.34951425e-04 6.53152335e-01 1.16963949e+02 7.21600441e-03
   1.68147117e-01 2.52462222e-03 2.52462222e-03]
  [3.47299559e-04 6.74582828e-01 1.14950528e+02 7.18380157e-03
   1.72271528e-01 2.48671526e-03 2.48671526e-03]
  [3.42355816e-04 6.64510097e-01 1.16310772e+02 7.24443868e-03
   1.87752482e-01 2.50496466e-03 2.50496466e-03]
  [3.48907014e-04 6.70428623e-01 1.15752420e+02 7.26254981e-03
   1.71897603e-01 2.49304896e-03 2.49304896e-03]
  [3.52408439e-04 6.76621215e-01 1.15284607e+02 7.16714049e-03
   1.93634223e-01 2.48298522e-03 2.48298522e-03]
  [3.43228741e-04 6.65916689e-01 1.16437360e+02 7.20138381e-03
   1.78958387e-01 2.50207374e-03 2.50207374e-03]
  [3.42663601e-04 6.64086195e-01 1.16801441e+02 7.23862507e-03
   1.68209199e-01 2.50444482e-03 2.50444482e-03]
  [3.42130251e-04 6.65064448e-01 1.15860539e+02 7.21379472e-03
   1.87705049e-01 2.50327378e-03 2.50327378e-03]]

 [[3.48415672e-04 6.76120472e-01 1.15140719e+02 7.22303656e-03
   1.70365448e-01 2.48377945e-03 2.48377945e-03]
  [3.50406866e-04 6.79642291e-01 1.14900571e+02 7.29913364e-03
   1.71995051e-01 2.47827466e-03 2.47827466e-03]
  [3.45424349e-04 6.69678052e-01 1.15838301e+02 7.24173995e-03
   1.66935739e-01 2.49531529e-03 2.49531529e-03]
  [3.41075329e-04 6.63380676e-01 1.16093682e+02 7.25282663e-03
   1.66035571e-01 2.50664698e-03 2.50664698e-03]
  [3.45381732e-04 6.68828610e-01 1.16104632e+02 7.32083083e-03
   1.91512046e-01 2.49644898e-03 2.49644898e-03]
  [3.43465665e-04 6.67119141e-01 1.16430044e+02 7.26413171e-03
   1.67739964e-01 2.49967362e-03 2.49967362e-03]
  [3.39959597e-04 6.61564943e-01 1.16344415e+02 7.21427720e-03
   1.76887209e-01 2.51029722e-03 2.51029722e-03]
  [3.37629514e-04 6.57036619e-01 1.16669100e+02 7.23785272e-03
   1.81553078e-01 2.51750787e-03 2.51750787e-03]]

 [[3.46583475e-04 6.61424228e-01 1.16428594e+02 7.21772570e-03
   1.76421062e-01 2.51007950e-03 2.51007950e-03]
  [3.43606937e-04 6.65970266e-01 1.15681022e+02 7.19348773e-03
   2.13120185e-01 2.50208396e-03 2.50208396e-03]
  [3.48536990e-04 6.74797499e-01 1.14455629e+02 7.16154979e-03
   1.69072225e-01 2.48698055e-03 2.48698055e-03]
  [3.38461883e-04 6.59125602e-01 1.16539690e+02 7.22039901e-03
   1.76394928e-01 2.51400114e-03 2.51400114e-03]
  [3.39739701e-04 6.61059400e-01 1.16643474e+02 7.22211511e-03
   1.67159968e-01 2.51102432e-03 2.51102432e-03]
  [3.37070666e-04 6.57049577e-01 1.16409851e+02 7.24842531e-03
   1.91314668e-01 2.51743596e-03 2.51743596e-03]
  [6.41455583e-05 1.18334401e-01 2.32631981e+02 1.32589355e-02
   1.11604048e-02 3.38614574e-03 3.44408974e-03]
  [3.43393928e-04 6.63628959e-01 1.16333185e+02 7.23816588e-03
   1.75526417e-01 2.50673636e-03 2.50673636e-03]]

 [[3.42583772e-04 6.65354358e-01 1.16046547e+02 7.22426742e-03
   1.69541569e-01 2.50381892e-03 2.50381892e-03]
  [3.45580970e-04 6.67216296e-01 1.16245866e+02 7.29849617e-03
   1.72491954e-01 2.49896138e-03 2.49896138e-03]
  [3.53920268e-04 6.84509044e-01 1.14770153e+02 7.13554902e-03
   1.70756712e-01 2.46909140e-03 2.46909140e-03]
  [3.41472030e-04 6.63795232e-01 1.16488941e+02 7.25202348e-03
   1.97240479e-01 2.50536549e-03 2.50536549e-03]
  [3.49733300e-04 6.74533866e-01 1.15100324e+02 7.25442109e-03
   2.05431158e-01 2.48716573e-03 2.48716573e-03]
  [3.42436503e-04 6.64464274e-01 1.16614723e+02 7.23843970e-03
   2.04453680e-01 2.50457465e-03 2.50457465e-03]
  [3.41703882e-04 6.64691311e-01 1.15691683e+02 7.20310467e-03
   1.69522490e-01 2.50435039e-03 2.50435039e-03]
  [3.50417654e-04 6.77354540e-01 1.15864480e+02 7.20320612e-03
   1.69971777e-01 2.48217788e-03 2.48217788e-03]]]

Cumulative Reward: 8956.820526948795
