Scheduler Table:
[[[1.34092031e-05 2.86400555e-02 2.36715743e+01 7.19914852e-04
   8.51171002e-03 1.14266934e-03 1.14266934e-03]
  [1.30674298e-05 2.87307635e-02 2.38423631e+01 7.19142693e-04
   8.60750396e-03 1.14184735e-03 1.14184735e-03]
  [1.29277562e-05 2.86208943e-02 2.37157735e+01 7.20548644e-04
   8.43199102e-03 1.14322665e-03 1.14322665e-03]]

 [[1.08142397e-05 2.87422608e-02 2.37056653e+01 7.19091273e-04
   8.55581043e-03 1.14150223e-03 1.14150223e-03]
  [1.05276443e-05 2.87427371e-02 2.38282508e+01 7.20102185e-04
   8.43002259e-03 1.14117937e-03 1.14117937e-03]
  [5.30043512e-06 2.50217837e-02 2.62555358e+01 7.17903906e-04
   9.13320948e-03 1.12790330e-03 1.19061360e-03]]

 [[1.08622149e-05 2.87871915e-02 2.37490395e+01 7.20175366e-04
   8.47302505e-03 1.14122541e-03 1.14122541e-03]
  [5.42391732e-06 2.50229963e-02 2.62911768e+01 7.19314264e-04
   8.44685197e-03 1.14024546e-03 1.14024546e-03]
  [1.07323230e-05 2.87602210e-02 2.38933869e+01 7.21711397e-04
   8.27662189e-03 1.14167026e-03 1.14167026e-03]]]

Buffer Table:
[[[9.83172991e-06 2.87939228e-02 2.37234358e+01 7.20169731e-04
   8.42843909e-03 1.14050363e-03 1.14050363e-03]
  [9.37142070e-06 2.87648183e-02 2.37986498e+01 7.20789930e-04
   8.40951859e-03 1.14222916e-03 1.14222916e-03]
  [6.36014419e-06 2.50668061e-02 2.62649506e+01 7.17607937e-04
   8.62479432e-03 1.14140718e-03 1.14140718e-03]]

 [[6.19168913e-06 2.50640766e-02 2.62470417e+01 7.16708585e-04
   9.25448892e-03 1.12877010e-03 1.19148040e-03]
  [1.02117253e-05 2.87231916e-02 2.37081154e+01 7.19945012e-04
   8.51189198e-03 1.14116082e-03 1.14116082e-03]
  [9.69810710e-06 2.88794125e-02 2.37406798e+01 7.20976738e-04
   8.37531092e-03 1.14197709e-03 1.14197709e-03]]

 [[1.08723459e-05 2.88095857e-02 2.36767886e+01 7.19644271e-04
   8.51628349e-03 1.14175866e-03 1.14175866e-03]
  [6.27526643e-06 2.50652771e-02 2.62771731e+01 7.18698090e-04
   8.49296476e-03 1.14040201e-03 1.14040201e-03]
  [1.34176530e-05 2.86362156e-02 2.37633573e+01 7.20586473e-04
   8.41108656e-03 1.14237490e-03 1.14237490e-03]]]

Arbiter Table:
[[[4.40379119e-06 2.50086942e-02 2.62588069e+01 7.18359262e-04
   9.07934256e-03 1.12755453e-03 1.19026483e-03]
  [9.38700265e-06 2.82663555e-02 2.43947045e+01 7.20019788e-04
   8.46643145e-03 1.14177085e-03 1.14177085e-03]
  [1.06420013e-05 2.84248880e-02 2.42378222e+01 7.21339364e-04
   8.31894079e-03 1.14075074e-03 1.14075074e-03]]

 [[7.86875719e-06 2.78713821e-02 2.46961575e+01 7.21273397e-04
   8.35112310e-03 1.14224665e-03 1.14224665e-03]
  [1.04834082e-05 2.88721067e-02 2.36725387e+01 7.20004598e-04
   8.48520243e-03 1.14167567e-03 1.14167567e-03]
  [1.33665949e-05 2.87487352e-02 2.37337616e+01 7.20310128e-04
   8.46036221e-03 1.14162774e-03 1.14162774e-03]]

 [[1.41578372e-05 2.88165447e-02 2.37816161e+01 7.20775634e-04
   8.42994530e-03 1.14162078e-03 1.14162078e-03]
  [8.33793749e-06 2.81684757e-02 2.46268732e+01 7.20645072e-04
   8.37263033e-03 1.14039228e-03 1.14039228e-03]
  [1.67425612e-05 2.87215831e-02 2.38042437e+01 7.21746846e-04
   8.34553108e-03 1.14396051e-03 1.14396051e-03]]]

Page Table:
[[[4.40379119e-06 2.50086942e-02 2.62588069e+01 7.18359262e-04
   9.07934256e-03 1.12755453e-03 1.19026483e-03]
  [1.72780831e-05 2.91416392e-02 2.38010223e+01 7.20404262e-04
   8.33296510e-03 1.14038677e-03 1.14038677e-03]
  [1.06547108e-05 2.92340613e-02 2.38516606e+01 7.20255589e-04
   8.36305597e-03 1.14114288e-03 1.14114288e-03]
  [1.78751705e-05 2.76601020e-02 2.52469101e+01 7.20051741e-04
   8.57738601e-03 1.14268046e-03 1.14268046e-03]]

 [[1.32575668e-05 2.80942268e-02 2.49595013e+01 7.20483157e-04
   8.38288487e-03 1.14107227e-03 1.14107227e-03]
  [1.11377696e-05 2.92007291e-02 2.36939024e+01 7.20075675e-04
   8.48134379e-03 1.14204788e-03 1.14204788e-03]
  [9.54922006e-06 2.92304160e-02 2.37671439e+01 7.20232421e-04
   8.40074038e-03 1.14119664e-03 1.14119664e-03]
  [1.12262164e-05 2.91612531e-02 2.36752348e+01 7.19528668e-04
   8.54160396e-03 1.14153694e-03 1.14153694e-03]]

 [[1.05346392e-05 2.92422038e-02 2.38515060e+01 7.21815433e-04
   8.28872359e-03 1.14081118e-03 1.14081118e-03]
  [1.14549404e-05 2.80757813e-02 2.50730539e+01 7.20744649e-04
   8.33259369e-03 1.14064913e-03 1.14064913e-03]
  [1.11155922e-05 2.92836269e-02 2.37689198e+01 7.19470711e-04
   8.53925090e-03 1.14174746e-03 1.14174746e-03]
  [9.61805619e-06 2.92942546e-02 2.37203182e+01 7.19950421e-04
   8.46643195e-03 1.14163625e-03 1.14163625e-03]]

 [[1.81422523e-05 2.75390857e-02 2.52885018e+01 7.19036027e-04
   8.68621493e-03 1.14224287e-03 1.14224287e-03]
  [1.40603216e-05 2.92059571e-02 2.38626732e+01 7.19423338e-04
   8.51128648e-03 1.14181632e-03 1.14181632e-03]
  [3.96895124e-05 2.90697064e-02 2.38696426e+01 7.21269606e-04
   8.32570031e-03 1.14155297e-03 1.14155297e-03]
  [1.12400089e-05 2.92948831e-02 2.36995617e+01 7.19639357e-04
   8.53242123e-03 1.14119539e-03 1.14119539e-03]]]

Response Table:
[[[7.49142275e-06 2.83641467e-02 2.36862551e+01]
  [7.63961136e-06 2.84264460e-02 2.37241104e+01]]

 [[7.74696241e-06 2.83318572e-02 2.37844056e+01]
  [4.40379119e-06 2.50086942e-02 2.62588069e+01]]]

Refresh Table:
[[[4.40379119e-06 2.50086942e-02 2.62588069e+01]
  [1.47232886e-05 2.84436325e-02 2.38157997e+01]]

 [[1.43367376e-05 2.85200726e-02 2.37726522e+01]
  [1.47924799e-05 2.84433814e-02 2.37637493e+01]]]

Request Buffer Table:
[[[9.83180948e-06 3.52712427e-02 2.35945417e+01]
  [1.40302971e-05 3.49367877e-02 2.37728148e+01]
  [9.53025263e-06 3.54886095e-02 2.37916209e+01]
  [9.12320449e-06 3.56173466e-02 2.37636996e+01]
  [1.01980452e-05 3.51586596e-02 2.38256059e+01]
  [1.03281357e-05 3.51040202e-02 2.38206390e+01]
  [1.03498673e-05 3.28309848e-02 2.44531330e+01]
  [9.02106201e-06 3.47533325e-02 2.37804509e+01]]

 [[9.06929123e-06 3.52963624e-02 2.36913393e+01]
  [3.18679786e-05 3.57541487e-02 2.37139050e+01]
  [9.91814504e-06 3.61828593e-02 2.36559238e+01]
  [2.42930694e-05 3.57516052e-02 2.37609351e+01]
  [1.18601248e-05 3.52878647e-02 2.37453742e+01]
  [8.72959200e-06 3.26165928e-02 2.43898723e+01]
  [9.80906312e-06 3.56261636e-02 2.37541837e+01]
  [8.97114786e-06 3.46709221e-02 2.36535834e+01]]

 [[1.00438076e-05 3.52780538e-02 2.36857021e+01]
  [8.98917037e-06 3.52847702e-02 2.37049780e+01]
  [9.00684080e-06 3.55234336e-02 2.37944847e+01]
  [9.85564738e-06 3.60650421e-02 2.37931713e+01]
  [9.30106632e-06 3.54329428e-02 2.37604721e+01]
  [1.06150388e-05 3.61123226e-02 2.37949114e+01]
  [1.27129292e-05 3.50766697e-02 2.35898238e+01]
  [1.25426151e-05 3.56703895e-02 2.37552626e+01]]

 [[1.26513577e-05 3.67672795e-02 2.37253390e+01]
  [1.06703837e-05 3.47888840e-02 2.37901009e+01]
  [4.46224258e-05 3.53369556e-02 2.38739154e+01]
  [1.18372311e-05 3.55459384e-02 2.37270085e+01]
  [9.48622897e-06 3.55022170e-02 2.37636352e+01]
  [1.05420057e-05 3.54778227e-02 2.39150110e+01]
  [1.79660518e-05 3.64498998e-02 2.36535298e+01]
  [9.54266361e-06 3.51367719e-02 2.37433883e+01]]

 [[9.28382724e-06 3.55539188e-02 2.36917117e+01]
  [1.24142941e-05 3.47932396e-02 2.38018832e+01]
  [1.33446555e-05 3.50469935e-02 2.37415609e+01]
  [1.43904975e-05 3.52683442e-02 2.37611762e+01]
  [1.03083343e-05 3.57034741e-02 2.37524458e+01]
  [1.58659427e-05 3.54637066e-02 2.38153371e+01]
  [9.52056504e-06 3.60240073e-02 2.37242140e+01]
  [1.17423533e-05 3.50780019e-02 2.37928920e+01]]

 [[9.02062395e-06 3.47173958e-02 2.38885008e+01]
  [1.05661832e-05 3.45736249e-02 2.38094030e+01]
  [1.68805273e-05 3.58127134e-02 2.37526983e+01]
  [9.41769256e-06 3.60001347e-02 2.37560921e+01]
  [1.10117898e-05 3.48404656e-02 2.37165790e+01]
  [4.40379666e-06 2.50086988e-02 2.62588057e+01]
  [9.75108007e-06 3.34972746e-02 2.42772607e+01]
  [9.93808550e-06 3.52679613e-02 2.37978989e+01]]

 [[9.50039475e-06 3.58891896e-02 2.36596813e+01]
  [9.67955496e-06 3.58287186e-02 2.37820459e+01]
  [9.03505139e-06 3.55914821e-02 2.37297309e+01]
  [4.20487213e-05 3.65435739e-02 2.37452457e+01]
  [1.46789682e-05 3.50962747e-02 2.38013039e+01]
  [7.47606990e-06 3.17829443e-02 2.46701702e+01]
  [9.30639917e-06 3.58718539e-02 2.37269728e+01]
  [8.98651060e-06 3.50574873e-02 2.38097085e+01]]

 [[9.15433573e-06 3.55801587e-02 2.37821434e+01]
  [9.26333949e-06 3.52934279e-02 2.37515318e+01]
  [8.96714150e-06 3.53759209e-02 2.38018389e+01]
  [9.52731027e-06 3.62010127e-02 2.38257928e+01]
  [1.19400841e-05 3.64865420e-02 2.37782159e+01]
  [9.02389092e-06 3.57436849e-02 2.37926239e+01]
  [9.17913559e-06 3.50758913e-02 2.38313779e+01]
  [9.04667928e-06 3.52466470e-02 2.37382190e+01]]]

Ref Max Post Table:
[[[1.26554073e-05 2.92647782e-02 2.37437738e+01]
  [1.06897014e-05 2.91657293e-02 2.37797475e+01]
  [1.02715598e-05 2.94133886e-02 2.37488157e+01]
  [7.74950659e-06 2.81152482e-02 2.47802200e+01]]

 [[1.34991664e-05 2.91987265e-02 2.36899072e+01]
  [1.11329952e-05 2.92295141e-02 2.37392937e+01]
  [1.23062297e-05 2.91176987e-02 2.41601740e+01]
  [2.55597052e-05 2.91993058e-02 2.38216532e+01]]

 [[1.02083648e-05 2.91477227e-02 2.42091761e+01]
  [1.22381170e-05 2.94059608e-02 2.37524080e+01]
  [9.65240205e-06 2.93526071e-02 2.36928847e+01]
  [1.17208045e-05 2.91572725e-02 2.38419838e+01]]

 [[8.44406617e-06 2.86487046e-02 2.44222740e+01]
  [1.13237499e-05 2.90482897e-02 2.40787314e+01]
  [1.24857629e-05 2.92995259e-02 2.37932401e+01]
  [4.40379275e-06 2.50086947e-02 2.62588066e+01]]]

Ref Max Pull Table:
[[[1.45665460e-05 2.92215046e-02 2.37337781e+01]
  [9.51017248e-06 2.82241307e-02 2.45608906e+01]
  [9.41283270e-06 2.93490532e-02 2.37439754e+01]
  [1.55757505e-05 2.91984107e-02 2.37414838e+01]]

 [[1.75119059e-05 2.90998715e-02 2.37736959e+01]
  [9.74670259e-06 2.92204686e-02 2.38651858e+01]
  [9.27896288e-06 2.92871767e-02 2.38598831e+01]
  [5.42414349e-06 2.50231351e-02 2.62910708e+01]]

 [[1.05082892e-05 2.92286487e-02 2.37765179e+01]
  [1.18245084e-05 2.92557055e-02 2.38955206e+01]
  [1.20658432e-05 2.93112215e-02 2.38685825e+01]
  [9.09284098e-06 2.92117008e-02 2.36955010e+01]]

 [[1.03537900e-05 2.90539904e-02 2.39875121e+01]
  [5.30065523e-06 2.50219187e-02 2.62554326e+01]
  [1.06320514e-05 2.91441745e-02 2.38951795e+01]
  [1.89202452e-05 2.94048268e-02 2.38770027e+01]]]

Max Activate Table:
[[[1.08495294e-05 3.54056508e-02 2.37221581e+01 7.19658170e-04
   8.40350926e-03 1.14095125e-03 1.14095125e-03]
  [1.23367777e-05 3.57301704e-02 2.37702603e+01 7.19815674e-04
   8.39147823e-03 1.14010289e-03 1.14010289e-03]
  [9.36186504e-06 3.58676971e-02 2.37063077e+01 7.18978433e-04
   8.46960027e-03 1.14062566e-03 1.14062566e-03]
  [9.89598065e-06 3.54816124e-02 2.37008233e+01 7.18957260e-04
   8.45495201e-03 1.14051851e-03 1.14051851e-03]
  [1.15605050e-05 3.55053009e-02 2.36772916e+01 7.18784731e-04
   8.48654090e-03 1.14030074e-03 1.14030074e-03]
  [1.13330234e-05 3.60485546e-02 2.37302985e+01 7.18516600e-04
   8.54970937e-03 1.14121708e-03 1.14121708e-03]
  [1.02281236e-05 3.48001093e-02 2.39445355e+01 7.19938772e-04
   8.35220152e-03 1.14064536e-03 1.14064536e-03]
  [9.57226818e-06 3.50332105e-02 2.37505289e+01 7.19080585e-04
   8.52209082e-03 1.14031105e-03 1.14031105e-03]]

 [[9.97076894e-06 3.59550759e-02 2.36351197e+01 7.19107727e-04
   8.50233603e-03 1.14152303e-03 1.14152303e-03]
  [1.02988749e-05 3.63313825e-02 2.37560889e+01 7.19410552e-04
   8.42135191e-03 1.14130161e-03 1.14130161e-03]
  [9.20378822e-06 3.56375554e-02 2.38184322e+01 7.20162842e-04
   8.38348861e-03 1.14119255e-03 1.14119255e-03]
  [1.08680332e-05 3.59903535e-02 2.38033358e+01 7.19651149e-04
   8.40770910e-03 1.14131194e-03 1.14131194e-03]
  [9.65350906e-06 3.55570155e-02 2.37362675e+01 7.19187925e-04
   8.44685178e-03 1.14079311e-03 1.14079311e-03]
  [1.16809456e-05 3.54769221e-02 2.37904146e+01 7.18809997e-04
   8.51347827e-03 1.14096842e-03 1.14096842e-03]
  [1.22792246e-05 3.57539847e-02 2.38868543e+01 7.19064608e-04
   8.47992230e-03 1.14048022e-03 1.14048022e-03]
  [9.74063633e-06 3.53502974e-02 2.37124620e+01 7.19620419e-04
   8.43141373e-03 1.14216564e-03 1.14216564e-03]]

 [[1.47020324e-05 3.56673599e-02 2.37377300e+01 7.17935311e-04
   8.58346624e-03 1.14031690e-03 1.14031690e-03]
  [9.26857914e-06 3.54638391e-02 2.37184544e+01 7.18518309e-04
   8.55240792e-03 1.14112880e-03 1.14112880e-03]
  [9.71235022e-06 3.51932126e-02 2.37870123e+01 7.19305788e-04
   8.47102604e-03 1.14095425e-03 1.14095425e-03]
  [1.06790290e-05 3.66575848e-02 2.38020301e+01 7.19460466e-04
   8.46357212e-03 1.14075435e-03 1.14075435e-03]
  [1.02480556e-05 3.59523804e-02 2.37423428e+01 7.19185723e-04
   8.40342686e-03 1.14025211e-03 1.14025211e-03]
  [1.94674660e-05 3.47541172e-02 2.38906824e+01 7.19366518e-04
   8.48696864e-03 1.14137991e-03 1.14137991e-03]
  [1.04810987e-05 3.53128940e-02 2.38526751e+01 7.18366432e-04
   8.62476662e-03 1.14106192e-03 1.14106192e-03]
  [1.58074523e-05 3.54805767e-02 2.37636589e+01 7.18815543e-04
   8.49267225e-03 1.14109991e-03 1.14109991e-03]]

 [[1.08534072e-05 3.52000170e-02 2.37325542e+01 7.18534827e-04
   8.53688642e-03 1.14109597e-03 1.14109597e-03]
  [1.05563328e-05 3.52127100e-02 2.36876660e+01 7.18863331e-04
   8.44263359e-03 1.13903786e-03 1.13903786e-03]
  [9.35909624e-06 3.52578909e-02 2.37765535e+01 7.20570857e-04
   8.33774054e-03 1.14108113e-03 1.14108113e-03]
  [1.59132782e-05 3.59701489e-02 2.36852703e+01 7.19105654e-04
   8.46053593e-03 1.14128252e-03 1.14128252e-03]
  [1.06257073e-05 3.53794767e-02 2.37190577e+01 7.19295946e-04
   8.40639727e-03 1.14027659e-03 1.14027659e-03]
  [2.13212702e-05 3.48338378e-02 2.38772364e+01 7.19721418e-04
   8.45678800e-03 1.14182281e-03 1.14182281e-03]
  [1.39180002e-05 3.60185102e-02 2.37361598e+01 7.18407435e-04
   8.55677073e-03 1.14120428e-03 1.14120428e-03]
  [1.15156338e-05 3.57703975e-02 2.37580382e+01 7.20951250e-04
   8.27397856e-03 1.14077379e-03 1.14077379e-03]]

 [[9.70958742e-06 3.49729236e-02 2.38440876e+01 7.20282535e-04
   8.32489040e-03 1.14060937e-03 1.14060937e-03]
  [1.12431755e-05 3.66932072e-02 2.36414988e+01 7.17712862e-04
   8.63474739e-03 1.14089949e-03 1.14089949e-03]
  [3.24937232e-05 3.50819394e-02 2.38283852e+01 7.18984532e-04
   8.49055277e-03 1.14116993e-03 1.14116993e-03]
  [1.05322467e-05 3.58775766e-02 2.35773524e+01 7.19104264e-04
   8.47071003e-03 1.14015457e-03 1.14015457e-03]
  [2.24458678e-05 3.58360762e-02 2.37977724e+01 7.19679617e-04
   8.35165340e-03 1.13948013e-03 1.13948013e-03]
  [1.32663496e-05 3.55661297e-02 2.36941017e+01 7.18360427e-04
   8.53722784e-03 1.14101137e-03 1.14101137e-03]
  [1.22083789e-05 3.54745756e-02 2.37874358e+01 7.18991941e-04
   8.46826900e-03 1.14120168e-03 1.14120168e-03]
  [9.34401265e-06 3.44093655e-02 2.42327358e+01 7.18250111e-04
   8.55906593e-03 1.14067408e-03 1.14067408e-03]]

 [[1.18351724e-05 3.47188629e-02 2.37508297e+01 7.20194225e-04
   8.34825921e-03 1.14123854e-03 1.14123854e-03]
  [8.99511126e-06 3.57431581e-02 2.37184409e+01 7.19444574e-04
   8.36129935e-03 1.14018291e-03 1.14018291e-03]
  [9.69821336e-06 3.53852191e-02 2.37355375e+01 7.20731455e-04
   8.32436284e-03 1.14044149e-03 1.14044149e-03]
  [1.04406191e-05 3.56418163e-02 2.37937518e+01 7.18848699e-04
   8.46878067e-03 1.14098290e-03 1.14098290e-03]
  [1.07005298e-05 3.51551467e-02 2.40305071e+01 7.19972848e-04
   8.37274200e-03 1.14097235e-03 1.14097235e-03]
  [1.97942600e-05 3.59634481e-02 2.37000387e+01 7.18319811e-04
   8.60756547e-03 1.14192106e-03 1.14192106e-03]
  [1.97188237e-05 3.54172028e-02 2.38099420e+01 7.19573328e-04
   8.43597690e-03 1.14160866e-03 1.14160866e-03]
  [5.30043512e-06 2.50217837e-02 2.62555358e+01 7.17903906e-04
   9.13320948e-03 1.12790330e-03 1.19061360e-03]]

 [[1.16660807e-05 3.51486949e-02 2.37407890e+01 7.18275134e-04
   8.55651701e-03 1.14116555e-03 1.14116555e-03]
  [9.41989169e-06 3.50388389e-02 2.38058247e+01 7.19983302e-04
   8.43649362e-03 1.14244082e-03 1.14244082e-03]
  [9.36209986e-06 3.54105813e-02 2.37555473e+01 7.19703415e-04
   8.37471382e-03 1.14088855e-03 1.14088855e-03]
  [9.14464922e-06 3.47840484e-02 2.38911853e+01 7.20771764e-04
   8.31070285e-03 1.14036733e-03 1.14036733e-03]
  [1.01484611e-05 3.69369104e-02 2.37264507e+01 7.18326340e-04
   8.48056229e-03 1.14001672e-03 1.14001672e-03]
  [1.26215408e-05 3.50797405e-02 2.38524974e+01 7.19494885e-04
   8.47058260e-03 1.14170550e-03 1.14170550e-03]
  [1.27541073e-05 3.50638949e-02 2.37274982e+01 7.19234991e-04
   8.48494418e-03 1.14120678e-03 1.14120678e-03]
  [9.86009121e-06 3.50985717e-02 2.38273510e+01 7.19747648e-04
   8.43753188e-03 1.14050586e-03 1.14050586e-03]]

 [[9.65582166e-06 3.56241512e-02 2.37002077e+01 7.18815693e-04
   8.55034177e-03 1.14150478e-03 1.14150478e-03]
  [1.01566118e-05 3.53990484e-02 2.38944780e+01 7.19426611e-04
   8.43421338e-03 1.14089847e-03 1.14089847e-03]
  [1.27799774e-05 3.64599780e-02 2.37382155e+01 7.17596580e-04
   8.64985893e-03 1.14080917e-03 1.14080917e-03]
  [1.70171666e-05 3.54670457e-02 2.37899617e+01 7.18812562e-04
   8.54522858e-03 1.14127938e-03 1.14127938e-03]
  [1.02671887e-05 3.57284021e-02 2.37121051e+01 7.18971456e-04
   8.45440465e-03 1.13932773e-03 1.13932773e-03]
  [5.42391732e-06 2.50229963e-02 2.62911768e+01 7.19314264e-04
   8.44685197e-03 1.14024546e-03 1.14024546e-03]
  [1.22224169e-05 3.53851471e-02 2.37470664e+01 7.18843355e-04
   8.40203247e-03 1.14014052e-03 1.14014052e-03]
  [1.06320597e-05 3.58384804e-02 2.37573271e+01 7.18006183e-04
   8.61192416e-03 1.14066129e-03 1.14066129e-03]]]

Cumulative Reward: 3277.275071269154
