Scheduler Table:
[[[1.01900648e-04 5.77639759e-01 1.26386605e+02 8.59251995e-03
   1.97547322e-01 2.93841481e-03 2.93841481e-03]
  [9.98963252e-05 5.69509843e-01 1.27077660e+02 8.60523579e-03
   2.20935541e-01 2.95129900e-03 2.95129900e-03]
  [1.00739103e-04 5.74255454e-01 1.27061046e+02 8.59370610e-03
   2.38648484e-01 2.94336527e-03 2.94336527e-03]]

 [[1.00529280e-04 5.72711842e-01 1.26785261e+02 8.60680509e-03
   2.22383718e-01 2.94592248e-03 2.94592248e-03]
  [8.73907840e-05 4.79662014e-01 1.77571661e+02 9.03661054e-03
   1.79517706e-01 3.08696718e-03 3.08696718e-03]
  [5.43736312e-05 2.28523765e-01 3.23355646e+02 1.02434086e-02
   5.85272401e-02 3.46433584e-03 3.46832037e-03]]

 [[1.01235020e-04 5.76126203e-01 1.26416254e+02 8.59607973e-03
   2.24816585e-01 2.94044546e-03 2.94044546e-03]
  [1.00582921e-04 3.63533777e-01 3.23205632e+02 1.02413910e-02
   1.08492802e-01 3.46484992e-03 3.46524438e-03]
  [1.01307871e-04 5.77062374e-01 1.26675163e+02 8.56721202e-03
   2.49758797e-01 2.93889583e-03 2.93889583e-03]]]

Buffer Table:
[[[1.00804390e-04 5.71707183e-01 1.27023005e+02 8.60258855e-03
   2.25227718e-01 2.94704594e-03 2.94704594e-03]
  [1.00732549e-04 5.71305390e-01 1.26945750e+02 8.60595592e-03
   2.25958704e-01 2.94753635e-03 2.94753635e-03]
  [9.62246022e-05 5.34394508e-01 1.46592396e+02 8.78311204e-03
   2.19927741e-01 3.00371126e-03 3.00371126e-03]]

 [[1.01032666e-04 5.72520514e-01 1.26910502e+02 8.60501508e-03
   2.21151064e-01 2.94548902e-03 2.94548902e-03]
  [1.01362464e-04 5.74353909e-01 1.26670831e+02 8.59976509e-03
   2.09705081e-01 2.94254727e-03 2.94254727e-03]
  [1.00485165e-04 5.70064060e-01 1.27202207e+02 8.60500072e-03
   2.38528636e-01 2.94941257e-03 2.94941257e-03]]

 [[1.00363155e-04 5.69255466e-01 1.27733543e+02 8.61501562e-03
   2.36502487e-01 2.95059033e-03 2.95059033e-03]
  [1.01167349e-04 5.74074365e-01 1.26629076e+02 8.59710692e-03
   2.16089746e-01 2.94289400e-03 2.94289400e-03]
  [8.94083722e-05 2.77890660e-01 3.76257945e+02 1.06429610e-02
   6.78203982e-02 3.58974842e-03 3.59372896e-03]]]

Arbiter Table:
[[[9.54502691e-05 5.36932564e-01 1.45473518e+02 8.76237950e-03
   2.20659309e-01 2.99802853e-03 2.99802853e-03]
  [9.85506588e-05 3.48878091e-01 3.31833442e+02 1.03057550e-02
   1.01100947e-01 3.48614005e-03 3.48653452e-03]
  [1.00255364e-04 5.70822873e-01 1.26692896e+02 8.60828912e-03
   2.18787587e-01 2.94608865e-03 2.94608865e-03]]

 [[5.23412142e-05 2.13865676e-01 3.31985012e+02 1.03077827e-02
   5.11340552e-02 3.48562924e-03 3.48961376e-03]
  [1.00835666e-04 5.70808224e-01 1.26651228e+02 8.59639623e-03
   2.39755338e-01 2.94612518e-03 2.94612518e-03]
  [1.00773586e-04 5.73809685e-01 1.26879664e+02 8.59577190e-03
   2.09208476e-01 2.94116825e-03 2.94116825e-03]]

 [[9.61369896e-05 5.40655025e-01 1.43546610e+02 8.75304012e-03
   2.07671376e-01 2.99211805e-03 2.99211805e-03]
  [1.01197764e-04 5.73982769e-01 1.26655013e+02 8.58932577e-03
   2.21589019e-01 2.94079718e-03 2.94079718e-03]
  [1.00897531e-04 5.73845259e-01 1.26509505e+02 8.58848605e-03
   2.13789154e-01 2.94133112e-03 2.94133112e-03]]]

Page Table:
[[[9.40911931e-05 5.96130084e-01 9.44390498e+01 6.42796453e-03
   1.46976672e-01 2.19732891e-03 2.19732891e-03]
  [9.31466120e-05 5.89658903e-01 9.62037334e+01 6.47569343e-03
   1.73695001e-01 2.21756845e-03 2.21756845e-03]
  [9.36857180e-05 5.93547153e-01 9.44243344e+01 6.43708265e-03
   1.58421297e-01 2.20525802e-03 2.20525802e-03]
  [9.36772513e-05 5.93715129e-01 9.48167001e+01 6.43776800e-03
   1.69952786e-01 2.20484622e-03 2.20484622e-03]]

 [[9.35983615e-05 5.95034763e-01 9.44489379e+01 6.44857743e-03
   1.46432872e-01 2.20049722e-03 2.20049722e-03]
  [9.36248311e-05 5.92247706e-01 9.53263860e+01 6.47025392e-03
   1.53675126e-01 2.20993841e-03 2.20993841e-03]
  [9.40972806e-05 5.94095911e-01 9.43818865e+01 6.43254235e-03
   1.56368022e-01 2.20378775e-03 2.20378775e-03]
  [9.00555658e-05 5.56917897e-01 1.16847336e+02 6.76592361e-03
   1.80302226e-01 2.31894722e-03 2.31894722e-03]]

 [[9.36181208e-05 5.94203285e-01 9.46035918e+01 6.43336552e-03
   1.71952684e-01 2.20307859e-03 2.20307859e-03]
  [9.38529915e-05 5.95595124e-01 9.46111685e+01 6.43760737e-03
   1.50551852e-01 2.19889201e-03 2.19889201e-03]
  [9.40203017e-05 5.95492048e-01 9.41810789e+01 6.41373505e-03
   1.54199208e-01 2.19893007e-03 2.19893007e-03]
  [8.71488754e-05 5.43734412e-01 1.24333547e+02 6.87633133e-03
   1.64843004e-01 2.35591540e-03 2.35591540e-03]]

 [[9.31878318e-05 5.91506019e-01 9.56042032e+01 6.45261810e-03
   1.63182118e-01 2.21184179e-03 2.21184179e-03]
  [9.49057338e-05 5.93325533e-01 9.46622118e+01 6.45015771e-03
   1.51253574e-01 2.20634535e-03 2.20634535e-03]
  [9.33135540e-05 5.91077824e-01 9.52132350e+01 6.45459427e-03
   1.86641820e-01 2.21273836e-03 2.21273836e-03]
  [9.28231320e-05 3.05818610e-01 3.57840666e+02 1.02830440e-02
   7.49804220e-02 3.46805412e-03 3.47203466e-03]]]

Response Table:
[[[7.28875959e-05 2.95636139e-01 1.53634286e+02]
  [4.54840116e-05 1.51471116e-01 3.43978587e+02]]

 [[9.16970644e-05 2.86516362e-01 3.43820706e+02]
  [7.08787538e-05 2.80925097e-01 1.74655530e+02]]]

Refresh Table:
[[[8.71723339e-05 2.58116650e-01 3.83307175e+02]
  [7.29361477e-05 2.99878266e-01 1.53730498e+02]]

 [[7.30505929e-05 3.00246875e-01 1.53595723e+02]
  [7.27458713e-05 2.99422600e-01 1.53701500e+02]]]

Request Buffer Table:
[[[4.04577743e-05 2.75422775e-01 3.15531240e+01]
  [3.96361948e-05 2.75267515e-01 3.16785390e+01]
  [4.00729923e-05 2.75004931e-01 3.20197672e+01]
  [3.96429330e-05 2.74402119e-01 3.25771033e+01]
  [3.93769317e-05 2.75564327e-01 3.15871838e+01]
  [4.07310203e-05 2.74545177e-01 3.30679042e+01]
  [3.95706930e-05 2.75307048e-01 3.22694749e+01]
  [4.09731978e-05 2.67627362e-01 4.84171337e+01]]

 [[3.96395563e-05 2.74569399e-01 3.22781805e+01]
  [4.00444177e-05 2.75890344e-01 3.11599893e+01]
  [4.01254764e-05 2.75121763e-01 3.19309806e+01]
  [3.97749568e-05 2.75665659e-01 3.12776572e+01]
  [3.92999937e-05 2.75183393e-01 3.19714682e+01]
  [3.96099173e-05 2.75746384e-01 3.17297366e+01]
  [4.03750300e-05 2.74076047e-01 3.33731207e+01]
  [4.17238473e-05 2.68458026e-01 4.88556007e+01]]

 [[3.99514979e-05 2.75355355e-01 3.15994960e+01]
  [4.03140785e-05 2.75505627e-01 3.14975102e+01]
  [4.08899458e-05 2.75352504e-01 3.16951518e+01]
  [3.93319279e-05 2.76006329e-01 3.12219598e+01]
  [3.93216454e-05 2.74995739e-01 3.23797526e+01]
  [3.98801452e-05 2.75736677e-01 3.14175765e+01]
  [3.95364076e-05 2.75778469e-01 3.20770874e+01]
  [4.00282914e-05 2.73186755e-01 3.44153510e+01]]

 [[3.96869382e-05 2.74817713e-01 3.20988891e+01]
  [4.15001621e-05 2.74771393e-01 3.20870508e+01]
  [3.93791169e-05 2.76178543e-01 3.08573673e+01]
  [3.99955541e-05 2.75715349e-01 3.14011674e+01]
  [3.90854839e-05 2.75065613e-01 3.22596884e+01]
  [4.10174005e-05 2.74494570e-01 3.27678162e+01]
  [3.93978615e-05 2.75902992e-01 3.18273540e+01]
  [3.98083790e-05 2.72772675e-01 3.47671694e+01]]

 [[3.98755268e-05 2.74537834e-01 3.22789752e+01]
  [4.26563764e-05 2.74950373e-01 3.20778946e+01]
  [3.94871773e-05 2.75534116e-01 3.14521602e+01]
  [3.95533402e-05 2.74499075e-01 3.26337543e+01]
  [3.96967325e-05 2.75076584e-01 3.21508788e+01]
  [3.98869774e-05 2.75510730e-01 3.19096960e+01]
  [3.92307802e-05 2.75301940e-01 3.23833572e+01]
  [3.97154784e-05 2.72980700e-01 3.51747351e+01]]

 [[3.97547736e-05 2.74237480e-01 3.26308315e+01]
  [3.99677318e-05 2.74940535e-01 3.20605080e+01]
  [4.16192067e-05 2.75075154e-01 3.20667190e+01]
  [3.95341582e-05 2.75795719e-01 3.13231238e+01]
  [4.09837630e-05 2.75259391e-01 3.18343350e+01]
  [3.99272228e-05 2.76209180e-01 3.13104659e+01]
  [3.94888844e-05 2.75213566e-01 3.20728126e+01]
  [3.94617750e-05 2.60358296e-01 6.33010780e+01]]

 [[4.01155585e-05 2.74717830e-01 3.22035360e+01]
  [3.97029157e-05 2.76034044e-01 3.10537824e+01]
  [4.06901345e-05 2.75754695e-01 3.11433201e+01]
  [4.26809640e-05 2.74856649e-01 3.23403141e+01]
  [3.98940734e-05 2.74978477e-01 3.20372420e+01]
  [3.98877788e-05 2.74512461e-01 3.28997010e+01]
  [4.25305324e-05 2.75081693e-01 3.25973739e+01]
  [3.92110909e-05 2.70660056e-01 4.08301688e+01]]

 [[3.95699376e-05 2.73696527e-01 3.31166421e+01]
  [3.95649939e-05 2.74737047e-01 3.21907200e+01]
  [3.98890305e-05 2.74325385e-01 3.26505229e+01]
  [3.99659399e-05 2.74027779e-01 3.28332306e+01]
  [4.08622329e-05 2.73884702e-01 3.32664690e+01]
  [3.99186447e-05 2.73813556e-01 3.34320987e+01]
  [4.02968001e-05 2.73356901e-01 3.41743325e+01]
  [8.62296083e-05 2.63360847e-01 3.65439164e+02]]]

Ref Max Post Table:
[[[9.34906960e-05 5.95157270e-01 9.50144188e+01]
  [9.23479451e-05 5.78430748e-01 1.03468789e+02]
  [9.43377933e-05 5.96547423e-01 9.42431063e+01]
  [9.40478845e-05 5.95309525e-01 9.46188574e+01]]

 [[9.33059706e-05 5.93014839e-01 9.48870855e+01]
  [9.32762434e-05 5.93370941e-01 9.52937869e+01]
  [9.54651310e-05 3.41193401e-01 3.32121699e+02]
  [9.36281456e-05 5.93652568e-01 9.48043534e+01]]

 [[9.31853948e-05 5.93031218e-01 9.49233460e+01]
  [4.92540620e-05 2.06176940e-01 3.32273421e+02]
  [9.05009804e-05 5.61834656e-01 1.12813884e+02]
  [9.51445652e-05 5.96108114e-01 9.45886027e+01]]

 [[9.35021934e-05 5.94937426e-01 9.44878544e+01]
  [9.33227078e-05 5.92602005e-01 9.51755823e+01]
  [9.53042987e-05 5.94579829e-01 9.46383465e+01]
  [9.10517629e-05 5.80061462e-01 1.04108370e+02]]]

Ref Max Pull Table:
[[[9.38677918e-05 5.96138871e-01 9.44265321e+01]
  [9.39453172e-05 5.98880267e-01 9.41593815e+01]
  [9.44857656e-05 5.96941809e-01 9.45746734e+01]
  [8.44020761e-05 5.04436417e-01 1.46524703e+02]]

 [[9.36649580e-05 5.94702323e-01 9.52469492e+01]
  [9.45032783e-05 5.94679728e-01 9.46289232e+01]
  [9.51328096e-05 5.93484675e-01 9.49742610e+01]
  [8.44726460e-05 5.23268352e-01 1.34728576e+02]]

 [[9.38516242e-05 5.97887728e-01 9.41973012e+01]
  [9.35640835e-05 5.95191299e-01 9.45852071e+01]
  [9.37424289e-05 5.93610402e-01 9.47205499e+01]
  [8.94657548e-05 5.58206528e-01 1.14244400e+02]]

 [[9.18878333e-05 5.79527970e-01 1.02639436e+02]
  [9.22488364e-05 5.85334114e-01 9.79027290e+01]
  [9.32783211e-05 5.92844135e-01 9.53259766e+01]
  [9.46000127e-05 3.25194201e-01 3.46863997e+02]]]

Max Activate Table:
[[[3.93767979e-05 2.75467699e-01 3.14747604e+01 2.15269994e-03
   8.00712786e-02 7.39077467e-04 7.39077467e-04]
  [3.91655092e-05 2.75346957e-01 3.21248944e+01 2.17213018e-03
   4.75817195e-02 7.42994314e-04 7.42994314e-04]
  [4.00905090e-05 2.75014199e-01 3.19362287e+01 2.17215934e-03
   7.23690406e-02 7.48980569e-04 7.48980569e-04]
  [4.19473769e-05 2.75803989e-01 3.12718707e+01 2.14942030e-03
   4.33985099e-02 7.32934600e-04 7.32934600e-04]
  [3.89858828e-05 2.76846783e-01 3.04024137e+01 2.08398000e-03
   4.43819072e-02 7.11309477e-04 7.11309477e-04]
  [3.94004848e-05 2.75287009e-01 3.19908848e+01 2.17458356e-03
   6.80773528e-02 7.45202991e-04 7.45202991e-04]
  [3.92526512e-05 2.76029885e-01 3.10633812e+01 2.12477512e-03
   8.16144861e-02 7.27443515e-04 7.27443515e-04]
  [4.05458311e-05 2.72185622e-01 3.47318948e+01 2.35356468e-03
   6.28906409e-02 8.08715716e-04 8.08715716e-04]]

 [[3.97540343e-05 2.75350306e-01 3.14637461e+01 2.15810994e-03
   8.15278121e-02 7.43172695e-04 7.43172695e-04]
  [3.93369448e-05 2.75608377e-01 3.14625216e+01 2.15119855e-03
   4.42945447e-02 7.36057031e-04 7.36057031e-04]
  [3.95536572e-05 2.76244569e-01 3.12308860e+01 2.10320561e-03
   4.98848853e-02 7.21513468e-04 7.21513468e-04]
  [4.06139634e-05 2.74827983e-01 3.22529239e+01 2.20357535e-03
   4.62234928e-02 7.54009400e-04 7.54009400e-04]
  [3.97809974e-05 2.74585302e-01 3.23053545e+01 2.22034391e-03
   4.70664948e-02 7.59161069e-04 7.59161069e-04]
  [3.93500297e-05 2.74878617e-01 3.22820922e+01 2.20139013e-03
   4.58376955e-02 7.53125396e-04 7.53125396e-04]
  [3.92211235e-05 2.75388711e-01 3.20926522e+01 2.17850191e-03
   4.41885901e-02 7.43523614e-04 7.43523614e-04]
  [4.04994781e-05 2.72746239e-01 3.42758295e+01 2.33084372e-03
   9.31645033e-02 7.98250074e-04 7.98250074e-04]]

 [[4.06869734e-05 2.74819720e-01 3.20115729e+01 2.18998809e-03
   6.11303190e-02 7.54039015e-04 7.54039015e-04]
  [4.15909234e-05 2.75063356e-01 3.16597630e+01 2.18162727e-03
   8.28849032e-02 7.47867020e-04 7.47867020e-04]
  [4.01867444e-05 2.74300581e-01 3.26107098e+01 2.23418401e-03
   5.88650953e-02 7.63897768e-04 7.63897768e-04]
  [4.11054242e-05 2.75139426e-01 3.20116561e+01 2.18445402e-03
   6.30599154e-02 7.47982059e-04 7.47982059e-04]
  [4.19048764e-05 2.74668305e-01 3.24384519e+01 2.20640784e-03
   7.51225613e-02 7.57353019e-04 7.57353019e-04]
  [3.95290995e-05 2.75235101e-01 3.20096354e+01 2.18476428e-03
   4.36912668e-02 7.45966963e-04 7.45966963e-04]
  [3.91280100e-05 2.74867035e-01 3.22097006e+01 2.19670167e-03
   4.56708399e-02 7.53120151e-04 7.53120151e-04]
  [4.01661696e-05 2.71928261e-01 3.54662510e+01 2.36264217e-03
   7.84775423e-02 8.14477137e-04 8.14477137e-04]]

 [[4.17366694e-05 2.75368945e-01 3.15192979e+01 2.16821354e-03
   5.14954218e-02 7.43617497e-04 7.43617497e-04]
  [3.91670990e-05 2.75750075e-01 3.12934462e+01 2.15198726e-03
   4.27613288e-02 7.33550868e-04 7.33550868e-04]
  [4.03176180e-05 2.75000061e-01 3.20618688e+01 2.17833832e-03
   9.47061734e-02 7.50747601e-04 7.50747601e-04]
  [4.21094631e-05 2.74827604e-01 3.21677694e+01 2.19960141e-03
   4.53863283e-02 7.54196103e-04 7.54196103e-04]
  [3.94515859e-05 2.74708298e-01 3.23305256e+01 2.19890081e-03
   6.75170335e-02 7.56340431e-04 7.56340431e-04]
  [3.97459718e-05 2.74229110e-01 3.29852784e+01 2.23518795e-03
   4.45528321e-02 7.67053736e-04 7.67053736e-04]
  [3.91504401e-05 2.75223236e-01 3.18491479e+01 2.19032422e-03
   4.33951534e-02 7.46019983e-04 7.46019983e-04]
  [4.09874492e-05 2.61215406e-01 6.05857759e+01 2.98421551e-03
   5.28049285e-02 1.01679065e-03 1.01679065e-03]]

 [[3.94827119e-05 2.75213310e-01 3.16382804e+01 2.17423309e-03
   5.30650336e-02 7.46045494e-04 7.46045494e-04]
  [3.93178096e-05 2.75137364e-01 3.19727730e+01 2.19271339e-03
   4.59587953e-02 7.47791034e-04 7.47791034e-04]
  [4.14151566e-05 2.74445964e-01 3.25887039e+01 2.22156973e-03
   6.10201816e-02 7.61677191e-04 7.61677191e-04]
  [4.10794682e-05 2.74373390e-01 3.26886537e+01 2.22922839e-03
   4.45923718e-02 7.63535974e-04 7.63535974e-04]
  [3.93328567e-05 2.75629984e-01 3.18435033e+01 2.16454088e-03
   4.54580311e-02 7.36142392e-04 7.36142392e-04]
  [3.95002096e-05 2.75361370e-01 3.20947551e+01 2.16521386e-03
   9.14435577e-02 7.42730458e-04 7.42730458e-04]
  [3.91758527e-05 2.76196079e-01 3.08870963e+01 2.12444933e-03
   4.51605448e-02 7.25064801e-04 7.25064801e-04]
  [3.97929503e-05 2.72031282e-01 3.53318021e+01 2.37270291e-03
   5.21138682e-02 8.13126817e-04 8.13126817e-04]]

 [[3.95249244e-05 2.76261642e-01 3.08282622e+01 2.10455345e-03
   5.06957641e-02 7.23209446e-04 7.23209446e-04]
  [3.92373252e-05 2.75308466e-01 3.17450925e+01 2.16817892e-03
   5.99383992e-02 7.43279889e-04 7.43279889e-04]
  [4.01302201e-05 2.75200473e-01 3.19201241e+01 2.17250063e-03
   4.57330193e-02 7.46428181e-04 7.46428181e-04]
  [4.06382712e-05 2.74273881e-01 3.28246080e+01 2.21935437e-03
   6.51746197e-02 7.65550776e-04 7.65550776e-04]
  [3.95664764e-05 2.74724251e-01 3.22357356e+01 2.21440653e-03
   4.63806749e-02 7.56709401e-04 7.56709401e-04]
  [3.94245621e-05 2.74527512e-01 3.25488312e+01 2.22283659e-03
   4.79431393e-02 7.59907895e-04 7.59907895e-04]
  [3.92872167e-05 2.75200444e-01 3.17593215e+01 2.18266717e-03
   4.60943514e-02 7.46206671e-04 7.46206671e-04]
  [4.00060395e-05 2.71940435e-01 3.51077859e+01 2.38864425e-03
   5.06419943e-02 8.15118179e-04 8.15118179e-04]]

 [[3.95222624e-05 2.75244071e-01 3.15807333e+01 2.17597723e-03
   5.37581163e-02 7.45520463e-04 7.45520463e-04]
  [3.91799602e-05 2.76183566e-01 3.11702320e+01 2.13138899e-03
   4.20950021e-02 7.25499727e-04 7.25499727e-04]
  [4.01477777e-05 2.75189976e-01 3.19218503e+01 2.17196992e-03
   5.43792285e-02 7.45847517e-04 7.45847517e-04]
  [3.95451119e-05 2.75516332e-01 3.14010085e+01 2.17485354e-03
   4.58725781e-02 7.40271813e-04 7.40271813e-04]
  [3.90820150e-05 2.75892157e-01 3.11403093e+01 2.12304904e-03
   4.71443627e-02 7.29569048e-04 7.29569048e-04]
  [3.94034059e-05 2.74925238e-01 3.21589891e+01 2.19876552e-03
   7.40679187e-02 7.52003524e-04 7.52003524e-04]
  [3.90058994e-05 2.76820086e-01 3.04758341e+01 2.09137273e-03
   4.31218233e-02 7.10432091e-04 7.10432091e-04]
  [3.97007462e-05 2.51603684e-01 8.25184802e+01 3.53600878e-03
   4.56367557e-02 1.20679411e-03 1.20679411e-03]]

 [[4.03585445e-05 2.73022799e-01 3.36780695e+01 2.30461447e-03
   5.91803077e-02 7.91277318e-04 7.91277318e-04]
  [3.94741718e-05 2.73991120e-01 3.30472197e+01 2.25661852e-03
   5.50354009e-02 7.71836889e-04 7.71836889e-04]
  [4.06440774e-05 2.73172537e-01 3.35923599e+01 2.29440154e-03
   7.75375891e-02 7.88367657e-04 7.88367657e-04]
  [4.20130625e-05 2.73308665e-01 3.37060432e+01 2.29097800e-03
   8.30429006e-02 7.85598459e-04 7.85598459e-04]
  [3.94620765e-05 2.74108031e-01 3.28914216e+01 2.25080655e-03
   4.77326165e-02 7.69781898e-04 7.69781898e-04]
  [3.93828535e-05 2.73314956e-01 3.37158885e+01 2.29802403e-03
   4.70338092e-02 7.85892238e-04 7.85892238e-04]
  [3.92713857e-05 2.72105636e-01 3.63946331e+01 2.35708968e-03
   5.04542921e-02 8.08431179e-04 8.08431179e-04]
  [8.64969448e-05 2.68285535e-01 3.54363328e+02 9.87974423e-03
   6.11972259e-02 3.33017192e-03 3.33415246e-03]]]

Cumulative Reward: 13229.601090789816
