Scheduler Table:
[[[5.44783857e-05 1.63653260e-01 1.39417482e+02 4.83935960e-03
   5.77926909e-02 7.36670997e-03 7.36670997e-03]
  [4.78362575e-05 1.63760820e-01 1.39494229e+02 4.83105293e-03
   6.06704425e-02 7.36211067e-03 7.36211067e-03]
  [5.30621938e-05 1.63636109e-01 1.39698905e+02 4.83223083e-03
   5.72167608e-02 7.36757313e-03 7.36757313e-03]]

 [[5.04507155e-05 1.63716410e-01 1.39374976e+02 4.83196299e-03
   6.00842111e-02 7.36486539e-03 7.36486539e-03]
  [4.79550687e-05 1.63771589e-01 1.39519702e+02 4.82349154e-03
   5.90761484e-02 7.35853795e-03 7.35853795e-03]
  [3.90847103e-05 1.50115388e-01 1.44796392e+02 4.82085761e-03
   4.95865820e-02 7.36339462e-03 7.36339462e-03]]

 [[4.74278933e-05 1.63663751e-01 1.39523505e+02 4.82409306e-03
   6.06323880e-02 7.36420415e-03 7.36420415e-03]
  [4.47448260e-05 1.59228572e-01 1.42016930e+02 4.82652155e-03
   5.38103873e-02 7.37028597e-03 7.37028597e-03]
  [1.57485731e-05 1.16836977e-01 1.52036727e+02 4.86006982e-03
   1.31568545e-01 7.15915397e-03 7.28855307e-03]]]

Buffer Table:
[[[4.77604192e-05 1.63649622e-01 1.39415283e+02 4.82515075e-03
   6.07229331e-02 7.36712267e-03 7.36712267e-03]
  [1.96655298e-05 1.16608102e-01 1.52657799e+02 4.84958907e-03
   1.34157286e-01 7.20051184e-03 7.32991094e-03]
  [4.79100591e-05 1.60885123e-01 1.41481085e+02 4.83333404e-03
   7.32558343e-02 7.36120142e-03 7.36120142e-03]]

 [[1.97340525e-05 1.16614450e-01 1.52740796e+02 4.85685676e-03
   3.43351807e-02 7.21751686e-03 7.21751686e-03]
  [4.81820146e-05 1.63603214e-01 1.39625824e+02 4.82722950e-03
   5.92939867e-02 7.36904383e-03 7.36904383e-03]
  [4.41966510e-05 1.63965641e-01 1.39268550e+02 4.82017715e-03
   6.12328973e-02 7.36368442e-03 7.36368442e-03]]

 [[4.56408856e-05 1.63783138e-01 1.39258626e+02 4.81961026e-03
   5.80784935e-02 7.35664624e-03 7.35664624e-03]
  [4.17117541e-05 1.54346416e-01 1.44328458e+02 4.82863593e-03
   6.60467017e-02 7.36276849e-03 7.36276849e-03]
  [4.99621149e-05 1.63616289e-01 1.39539920e+02 4.82545803e-03
   5.99640446e-02 7.36606083e-03 7.36606083e-03]]]

Arbiter Table:
[[[1.53133346e-05 1.16158196e-01 1.52258307e+02 4.85966497e-03
   1.31210068e-01 7.15873265e-03 7.28813175e-03]
  [4.52588720e-05 1.53512666e-01 1.44881615e+02 4.82726566e-03
   5.21069136e-02 7.37158686e-03 7.37158686e-03]
  [4.73944767e-05 1.63804517e-01 1.39843986e+02 4.83198842e-03
   5.92839601e-02 7.36499872e-03 7.36499872e-03]]

 [[3.79900019e-05 1.48866799e-01 1.46784248e+02 4.81768605e-03
   5.21849782e-02 7.37800894e-03 7.37800894e-03]
  [4.63953586e-05 1.64281960e-01 1.39177465e+02 4.84294601e-03
   5.78898623e-02 7.35408208e-03 7.35408208e-03]
  [4.71508900e-05 1.57819488e-01 1.42829238e+02 4.83343381e-03
   5.58425439e-02 7.36580154e-03 7.36580154e-03]]

 [[4.89293574e-05 1.63969431e-01 1.39769087e+02 4.82667428e-03
   5.95806542e-02 7.36745037e-03 7.36745037e-03]
  [4.78132518e-05 1.50046555e-01 1.46795354e+02 4.81636397e-03
   5.16870312e-02 7.37346207e-03 7.37346207e-03]
  [4.96159085e-05 1.63775725e-01 1.39717665e+02 4.82455389e-03
   5.96842604e-02 7.36774601e-03 7.36774601e-03]]]

Page Table:
[[[1.53117024e-05 1.16217686e-01 1.52250161e+02 4.85965402e-03
   1.31219029e-01 7.15870631e-03 7.28810541e-03]
  [6.14692681e-05 2.37969665e-01 1.39030241e+02 4.80540198e-03
   5.90094283e-02 7.32142065e-03 7.32142065e-03]
  [5.86877118e-05 2.38332143e-01 1.38793163e+02 4.80488516e-03
   5.73522958e-02 7.32704271e-03 7.32704271e-03]
  [6.05362277e-05 2.37308163e-01 1.39101818e+02 4.80720369e-03
   5.91146730e-02 7.32519843e-03 7.32519843e-03]]

 [[4.68679004e-05 2.05989538e-01 1.43597194e+02 4.81757830e-03
   5.08909515e-02 7.33895725e-03 7.33895725e-03]
  [6.92855580e-05 2.38203321e-01 1.38702518e+02 4.79717378e-03
   5.75359959e-02 7.32076903e-03 7.32076903e-03]
  [6.47954476e-05 2.38860259e-01 1.38673853e+02 4.80362257e-03
   5.72487475e-02 7.31753167e-03 7.31753167e-03]
  [6.16194465e-05 2.38355464e-01 1.38616494e+02 4.78953578e-03
   6.19111852e-02 7.32617108e-03 7.32617108e-03]]

 [[6.13946629e-05 2.39704525e-01 1.38583903e+02 4.80675441e-03
   6.01403697e-02 7.30617238e-03 7.30617238e-03]
  [5.75089901e-05 2.23658006e-01 1.41193212e+02 4.81191683e-03
   5.38216693e-02 7.32444135e-03 7.32444135e-03]
  [5.82685931e-05 2.39386959e-01 1.38676891e+02 4.80806006e-03
   5.89540913e-02 7.32304348e-03 7.32304348e-03]
  [7.02613032e-05 2.39566094e-01 1.38534090e+02 4.80583049e-03
   5.80391145e-02 7.32336922e-03 7.32336922e-03]]

 [[6.04839941e-05 2.09935251e-01 1.42811627e+02 4.80948592e-03
   5.54296526e-02 7.33889235e-03 7.33889235e-03]
  [5.99926310e-05 2.38756479e-01 1.38879327e+02 4.80221374e-03
   5.95697882e-02 7.32705123e-03 7.32705123e-03]
  [5.79118944e-05 2.38650409e-01 1.38773221e+02 4.81092478e-03
   5.82667420e-02 7.32134556e-03 7.32134556e-03]
  [6.03981242e-05 2.39484463e-01 1.38446447e+02 4.79148903e-03
   6.20088584e-02 7.31875496e-03 7.31875496e-03]]]

Response Table:
[[[4.73798284e-05 1.48560427e-01 1.39357978e+02]
  [4.63350009e-05 1.48487139e-01 1.39962933e+02]]

 [[4.64149784e-05 1.48473396e-01 1.39958338e+02]
  [1.53132683e-05 1.16158144e-01 1.52258330e+02]]]

Refresh Table:
[[[1.53132683e-05 1.16158144e-01 1.52258330e+02]
  [5.68537092e-05 1.48907489e-01 1.39841152e+02]]

 [[5.65452284e-05 1.49094957e-01 1.40065436e+02]
  [5.65091176e-05 1.48954826e-01 1.40040925e+02]]]

Request Buffer Table:
[[[2.06842231e-04 8.54550276e-01 1.01481915e+02]
  [2.06161644e-04 8.49995489e-01 1.02122982e+02]
  [2.05023418e-04 8.49034543e-01 1.02036526e+02]
  [2.15758742e-04 8.59513937e-01 1.01572853e+02]
  [1.88134054e-04 7.39785342e-01 1.10185389e+02]
  [2.06209279e-04 8.52389241e-01 1.02145455e+02]
  [2.05489029e-04 8.47665373e-01 1.02303369e+02]
  [2.07262572e-04 8.58271059e-01 1.01917968e+02]]

 [[2.29278450e-04 8.42244043e-01 1.02879647e+02]
  [1.53139762e-05 1.16161731e-01 1.52258075e+02]
  [2.07165398e-04 8.56608577e-01 1.01831854e+02]
  [2.23535332e-04 8.67195757e-01 1.01255777e+02]
  [2.23895003e-04 8.49094626e-01 1.02067184e+02]
  [2.08209018e-04 8.61353143e-01 1.01828780e+02]
  [2.06720243e-04 8.45723747e-01 1.02504018e+02]
  [2.11581182e-04 8.54579046e-01 1.02033766e+02]]

 [[2.06595882e-04 8.54444886e-01 1.01740232e+02]
  [2.07328121e-04 8.54830059e-01 1.01892120e+02]
  [2.09122393e-04 8.64361118e-01 1.01507194e+02]
  [2.09767204e-04 8.65750263e-01 1.01267538e+02]
  [2.06803255e-04 8.56897938e-01 1.01606707e+02]
  [2.07284152e-04 8.56612383e-01 1.02006964e+02]
  [2.09116528e-04 8.55789914e-01 1.01773003e+02]
  [2.07505470e-04 8.57449365e-01 1.01908937e+02]]

 [[2.11687655e-04 8.77638225e-01 1.00322160e+02]
  [2.09296398e-04 8.65144477e-01 1.01194603e+02]
  [2.08061890e-04 8.59634841e-01 1.01801192e+02]
  [2.09611424e-04 8.54603051e-01 1.01801120e+02]
  [2.05174853e-04 8.48629215e-01 1.02503036e+02]
  [2.08152778e-04 8.58455001e-01 1.01968685e+02]
  [2.16441476e-04 8.76782539e-01 1.00554559e+02]
  [2.12518096e-04 8.55883328e-01 1.01713602e+02]]

 [[2.20589876e-04 8.59014381e-01 1.01710609e+02]
  [1.53933666e-04 6.16147286e-01 1.18788269e+02]
  [2.07923691e-04 8.61365048e-01 1.01363722e+02]
  [2.09278177e-04 8.54337271e-01 1.02242069e+02]
  [2.10087089e-04 8.66837014e-01 1.01538665e+02]
  [2.08671994e-04 8.59375437e-01 1.01621087e+02]
  [2.11226197e-04 8.48701611e-01 1.02515915e+02]
  [2.08510871e-04 8.58753730e-01 1.01833511e+02]]

 [[2.06954576e-04 8.53118610e-01 1.01859900e+02]
  [2.17649824e-04 8.50229020e-01 1.02417565e+02]
  [2.08481728e-04 8.62666756e-01 1.01510105e+02]
  [2.09649505e-04 8.65633944e-01 1.01411288e+02]
  [2.06974842e-04 8.51060576e-01 1.02118236e+02]
  [2.22314892e-04 8.46963199e-01 1.02463833e+02]
  [2.12073731e-04 8.68462367e-01 1.01492812e+02]
  [2.06436940e-04 8.51413482e-01 1.02229417e+02]]

 [[2.15279639e-04 8.64161554e-01 1.01091571e+02]
  [1.65084460e-04 6.75602855e-01 1.14936110e+02]
  [2.09526806e-04 8.67252352e-01 1.01177972e+02]
  [2.17199802e-04 8.70580964e-01 1.00904175e+02]
  [2.10488693e-04 8.51263391e-01 1.02087844e+02]
  [2.05353718e-04 8.45721400e-01 1.02158484e+02]
  [2.11717908e-04 8.68937563e-01 1.01438072e+02]
  [2.09808867e-04 8.61761539e-01 1.01883177e+02]]

 [[2.06579003e-04 8.48403797e-01 1.02018832e+02]
  [2.10172075e-04 8.58976038e-01 1.01567092e+02]
  [2.05374941e-04 8.50342232e-01 1.02483868e+02]
  [2.10860620e-04 8.72160785e-01 1.00840659e+02]
  [2.11002708e-04 8.69241304e-01 1.01281346e+02]
  [2.17711262e-04 8.88183598e-01 1.00183491e+02]
  [2.06014570e-04 8.51626779e-01 1.02221523e+02]
  [2.06368185e-04 8.52156180e-01 1.02312992e+02]]]

Ref Max Post Table:
[[[6.65741373e-05 2.42936478e-01 1.38849298e+02]
  [6.70308206e-05 2.43564619e-01 1.38963099e+02]
  [8.12360466e-05 2.45010923e-01 1.38560892e+02]
  [5.58448270e-05 2.15728727e-01 1.42392472e+02]]

 [[6.45194626e-05 2.45199882e-01 1.38589532e+02]
  [6.61147936e-05 2.43576124e-01 1.38771665e+02]
  [6.47441532e-05 2.38608229e-01 1.39823516e+02]
  [6.61325916e-05 2.45722311e-01 1.38669337e+02]]

 [[6.72031495e-05 2.44081161e-01 1.38937823e+02]
  [7.61093057e-05 2.45125250e-01 1.38790166e+02]
  [6.31189778e-05 2.42879030e-01 1.38810065e+02]
  [5.63135834e-05 2.00695774e-01 1.44481826e+02]]

 [[6.52042255e-05 2.42673488e-01 1.39106801e+02]
  [6.63593627e-05 2.40923636e-01 1.39303516e+02]
  [5.82297314e-05 2.25025730e-01 1.41634207e+02]
  [1.64066262e-05 1.24204496e-01 1.51247063e+02]]]

Ref Max Pull Table:
[[[6.28672913e-05 2.38440715e-01 1.38859661e+02]
  [6.29746704e-05 2.42473306e-01 1.38966677e+02]
  [6.19560790e-05 2.43974297e-01 1.38853295e+02]
  [5.33374636e-05 1.50409914e-01 1.50326947e+02]]

 [[5.96932757e-05 1.99498519e-01 1.44173304e+02]
  [6.30652170e-05 2.41292134e-01 1.38984634e+02]
  [6.31909832e-05 2.40504297e-01 1.38947714e+02]
  [2.23115187e-05 1.30542825e-01 1.50916001e+02]]

 [[6.92035694e-05 2.39934634e-01 1.38727308e+02]
  [5.70569523e-05 2.12428442e-01 1.42503099e+02]
  [6.99182320e-05 2.41908679e-01 1.38841431e+02]
  [7.30616611e-05 2.41568719e-01 1.38793372e+02]]

 [[6.07032617e-05 2.05726402e-01 1.43367060e+02]
  [2.23914162e-05 1.30609077e-01 1.50991510e+02]
  [6.24475664e-05 2.39014297e-01 1.39310807e+02]
  [6.23954846e-05 2.42357014e-01 1.39078250e+02]]]

Max Activate Table:
[[[2.10227965e-04 8.46998283e-01 1.01639510e+02 3.51785387e-03
   4.62362862e-02 5.36668733e-03 5.36668733e-03]
  [2.11101186e-04 8.44331084e-01 1.01746773e+02 3.53796335e-03
   4.35659290e-02 5.37699498e-03 5.37699498e-03]
  [2.08907547e-04 8.50049741e-01 1.01483479e+02 3.49301149e-03
   4.34975626e-02 5.34950637e-03 5.34950637e-03]
  [2.10134839e-04 8.51033265e-01 1.01529919e+02 3.50992375e-03
   4.52636420e-02 5.35237325e-03 5.35237325e-03]
  [2.13763416e-04 8.68596805e-01 1.00799114e+02 3.49884926e-03
   4.55344944e-02 5.30660698e-03 5.30660698e-03]
  [2.15390758e-04 8.54606462e-01 1.01502623e+02 3.51419124e-03
   4.36424622e-02 5.34697513e-03 5.34697513e-03]
  [2.06715291e-04 8.40174047e-01 1.02377829e+02 3.52594027e-03
   4.59968057e-02 5.39123952e-03 5.39123952e-03]
  [7.18977312e-05 2.55787011e-01 1.44290441e+02 4.59157721e-03
   4.72801109e-02 6.97928449e-03 6.97928449e-03]]

 [[2.10237922e-04 8.53509660e-01 1.01120674e+02 3.50644683e-03
   4.38938986e-02 5.35158100e-03 5.35158100e-03]
  [2.11466984e-04 8.58436394e-01 1.01196039e+02 3.51581482e-03
   4.38415004e-02 5.33887930e-03 5.33887930e-03]
  [2.09356147e-04 8.47140583e-01 1.01943300e+02 3.51760227e-03
   4.33675700e-02 5.37182673e-03 5.37182673e-03]
  [2.11562251e-04 8.45131796e-01 1.02279346e+02 3.52778764e-03
   4.43874608e-02 5.37856214e-03 5.37856214e-03]
  [2.10002654e-04 8.43525195e-01 1.02072070e+02 3.53648604e-03
   4.34364758e-02 5.37951687e-03 5.37951687e-03]
  [2.12025483e-04 8.49601511e-01 1.01567399e+02 3.52397206e-03
   4.32987801e-02 5.36169385e-03 5.36169385e-03]
  [2.09576567e-04 8.49207557e-01 1.01904483e+02 3.51026251e-03
   4.42619618e-02 5.36196603e-03 5.36196603e-03]
  [2.07494963e-04 8.40803072e-01 1.01811172e+02 3.52437893e-03
   4.75828489e-02 5.38850880e-03 5.38850880e-03]]

 [[2.48638382e-04 8.42931182e-01 1.02024693e+02 3.52430766e-03
   4.33093332e-02 5.38024317e-03 5.38024317e-03]
  [2.13448409e-04 8.55708354e-01 1.01154376e+02 3.51280984e-03
   4.40673030e-02 5.34549527e-03 5.34549527e-03]
  [2.07351736e-04 8.43118649e-01 1.02119900e+02 3.53888787e-03
   4.42965078e-02 5.38297682e-03 5.38297682e-03]
  [2.12770863e-04 8.65750571e-01 1.01026233e+02 3.49863353e-03
   4.35203955e-02 5.31732955e-03 5.31732955e-03]
  [2.07469325e-04 8.43863334e-01 1.01953180e+02 3.53632306e-03
   4.36373273e-02 5.37312275e-03 5.37312275e-03]
  [6.15153622e-05 2.32010041e-01 1.45418833e+02 4.62315240e-03
   1.42180567e-01 6.98328660e-03 7.11268570e-03]
  [2.04577641e-04 8.31573237e-01 1.02887725e+02 3.55456227e-03
   4.65270395e-02 5.41430727e-03 5.41430727e-03]
  [2.14149225e-04 8.47724190e-01 1.01815765e+02 3.51247776e-03
   5.28625804e-02 5.36625307e-03 5.36625307e-03]]

 [[2.08713121e-04 8.44177912e-01 1.01908731e+02 3.51933806e-03
   4.44700974e-02 5.37473561e-03 5.37473561e-03]
  [2.08810988e-04 8.47616779e-01 1.01718532e+02 3.51877975e-03
   4.38395287e-02 5.36655801e-03 5.36655801e-03]
  [2.27629022e-04 8.46211988e-01 1.01815979e+02 3.51887614e-03
   4.47038485e-02 5.37392612e-03 5.37392612e-03]
  [2.13480747e-04 8.64983238e-01 1.00850910e+02 3.50575823e-03
   4.29964095e-02 5.31936431e-03 5.31936431e-03]
  [6.14250596e-05 2.31227145e-01 1.45771403e+02 4.63783029e-03
   4.23781718e-02 7.01682780e-03 7.01682780e-03]
  [2.11728382e-04 8.60673826e-01 1.01306742e+02 3.49511966e-03
   4.41589230e-02 5.33069950e-03 5.33069950e-03]
  [2.10975935e-04 8.47549148e-01 1.01845362e+02 3.52713702e-03
   4.47768308e-02 5.37016473e-03 5.37016473e-03]
  [2.07691987e-04 8.42497833e-01 1.01941025e+02 3.53877374e-03
   4.46906257e-02 5.38061653e-03 5.38061653e-03]]

 [[2.07181373e-04 8.43877259e-01 1.01976570e+02 3.54000309e-03
   4.33439233e-02 5.36924748e-03 5.36924748e-03]
  [2.11616482e-04 8.56104579e-01 1.01135422e+02 3.50455411e-03
   4.41633022e-02 5.34318335e-03 5.34318335e-03]
  [6.02659971e-05 2.26463610e-01 1.45815400e+02 4.63611423e-03
   4.23741621e-02 7.01239659e-03 7.01239659e-03]
  [2.10420386e-04 8.52626759e-01 1.01221479e+02 3.50711159e-03
   4.41021124e-02 5.35210698e-03 5.35210698e-03]
  [2.00985244e-04 8.18492862e-01 1.03653881e+02 3.56095766e-03
   4.52164635e-02 5.45095353e-03 5.45095353e-03]
  [2.10827378e-04 8.46540227e-01 1.01740479e+02 3.52700663e-03
   4.39747257e-02 5.36978629e-03 5.36978629e-03]
  [2.08084309e-04 8.46074642e-01 1.01603755e+02 3.52491955e-03
   4.63049085e-02 5.36323490e-03 5.36323490e-03]
  [2.06506659e-04 8.41583685e-01 1.02171173e+02 3.54569530e-03
   4.33679468e-02 5.38498221e-03 5.38498221e-03]]

 [[2.09336631e-04 8.51510424e-01 1.01421352e+02 3.52266424e-03
   4.41137624e-02 5.35766786e-03 5.35766786e-03]
  [2.09412559e-04 8.49573579e-01 1.01678380e+02 3.51562582e-03
   4.63092996e-02 5.36375233e-03 5.36375233e-03]
  [2.11123699e-04 8.58680270e-01 1.01028389e+02 3.49177309e-03
   4.35904609e-02 5.33578854e-03 5.33578854e-03]
  [2.10256948e-04 8.46788799e-01 1.02112981e+02 3.52289884e-03
   4.35608015e-02 5.36946488e-03 5.36946488e-03]
  [2.08299769e-04 8.42813293e-01 1.01564731e+02 3.53259436e-03
   4.62906785e-02 5.36856559e-03 5.36856559e-03]
  [2.10169475e-04 8.45361344e-01 1.01703545e+02 3.53636656e-03
   4.45162280e-02 5.37606752e-03 5.37606752e-03]
  [2.09582115e-04 8.49855725e-01 1.01667291e+02 3.51367138e-03
   4.41346591e-02 5.36170210e-03 5.36170210e-03]
  [6.27496964e-05 2.36582569e-01 1.45283769e+02 4.62558568e-03
   4.23894661e-02 6.99320861e-03 6.99320861e-03]]

 [[1.49628738e-04 5.81110012e-01 1.20988843e+02 4.00638533e-03
   4.99916687e-02 6.10496427e-03 6.10496427e-03]
  [2.07074370e-04 8.43341522e-01 1.02144463e+02 3.52251516e-03
   4.49481957e-02 5.38025592e-03 5.38025592e-03]
  [2.11608919e-04 8.60564009e-01 1.00818557e+02 3.48063376e-03
   4.30916795e-02 5.32946604e-03 5.32946604e-03]
  [2.06918485e-04 8.38843977e-01 1.02349648e+02 3.54349754e-03
   4.49350571e-02 5.38337850e-03 5.38337850e-03]
  [2.10968942e-04 8.57772085e-01 1.01143925e+02 3.49492373e-03
   4.44645663e-02 5.32623325e-03 5.32623325e-03]
  [2.07480767e-04 8.42086136e-01 1.01984458e+02 3.54726033e-03
   4.45316347e-02 5.37475592e-03 5.37475592e-03]
  [2.07289476e-04 8.41222640e-01 1.01997674e+02 3.53818805e-03
   4.53683736e-02 5.38894418e-03 5.38894418e-03]
  [2.09208687e-04 8.50303322e-01 1.01692198e+02 3.52599437e-03
   4.37554265e-02 5.36044208e-03 5.36044208e-03]]

 [[2.08660579e-04 8.47323159e-01 1.01731360e+02 3.51684528e-03
   4.51201777e-02 5.37002358e-03 5.37002358e-03]
  [2.10323591e-04 8.44579144e-01 1.01979029e+02 3.54215452e-03
   4.40756805e-02 5.37952432e-03 5.37952432e-03]
  [2.12700414e-04 8.63968507e-01 1.01042761e+02 3.49077275e-03
   4.45374840e-02 5.32202798e-03 5.32202798e-03]
  [6.33376631e-05 2.39251677e-01 1.45171953e+02 4.62598483e-03
   4.23611338e-02 6.99492773e-03 6.99492773e-03]
  [2.07736832e-04 8.41838699e-01 1.01866690e+02 3.54202431e-03
   4.37958460e-02 5.38104632e-03 5.38104632e-03]
  [2.10154582e-04 8.51959349e-01 1.01498081e+02 3.51233753e-03
   4.61929173e-02 5.35500516e-03 5.35500516e-03]
  [2.06939170e-04 8.35046145e-01 1.02483301e+02 3.55212437e-03
   4.49389701e-02 5.40529536e-03 5.40529536e-03]
  [2.11600688e-04 8.61337270e-01 1.00825280e+02 3.50427649e-03
   4.43065695e-02 5.32838964e-03 5.32838964e-03]]]

Cumulative Reward: 5989.484088685794
