Scheduler Table:
[[[2.00528569e-06 1.34193587e-02 1.38999570e+01 1.00555861e-03
   9.72408179e-02 3.66304241e-04 3.66304241e-04]
  [1.95216736e-06 1.33973184e-02 1.40613792e+01 1.00405333e-03
   9.40540952e-02 3.65640160e-04 3.65640160e-04]
  [1.82829170e-06 1.33530624e-02 1.40910610e+01 1.03300603e-03
   8.63922283e-02 3.65064815e-04 3.65064815e-04]]

 [[1.88333755e-06 1.33508156e-02 1.38796083e+01 1.02464742e-03
   8.97125474e-02 3.65571042e-04 3.65571042e-04]
  [5.09693552e-05 2.06764581e+00 2.11404334e+01 1.11510600e-03
   2.50688854e-01 3.62736103e-04 3.81662586e-04]
  [5.34694444e-07 1.14347738e-02 2.02056201e+01 9.98412725e-04
   6.11456136e-03 3.63299350e-04 3.63299350e-04]]

 [[1.87952346e-06 1.33473084e-02 1.38099308e+01 1.01212610e-03
   8.95748277e-02 3.65142034e-04 3.65142034e-04]
  [6.07977837e-07 1.15347719e-02 1.98978483e+01 1.00378415e-03
   8.60284069e-03 3.62701434e-04 3.62701434e-04]
  [2.24296177e-06 1.34405231e-02 1.41000842e+01 9.78951237e-04
   1.12194495e-01 3.65142053e-04 3.65142053e-04]]]

Buffer Table:
[[[1.02576600e-06 1.22755868e-02 2.05928208e+01 1.09652870e-03
   3.88056101e-02 3.64243518e-04 3.64243518e-04]
  [1.86047374e-06 1.34241344e-02 1.40209782e+01 9.97411735e-04
   8.72626375e-02 3.65982045e-04 3.65982045e-04]
  [1.49602818e-06 1.29100333e-02 1.55743380e+01 1.07581338e-03
   6.04183158e-02 3.64586854e-04 3.64586854e-04]]

 [[1.90955217e-06 1.33847136e-02 1.38539485e+01 1.01299803e-03
   8.98345309e-02 3.65194749e-04 3.65194749e-04]
  [2.01824329e-06 1.33982118e-02 1.38329995e+01 1.00660484e-03
   9.67659604e-02 3.64891681e-04 3.64891681e-04]
  [1.81201393e-06 1.34317268e-02 1.39762960e+01 1.02715126e-03
   8.41840629e-02 3.65542744e-04 3.65542744e-04]]

 [[1.79003538e-06 1.33138116e-02 1.48511380e+01 1.01679929e-03
   8.29115989e-02 3.65042889e-04 3.65042889e-04]
  [2.03323139e-06 1.34014064e-02 1.37117562e+01 1.00106124e-03
   9.75703607e-02 3.65884765e-04 3.65884765e-04]
  [5.09625595e-05 2.06763656e+00 2.11388830e+01 1.11470534e-03
   2.50461987e-01 3.62736704e-04 3.81663188e-04]]]

Arbiter Table:
[[[5.09625595e-05 2.06763656e+00 2.11388830e+01 1.11470534e-03
   2.50461987e-01 3.62736704e-04 3.81663188e-04]
  [1.93511706e-06 1.34057286e-02 1.40643017e+01 1.03011606e-03
   7.41604503e-02 3.66005697e-04 3.66005697e-04]
  [1.07642043e-06 1.24286682e-02 1.63398304e+01 1.10953132e-03
   3.35928302e-02 3.63516838e-04 3.63516838e-04]]

 [[1.86736728e-06 1.33534185e-02 1.48822870e+01 1.03060975e-03
   7.08924871e-02 3.65611986e-04 3.65611986e-04]
  [1.93549886e-06 1.33832183e-02 1.44065138e+01 1.02029518e-03
   7.42094452e-02 3.65121542e-04 3.65121542e-04]
  [1.96283841e-06 1.33951239e-02 1.41450287e+01 1.00204625e-03
   7.56060330e-02 3.65748656e-04 3.65748656e-04]]

 [[8.06644549e-07 1.20257919e-02 1.86044126e+01 1.13853499e-03
   1.75147429e-02 3.63760026e-04 3.63760026e-04]
  [1.93280656e-06 1.33703307e-02 1.41009939e+01 1.03113275e-03
   7.40766474e-02 3.64771475e-04 3.64771475e-04]
  [1.15422220e-06 1.25202721e-02 1.65079805e+01 1.09969554e-03
   3.72725259e-02 3.63968950e-04 3.63968950e-04]]]

Page Table:
[[[5.09625610e-05 2.06763658e+00 2.11388438e+01 1.11470511e-03
   2.50462282e-01 3.62736716e-04 3.81663200e-04]
  [3.14294937e-06 1.35528419e-02 1.41964943e+01 1.02971123e-03
   8.08318721e-02 3.65429501e-04 3.65429501e-04]
  [3.11372097e-06 1.35230241e-02 1.38648951e+01 1.03290333e-03
   8.07039990e-02 3.64853791e-04 3.64853791e-04]
  [5.16308601e-06 1.35511841e-02 1.46735678e+01 1.04606549e-03
   5.68697332e-02 3.65058829e-04 3.65058829e-04]]

 [[2.87210873e-06 1.35135532e-02 1.39314690e+01 1.03871150e-03
   7.60431523e-02 3.65300379e-04 3.65300379e-04]
  [2.83522934e-06 1.34488810e-02 1.41227761e+01 1.04888676e-03
   7.49486472e-02 3.65763653e-04 3.65763653e-04]
  [3.01062786e-06 1.34763989e-02 1.39054162e+01 1.01936254e-03
   8.45316768e-02 3.64945347e-04 3.64945347e-04]
  [3.31400208e-06 1.35474008e-02 1.47394795e+01 9.85395858e-04
   8.02995207e-02 3.65618129e-04 3.65618129e-04]]

 [[2.19678132e-06 1.31896141e-02 1.65291869e+01 1.06668350e-03
   5.29796063e-02 3.65323041e-04 3.65323041e-04]
  [2.93096036e-06 1.35475671e-02 1.42692259e+01 1.03509771e-03
   7.81595902e-02 3.65821692e-04 3.65821692e-04]
  [3.49482173e-06 1.35750004e-02 1.40090133e+01 9.92434167e-04
   1.03407177e-01 3.65561623e-04 3.65561623e-04]
  [3.11227131e-06 1.34905555e-02 1.44098257e+01 1.01089112e-03
   8.38941072e-02 3.65561151e-04 3.65561151e-04]]

 [[3.18202135e-06 1.35328253e-02 1.44290674e+01 1.00832287e-03
   8.50965164e-02 3.65575595e-04 3.65575595e-04]
  [3.28170137e-06 1.35352008e-02 1.41590883e+01 9.90465360e-04
   9.58949720e-02 3.65764563e-04 3.65764563e-04]
  [2.83257358e-06 1.34176434e-02 1.43580077e+01 1.03138133e-03
   7.29359386e-02 3.65022217e-04 3.65022217e-04]
  [2.21126122e-06 1.23186036e-02 1.76711686e+01 1.08600771e-03
   3.60558459e-02 3.64231405e-04 3.64231405e-04]]]

Response Table:
[[[4.08670166e-06 1.31755366e-02 1.56548380e+01]
  [6.52165614e-07 1.32391503e-02 1.40495309e+01]]

 [[6.67290837e-07 1.33133191e-02 1.37059145e+01]
  [5.09625595e-05 2.06763656e+00 2.11388830e+01]]]

Refresh Table:
[[[5.09625595e-05 2.06763656e+00 2.11388830e+01]
  [5.89814904e-07 1.32001422e-02 1.36948974e+01]]

 [[5.94167294e-07 1.33253003e-02 1.39236208e+01]
  [5.88070517e-07 1.32390292e-02 1.44944092e+01]]]

Request Buffer Table:
[[[4.37895748e-06 1.47426819e-02 1.44294663e+01]
  [4.90576490e-06 1.46089065e-02 1.43354721e+01]
  [5.14199098e-05 2.06770089e+00 2.13834427e+01]
  [4.19441981e-06 1.45248977e-02 1.39552501e+01]
  [6.58913745e-06 1.47035157e-02 1.42928244e+01]
  [4.51691424e-06 1.45286497e-02 1.44412309e+01]
  [4.36527011e-06 1.45322429e-02 1.45088796e+01]
  [4.24497190e-06 1.45921724e-02 1.40130757e+01]]

 [[4.42117184e-06 1.45643846e-02 1.41223090e+01]
  [4.41412055e-06 1.46331073e-02 1.39133817e+01]
  [4.69051427e-06 1.47176061e-02 1.43248360e+01]
  [4.17676499e-06 1.47088531e-02 1.39706263e+01]
  [4.17979628e-06 1.46396842e-02 1.43832497e+01]
  [4.77927497e-06 1.42439600e-02 1.53797106e+01]
  [4.26468887e-06 1.47144978e-02 1.39889474e+01]
  [4.22729243e-06 1.46471097e-02 1.43547755e+01]]

 [[5.34562238e-06 1.46091520e-02 1.42743233e+01]
  [5.59499380e-06 1.46991631e-02 1.40528729e+01]
  [5.11035011e-06 1.46503917e-02 1.42007387e+01]
  [8.38967825e-07 1.12252983e-02 2.24468973e+01]
  [7.19956669e-06 1.47285531e-02 1.43229319e+01]
  [4.21542018e-06 1.46362456e-02 1.43508974e+01]
  [4.68608110e-06 1.45293966e-02 1.47811178e+01]
  [4.49186893e-06 1.46639225e-02 1.44720729e+01]]

 [[4.05431581e-06 1.45347826e-02 1.40143683e+01]
  [4.51865489e-06 1.46878610e-02 1.40800384e+01]
  [6.40840652e-06 1.48409868e-02 1.40310143e+01]
  [4.82706412e-06 1.47064745e-02 1.42589151e+01]
  [4.91112130e-06 1.45217128e-02 1.42410940e+01]
  [3.38756931e-06 1.27514411e-02 1.78340594e+01]
  [8.34343033e-07 1.12248081e-02 2.33698687e+01]
  [4.87116038e-06 1.45409060e-02 1.44054724e+01]]

 [[5.87171061e-06 1.45447880e-02 1.45359810e+01]
  [7.49364189e-06 1.47581552e-02 1.45727376e+01]
  [3.69481161e-06 1.46654993e-02 1.44809294e+01]
  [4.66126522e-06 1.45195729e-02 1.40509776e+01]
  [5.96582792e-06 1.46521580e-02 1.45231368e+01]
  [8.30048465e-07 1.12224178e-02 2.06897052e+01]
  [4.87177714e-06 1.49226299e-02 1.46375015e+01]
  [4.60568656e-06 1.46547341e-02 1.43026638e+01]]

 [[8.25100344e-07 1.12218666e-02 2.04519298e+01]
  [4.13419253e-06 1.46111396e-02 1.42481740e+01]
  [4.53030011e-06 1.46647054e-02 1.42358406e+01]
  [7.75968408e-06 1.48467144e-02 1.43333587e+01]
  [3.75396549e-06 1.46524563e-02 1.41651322e+01]
  [5.50798765e-06 1.46959705e-02 1.40967740e+01]
  [4.79436553e-06 1.47844115e-02 1.40673085e+01]
  [4.51730427e-06 1.46692621e-02 1.41711977e+01]]

 [[3.53654908e-06 1.39977812e-02 1.55337173e+01]
  [4.39043074e-06 1.47597420e-02 1.40468119e+01]
  [4.62379224e-06 1.47152944e-02 1.43133945e+01]
  [4.88146938e-06 1.44826821e-02 1.44833949e+01]
  [5.43482738e-06 1.48327140e-02 1.39926806e+01]
  [4.92728180e-06 1.46305664e-02 1.42159614e+01]
  [4.15359391e-06 1.44584560e-02 1.42805715e+01]
  [8.32721267e-07 1.12239933e-02 2.24148183e+01]]

 [[5.59185748e-06 1.46805091e-02 1.42566883e+01]
  [1.15239015e-05 1.49445069e-02 1.41692355e+01]
  [5.13256776e-06 1.45989168e-02 1.41249126e+01]
  [4.23517502e-06 1.46533552e-02 1.40525026e+01]
  [8.32189751e-07 1.12230838e-02 2.03478457e+01]
  [4.45369847e-06 1.47701707e-02 1.41586352e+01]
  [4.82376313e-06 1.46255095e-02 1.39815796e+01]
  [1.06248595e-05 1.47719964e-02 1.41758391e+01]]]

Ref Max Post Table:
[[[3.07685606e-06 1.35253927e-02 1.44012206e+01]
  [2.78029593e-06 1.30111285e-02 1.64672451e+01]
  [3.30101429e-06 1.35651985e-02 1.40280484e+01]
  [3.18473960e-06 1.35438363e-02 1.40577670e+01]]

 [[2.92677176e-06 1.34912601e-02 1.52921816e+01]
  [5.09625595e-05 2.06763656e+00 2.11388830e+01]
  [2.95460743e-06 1.34235562e-02 1.41155139e+01]
  [3.18875127e-06 1.35922355e-02 1.40716536e+01]]

 [[3.29303612e-06 1.33422652e-02 1.56460003e+01]
  [3.15562789e-06 1.35296969e-02 1.41932328e+01]
  [2.82173340e-06 1.33613754e-02 1.42596970e+01]
  [3.95330268e-06 1.36121809e-02 1.41314874e+01]]

 [[3.05474012e-06 1.35383625e-02 1.46125878e+01]
  [3.10640972e-06 1.35448456e-02 1.40415643e+01]
  [3.16668751e-06 1.34878934e-02 1.41379002e+01]
  [4.26221784e-06 1.36071126e-02 1.41279067e+01]]]

Ref Max Pull Table:
[[[7.91549605e-06 1.32883117e-02 1.57639080e+01]
  [2.86138135e-06 1.35017761e-02 1.44170967e+01]
  [3.88655798e-07 1.11772934e-02 2.13179710e+01]
  [3.33616145e-06 1.35320780e-02 1.41237205e+01]]

 [[3.89226470e-07 1.11779526e-02 2.19950615e+01]
  [3.19456335e-06 1.35541059e-02 1.40076590e+01]
  [3.25083608e-06 1.35494759e-02 1.41914956e+01]
  [2.77255087e-06 1.26047661e-02 1.74318721e+01]]

 [[3.00722992e-06 1.32019422e-02 1.58382321e+01]
  [5.09894297e-05 2.06765599e+00 2.11459626e+01]
  [3.24164372e-06 1.36015807e-02 1.42012416e+01]
  [3.48139123e-06 1.35465925e-02 1.40709768e+01]]

 [[3.47979896e-06 1.18527052e-02 1.97437800e+01]
  [5.64461453e-06 1.33971758e-02 1.59873892e+01]
  [3.44799051e-06 1.35243622e-02 1.40605256e+01]
  [2.94376939e-06 1.34262777e-02 1.42122612e+01]]]

Max Activate Table:
[[[4.19597152e-06 1.45212191e-02 1.43518393e+01 1.04104412e-03
   5.56249579e-02 3.64328965e-04 3.64328965e-04]
  [4.32398409e-06 1.48802241e-02 1.43810537e+01 1.07151014e-03
   2.51314496e-02 3.63613709e-04 3.63613709e-04]
  [4.52276400e-06 1.44936757e-02 1.43027713e+01 1.00412528e-03
   4.23466202e-02 3.64896354e-04 3.64896354e-04]
  [5.10804944e-06 1.46792747e-02 1.42771073e+01 1.06214625e-03
   3.09937060e-02 3.64352274e-04 3.64352274e-04]
  [9.33377287e-06 1.51900802e-02 1.43010096e+01 1.05516327e-03
   2.99584610e-02 3.63506054e-04 3.63506054e-04]
  [3.96557473e-06 1.45336946e-02 1.44174622e+01 1.05201136e-03
   3.43419236e-02 3.63649872e-04 3.63649872e-04]
  [4.75092953e-06 1.48975223e-02 1.42964895e+01 1.08626282e-03
   2.39709218e-02 3.64133348e-04 3.64133348e-04]
  [4.73141326e-06 1.45787611e-02 1.45693177e+01 1.05571459e-03
   3.58777967e-02 3.63720398e-04 3.63720398e-04]]

 [[4.74075694e-06 1.49258590e-02 1.40773124e+01 1.03696287e-03
   2.41502357e-02 3.63332771e-04 3.63332771e-04]
  [1.05166706e-05 1.47860506e-02 1.43817764e+01 1.06112916e-03
   2.17466787e-02 3.64191798e-04 3.64191798e-04]
  [4.49917058e-06 1.48149829e-02 1.41767586e+01 1.05959388e-03
   3.01148133e-02 3.63550890e-04 3.63550890e-04]
  [4.59778401e-06 1.46513873e-02 1.50349914e+01 1.04968277e-03
   4.87696866e-02 3.66033019e-04 3.66033019e-04]
  [5.64277672e-06 1.46257476e-02 1.43812528e+01 1.01677270e-03
   9.41822789e-02 3.64770975e-04 3.64770975e-04]
  [4.11530467e-06 1.46660583e-02 1.42744576e+01 1.06884285e-03
   7.82369218e-02 3.64469744e-04 3.64469744e-04]
  [5.13513914e-06 1.46826588e-02 1.42176755e+01 1.05604152e-03
   4.46501948e-02 3.64215657e-04 3.64215657e-04]
  [6.74043216e-06 1.47138011e-02 1.45295565e+01 1.02061528e-03
   2.72368186e-01 3.63816858e-04 3.63816858e-04]]

 [[4.64817433e-06 1.45005471e-02 1.42361999e+01 1.03337887e-03
   5.31494888e-02 3.64458104e-04 3.64458104e-04]
  [5.40668103e-06 1.46190234e-02 1.41349211e+01 1.04915285e-03
   9.43120025e-02 3.64758909e-04 3.64758909e-04]
  [5.10473523e-06 1.45391766e-02 1.41448569e+01 1.08199946e-03
   5.35447300e-02 3.63786421e-04 3.63786421e-04]
  [3.90032018e-07 1.11759138e-02 2.19981949e+01 1.14447662e-03
   4.64303200e-04 3.62426541e-04 3.62426541e-04]
  [5.48069091e-06 1.47070617e-02 1.41297874e+01 1.05414918e-03
   5.80269504e-02 3.64302383e-04 3.64302383e-04]
  [4.28980321e-06 1.44747525e-02 1.44004718e+01 1.05598731e-03
   3.73113524e-02 3.64039320e-04 3.64039320e-04]
  [3.76358389e-06 1.45328031e-02 1.43713435e+01 1.00739346e-03
   4.57101534e-02 3.64942211e-04 3.64942211e-04]
  [4.29259428e-06 1.45128944e-02 1.41053698e+01 9.91773983e-04
   1.73309186e-01 3.64113715e-04 3.64113715e-04]]

 [[4.66656411e-06 1.46073983e-02 1.43980014e+01 1.02092229e-03
   4.23233412e-02 3.64165097e-04 3.64165097e-04]
  [5.97826566e-06 1.47689559e-02 1.39946663e+01 1.08030746e-03
   2.23100681e-02 3.64678305e-04 3.64678305e-04]
  [5.27289565e-06 1.46942692e-02 1.44034003e+01 1.03739531e-03
   1.10784426e-01 3.64345267e-04 3.64345267e-04]
  [5.13220570e-06 1.47182766e-02 1.41512842e+01 1.06025075e-03
   2.11619094e-02 3.64553666e-04 3.64553666e-04]
  [4.43544791e-06 1.46729761e-02 1.42937932e+01 1.05108445e-03
   6.62281422e-02 3.64715885e-04 3.64715885e-04]
  [3.89445171e-07 1.11752955e-02 2.13210415e+01 1.11051520e-03
   4.87022208e-04 3.61981161e-04 3.81903776e-04]
  [5.18854578e-06 1.46091278e-02 1.43186226e+01 1.04563306e-03
   3.37319749e-02 3.65113843e-04 3.65113843e-04]
  [4.83617125e-06 1.47190544e-02 1.44519803e+01 1.06086718e-03
   2.12360387e-02 3.64094340e-04 3.64094340e-04]]

 [[3.61088845e-06 1.44986090e-02 1.41279118e+01 1.04358565e-03
   5.08250464e-02 3.64280806e-04 3.64280806e-04]
  [5.21439380e-06 1.47636292e-02 1.41729663e+01 1.04756883e-03
   5.88500961e-02 3.64475846e-04 3.64475846e-04]
  [6.19693747e-06 1.46586071e-02 1.42664817e+01 1.03638475e-03
   7.94983480e-02 3.63811764e-04 3.63811764e-04]
  [4.80144661e-06 1.45638125e-02 1.43556062e+01 1.04888096e-03
   3.92954601e-02 3.64212433e-04 3.64212433e-04]
  [1.89329018e-06 1.37663800e-02 1.57969989e+01 1.06032025e-03
   1.95179873e-02 3.63461412e-04 3.63461412e-04]
  [4.63542788e-06 1.46779961e-02 1.42366958e+01 1.04259569e-03
   3.52258263e-02 3.64386485e-04 3.64386485e-04]
  [3.82896507e-06 1.48652816e-02 1.41390420e+01 1.06616855e-03
   3.56086242e-02 3.63304878e-04 3.63304878e-04]
  [6.12535237e-06 1.45680778e-02 1.42074979e+01 1.05720301e-03
   4.86556083e-02 3.64369514e-04 3.64369514e-04]]

 [[3.73148282e-06 1.48300401e-02 1.40666435e+01 1.05843787e-03
   2.78974025e-02 3.63083200e-04 3.63083200e-04]
  [4.09716197e-06 1.48165882e-02 1.41600320e+01 1.05971730e-03
   2.40334395e-02 3.64161514e-04 3.64161514e-04]
  [5.09902032e-05 2.06765403e+00 2.11489715e+01 1.10299470e-03
   2.50441176e-01 3.63691417e-04 3.63691417e-04]
  [5.05276175e-06 1.46691586e-02 1.40227569e+01 1.04557360e-03
   3.79566179e-02 3.63991358e-04 3.63991358e-04]
  [5.91101101e-06 1.46359935e-02 1.41828445e+01 1.03751137e-03
   5.38273104e-02 3.64735965e-04 3.64735965e-04]
  [3.91055934e-06 1.45247461e-02 1.42040451e+01 1.07310328e-03
   5.01359832e-02 3.63487544e-04 3.63487544e-04]
  [4.36595923e-06 1.47427863e-02 1.42388863e+01 1.06689909e-03
   2.47297438e-02 3.63915928e-04 3.63915928e-04]
  [4.11759971e-06 1.46530257e-02 1.42317440e+01 1.05226691e-03
   8.21939415e-02 3.63853316e-04 3.63853316e-04]]

 [[4.15825954e-06 1.46072381e-02 1.42259234e+01 1.01087519e-03
   3.68682896e-02 3.64553764e-04 3.64553764e-04]
  [3.53747320e-06 1.50802962e-02 1.42384934e+01 1.06574550e-03
   2.12735911e-02 3.63744791e-04 3.63744791e-04]
  [5.79002018e-06 1.46366772e-02 1.40363796e+01 1.03907363e-03
   2.28472419e-02 3.64865539e-04 3.64865539e-04]
  [4.66508361e-06 1.44186798e-02 1.44783899e+01 1.06987136e-03
   5.38958574e-02 3.64563960e-04 3.64563960e-04]
  [4.60582796e-06 1.44984411e-02 1.42355150e+01 1.06107118e-03
   3.10156591e-02 3.64847609e-04 3.64847609e-04]
  [4.41737686e-06 1.47241139e-02 1.41401424e+01 1.05941310e-03
   2.80239912e-02 3.64894757e-04 3.64894757e-04]
  [2.76159046e-06 1.30550185e-02 1.87954594e+01 1.13578555e-03
   2.77452818e-02 3.63018600e-04 3.63018600e-04]
  [4.75762791e-06 1.46557112e-02 1.42540193e+01 1.05750400e-03
   4.50447680e-02 3.64659992e-04 3.64659992e-04]]

 [[4.08592103e-06 1.44301638e-02 1.45098509e+01 1.04692790e-03
   5.26338785e-02 3.64310306e-04 3.64310306e-04]
  [4.31332960e-06 1.46283494e-02 1.47186002e+01 1.04291470e-03
   3.84281428e-02 3.65002074e-04 3.65002074e-04]
  [4.32308525e-06 1.44817969e-02 1.41501569e+01 1.05427621e-03
   3.33934534e-02 3.64406712e-04 3.64406712e-04]
  [4.26065421e-06 1.45473507e-02 1.44603276e+01 1.03902198e-03
   1.59490516e-01 3.63788977e-04 3.63788977e-04]
  [5.30071937e-06 1.48070607e-02 1.41785073e+01 1.05399957e-03
   2.33947417e-02 3.64258362e-04 3.64258362e-04]
  [3.84534556e-06 1.46094536e-02 1.42220606e+01 1.05902236e-03
   4.69804264e-02 3.63557945e-04 3.63557945e-04]
  [4.45624927e-06 1.46108392e-02 1.50591424e+01 1.05326035e-03
   2.86098197e-02 3.64015140e-04 3.64015140e-04]
  [5.14215274e-06 1.44646236e-02 1.43163330e+01 1.04939152e-03
   5.19198357e-02 3.64064613e-04 3.64064613e-04]]]

Cumulative Reward: 6747.4674634867015
