Scheduler Table:
[[[1.20152929e-05 2.86823160e-02 2.85528720e+01 1.76409251e-03
   3.69845729e-02 6.85536009e-04 6.85536009e-04]
  [7.60904785e-07 2.25718547e-02 4.35795116e+01 2.81428957e-03
   1.07715446e-03 6.76384447e-04 7.43985783e-04]
  [2.02337048e-06 2.45571723e-02 2.95080952e+01 2.27722675e-03
   8.11483501e-03 6.79016559e-04 6.79016559e-04]]

 [[7.60952581e-07 2.26189976e-02 4.38514868e+01 2.89306972e-03
   8.42764464e-04 6.76651353e-04 6.76651353e-04]
  [9.53444948e-06 2.87088653e-02 2.87296869e+01 1.66303671e-03
   3.69245350e-02 6.86934670e-04 6.86934670e-04]
  [9.55258848e-06 2.86713019e-02 2.86864528e+01 1.70649097e-03
   3.38530299e-02 6.86289412e-04 6.86289412e-04]]

 [[2.33495849e-06 2.47239159e-02 2.95318838e+01 2.37376325e-03
   1.05420166e-02 6.78924597e-04 6.78924597e-04]
  [1.04679379e-05 2.87319445e-02 2.86013087e+01 1.73410885e-03
   3.71627571e-02 6.87157090e-04 6.87157090e-04]
  [9.81357590e-06 2.86479028e-02 2.86224197e+01 1.71993058e-03
   3.27607488e-02 6.86325610e-04 6.86325610e-04]]]

Buffer Table:
[[[5.62730063e-06 2.80936384e-02 2.85174296e+01 1.61778428e-03
   1.45660979e-01 6.86352774e-04 6.86352774e-04]
  [7.81347244e-07 2.25812652e-02 4.34215936e+01 2.70341937e-03
   1.11273478e-03 6.76759476e-04 7.44360812e-04]
  [8.22668266e-06 2.82128858e-02 2.85519249e+01 1.68528885e-03
   6.10911311e-02 6.86253181e-04 6.86253181e-04]]

 [[8.89733894e-06 2.81358660e-02 2.84358883e+01 1.67657910e-03
   8.17559958e-02 6.85826581e-04 6.85826581e-04]
  [6.45916753e-06 2.72950787e-02 2.85116982e+01 1.87892143e-03
   3.56275211e-02 6.83852153e-04 6.83852153e-04]
  [7.82043130e-07 2.25837004e-02 4.50147027e+01 2.77407543e-03
   8.80950440e-04 6.77043965e-04 6.77043965e-04]]

 [[7.81689347e-07 2.26813240e-02 4.19753692e+01 2.76515892e-03
   8.76476208e-04 6.76978107e-04 6.76978107e-04]
  [6.29999998e-06 2.70783742e-02 2.86744677e+01 1.74435058e-03
   3.83081242e-02 6.85420969e-04 6.85420969e-04]
  [2.77835743e-06 2.50594490e-02 2.86700891e+01 2.08913221e-03
   1.25291308e-02 6.80545179e-04 6.80545179e-04]]]

Arbiter Table:
[[[1.00596771e-05 2.86855304e-02 2.87920490e+01 1.71745497e-03
   4.62189049e-02 6.87184830e-04 6.87184830e-04]
  [9.44974536e-06 2.85748529e-02 2.86145949e+01 1.69225650e-03
   3.29366622e-02 6.85670668e-04 6.85670668e-04]
  [1.62577777e-06 2.43512675e-02 2.96797488e+01 2.20295680e-03
   7.77402347e-03 6.78427654e-04 6.78427654e-04]]

 [[1.03323825e-05 2.87815643e-02 2.88204563e+01 1.80126675e-03
   3.89894105e-02 6.84916085e-04 6.84916085e-04]
  [1.24364694e-05 2.87759713e-02 2.85920388e+01 1.69576676e-03
   3.90620281e-02 6.85861004e-04 6.85861004e-04]
  [7.60904628e-07 2.25718547e-02 4.35795117e+01 2.81428956e-03
   1.07715411e-03 6.76384447e-04 7.43985783e-04]]

 [[1.60357752e-06 2.43857832e-02 2.96598053e+01 2.20263050e-03
   7.60221853e-03 6.78276391e-04 6.78276391e-04]
  [7.60952420e-07 2.26189976e-02 4.38514869e+01 2.89306971e-03
   8.42764103e-04 6.76651353e-04 6.76651353e-04]
  [9.79234236e-06 2.86473122e-02 2.85718759e+01 1.66327167e-03
   5.24103461e-02 6.87516323e-04 6.87516323e-04]]]

Page Table:
[[[7.60296538e-07 2.25680161e-02 4.40410893e+01 2.89080668e-03
   1.06766531e-03 6.76090276e-04 7.43691611e-04]
  [9.77362812e-06 2.90726578e-02 2.98906738e+01 1.88624441e-03
   5.83653057e-02 6.85801110e-04 6.85801110e-04]
  [3.29041048e-06 2.54858119e-02 3.11719755e+01 2.12861655e-03
   1.78932207e-02 6.80839901e-04 6.80839901e-04]
  [2.47424437e-06 2.47632349e-02 3.10745485e+01 2.74758335e-03
   1.23542111e-02 6.76881952e-04 6.76881952e-04]]

 [[1.01587032e-05 2.91257301e-02 3.00696508e+01 1.84349685e-03
   5.01861601e-02 6.86089803e-04 6.86089803e-04]
  [1.31166661e-05 2.90407585e-02 3.01178447e+01 1.86696086e-03
   3.49826534e-02 6.83605628e-04 6.83605628e-04]
  [9.42575292e-06 2.90382989e-02 3.01235860e+01 1.88623111e-03
   3.79541477e-02 6.85516567e-04 6.85516567e-04]
  [9.83283829e-06 2.87163458e-02 3.01175716e+01 1.86732168e-03
   6.00622842e-02 6.85592311e-04 6.85592311e-04]]

 [[2.85335392e-06 2.50938956e-02 3.11849005e+01 2.38500696e-03
   1.49596000e-02 6.79044717e-04 6.79044717e-04]
  [1.10081980e-05 2.91710385e-02 3.01642396e+01 1.91369072e-03
   4.07530997e-02 6.84753618e-04 6.84753618e-04]
  [3.97893463e-05 2.89735843e-02 2.99653814e+01 1.82520122e-03
   4.36306351e-02 6.86156115e-04 6.86156115e-04]
  [8.70091483e-06 2.86106731e-02 3.00629876e+01 1.75883183e-03
   4.59097577e-02 6.86225189e-04 6.86225189e-04]]

 [[7.92509001e-06 2.88857441e-02 3.00141736e+01 1.77159975e-03
   3.13205887e-02 6.85039438e-04 6.85039438e-04]
  [9.16145649e-06 2.88378552e-02 2.99745077e+01 1.90133118e-03
   8.36246269e-02 6.85452489e-04 6.85452489e-04]
  [2.44840496e-06 2.46391174e-02 3.10909759e+01 2.73214657e-03
   1.21791162e-02 6.77022021e-04 6.77022021e-04]
  [5.62609572e-06 2.69821149e-02 3.06014091e+01 2.19245813e-03
   2.71008515e-02 6.81043856e-04 6.81043856e-04]]]

Response Table:
[[[2.67298321e-06 2.50716713e-02 2.83828789e+01]
  [1.01302154e-06 2.28133193e-02 4.35792930e+01]]

 [[1.00623005e-06 2.27609776e-02 4.33145999e+01]
  [3.38122426e-06 2.48088709e-02 3.66001986e+01]]]

Refresh Table:
[[[1.49084899e-06 2.41449424e-02 2.89599202e+01]
  [7.60904599e-07 2.25718546e-02 4.35795115e+01]]

 [[7.60952390e-07 2.26189975e-02 4.38514868e+01]
  [7.84294336e-06 2.82959447e-02 2.74250120e+01]]]

Request Buffer Table:
[[[2.43618704e-05 3.46652677e-02 3.07109499e+01]
  [9.54075826e-06 3.37997345e-02 3.09171214e+01]
  [1.08260560e-05 3.40418652e-02 3.11973979e+01]
  [1.12213081e-05 3.43751528e-02 3.11627720e+01]
  [1.49632205e-05 3.45157486e-02 3.13077165e+01]
  [1.24379797e-05 3.45562222e-02 3.08037255e+01]
  [4.89719038e-06 2.77281589e-02 3.65647184e+01]
  [8.87078153e-06 3.33243276e-02 3.12756510e+01]]

 [[1.15843675e-05 3.46015087e-02 3.09679255e+01]
  [1.00830482e-05 3.41225177e-02 3.07863506e+01]
  [1.03169945e-05 3.45032953e-02 3.10446863e+01]
  [1.06962856e-05 3.48568288e-02 3.10154110e+01]
  [9.13182975e-06 3.19655814e-02 3.10422258e+01]
  [1.02774349e-05 3.39939281e-02 3.09671219e+01]
  [1.25234939e-05 3.35336186e-02 3.10178397e+01]
  [1.24241563e-05 3.41426785e-02 3.07168302e+01]]

 [[1.00584435e-05 3.47903823e-02 3.07707104e+01]
  [9.46518247e-06 3.43252948e-02 3.08750455e+01]
  [1.35388994e-05 3.37939933e-02 3.10461938e+01]
  [1.22736166e-05 3.38677311e-02 3.10043497e+01]
  [1.02611690e-05 3.40466055e-02 3.10619195e+01]
  [4.57487798e-06 2.55250975e-02 3.09033124e+01]
  [1.32208572e-05 3.46548985e-02 3.06197015e+01]
  [1.02633169e-05 3.38766267e-02 3.11111177e+01]]

 [[1.05577389e-05 3.36544571e-02 3.09957150e+01]
  [9.55977557e-06 3.41074309e-02 3.10623870e+01]
  [9.64489429e-06 3.40830883e-02 3.10516001e+01]
  [1.19910341e-05 3.52702690e-02 3.09617161e+01]
  [1.07223110e-05 3.46065968e-02 3.09538391e+01]
  [1.40783670e-05 3.39454145e-02 3.08843841e+01]
  [9.32658628e-06 2.84083280e-02 3.09261225e+01]
  [1.10398549e-05 3.44757774e-02 3.09025491e+01]]

 [[1.07967352e-05 3.44776558e-02 3.08908213e+01]
  [7.36692875e-06 3.00491108e-02 3.09959470e+01]
  [1.34898556e-05 3.46283196e-02 3.09097842e+01]
  [1.17212602e-05 3.40249574e-02 3.11229636e+01]
  [9.54333853e-06 3.34806102e-02 3.24345300e+01]
  [9.77968383e-06 3.20446159e-02 3.10316729e+01]
  [1.06352130e-05 3.22716438e-02 3.10521807e+01]
  [6.90036234e-06 2.84149489e-02 3.13423943e+01]]

 [[1.16463101e-05 3.39018787e-02 3.10742734e+01]
  [1.93504606e-05 3.42777392e-02 3.07698981e+01]
  [3.50741829e-06 2.63894458e-02 3.10616415e+01]
  [1.28050215e-05 3.39638223e-02 3.08416293e+01]
  [2.64281034e-05 3.43653149e-02 3.10921846e+01]
  [1.02304525e-05 3.43736521e-02 3.10266717e+01]
  [8.24592980e-06 3.11976951e-02 3.09447151e+01]
  [7.60954898e-07 2.26189996e-02 4.38514869e+01]]

 [[1.07383565e-05 3.37608554e-02 3.10419523e+01]
  [1.05123631e-05 3.21857989e-02 3.10402321e+01]
  [1.10122554e-05 3.42533049e-02 3.09678507e+01]
  [1.06243651e-05 3.38796776e-02 3.09486312e+01]
  [1.05626696e-05 3.44880225e-02 3.08018444e+01]
  [8.58366730e-06 3.08488972e-02 3.10504226e+01]
  [1.24087185e-05 3.21632339e-02 3.08984978e+01]
  [9.69175927e-06 3.41102125e-02 3.08812892e+01]]

 [[1.07812161e-05 3.45263167e-02 3.10548554e+01]
  [1.69612834e-05 3.45790498e-02 3.11825267e+01]
  [1.00413170e-05 3.47967309e-02 3.12804195e+01]
  [1.11670595e-05 3.36441869e-02 3.10351610e+01]
  [1.13200247e-05 3.46567913e-02 3.11020320e+01]
  [7.60907040e-07 2.25718567e-02 4.35795117e+01]
  [1.27666651e-05 3.37892473e-02 3.12936926e+01]
  [9.98204652e-06 3.45826038e-02 3.10714856e+01]]]

Ref Max Post Table:
[[[8.91532684e-06 2.84606915e-02 3.02097657e+01]
  [9.78013097e-06 2.90990801e-02 2.99985221e+01]
  [4.95873103e-06 2.61487369e-02 3.06002149e+01]
  [2.55646557e-06 2.38167004e-02 4.16677654e+01]]

 [[8.00646815e-06 2.87295897e-02 3.02516987e+01]
  [9.69240783e-06 2.92232532e-02 3.00370135e+01]
  [9.96856669e-06 2.90980392e-02 3.00705508e+01]
  [2.67103716e-06 2.49773937e-02 3.14213056e+01]]

 [[1.34359816e-06 2.33173804e-02 3.93186581e+01]
  [7.93930987e-06 2.87647609e-02 3.02080840e+01]
  [1.09881235e-05 2.92273862e-02 3.00375801e+01]
  [1.02511196e-05 2.90584498e-02 3.00188460e+01]]

 [[2.50838176e-06 2.37375150e-02 4.14542120e+01]
  [1.82610330e-06 2.42677223e-02 3.13888737e+01]
  [2.71799211e-06 2.50689440e-02 3.12715773e+01]
  [1.03613135e-05 2.90543012e-02 2.99941392e+01]]]

Ref Max Pull Table:
[[[2.04102456e-06 2.42453906e-02 3.08635056e+01]
  [7.48624467e-06 2.89798423e-02 2.99563887e+01]
  [9.16939403e-07 2.26954123e-02 4.46475281e+01]
  [1.69134812e-05 2.91409861e-02 3.00895726e+01]]

 [[3.04439940e-06 2.51162279e-02 3.63074831e+01]
  [7.95690633e-06 2.90416222e-02 3.00694629e+01]
  [1.37722521e-05 2.91319392e-02 3.00555119e+01]
  [9.13580334e-07 2.26919307e-02 4.13954320e+01]]

 [[6.92403491e-06 2.75433105e-02 3.25494638e+01]
  [9.15249760e-07 2.27396430e-02 4.22402772e+01]
  [8.02078553e-06 2.89906374e-02 3.00574617e+01]
  [8.54691115e-06 2.92151785e-02 3.00659755e+01]]

 [[9.18644755e-07 2.27432383e-02 4.16349812e+01]
  [8.07270698e-06 2.90244000e-02 3.02596980e+01]
  [7.80364331e-06 2.89767352e-02 3.02671473e+01]
  [1.02568204e-05 2.91862140e-02 3.02525115e+01]]]

Max Activate Table:
[[[1.11706445e-05 3.48027220e-02 3.09343065e+01 1.99297266e-03
   4.81462818e-02 6.84000361e-04 6.84000361e-04]
  [1.04952650e-05 3.45403282e-02 3.12235529e+01 1.99827150e-03
   5.75455747e-02 6.84468583e-04 6.84468583e-04]
  [1.25226305e-05 3.36243522e-02 3.10305453e+01 1.99065461e-03
   1.15131755e-01 6.83245097e-04 6.83245097e-04]
  [1.12902252e-05 3.50764927e-02 3.09137354e+01 2.02827064e-03
   4.37843571e-02 6.84968754e-04 6.84968754e-04]
  [9.72997696e-06 3.42620138e-02 3.09910845e+01 1.93456782e-03
   4.30569060e-02 6.86069707e-04 6.86069707e-04]
  [8.94971281e-06 3.25642680e-02 3.09451973e+01 1.86640872e-03
   3.56144954e-02 6.83993553e-04 6.83993553e-04]
  [1.04962850e-05 3.35322325e-02 3.26556049e+01 2.06803408e-03
   3.55876009e-02 6.83391581e-04 6.83391581e-04]
  [1.28760550e-05 3.40415176e-02 3.12178767e+01 1.94725620e-03
   4.38135594e-02 6.82791235e-04 6.82791235e-04]]

 [[9.82635204e-06 3.51448174e-02 3.07472097e+01 2.01102229e-03
   4.27748964e-02 6.84116397e-04 6.84116397e-04]
  [9.52254663e-06 3.43010391e-02 3.12947152e+01 1.99329062e-03
   3.05682317e-02 6.82965591e-04 6.82965591e-04]
  [1.23668282e-05 3.44698804e-02 3.12922355e+01 2.08059760e-03
   3.40059712e-02 6.85162558e-04 6.85162558e-04]
  [1.01109312e-05 3.36323959e-02 3.21777040e+01 1.95503369e-03
   3.22811106e-02 6.83194854e-04 6.83194854e-04]
  [1.27069552e-05 3.40281842e-02 3.09185222e+01 1.93970601e-03
   1.65962811e-01 6.85072439e-04 6.85072439e-04]
  [1.05781950e-05 3.47777063e-02 3.11943999e+01 1.97932284e-03
   4.34228074e-02 6.84581894e-04 6.84581894e-04]
  [1.29470387e-05 3.43223147e-02 3.11369376e+01 2.14117156e-03
   3.64009693e-02 6.82876893e-04 6.82876893e-04]
  [1.68189008e-05 3.44133893e-02 3.08910711e+01 1.97000353e-03
   5.18216182e-02 6.84595776e-04 6.84595776e-04]]

 [[9.33070165e-06 3.31836701e-02 3.11934644e+01 1.88696913e-03
   3.27785594e-02 6.84711761e-04 6.84711761e-04]
  [1.09115377e-05 3.51760911e-02 3.10650001e+01 2.03705589e-03
   3.99389281e-02 6.83882912e-04 6.83882912e-04]
  [7.07843522e-06 2.82667226e-02 3.10685222e+01 2.71734844e-03
   9.78668370e-03 6.77601937e-04 6.77601937e-04]
  [1.48207384e-05 3.50094039e-02 3.09488044e+01 1.99385529e-03
   3.96473203e-02 6.84399167e-04 6.84399167e-04]
  [7.54505094e-06 2.93034330e-02 3.10532089e+01 2.51080234e-03
   2.14618197e-02 6.79927326e-04 6.79927326e-04]
  [8.93268644e-06 3.08294635e-02 3.11879645e+01 2.44053899e-03
   6.80263724e-02 6.79879155e-04 6.79879155e-04]
  [9.54309208e-06 3.37646212e-02 3.10830950e+01 1.92575353e-03
   4.11247351e-02 6.85765613e-04 6.85765613e-04]
  [9.51363646e-06 3.11790874e-02 3.15819612e+01 2.34052265e-03
   5.11737577e-02 6.81066079e-04 6.81066079e-04]]

 [[1.10323656e-05 3.46725395e-02 3.05329261e+01 1.99357435e-03
   1.11082254e-01 6.84416540e-04 6.84416540e-04]
  [1.13297951e-05 3.45852146e-02 3.06499567e+01 2.00411830e-03
   4.34540196e-02 6.83579442e-04 6.83579442e-04]
  [6.88784701e-06 2.89589053e-02 3.19335956e+01 2.15732851e-03
   3.06052460e-02 6.81537765e-04 6.81537765e-04]
  [9.32047427e-06 3.18975828e-02 3.11252216e+01 2.27402703e-03
   3.48772414e-02 6.82317864e-04 6.82317864e-04]
  [1.07977737e-05 3.44145788e-02 3.12061716e+01 2.00092204e-03
   4.86657751e-02 6.83407996e-04 6.83407996e-04]
  [1.04010852e-05 3.37706429e-02 3.12242048e+01 2.01845386e-03
   3.24616558e-02 6.83333199e-04 6.83333199e-04]
  [1.03139261e-05 3.39873823e-02 3.12433868e+01 1.94638956e-03
   3.79385628e-02 6.83868237e-04 6.83868237e-04]
  [8.83957143e-06 3.30145941e-02 3.11326544e+01 2.11639968e-03
   3.90560502e-02 6.82729376e-04 6.82729376e-04]]

 [[7.36298518e-06 3.06020666e-02 3.09405230e+01 1.88319309e-03
   4.09455815e-02 6.83433564e-04 6.83433564e-04]
  [1.00325752e-05 3.58363076e-02 3.10072562e+01 2.01061586e-03
   4.40415959e-02 6.84200975e-04 6.84200975e-04]
  [3.74405654e-06 2.67335378e-02 3.11698072e+01 2.24158544e-03
   2.06713364e-02 6.80816370e-04 6.80816370e-04]
  [1.14355125e-05 3.50579250e-02 3.08237386e+01 2.08602013e-03
   3.53953583e-02 6.82730894e-04 6.82730894e-04]
  [1.11991869e-05 3.38042542e-02 3.08186430e+01 1.94669134e-03
   3.38990897e-02 6.83418856e-04 6.83418856e-04]
  [9.96974715e-06 3.40186370e-02 3.09637442e+01 1.97329864e-03
   3.34781154e-02 6.83500329e-04 6.83500329e-04]
  [1.12440518e-05 3.42023902e-02 3.09902843e+01 1.95462358e-03
   5.08426898e-02 6.84924559e-04 6.84924559e-04]
  [1.11292269e-05 3.41790501e-02 3.10266532e+01 2.02584069e-03
   3.54403429e-02 6.84115523e-04 6.84115523e-04]]

 [[1.20497561e-05 3.41179773e-02 3.11446829e+01 1.94267061e-03
   3.76653164e-02 6.84614861e-04 6.84614861e-04]
  [1.00662660e-05 3.37371268e-02 3.10250924e+01 1.94403697e-03
   1.07427917e-01 6.83674146e-04 6.83674146e-04]
  [1.82208736e-05 3.53309929e-02 3.08101879e+01 2.04434313e-03
   3.79943061e-02 6.84858412e-04 6.84858412e-04]
  [1.16967513e-05 3.40164022e-02 3.11057415e+01 1.94860810e-03
   3.81212339e-02 6.84522657e-04 6.84522657e-04]
  [7.46500384e-06 3.06972782e-02 3.08998256e+01 1.90515476e-03
   4.15541917e-02 6.83248698e-04 6.83248698e-04]
  [1.16770259e-05 3.44357022e-02 3.10383186e+01 2.08380507e-03
   8.68002520e-02 6.83559952e-04 6.83559952e-04]
  [7.82552756e-07 2.25827478e-02 4.34217988e+01 2.70331831e-03
   1.11641912e-03 6.76760304e-04 7.44361639e-04]
  [2.05276823e-05 3.44154497e-02 3.10479557e+01 1.99777247e-03
   6.86637471e-02 6.83907066e-04 6.83907066e-04]]

 [[1.08580073e-05 3.35189093e-02 3.09003644e+01 1.97866862e-03
   4.86127657e-02 6.84586357e-04 6.84586357e-04]
  [1.58117677e-05 3.43920186e-02 3.09716731e+01 1.96339094e-03
   6.68308968e-02 6.84923158e-04 6.84923158e-04]
  [1.00020449e-05 3.30149098e-02 3.10819894e+01 2.27756535e-03
   4.18326603e-02 6.81977252e-04 6.81977252e-04]
  [4.36330238e-06 2.75475925e-02 3.10481695e+01 2.20020878e-03
   2.16683857e-02 6.81218217e-04 6.81218217e-04]
  [9.77925691e-06 3.37588013e-02 3.10972578e+01 1.93869367e-03
   3.38960921e-02 6.83316621e-04 6.83316621e-04]
  [1.48059185e-05 3.39437903e-02 3.10814414e+01 2.00516082e-03
   3.79644872e-02 6.84457752e-04 6.84457752e-04]
  [2.03172669e-05 3.41012348e-02 3.09166910e+01 1.92302022e-03
   4.71975466e-02 6.84489182e-04 6.84489182e-04]
  [7.83286365e-07 2.25852293e-02 4.50149144e+01 2.77397120e-03
   8.84750073e-04 6.77044819e-04 6.77044819e-04]]

 [[1.01515863e-05 3.33195741e-02 3.10156707e+01 1.96701834e-03
   4.26931160e-02 6.84185480e-04 6.84185480e-04]
  [9.96185328e-06 3.38341593e-02 3.11760224e+01 1.94768611e-03
   4.20211275e-02 6.84180181e-04 6.84180181e-04]
  [9.84799441e-06 3.60240109e-02 3.11722661e+01 2.03230301e-03
   3.83259131e-02 6.82392755e-04 6.82392755e-04]
  [1.00992134e-05 3.10546908e-02 3.12549586e+01 2.06228606e-03
   3.52184699e-02 6.83422709e-04 6.83422709e-04]
  [1.13357646e-05 3.38475545e-02 3.10464188e+01 1.93143284e-03
   3.88995432e-02 6.83691644e-04 6.83691644e-04]
  [7.82913575e-07 2.26828295e-02 4.19755776e+01 2.76505629e-03
   8.80217751e-04 6.76978948e-04 6.76978948e-04]
  [1.13064710e-05 3.39030654e-02 3.10746394e+01 2.01561120e-03
   4.00501572e-02 6.83364969e-04 6.83364969e-04]
  [1.22141787e-05 3.40865898e-02 3.10240168e+01 2.05313995e-03
   3.65324411e-02 6.84870661e-04 6.84870661e-04]]]

Cumulative Reward: 7498.394534250836
