Scheduler Table:
[[[9.87834486e-05 1.24713413e-02 2.20537518e+01 4.99305036e-04
   1.00337677e-03 1.00267043e-03 1.00267043e-03]
  [8.22914856e-05 1.23302113e-02 2.24644369e+01 4.99358599e-04
   1.00302858e-03 1.00244139e-03 1.00244139e-03]
  [9.78282031e-05 1.24629842e-02 2.16956584e+01 4.99307964e-04
   1.00335607e-03 1.00265773e-03 1.00265773e-03]]

 [[8.68458053e-05 1.23638569e-02 2.19906546e+01 4.99343168e-04
   1.00312734e-03 1.00250721e-03 1.00250721e-03]
  [8.00911235e-05 1.23396601e-02 2.20053517e+01 4.99364982e-04
   1.00298575e-03 1.00241395e-03 1.00241395e-03]
  [4.94651680e-05 1.42775699e-01 2.82389336e+01 4.28676980e-04
   1.44511959e-03 1.27992140e-03 1.28184201e-03]]

 [[9.20947510e-05 1.23890692e-02 2.18870867e+01 4.99326105e-04
   1.00323783e-03 1.00258013e-03 1.00258013e-03]
  [3.24617123e-06 1.02640309e-02 2.90394813e+01 4.28131747e-04
   1.45969107e-03 1.27727382e-03 1.29861397e-03]
  [1.04663244e-05 1.08837962e-02 2.21178797e+01 4.51042957e-04
   1.30452382e-03 1.19559544e-03 1.19559544e-03]]]

Buffer Table:
[[[8.91858624e-05 1.23895926e-02 2.20488106e+01 4.99339406e-04
   1.00315506e-03 1.00252393e-03 1.00252393e-03]
  [4.88508735e-05 1.42763930e-01 2.82469994e+01 4.28388093e-04
   1.44692143e-03 1.28107539e-03 1.28299600e-03]
  [9.62487157e-05 1.24534522e-02 2.19073113e+01 4.99314866e-04
   1.00330878e-03 1.00262828e-03 1.00262828e-03]]

 [[2.62863466e-06 1.02522007e-02 2.90475897e+01 4.27841335e-04
   1.46150242e-03 1.27843390e-03 1.29977406e-03]
  [8.66706142e-05 1.23351200e-02 2.29802113e+01 4.99347960e-04
   1.00309689e-03 1.00248707e-03 1.00248707e-03]
  [8.93472262e-05 1.23899434e-02 2.21185288e+01 4.99338088e-04
   1.00315907e-03 1.00252909e-03 1.00252909e-03]]

 [[8.87281390e-05 1.23861977e-02 2.22642934e+01 4.99340204e-04
   1.00314817e-03 1.00252034e-03 1.00252034e-03]
  [8.89492633e-05 1.24081200e-02 2.20529189e+01 4.99339056e-04
   1.00315338e-03 1.00252501e-03 1.00252501e-03]
  [9.07261076e-05 1.23856980e-02 2.18266591e+01 4.99335803e-04
   1.00317777e-03 1.00253926e-03 1.00253926e-03]]]

Arbiter Table:
[[[4.88492746e-05 1.42696139e-01 2.86441417e+01 4.27656336e-04
   1.46231547e-03 1.27502210e-03 1.29614886e-03]
  [8.79489823e-05 1.23906552e-02 2.23066240e+01 4.99320709e-04
   1.00327476e-03 1.00260349e-03 1.00260349e-03]
  [8.08150281e-05 1.23246015e-02 2.20915131e+01 4.99344943e-04
   1.00311462e-03 1.00249958e-03 1.00249958e-03]]

 [[8.57638549e-05 1.23550430e-02 2.21845941e+01 4.99328466e-04
   1.00322382e-03 1.00257026e-03 1.00257026e-03]
  [9.44774333e-05 1.24625423e-02 2.19103154e+01 4.99298066e-04
   1.00342247e-03 1.00270037e-03 1.00270037e-03]
  [9.13350661e-05 1.24152332e-02 2.20679909e+01 4.99307344e-04
   1.00335822e-03 1.00266028e-03 1.00266028e-03]]

 [[7.67063675e-05 1.22403266e-02 2.28206210e+01 4.98648598e-04
   1.00743011e-03 1.00523225e-03 1.00523225e-03]
  [9.14982381e-05 1.24274373e-02 2.17935400e+01 4.99307253e-04
   1.00335955e-03 1.00266075e-03 1.00266075e-03]
  [1.02348591e-05 1.08876029e-02 2.20477573e+01 4.50889235e-04
   1.30542336e-03 1.19614529e-03 1.19614529e-03]]]

Page Table:
[[[1.25796577e-05 1.09614289e-02 2.23472378e+01 4.53136367e-04
   1.29136908e-03 1.18712986e-03 1.18712986e-03]
  [1.15927314e-04 1.32877610e-02 2.23577478e+01 4.96621889e-04
   1.02045426e-03 1.01389842e-03 1.01389842e-03]
  [1.18239461e-04 1.32659087e-02 2.09121746e+01 4.96649167e-04
   1.02027868e-03 1.01378389e-03 1.01378389e-03]
  [5.80495469e-06 1.03362846e-02 2.88632740e+01 4.29641563e-04
   1.45024676e-03 1.27121500e-03 1.29255515e-03]]

 [[1.19272737e-04 1.33052175e-02 2.21744164e+01 4.96569692e-04
   1.02078746e-03 1.01411737e-03 1.01411737e-03]
  [1.14066267e-04 1.32224804e-02 2.21653298e+01 4.96706915e-04
   1.01991133e-03 1.01354176e-03 1.01354176e-03]
  [1.21278158e-04 1.32969611e-02 2.08174710e+01 4.96576378e-04
   1.02074544e-03 1.01408938e-03 1.01408938e-03]
  [1.08996055e-04 1.31954674e-02 2.20638155e+01 4.96796984e-04
   1.01934182e-03 1.01316436e-03 1.01316436e-03]]

 [[1.32166676e-04 1.34517118e-02 2.19062443e+01 4.96292536e-04
   1.02255434e-03 1.01527977e-03 1.01527977e-03]
  [1.13039902e-04 1.32232768e-02 2.20150103e+01 4.96731842e-04
   1.01974905e-03 1.01343696e-03 1.01343696e-03]
  [1.26634453e-04 1.33190317e-02 2.06332050e+01 4.96506378e-04
   1.02119231e-03 1.01438300e-03 1.01438300e-03]
  [1.07761377e-04 1.31966289e-02 2.25468062e+01 4.96795565e-04
   1.01934837e-03 1.01317012e-03 1.01317012e-03]]

 [[5.20105074e-05 1.42847573e-01 2.80636539e+01 4.30178862e-04
   1.43572490e-03 1.27389441e-03 1.27581503e-03]
  [1.08664758e-04 1.31893397e-02 2.23979380e+01 4.96814302e-04
   1.01922949e-03 1.01309158e-03 1.01309158e-03]
  [1.20859555e-04 1.33098782e-02 2.08335895e+01 4.96537472e-04
   1.02099230e-03 1.01425246e-03 1.01425246e-03]
  [9.79951899e-05 1.29051014e-02 2.31186029e+01 4.89990714e-04
   1.06191224e-03 1.04047972e-03 1.04047972e-03]]]

Response Table:
[[[2.37120764e-05 1.20058285e-02 2.20978728e+01]
  [1.97412761e-05 1.18951955e-02 2.30704917e+01]]

 [[2.20732105e-05 1.19844806e-02 2.19634419e+01]
  [4.88484152e-05 1.42696103e-01 2.86432448e+01]]]

Refresh Table:
[[[2.32199143e-05 1.20394259e-02 2.19420875e+01]
  [2.62774212e-06 1.02521903e-02 2.90476677e+01]]

 [[4.88499857e-05 1.42763920e-01 2.82470770e+01]
  [2.44459894e-05 1.19424633e-02 2.20073773e+01]]]

Request Buffer Table:
[[[4.43222836e-05 1.03458914e-01 1.92679143e+01]
  [1.61437121e-05 1.10303425e-01 1.94768480e+01]
  [3.07969506e-05 1.06575861e-01 1.97791431e+01]
  [2.24518538e-04 1.09430482e-01 1.98032511e+01]
  [2.68416844e-05 1.06611626e-01 1.96809219e+01]
  [7.36765779e-05 9.92199599e-02 1.99685332e+01]
  [5.07193277e-05 9.47814769e-02 2.03762787e+01]
  [1.21062183e-05 1.09940239e-01 1.98650709e+01]]

 [[2.67837417e-05 1.05574880e-01 1.94362376e+01]
  [1.64727515e-05 1.09769434e-01 1.94549283e+01]
  [3.15990551e-05 1.10261819e-01 1.94059178e+01]
  [2.90912292e-05 1.08174228e-01 1.98325246e+01]
  [3.36383680e-05 1.08274875e-01 1.97603066e+01]
  [5.62162399e-05 1.04710652e-01 1.99855007e+01]
  [5.49732404e-05 9.41823384e-02 2.05103713e+01]
  [1.60412761e-05 1.08166410e-01 2.00740068e+01]]

 [[1.48000774e-05 1.08867452e-01 1.91124308e+01]
  [2.02569775e-05 1.07390199e-01 1.93684786e+01]
  [5.61946043e-05 1.06256917e-01 1.97568556e+01]
  [2.41056414e-04 1.09447877e-01 1.93214998e+01]
  [3.82135974e-05 1.03383078e-01 2.00369094e+01]
  [4.67114930e-05 1.04405932e-01 1.98685540e+01]
  [4.96040472e-05 9.29827486e-02 2.04675028e+01]
  [1.49067908e-05 1.03350462e-01 1.98322952e+01]]

 [[1.33260451e-05 1.12570872e-01 1.91171559e+01]
  [6.36744864e-04 1.06868215e-01 1.94413058e+01]
  [3.04729501e-05 1.05020131e-01 1.97252173e+01]
  [3.95669003e-05 1.07824509e-01 1.98211325e+01]
  [3.54620347e-05 9.98066593e-02 1.99518796e+01]
  [5.86842885e-05 9.62266187e-02 1.99984023e+01]
  [4.15729690e-05 7.29212641e-02 2.20696055e+01]
  [8.46005704e-05 1.07299490e-01 1.96205754e+01]]

 [[3.45487283e-05 1.02444876e-01 1.92775795e+01]
  [2.59658806e-05 1.07931357e-01 1.96742111e+01]
  [3.16362891e-05 1.04983159e-01 1.99955128e+01]
  [9.70957688e-05 1.01687241e-01 2.00269939e+01]
  [4.27492054e-05 1.00101588e-01 2.00778899e+01]
  [6.84967772e-05 9.33359186e-02 2.05355727e+01]
  [1.25100784e-04 9.70565455e-02 1.96574810e+01]
  [1.20485163e-04 1.07385758e-01 1.99584607e+01]]

 [[3.03725270e-05 1.03200258e-01 1.91865249e+01]
  [3.23434869e-05 1.02096966e-01 1.99456062e+01]
  [4.87726338e-05 9.96261811e-02 2.00679390e+01]
  [1.07243644e-04 9.50193863e-02 2.05228784e+01]
  [2.88782997e-05 1.01070664e-01 1.99595351e+01]
  [5.11797806e-05 9.83573910e-02 2.00422059e+01]
  [2.67087486e-05 9.47286367e-02 1.97953605e+01]
  [2.78727173e-05 1.01469444e-01 2.00605710e+01]]

 [[2.76633851e-05 1.00197908e-01 1.94671959e+01]
  [1.85658220e-05 1.07297863e-01 1.94563669e+01]
  [2.87194196e-05 1.00788425e-01 1.99882472e+01]
  [3.10989646e-04 9.76706245e-02 2.01624153e+01]
  [3.76932459e-05 9.66073195e-02 2.03150562e+01]
  [6.52908875e-05 9.44774751e-02 1.99543994e+01]
  [4.95480807e-05 1.42885160e-01 2.86270723e+01]
  [3.03741499e-05 9.64893458e-02 2.02303026e+01]]

 [[1.36372930e-05 1.09281996e-01 1.92617618e+01]
  [2.33804560e-05 1.12270062e-01 1.94375719e+01]
  [3.97831336e-05 9.74660596e-02 2.02848820e+01]
  [2.53773944e-04 1.07199684e-01 1.95789785e+01]
  [3.37335110e-05 9.97602987e-02 2.00803400e+01]
  [5.87301742e-05 9.87841276e-02 2.01235157e+01]
  [1.83403179e-05 9.92942759e-02 1.96369188e+01]
  [4.30723238e-05 1.04827844e-01 2.00010694e+01]]]

Ref Max Post Table:
[[[9.48176779e-05 1.32344698e-02 2.20838971e+01]
  [5.12325423e-05 1.42838354e-01 2.81213210e+01]
  [9.46158169e-05 1.32209350e-02 2.20555956e+01]
  [9.13472889e-05 1.31308501e-02 2.26544679e+01]]

 [[5.02287333e-06 1.03270169e-02 2.89212480e+01]
  [9.11166580e-05 1.31859089e-02 2.18280061e+01]
  [8.98189820e-05 1.31454131e-02 2.17399226e+01]
  [9.59613484e-05 1.32082858e-02 2.19110676e+01]]

 [[9.82800838e-05 1.32748181e-02 2.20249872e+01]
  [8.36199353e-05 1.29385934e-02 2.27933873e+01]
  [8.77101651e-05 1.31089141e-02 2.19593589e+01]
  [9.47370591e-05 1.32322604e-02 2.18471614e+01]]

 [[7.51455227e-05 1.26042068e-02 2.40611772e+01]
  [9.42329591e-05 1.32070521e-02 2.17654009e+01]
  [9.55891635e-05 1.32507001e-02 2.19068522e+01]
  [1.15885934e-05 1.09676554e-02 2.21460918e+01]]]

Ref Max Pull Table:
[[[1.01227661e-04 1.32089525e-02 2.20345652e+01]
  [2.62842789e-06 1.02522030e-02 2.90476263e+01]
  [9.88998307e-05 1.31620128e-02 2.21579794e+01]
  [1.07649691e-04 1.32791730e-02 2.23142611e+01]]

 [[4.88506678e-05 1.42763933e-01 2.82470359e+01]
  [9.74277975e-05 1.30940382e-02 2.29338072e+01]
  [1.00611971e-04 1.32030704e-02 2.18427562e+01]
  [1.12704887e-04 1.33666523e-02 2.16241701e+01]]

 [[1.01703565e-04 1.32164398e-02 2.17960429e+01]
  [9.25524522e-05 1.30437433e-02 2.29560520e+01]
  [9.94189233e-05 1.31770375e-02 2.19591552e+01]
  [1.04056327e-04 1.32223745e-02 2.15996120e+01]]

 [[1.03977270e-04 1.32503173e-02 2.19362131e+01]
  [1.06327002e-04 1.32595249e-02 2.18033828e+01]
  [1.02187164e-04 1.31991287e-02 2.21697693e+01]
  [1.05178442e-04 1.32233861e-02 2.18983399e+01]]]

Max Activate Table:
[[[1.00364098e-05 1.18830130e-01 1.90838909e+01 4.35882363e-04
   1.02974554e-03 9.88778721e-04 9.88778721e-04]
  [2.23324973e-05 1.07032751e-01 1.91136562e+01 4.42952705e-04
   1.02652214e-03 9.90113929e-04 9.90113929e-04]
  [3.02375990e-05 1.07626052e-01 1.95715459e+01 4.42531000e-04
   1.02715531e-03 9.90360663e-04 9.90360663e-04]
  [1.86210188e-05 1.20261412e-01 1.94221693e+01 4.34936402e-04
   1.03052317e-03 9.88853900e-04 9.88853900e-04]
  [4.39272807e-05 1.04652445e-01 1.99997292e+01 4.44377116e-04
   1.02579757e-03 9.90330190e-04 9.90330190e-04]
  [7.94774576e-04 1.03173650e-01 1.97463798e+01 4.45223991e-04
   1.02589641e-03 9.90848820e-04 9.90848820e-04]
  [3.55673003e-05 9.94326153e-02 1.99689174e+01 4.47350492e-04
   1.02559205e-03 9.91745863e-04 9.91745863e-04]
  [4.07867722e-05 9.66664770e-02 2.03255772e+01 4.49096753e-04
   1.02416842e-03 9.91608906e-04 9.91608906e-04]]

 [[1.16011906e-04 1.18301240e-01 1.91652802e+01 4.36179938e-04
   1.02963254e-03 9.88847785e-04 9.88847785e-04]
  [3.79465248e-05 1.08378250e-01 1.92136797e+01 4.42182702e-04
   1.02646087e-03 9.89665001e-04 9.89665001e-04]
  [4.77401381e-05 1.10468446e-01 1.95132668e+01 4.40856282e-04
   1.02765574e-03 9.89848429e-04 9.89848429e-04]
  [2.22420158e-05 1.10612461e-01 1.96733855e+01 4.40838995e-04
   1.02742250e-03 9.89666890e-04 9.89666890e-04]
  [1.06971125e-05 1.21187007e-01 1.94949184e+01 4.34458785e-04
   1.03059641e-03 9.88655811e-04 9.88655811e-04]
  [5.41872360e-05 9.46336893e-02 2.03003559e+01 4.50314235e-04
   1.02359944e-03 9.91829932e-04 9.91829932e-04]
  [4.11438925e-05 9.61640118e-02 2.00639320e+01 4.49415567e-04
   1.02399641e-03 9.91650573e-04 9.91650573e-04]
  [4.04868340e-05 9.75188884e-02 2.01258319e+01 4.48577834e-04
   1.02442686e-03 9.91525896e-04 9.91525896e-04]]

 [[1.19247705e-04 1.03218328e-01 1.93973196e+01 4.45139803e-04
   1.02613072e-03 9.90980256e-04 9.90980256e-04]
  [3.12364080e-05 1.09033058e-01 1.95390592e+01 4.41750543e-04
   1.02701810e-03 9.89849074e-04 9.89849074e-04]
  [3.89193811e-05 1.07698338e-01 1.93440345e+01 4.42453581e-04
   1.02740938e-03 9.90509993e-04 9.90509993e-04]
  [4.05317406e-05 1.13590530e-01 1.92745947e+01 4.38970293e-04
   1.02861146e-03 9.89565339e-04 9.89565339e-04]
  [1.89132605e-05 1.05276025e-01 1.99324297e+01 4.44001327e-04
   1.02617319e-03 9.90408612e-04 9.90408612e-04]
  [6.77698427e-05 9.40248614e-02 2.05981560e+01 4.50636809e-04
   1.02361328e-03 9.92010810e-04 9.92010810e-04]
  [4.39965540e-05 9.50284292e-02 2.02364281e+01 4.50093209e-04
   1.02367536e-03 9.91772135e-04 9.91772135e-04]
  [3.21964288e-05 1.05106677e-01 1.98579979e+01 4.44003412e-04
   1.02675805e-03 9.90842774e-04 9.90842774e-04]]

 [[2.47808488e-04 1.09830888e-01 1.92461318e+01 4.41281074e-04
   1.02715645e-03 9.89702472e-04 9.89702472e-04]
  [2.32859689e-05 1.11021160e-01 1.94060472e+01 4.40586695e-04
   1.02746715e-03 9.89569378e-04 9.89569378e-04]
  [3.55156345e-05 1.07358543e-01 1.95611375e+01 4.42625968e-04
   1.02750803e-03 9.90674987e-04 9.90674987e-04]
  [3.83545119e-05 1.03759491e-01 1.99682859e+01 4.44872253e-04
   1.02598460e-03 9.90728428e-04 9.90728428e-04]
  [2.96645704e-05 9.97888236e-02 2.01051982e+01 4.47224697e-04
   1.02498131e-03 9.91227254e-04 9.91227254e-04]
  [6.12405434e-05 9.27065426e-02 2.02113377e+01 4.51483664e-04
   1.02306383e-03 9.92050931e-04 9.92050931e-04]
  [2.13276353e-05 1.05894089e-01 2.01013429e+01 4.43514093e-04
   1.02716313e-03 9.90887072e-04 9.90887072e-04]
  [5.72061584e-05 1.04739438e-01 1.93344036e+01 4.44290079e-04
   1.02617494e-03 9.90565745e-04 9.90565745e-04]]

 [[1.84518042e-04 1.05510659e-01 1.91867311e+01 4.43814339e-04
   1.02637734e-03 9.90462231e-04 9.90462231e-04]
  [3.33864598e-05 1.04859542e-01 1.93922691e+01 4.44238334e-04
   1.02606203e-03 9.90450582e-04 9.90450582e-04]
  [3.06939015e-05 1.03300898e-01 1.98832688e+01 4.45133952e-04
   1.02593087e-03 9.90825609e-04 9.90825609e-04]
  [1.02856469e-04 1.02912263e-01 1.96791815e+01 4.45380804e-04
   1.02573583e-03 9.90813662e-04 9.90813662e-04]
  [3.67226717e-05 9.97029798e-02 1.99170474e+01 4.47320604e-04
   1.02482453e-03 9.91161515e-04 9.91161515e-04]
  [3.60661271e-05 8.37783820e-02 2.09459293e+01 4.56758837e-04
   1.02064127e-03 9.93035725e-04 9.93035725e-04]
  [5.45149940e-05 9.56633552e-02 2.02565037e+01 4.49716749e-04
   1.02386849e-03 9.91716030e-04 9.91716030e-04]
  [2.72161956e-05 9.65601804e-02 2.02625261e+01 4.49166696e-04
   1.02413974e-03 9.91625286e-04 9.91625286e-04]]

 [[1.76018673e-04 1.03284247e-01 1.95951177e+01 4.45144081e-04
   1.02589395e-03 9.90804253e-04 9.90804253e-04]
  [3.46325811e-05 1.02433343e-01 1.96531458e+01 4.45682312e-04
   1.02536871e-03 9.90699338e-04 9.90699338e-04]
  [3.49693958e-05 1.02917729e-01 1.97962223e+01 4.45302365e-04
   1.02606778e-03 9.91019034e-04 9.91019034e-04]
  [4.08004393e-05 9.92249971e-02 1.99526762e+01 4.47565184e-04
   1.02483787e-03 9.91298698e-04 9.91298698e-04]
  [4.67046831e-05 9.24335013e-02 1.99902615e+01 4.51632381e-04
   1.02293097e-03 9.92029713e-04 9.92029713e-04]
  [3.34354580e-05 9.58543180e-02 2.03750720e+01 4.49587797e-04
   1.02393704e-03 9.91697714e-04 9.91697714e-04]
  [4.88500668e-05 1.42764148e-01 2.82470686e+01 4.28387960e-04
   1.44692148e-03 1.28107535e-03 1.28299597e-03]
  [3.48724495e-05 9.54526810e-02 2.00490419e+01 4.49824185e-04
   1.02381968e-03 9.91735849e-04 9.91735849e-04]]

 [[1.53296398e-04 1.04188707e-01 1.97881187e+01 4.44620512e-04
   1.02612759e-03 9.90702605e-04 9.90702605e-04]
  [2.26732202e-05 1.01291782e-01 1.97773820e+01 4.46352941e-04
   1.02522860e-03 9.90948391e-04 9.90948391e-04]
  [3.99254068e-05 1.00292690e-01 1.95336659e+01 4.46927141e-04
   1.02508998e-03 9.91148295e-04 9.91148295e-04]
  [5.20426792e-05 1.02482787e-01 1.96449801e+01 4.45608231e-04
   1.02570794e-03 9.90914397e-04 9.90914397e-04]
  [5.40969468e-05 9.36664385e-02 2.03724912e+01 4.50896391e-04
   1.02327813e-03 9.91899625e-04 9.91899625e-04]
  [2.62782370e-06 1.02524194e-02 2.90476592e+01 4.27841202e-04
   1.46150247e-03 1.27843386e-03 1.29977402e-03]
  [3.64472492e-05 9.68420151e-02 1.99598109e+01 4.49004060e-04
   1.02421551e-03 9.91597307e-04 9.91597307e-04]
  [4.49855388e-05 1.01154508e-01 2.01074135e+01 4.46439748e-04
   1.02536128e-03 9.91092515e-04 9.91092515e-04]]

 [[1.21389526e-04 1.04707785e-01 1.92159728e+01 4.44292203e-04
   1.02628465e-03 9.90645326e-04 9.90645326e-04]
  [2.52640175e-05 1.00396913e-01 1.96016505e+01 4.46878318e-04
   1.02503346e-03 9.91080393e-04 9.91080393e-04]
  [4.84577021e-05 1.01685854e-01 1.96526858e+01 4.46082616e-04
   1.02560760e-03 9.91086770e-04 9.91086770e-04]
  [8.30843672e-05 1.04243994e-01 1.96231534e+01 4.44591285e-04
   1.02610098e-03 9.90668164e-04 9.90668164e-04]
  [4.52401584e-05 8.88537020e-02 2.04217372e+01 4.53751354e-04
   1.02200215e-03 9.92457935e-04 9.92457935e-04]
  [3.59389567e-05 1.04290916e-01 1.98848489e+01 4.44535766e-04
   1.02638784e-03 9.90850988e-04 9.90850988e-04]
  [2.67774240e-05 9.91498425e-02 1.98446578e+01 4.47626102e-04
   1.02490323e-03 9.91379957e-04 9.91379957e-04]
  [2.12440036e-05 1.01616752e-01 2.00291892e+01 4.46173042e-04
   1.02543709e-03 9.91007644e-04 9.91007644e-04]]]

Cumulative Reward: 7121.464419877342
