Scheduler Table:
[[[1.62269289e-05 2.52399857e-02 3.57151615e+01 7.60683419e+00
   4.79545808e+00 6.66646647e-04 6.66646647e-04]
  [1.30713730e-05 2.45345396e-02 4.85955022e+01 5.60071097e+00
   3.59200849e+00 6.66646912e-04 6.66646912e-04]
  [1.15205028e-05 2.52382505e-02 3.61206105e+01 7.29678962e+00
   5.00743719e+00 6.66646536e-04 6.66646536e-04]]

 [[1.46942167e-05 2.51028642e-02 3.54961438e+01 7.30413779e+00
   4.65367877e+00 6.66646600e-04 6.66646600e-04]
  [4.41333608e-04 9.14560163e-01 9.51489224e+01 9.88647895e-04
   7.69229148e-04 7.05035251e-04 7.29359294e-04]
  [1.04429836e-05 2.51979325e-02 3.62577137e+01 7.55702644e+00
   4.83111583e+00 6.66646717e-04 6.66646717e-04]]

 [[2.37270430e-05 2.52247842e-02 3.62891132e+01 7.79260232e+00
   4.66830657e+00 6.66646699e-04 6.66646699e-04]
  [1.62936297e-05 2.51573541e-02 3.73401804e+01 8.14136596e+00
   4.42651410e+00 6.66646624e-04 6.66646624e-04]
  [7.75898938e-06 2.45175167e-02 4.02210405e+01 4.94710895e+00
   6.64354689e+00 6.66646089e-04 6.66646089e-04]]]

Buffer Table:
[[[1.18311122e-05 2.52028429e-02 3.64612245e+01 7.55638119e+00
   4.77759715e+00 6.66646885e-04 6.66646885e-04]
  [1.82106947e-05 2.52385851e-02 3.81157424e+01 7.31049348e+00
   4.59662845e+00 6.66647069e-04 6.66647069e-04]
  [5.95771371e-06 2.24153640e-02 6.45962722e+01 2.67669162e-01
   6.74837023e+00 6.66644539e-04 6.66644539e-04]]

 [[1.46861913e-05 2.52259993e-02 3.62015700e+01 7.62731107e+00
   4.72634398e+00 6.66647034e-04 6.66647034e-04]
  [1.69485433e-05 2.52259857e-02 3.59858061e+01 7.47660213e+00
   4.83076614e+00 6.66647167e-04 6.66647167e-04]
  [1.60301324e-05 2.37785457e-02 6.02851507e+01 4.26425083e+00
   3.20497648e+00 6.66645939e-04 6.66645939e-04]]

 [[8.23030892e-06 2.29050712e-02 5.01090294e+01 3.50629341e-01
   8.85925101e+00 6.66644523e-04 6.66644523e-04]
  [2.67095145e-05 2.45891136e-02 5.26165862e+01 5.26970782e+00
   3.83355985e+00 6.66646282e-04 6.66646282e-04]
  [4.42653369e-04 9.15084603e-01 8.89172001e+01 6.89388350e-01
   5.39102024e-01 7.05035493e-04 7.29359537e-04]]]

Arbiter Table:
[[[4.41333608e-04 9.14560163e-01 9.51489224e+01 9.88647895e-04
   7.69229148e-04 7.05035251e-04 7.29359294e-04]
  [1.73373099e-05 2.52365501e-02 3.61478787e+01 7.75865171e+00
   4.62686308e+00 6.66645663e-04 6.66645663e-04]
  [1.31806756e-05 2.50792669e-02 3.94351660e+01 7.06237823e+00
   4.42167263e+00 6.66645557e-04 6.66645557e-04]]

 [[9.40785246e-06 2.42680880e-02 4.93024408e+01 4.87082808e+00
   3.12177255e+00 6.66646811e-04 6.66646811e-04]
  [1.38425796e-05 2.52177180e-02 3.73541942e+01 7.20789709e+00
   5.00807457e+00 6.66645572e-04 6.66645572e-04]
  [1.45700325e-05 2.52481903e-02 3.54954119e+01 7.09786283e+00
   5.08365881e+00 6.66645548e-04 6.66645548e-04]]

 [[1.16696686e-05 2.51721941e-02 3.54554980e+01 7.34064813e+00
   4.91578617e+00 6.66645564e-04 6.66645564e-04]
  [1.08409655e-05 2.48719931e-02 4.83837020e+01 5.87794893e+00
   3.76065371e+00 6.66645360e-04 6.66645360e-04]
  [1.55155472e-05 2.52751629e-02 3.60810507e+01 7.54796500e+00
   4.77198515e+00 6.66645605e-04 6.66645605e-04]]]

Page Table:
[[[8.95772394e-06 2.55319835e-02 3.72933125e+01 7.18768056e+00
   3.22391689e+00 6.66645785e-04 6.66645785e-04]
  [6.53922836e-06 2.54914369e-02 3.75989447e+01 7.37851483e+00
   3.12013548e+00 6.66645911e-04 6.66645911e-04]
  [1.19675093e-05 2.55125981e-02 3.68918834e+01 7.30866060e+00
   3.13448988e+00 6.66645704e-04 6.66645704e-04]
  [1.09088373e-05 2.56084927e-02 3.66632634e+01 7.08629321e+00
   3.29839322e+00 6.66645777e-04 6.66645777e-04]]

 [[1.07921456e-05 2.55987743e-02 3.69968649e+01 7.39623050e+00
   3.05016052e+00 6.66645717e-04 6.66645717e-04]
  [9.58896533e-06 2.55856583e-02 3.80015255e+01 7.69701103e+00
   2.87401374e+00 6.66645735e-04 6.66645735e-04]
  [1.81099950e-05 2.55085820e-02 3.69145043e+01 7.19616259e+00
   3.23432862e+00 6.66645857e-04 6.66645857e-04]
  [2.88683700e-05 2.55824438e-02 3.79946362e+01 7.03675322e+00
   3.41203464e+00 6.66645801e-04 6.66645801e-04]]

 [[1.35324253e-05 2.56078668e-02 3.67202526e+01 6.95320047e+00
   3.42479711e+00 6.66645778e-04 6.66645778e-04]
  [7.91747675e-06 2.55410373e-02 3.62717567e+01 7.11454265e+00
   3.35263181e+00 6.66645858e-04 6.66645858e-04]
  [1.10874562e-05 2.55809983e-02 3.67980540e+01 6.98721633e+00
   3.43476599e+00 6.66645706e-04 6.66645706e-04]
  [7.47128204e-06 2.49358095e-02 3.98591254e+01 5.46724359e+00
   4.86332439e+00 6.66645562e-04 6.66645562e-04]]

 [[1.00320775e-05 2.55982565e-02 3.84732851e+01 7.28075708e+00
   3.08396933e+00 6.66645815e-04 6.66645815e-04]
  [1.71686147e-05 2.55720493e-02 3.79225426e+01 6.81232971e+00
   3.61813458e+00 6.66645848e-04 6.66645848e-04]
  [1.09335435e-05 2.54548065e-02 3.69828100e+01 7.04997085e+00
   3.36107890e+00 6.66645839e-04 6.66645839e-04]
  [4.41333608e-04 9.14560163e-01 9.51489224e+01 9.88647895e-04
   7.69229148e-04 7.05035251e-04 7.29359294e-04]]]

Response Table:
[[[1.93200251e-05 2.50302009e-02 3.32719005e+01]
  [6.62627147e-07 2.04538946e-02 9.46281859e+01]]

 [[4.41334265e-04 9.14568867e-01 9.56198282e+01]
  [2.05839573e-05 2.50084538e-02 3.24291120e+01]]]

Refresh Table:
[[[4.41333608e-04 9.14560163e-01 9.51489224e+01]
  [1.21449224e-05 2.48594834e-02 3.51512745e+01]]

 [[9.36690260e-06 2.42418488e-02 4.05437388e+01]
  [1.33699119e-05 2.49671477e-02 3.25409281e+01]]]

Request Buffer Table:
[[[5.38808370e-06 3.00220926e-02 3.65478262e+01]
  [1.24708889e-05 3.00287869e-02 3.74634774e+01]
  [6.98052089e-06 3.00838016e-02 3.69315189e+01]
  [5.92429981e-06 3.05578696e-02 3.67573507e+01]
  [6.34283291e-06 2.97542302e-02 3.71671391e+01]
  [2.66262439e-05 3.01991778e-02 3.77016518e+01]
  [5.19480366e-06 3.03654917e-02 3.53792356e+01]
  [5.97163939e-06 3.03896945e-02 3.58562312e+01]]

 [[5.43940024e-06 3.00932544e-02 3.66699197e+01]
  [1.20579362e-05 2.96215567e-02 3.65375288e+01]
  [7.75780091e-06 2.97431171e-02 3.64414731e+01]
  [6.27303164e-06 2.98899669e-02 3.80745139e+01]
  [9.18734461e-06 2.97177572e-02 3.69860359e+01]
  [8.53158413e-06 2.96808383e-02 3.72818243e+01]
  [4.41359677e-04 9.14597037e-01 9.68834915e+01]
  [5.82649380e-06 3.01254846e-02 3.73897774e+01]]

 [[6.44406546e-06 2.95570286e-02 3.71491284e+01]
  [1.18700081e-05 2.97347945e-02 3.64139935e+01]
  [5.89466822e-06 3.01154492e-02 3.62000998e+01]
  [5.36867806e-06 2.98301684e-02 3.58309573e+01]
  [1.97596529e-05 2.95208536e-02 3.71029254e+01]
  [6.05585702e-06 2.98367950e-02 3.66184855e+01]
  [6.60738357e-06 2.97390423e-02 3.95134914e+01]
  [6.13080639e-06 3.12457971e-02 3.74641577e+01]]

 [[1.10532895e-05 2.97563902e-02 3.63651644e+01]
  [5.62755977e-06 3.11778343e-02 3.57842441e+01]
  [7.53465637e-06 2.96708325e-02 3.68382275e+01]
  [1.15714259e-05 3.05418116e-02 3.59002758e+01]
  [8.70375322e-06 2.99463528e-02 3.68991619e+01]
  [1.14379734e-05 2.99472120e-02 3.63075795e+01]
  [7.46896229e-06 2.78005018e-02 5.51730318e+01]
  [6.03404985e-06 2.96300611e-02 3.70540457e+01]]

 [[7.03036622e-06 3.00081776e-02 3.69998304e+01]
  [2.73075401e-05 2.98633316e-02 3.75661008e+01]
  [6.51803733e-06 2.98535734e-02 3.58499343e+01]
  [6.27677942e-06 2.97652788e-02 3.70736759e+01]
  [7.67690074e-06 2.99188801e-02 3.63403083e+01]
  [5.53227436e-06 2.97617094e-02 3.76416525e+01]
  [5.77290836e-06 2.76468438e-02 5.15338178e+01]
  [1.16961631e-05 2.94421479e-02 3.70112436e+01]]

 [[6.30572763e-06 2.98106535e-02 3.56026177e+01]
  [6.88414641e-07 2.04821077e-02 9.44116956e+01]
  [6.28033021e-06 2.99155091e-02 3.59092201e+01]
  [8.28474869e-06 2.97195440e-02 4.20880530e+01]
  [6.84910482e-06 2.93839605e-02 3.92712596e+01]
  [5.64405140e-06 2.96945795e-02 3.66077744e+01]
  [6.63557932e-06 3.02590176e-02 3.70650447e+01]
  [6.23960368e-06 2.94437964e-02 3.58328165e+01]]

 [[5.50992056e-06 3.01263025e-02 3.71403610e+01]
  [5.15735516e-06 3.00888998e-02 3.66813908e+01]
  [6.71114784e-06 2.99498582e-02 3.68079370e+01]
  [8.87878392e-06 2.99428051e-02 3.75645802e+01]
  [6.83770610e-06 2.97460962e-02 3.70790538e+01]
  [6.88839506e-07 2.04830338e-02 9.62117032e+01]
  [6.04634878e-06 2.98514196e-02 3.62102430e+01]
  [6.99943953e-06 2.96714675e-02 3.76123572e+01]]

 [[5.81256432e-06 2.99488180e-02 3.63821256e+01]
  [2.77793727e-05 2.98179355e-02 3.61383125e+01]
  [5.87436985e-06 2.96828312e-02 3.64493241e+01]
  [1.44525799e-05 3.00987039e-02 3.66986870e+01]
  [5.97680867e-06 3.12894035e-02 3.76931601e+01]
  [1.40295983e-05 3.06270385e-02 3.87517572e+01]
  [6.79539014e-06 2.96445720e-02 3.76241922e+01]
  [2.33830178e-05 2.83838747e-02 5.46192134e+01]]]

Ref Max Post Table:
[[[1.00561902e-05 2.55906852e-02 3.81023170e+01]
  [6.62627445e-07 2.04538951e-02 9.46281794e+01]
  [1.81875772e-05 2.53880201e-02 4.07988730e+01]
  [9.71501691e-06 2.30207254e-02 7.42615822e+01]]

 [[4.41334266e-04 9.14568868e-01 9.56198220e+01]
  [1.24690794e-05 2.54796054e-02 3.67763913e+01]
  [1.02443134e-05 2.54443098e-02 3.62206810e+01]
  [1.69030034e-05 2.41956545e-02 5.21361967e+01]]

 [[1.60126234e-05 2.54841459e-02 3.74706170e+01]
  [1.13060116e-05 2.55537066e-02 3.69456958e+01]
  [1.53456842e-05 2.55973941e-02 3.71644276e+01]
  [5.55983945e-06 2.40127869e-02 6.56185602e+01]]

 [[1.22441154e-05 2.55715378e-02 3.75642099e+01]
  [8.46066269e-06 2.33599419e-02 6.62430667e+01]
  [1.15903051e-05 2.55710891e-02 3.65672813e+01]
  [9.24825614e-06 2.55848730e-02 3.72461755e+01]]]

Ref Max Pull Table:
[[[7.30065019e-06 2.46558866e-02 4.59850292e+01]
  [8.02093413e-06 2.46453420e-02 4.84099193e+01]
  [4.41334265e-04 9.14568867e-01 9.56198282e+01]
  [8.11725015e-06 2.55452745e-02 3.77389157e+01]]

 [[1.70900123e-05 2.38864008e-02 4.82428073e+01]
  [1.19092342e-05 2.54338069e-02 3.67480537e+01]
  [1.55645701e-05 2.55511155e-02 3.77878179e+01]
  [4.70787788e-06 2.29011366e-02 7.01602371e+01]]

 [[6.62627147e-07 2.04538946e-02 9.46281859e+01]
  [1.70536225e-05 2.54964097e-02 3.65260915e+01]
  [2.16900736e-05 2.55550487e-02 3.77210456e+01]
  [6.45131671e-06 2.34450308e-02 4.85279623e+01]]

 [[1.83114531e-05 2.55584197e-02 3.74642018e+01]
  [8.43551013e-06 2.54773243e-02 4.11103421e+01]
  [4.66534318e-06 2.28983373e-02 7.48959590e+01]
  [7.60638393e-06 2.56420649e-02 3.88388477e+01]]]

Max Activate Table:
[[[6.68988754e-06 3.03857388e-02 3.51597379e+01 3.52927145e+00
   2.06222762e+00 7.22945292e-04 7.22945292e-04]
  [1.22055026e-05 3.00966188e-02 3.66838534e+01 5.59142934e+00
   1.64049958e+00 7.19749040e-04 7.19749040e-04]
  [7.94343628e-06 2.97263618e-02 3.61472271e+01 4.18537428e+00
   2.57129296e+00 7.16270794e-04 7.16270794e-04]
  [2.50166245e-05 3.08039562e-02 3.86365123e+01 4.56823384e+00
   1.22097754e+00 7.26244473e-04 7.26244473e-04]
  [7.02274171e-06 2.92149785e-02 3.85125714e+01 4.87616624e+00
   2.16547323e+00 7.12050935e-04 7.12050935e-04]
  [5.82315654e-06 2.99371795e-02 3.67941738e+01 5.03169703e+00
   2.21918456e+00 7.16961907e-04 7.16961907e-04]
  [5.94264658e-06 3.00468311e-02 3.70308362e+01 4.92900539e+00
   2.01781158e+00 7.19510607e-04 7.19510607e-04]
  [7.78927588e-06 3.02823291e-02 3.71711631e+01 4.40415319e+00
   1.88727351e+00 7.22139547e-04 7.22139547e-04]]

 [[5.47377757e-06 3.03323045e-02 3.66596441e+01 4.36989720e+00
   1.80508806e+00 7.21259100e-04 7.21259100e-04]
  [6.19074386e-06 3.04818132e-02 3.58988616e+01 3.75184245e+00
   2.11035113e+00 7.23487072e-04 7.23487072e-04]
  [7.40260320e-06 3.01009149e-02 3.69127688e+01 4.80873189e+00
   1.79206963e+00 7.20799542e-04 7.20799542e-04]
  [6.13536099e-06 2.96765444e-02 3.72267437e+01 4.62092362e+00
   2.58417579e+00 7.14442942e-04 7.14442942e-04]
  [5.00496663e-06 3.04923054e-02 3.66163999e+01 4.83086684e+00
   1.49842852e+00 7.22918618e-04 7.22918618e-04]
  [3.42410968e-05 3.01939498e-02 3.72236121e+01 4.64104660e+00
   1.98774064e+00 7.20443479e-04 7.20443479e-04]
  [3.13645903e-06 2.28594164e-02 8.43267566e+01 6.10095668e-01
   4.15564408e-01 6.78206342e-04 6.78206342e-04]
  [5.71406802e-06 3.00335141e-02 3.73267624e+01 5.13799503e+00
   1.83092633e+00 7.19122018e-04 7.19122018e-04]]

 [[7.47071004e-06 2.99182719e-02 3.71354318e+01 5.17929091e+00
   1.93606907e+00 7.17829870e-04 7.17829870e-04]
  [1.14161520e-05 2.70971816e-02 5.54723319e+01 1.77947728e+00
   1.15479872e+00 6.94640898e-04 6.94640898e-04]
  [6.34562682e-06 3.01274294e-02 3.65200367e+01 4.02370672e+00
   2.22222522e+00 7.19959912e-04 7.19959912e-04]
  [1.09106974e-05 3.04305500e-02 3.77228390e+01 4.17027582e+00
   1.63000530e+00 7.24171412e-04 7.24171412e-04]
  [6.19615183e-06 3.01959721e-02 3.68760659e+01 6.21530724e+00
   1.10749130e+00 7.20988093e-04 7.20988093e-04]
  [6.86572252e-06 2.94970608e-02 3.67897560e+01 4.84365954e+00
   2.62077979e+00 7.13401810e-04 7.13401810e-04]
  [6.65918079e-07 2.04604990e-02 9.45863396e+01 4.87887835e-03
   1.93636798e-03 6.67833735e-04 6.93039997e-04]
  [5.16351526e-06 3.00857258e-02 3.80270312e+01 5.26413178e+00
   1.61647399e+00 7.20062262e-04 7.20062262e-04]]

 [[6.52616097e-06 3.05382675e-02 3.68138680e+01 4.18541595e+00
   1.18877052e+00 7.24819684e-04 7.24819684e-04]
  [1.43015398e-05 3.08245081e-02 3.78046181e+01 4.66854021e+00
   1.22276755e+00 7.26494774e-04 7.26494774e-04]
  [5.29284221e-06 3.02053075e-02 3.63604157e+01 4.34559047e+00
   1.94774981e+00 7.21207198e-04 7.21207198e-04]
  [1.65515958e-05 2.99917748e-02 3.58940996e+01 4.56807402e+00
   2.04756183e+00 7.18920637e-04 7.18920637e-04]
  [7.68925489e-06 2.97805280e-02 3.65834543e+01 5.62687048e+00
   1.52461918e+00 7.16653897e-04 7.16653897e-04]
  [5.51919280e-06 2.97070646e-02 3.61273125e+01 4.33190271e+00
   2.65583512e+00 7.15086688e-04 7.15086688e-04]
  [5.77719535e-06 3.01395702e-02 3.68001393e+01 4.81022869e+00
   1.92350246e+00 7.19233904e-04 7.19233904e-04]
  [7.64566796e-06 2.98735798e-02 3.61822496e+01 4.83777535e+00
   2.13666762e+00 7.17115004e-04 7.17115004e-04]]

 [[7.41416109e-06 2.99223987e-02 3.54481933e+01 5.13725855e+00
   2.02034236e+00 7.17602672e-04 7.17602672e-04]
  [7.00210980e-06 2.73484468e-02 5.79415777e+01 2.56583528e+00
   1.45184586e+00 7.01723460e-04 7.01723460e-04]
  [3.41761679e-05 3.03957675e-02 3.56836514e+01 4.95157383e+00
   1.49060192e+00 7.22323279e-04 7.22323279e-04]
  [2.50318935e-05 3.04609853e-02 3.61010714e+01 3.91280106e+00
   1.86643324e+00 7.24304998e-04 7.24304998e-04]
  [5.11627052e-06 3.05676971e-02 3.77776439e+01 4.36954828e+00
   1.51503934e+00 7.23677974e-04 7.23677974e-04]
  [7.40668985e-06 2.96304678e-02 3.66362710e+01 5.00952963e+00
   2.27787183e+00 7.15264463e-04 7.15264463e-04]
  [5.62465580e-06 2.96679070e-02 3.74100932e+01 4.43435602e+00
   2.70989488e+00 7.15104580e-04 7.15104580e-04]
  [6.26428856e-06 2.98763923e-02 3.69426144e+01 5.72408878e+00
   1.75720347e+00 7.16679358e-04 7.16679358e-04]]

 [[6.80727714e-06 2.96084989e-02 3.67188030e+01 4.87556932e+00
   2.56381692e+00 7.14359651e-04 7.14359651e-04]
  [6.15996210e-06 2.94387715e-02 3.69753055e+01 4.54644689e+00
   2.75116752e+00 7.14063128e-04 7.14063128e-04]
  [8.68765730e-06 3.01573179e-02 3.69577021e+01 4.20365072e+00
   1.85091011e+00 7.21180895e-04 7.21180895e-04]
  [5.30292392e-06 3.03872068e-02 3.71461272e+01 4.59682719e+00
   1.87363594e+00 7.22174300e-04 7.22174300e-04]
  [8.66022147e-06 2.98597051e-02 3.73744701e+01 5.50428814e+00
   1.88287214e+00 7.16812231e-04 7.16812231e-04]
  [5.41743288e-06 3.09701582e-02 3.75755469e+01 4.36145688e+00
   1.26917403e+00 7.28735959e-04 7.28735959e-04]
  [5.84187330e-06 2.99830938e-02 3.74689774e+01 5.13810682e+00
   1.95414973e+00 7.18472470e-04 7.18472470e-04]
  [6.86868886e-06 3.00534326e-02 3.62420929e+01 4.31609372e+00
   2.34244130e+00 7.19273219e-04 7.19273219e-04]]

 [[7.55445565e-06 2.93849465e-02 4.01714399e+01 5.43895276e+00
   1.94968263e+00 7.13508289e-04 7.13508289e-04]
  [5.18010573e-06 3.01257731e-02 3.70107815e+01 4.80365263e+00
   2.05343847e+00 7.20081503e-04 7.20081503e-04]
  [4.41337468e-04 9.14575295e-01 9.55791015e+01 4.77267838e-03
   1.97105180e-03 7.04725451e-04 7.21487615e-04]
  [4.85055301e-06 2.99838746e-02 3.84873444e+01 5.26171561e+00
   1.40422467e+00 7.18898813e-04 7.18898813e-04]
  [6.98343595e-06 2.95995466e-02 3.62155638e+01 4.50238330e+00
   2.67417852e+00 7.14414884e-04 7.14414884e-04]
  [5.86424122e-06 2.96660890e-02 3.67283962e+01 4.58740864e+00
   2.53382199e+00 7.16089128e-04 7.16089128e-04]
  [7.34358039e-06 2.97939086e-02 3.69791587e+01 4.50723272e+00
   2.51727402e+00 7.15738175e-04 7.15738175e-04]
  [5.07505936e-06 3.04042931e-02 3.64717478e+01 4.60997342e+00
   1.65957145e+00 7.22184194e-04 7.22184194e-04]]

 [[6.02247187e-06 3.04610502e-02 3.51628613e+01 3.78371954e+00
   1.96639531e+00 7.22731267e-04 7.22731267e-04]
  [6.33757370e-06 3.05297399e-02 3.74492276e+01 4.79801802e+00
   1.65579157e+00 7.23851571e-04 7.23851571e-04]
  [5.20470768e-06 3.06311738e-02 3.60802467e+01 5.04500087e+00
   1.19257933e+00 7.25376768e-04 7.25376768e-04]
  [5.90500800e-06 2.98372314e-02 3.74422362e+01 5.29653562e+00
   2.03835659e+00 7.16804631e-04 7.16804631e-04]
  [1.02840747e-05 3.05717405e-02 3.76257046e+01 3.90253465e+00
   1.89010896e+00 7.25371707e-04 7.25371707e-04]
  [5.13759931e-06 3.05927585e-02 3.57248152e+01 3.58733469e+00
   1.63818175e+00 7.24574399e-04 7.24574399e-04]
  [9.08130891e-06 2.99911433e-02 3.78145325e+01 4.52470657e+00
   2.25148548e+00 7.18098178e-04 7.18098178e-04]
  [1.44827359e-05 2.98648702e-02 3.78047662e+01 5.42399344e+00
   1.95280361e+00 7.16867274e-04 7.16867274e-04]]]

Cumulative Reward: 18280.345850038142
