Scheduler Table:
[[[7.43517946e-06 2.96026039e-02 2.38378941e+01 7.19550608e-04
   8.49750976e-03 1.14145120e-03 1.14145120e-03]
  [7.69111408e-06 2.96413687e-02 2.39165869e+01 7.19595817e-04
   8.51606389e-03 1.14151675e-03 1.14151675e-03]
  [7.47468478e-06 2.96150691e-02 2.38820813e+01 7.19992872e-04
   8.45688214e-03 1.14203225e-03 1.14203225e-03]]

 [[7.42584269e-06 2.96366700e-02 2.38273653e+01 7.19825142e-04
   8.44663323e-03 1.14135666e-03 1.14135666e-03]
  [7.54184463e-06 2.85032913e-02 2.41312883e+01 7.20755230e-04
   8.37743253e-03 1.14123195e-03 1.14123195e-03]
  [1.06707986e-05 2.41490553e-02 2.45304741e+01 7.16903780e-04
   8.90192712e-03 1.13606831e-03 1.16294415e-03]]

 [[7.64667537e-06 2.96669982e-02 2.38733697e+01 7.20099389e-04
   8.43656519e-03 1.14135892e-03 1.14135892e-03]
  [1.07582729e-05 2.41995374e-02 2.45543209e+01 7.17748193e-04
   8.57889362e-03 1.14120955e-03 1.14120955e-03]
  [7.73541756e-06 2.96417671e-02 2.39168551e+01 7.20142132e-04
   8.40863286e-03 1.14127679e-03 1.14127679e-03]]]

Buffer Table:
[[[7.98670566e-06 2.96507891e-02 2.38723651e+01 7.19623393e-04
   8.47527409e-03 1.14105824e-03 1.14105824e-03]
  [8.05086516e-06 2.96510628e-02 2.39008984e+01 7.20021986e-04
   8.45878837e-03 1.14173479e-03 1.14173479e-03]
  [7.68507760e-06 2.95913038e-02 2.39311994e+01 7.20575095e-04
   8.37595765e-03 1.14139722e-03 1.14139722e-03]]

 [[7.78590757e-06 2.95537032e-02 2.38786925e+01 7.19900945e-04
   8.44818739e-03 1.14139928e-03 1.14139928e-03]
  [8.22756422e-06 2.40961691e-02 2.45414038e+01 7.17663754e-04
   8.84016923e-03 1.13557443e-03 1.16245027e-03]
  [7.65547252e-06 2.94147978e-02 2.40179735e+01 7.20132077e-04
   8.42666909e-03 1.14163715e-03 1.14163715e-03]]

 [[7.97913804e-06 2.96116367e-02 2.39043817e+01 7.19754664e-04
   8.46449517e-03 1.14140295e-03 1.14140295e-03]
  [8.64952557e-06 2.83972230e-02 2.41509675e+01 7.19314099e-04
   8.53073926e-03 1.14197558e-03 1.14197558e-03]
  [7.83145980e-06 2.96039958e-02 2.39190888e+01 7.20669135e-04
   8.37955042e-03 1.14186291e-03 1.14186291e-03]]]

Arbiter Table:
[[[6.06622704e-06 2.75410616e-02 2.45991721e+01 7.21658763e-04
   8.25698665e-03 1.14099198e-03 1.14099198e-03]
  [7.89789377e-06 2.94948783e-02 2.38982813e+01 7.19938507e-04
   8.45633882e-03 1.14158840e-03 1.14158840e-03]
  [8.11620918e-06 2.96395393e-02 2.38646756e+01 7.20177414e-04
   8.42985889e-03 1.14146090e-03 1.14146090e-03]]

 [[8.12677135e-06 2.96102330e-02 2.38754733e+01 7.20045890e-04
   8.43442404e-03 1.14151436e-03 1.14151436e-03]
  [8.67900315e-06 2.97395153e-02 2.38493165e+01 7.20114511e-04
   8.42828502e-03 1.14116124e-03 1.14116124e-03]
  [8.16757054e-06 2.81020000e-02 2.41364706e+01 7.20214835e-04
   8.45074049e-03 1.14167240e-03 1.14167240e-03]]

 [[7.95819541e-06 2.95969260e-02 2.39414535e+01 7.20392730e-04
   8.41403594e-03 1.14164847e-03 1.14164847e-03]
  [8.51235198e-06 2.93468520e-02 2.39570415e+01 7.19871413e-04
   8.43552257e-03 1.14094818e-03 1.14094818e-03]
  [8.22760643e-06 2.40961940e-02 2.45414003e+01 7.17663750e-04
   8.84016935e-03 1.13557442e-03 1.16245027e-03]]]

Page Table:
[[[8.22757265e-06 2.40961614e-02 2.45414054e+01 7.17663752e-04
   8.84016964e-03 1.13557443e-03 1.16245028e-03]
  [8.23187803e-06 3.08392810e-02 2.39667025e+01 7.20577778e-04
   8.35706778e-03 1.14109278e-03 1.14109278e-03]
  [9.03219618e-06 3.06173744e-02 2.38843258e+01 7.20226580e-04
   8.39867412e-03 1.14131598e-03 1.14131598e-03]
  [8.30781189e-06 3.08442127e-02 2.39661986e+01 7.19443465e-04
   8.50067604e-03 1.14160235e-03 1.14160235e-03]]

 [[8.24248140e-06 3.09548482e-02 2.39437010e+01 7.19648789e-04
   8.44894156e-03 1.14134806e-03 1.14134806e-03]
  [8.08315618e-06 3.08508434e-02 2.38674797e+01 7.19510534e-04
   8.50371579e-03 1.14150608e-03 1.14150608e-03]
  [8.48893870e-06 3.10066423e-02 2.38099332e+01 7.19892473e-04
   8.43348504e-03 1.14103641e-03 1.14103641e-03]
  [8.44449508e-06 3.08089941e-02 2.38902228e+01 7.19952381e-04
   8.43557318e-03 1.14138212e-03 1.14138212e-03]]

 [[8.89911350e-06 2.90521865e-02 2.41895301e+01 7.20468329e-04
   8.39966367e-03 1.14122485e-03 1.14122485e-03]
  [8.78431666e-06 3.08875926e-02 2.39564027e+01 7.20230927e-04
   8.41164806e-03 1.14152301e-03 1.14152301e-03]
  [8.68841016e-06 3.09846390e-02 2.38409667e+01 7.19092976e-04
   8.51849000e-03 1.14139960e-03 1.14139960e-03]
  [8.88662716e-06 3.09962120e-02 2.38775123e+01 7.19735116e-04
   8.45802037e-03 1.14152232e-03 1.14152232e-03]]

 [[8.26445610e-06 3.08203479e-02 2.39817727e+01 7.20063082e-04
   8.44008698e-03 1.14239843e-03 1.14239843e-03]
  [8.25820654e-06 3.08986779e-02 2.39131662e+01 7.19582104e-04
   8.46677474e-03 1.14144473e-03 1.14144473e-03]
  [9.02481842e-06 3.09173378e-02 2.38412771e+01 7.19849729e-04
   8.45590843e-03 1.14169682e-03 1.14169682e-03]
  [8.65332878e-06 3.09027198e-02 2.38429508e+01 7.19357740e-04
   8.50829563e-03 1.14120895e-03 1.14120895e-03]]]

Response Table:
[[[8.30306855e-06 2.88345555e-02 2.38821830e+01]
  [7.66163392e-06 2.87855018e-02 2.38797873e+01]]

 [[7.62523575e-06 2.87553186e-02 2.39123942e+01]
  [8.22757230e-06 2.40961603e-02 2.45414055e+01]]]

Refresh Table:
[[[1.06145987e-05 2.69058216e-02 2.42514896e+01]
  [1.05925305e-05 2.42375701e-02 2.45193620e+01]]

 [[1.06793105e-05 2.42888373e-02 2.45431102e+01]
  [8.05289741e-06 2.87656788e-02 2.39094543e+01]]]

Request Buffer Table:
[[[1.81576231e-05 1.01311480e-01 2.29223341e+01]
  [1.83593849e-05 1.00476687e-01 2.29437539e+01]
  [1.76125936e-05 1.00037357e-01 2.29893374e+01]
  [1.81589757e-05 1.01195845e-01 2.29964957e+01]
  [1.18127653e-05 2.51619332e-02 2.45401867e+01]
  [1.84779775e-05 1.00213293e-01 2.30291474e+01]
  [1.74766820e-05 9.96090407e-02 2.30273051e+01]
  [2.08675090e-05 9.89054231e-02 2.30228129e+01]]

 [[1.78760755e-05 1.01471914e-01 2.28900239e+01]
  [2.24435935e-05 1.03889357e-01 2.28976962e+01]
  [1.79914824e-05 1.02133274e-01 2.29596363e+01]
  [1.92387336e-05 1.02736178e-01 2.29646010e+01]
  [1.79945312e-05 9.68572037e-02 2.30081315e+01]
  [2.00565659e-05 1.01358700e-01 2.29638355e+01]
  [1.36788415e-05 7.67913258e-02 2.34840335e+01]
  [2.33457831e-05 9.94741917e-02 2.30012320e+01]]

 [[1.85898887e-05 1.05316631e-01 2.28980236e+01]
  [1.78463466e-05 1.00719536e-01 2.29438390e+01]
  [1.82682850e-05 1.03069025e-01 2.29781404e+01]
  [1.88397125e-05 1.07698106e-01 2.28658531e+01]
  [1.73392006e-05 9.78489617e-02 2.30773180e+01]
  [1.85045600e-05 1.06004329e-01 2.29106293e+01]
  [1.83566884e-05 1.04772256e-01 2.29408557e+01]
  [1.81357730e-05 1.00404112e-01 2.30040602e+01]]

 [[1.85280679e-05 1.03020381e-01 2.29224908e+01]
  [1.87563775e-05 1.01411034e-01 2.29227598e+01]
  [1.83415134e-05 1.04013131e-01 2.29623531e+01]
  [1.86258948e-05 1.03572555e-01 2.29357691e+01]
  [1.73941568e-05 9.69676561e-02 2.30663755e+01]
  [1.86834107e-05 1.03093775e-01 2.30033573e+01]
  [2.14638675e-05 1.05832021e-01 2.28914175e+01]
  [1.83881447e-05 9.99738006e-02 2.30345644e+01]]

 [[1.50260401e-05 8.43614269e-02 2.32758250e+01]
  [1.82671835e-05 9.71579284e-02 2.30507327e+01]
  [1.80376902e-05 1.03628004e-01 2.29123618e+01]
  [1.77830081e-05 9.82282180e-02 2.29969393e+01]
  [1.74769331e-05 9.93600700e-02 2.29430651e+01]
  [1.76923596e-05 9.99170056e-02 2.29665250e+01]
  [1.17515916e-05 2.51757094e-02 2.45213568e+01]
  [1.96228569e-05 9.85416847e-02 2.30350195e+01]]

 [[1.87212158e-05 1.03047056e-01 2.29072796e+01]
  [1.97271611e-05 1.00337509e-01 2.29174813e+01]
  [1.73189991e-05 1.00099251e-01 2.29636782e+01]
  [1.81936192e-05 9.99643495e-02 2.30495251e+01]
  [1.87493537e-05 9.87690179e-02 2.29821391e+01]
  [2.09338265e-05 1.00493088e-01 2.30733386e+01]
  [1.84640569e-05 1.01948809e-01 2.30227553e+01]
  [2.15117494e-05 9.86055750e-02 2.30436339e+01]]

 [[1.16907541e-05 2.51490946e-02 2.45099122e+01]
  [1.83734549e-05 1.03702886e-01 2.29410629e+01]
  [1.78938445e-05 1.02082235e-01 2.29704410e+01]
  [2.51111308e-05 1.01488785e-01 2.29587636e+01]
  [1.84182810e-05 9.88276344e-02 2.29659199e+01]
  [2.02272096e-05 1.00675883e-01 2.29503131e+01]
  [1.45027271e-05 7.64814223e-02 2.34684638e+01]
  [1.84794509e-05 1.02883980e-01 2.29697511e+01]]

 [[1.81276624e-05 9.98857689e-02 2.29400865e+01]
  [1.87962428e-05 9.89019646e-02 2.29166275e+01]
  [1.74828017e-05 1.00319495e-01 2.30007395e+01]
  [1.85296523e-05 1.03410019e-01 2.29317766e+01]
  [1.74143429e-05 9.81245042e-02 2.30185970e+01]
  [1.81247796e-05 1.04615109e-01 2.29178280e+01]
  [1.88164159e-05 1.00430255e-01 2.30325526e+01]
  [1.79171152e-05 9.92314963e-02 2.30518401e+01]]]

Ref Max Post Table:
[[[9.54973212e-06 3.10293993e-02 2.38519157e+01]
  [9.19580763e-06 3.10067804e-02 2.38548732e+01]
  [8.21019514e-06 3.09769515e-02 2.38707615e+01]
  [7.87379478e-06 2.95491921e-02 2.40852905e+01]]

 [[8.40926416e-06 3.09720177e-02 2.38616540e+01]
  [7.99882455e-06 3.08708123e-02 2.38929729e+01]
  [8.62704654e-06 3.06482511e-02 2.39712830e+01]
  [8.36853790e-06 3.09644065e-02 2.39215433e+01]]

 [[1.16784551e-05 3.10809516e-02 2.39091081e+01]
  [8.19799053e-06 3.09627361e-02 2.38907072e+01]
  [8.00452276e-06 3.09137043e-02 2.39108622e+01]
  [9.17689268e-06 2.95500490e-02 2.41238724e+01]]

 [[8.82430713e-06 3.08293102e-02 2.39070974e+01]
  [8.08881170e-06 3.07369246e-02 2.39314718e+01]
  [8.94494670e-06 3.09131470e-02 2.39117419e+01]
  [8.22871228e-06 2.40987535e-02 2.45411407e+01]]]

Ref Max Pull Table:
[[[8.39236066e-06 3.07907255e-02 2.38538226e+01]
  [1.16332147e-05 2.43488766e-02 2.45514861e+01]
  [7.81562645e-06 3.09865381e-02 2.38844146e+01]
  [8.41094966e-06 3.08798900e-02 2.39061031e+01]]

 [[8.86499090e-06 2.95127021e-02 2.40168572e+01]
  [7.69184271e-06 3.09983914e-02 2.39088479e+01]
  [1.15730391e-05 2.43671725e-02 2.45325933e+01]
  [8.89261548e-06 3.08824491e-02 2.39205039e+01]]

 [[1.15131942e-05 2.43450523e-02 2.45210863e+01]
  [8.13530145e-06 3.09295056e-02 2.38912610e+01]
  [8.13105487e-06 3.09397137e-02 2.38886346e+01]
  [8.98292960e-06 3.10063248e-02 2.38980201e+01]]

 [[8.26926684e-06 3.08206872e-02 2.39120265e+01]
  [1.04243824e-05 3.09859842e-02 2.40024340e+01]
  [8.10520560e-06 3.09362247e-02 2.39192982e+01]
  [1.14069072e-05 3.10644065e-02 2.39009390e+01]]]

Max Activate Table:
[[[1.82311300e-05 1.05133316e-01 2.29093339e+01 6.89142431e-04
   8.15486672e-03 1.09377798e-03 1.09377798e-03]
  [1.84943603e-05 1.00068044e-01 2.29511340e+01 6.91927840e-04
   8.10375637e-03 1.09694219e-03 1.09694219e-03]
  [1.95051919e-05 1.08150227e-01 2.28754125e+01 6.88448083e-04
   8.07234326e-03 1.09177152e-03 1.09177152e-03]
  [1.78792557e-05 1.01438604e-01 2.29479527e+01 6.90768752e-04
   8.13757695e-03 1.09604265e-03 1.09604265e-03]
  [1.82154008e-05 1.04706282e-01 2.29455731e+01 6.90065093e-04
   8.08213786e-03 1.09387207e-03 1.09387207e-03]
  [1.78444326e-05 1.00926544e-01 2.30440873e+01 6.91006306e-04
   8.17849087e-03 1.09703763e-03 1.09703763e-03]
  [1.80975275e-05 9.68976487e-02 2.30802127e+01 6.92700247e-04
   8.18164375e-03 1.09934594e-03 1.09934594e-03]
  [1.89578724e-05 9.93197045e-02 2.29641584e+01 6.91362540e-04
   8.20742057e-03 1.09736165e-03 1.09736165e-03]]

 [[1.84280489e-05 1.05712264e-01 2.28222490e+01 6.88854812e-04
   8.17399654e-03 1.09387064e-03 1.09387064e-03]
  [1.92891209e-05 1.08155102e-01 2.29257092e+01 6.88235481e-04
   8.13020021e-03 1.09227588e-03 1.09227588e-03]
  [1.88801475e-05 1.06035865e-01 2.29365475e+01 6.89285500e-04
   8.09806216e-03 1.09346078e-03 1.09346078e-03]
  [1.93901939e-05 1.09438239e-01 2.29188361e+01 6.89074688e-04
   8.01379341e-03 1.09124958e-03 1.09124958e-03]
  [1.75490533e-05 9.85826098e-02 2.30071214e+01 6.91927642e-04
   8.14612140e-03 1.09773545e-03 1.09773545e-03]
  [2.01709096e-05 9.89924267e-02 2.29931624e+01 6.91310782e-04
   8.20935979e-03 1.09746497e-03 1.09746497e-03]
  [1.79939091e-05 1.00469689e-01 2.30227277e+01 6.92149807e-04
   8.06399246e-03 1.09694445e-03 1.09694445e-03]
  [1.76550729e-05 1.00667958e-01 2.29661567e+01 6.90962281e-04
   8.18351634e-03 1.09703142e-03 1.09703142e-03]]

 [[1.83363151e-05 1.05149615e-01 2.29190220e+01 6.88863008e-04
   8.19304237e-03 1.09409292e-03 1.09409292e-03]
  [1.88429216e-05 1.05766573e-01 2.28786654e+01 6.88639715e-04
   8.20895804e-03 1.09355572e-03 1.09355572e-03]
  [1.80654749e-05 1.00434059e-01 2.29879171e+01 6.91268422e-04
   8.16618178e-03 1.09702684e-03 1.09702684e-03]
  [1.86021117e-05 1.05400013e-01 2.29306804e+01 6.89444147e-04
   8.12455256e-03 1.09372698e-03 1.09372698e-03]
  [1.81793543e-05 1.00149848e-01 2.29984537e+01 6.91670988e-04
   8.12383783e-03 1.09675812e-03 1.09675812e-03]
  [1.83313089e-05 1.00977618e-01 2.30137002e+01 6.90913891e-04
   8.14787649e-03 1.09649102e-03 1.09649102e-03]
  [1.76935974e-05 9.77957871e-02 2.30276826e+01 6.91916775e-04
   8.22163795e-03 1.09855504e-03 1.09855504e-03]
  [1.16362986e-05 2.42659240e-02 2.45596795e+01 7.17085956e-04
   8.64995568e-03 1.14197249e-03 1.14197249e-03]]

 [[1.87452830e-05 1.02220349e-01 2.29348787e+01 6.90316560e-04
   8.16701713e-03 1.09561923e-03 1.09561923e-03]
  [1.79330633e-05 1.02377098e-01 2.29089792e+01 6.90678459e-04
   8.12426973e-03 1.09520063e-03 1.09520063e-03]
  [1.15162439e-05 2.42630193e-02 2.45291889e+01 7.16965281e-04
   8.89589469e-03 1.13643553e-03 1.16331137e-03]
  [1.86868749e-05 1.04903699e-01 2.28990490e+01 6.89675579e-04
   8.11751727e-03 1.09414468e-03 1.09414468e-03]
  [2.25455542e-05 9.84127572e-02 2.30442826e+01 6.91939173e-04
   8.17621212e-03 1.09814165e-03 1.09814165e-03]
  [1.80036071e-05 1.02580999e-01 2.29989924e+01 6.90569983e-04
   8.13032272e-03 1.09574630e-03 1.09574630e-03]
  [1.82519612e-05 1.02707305e-01 2.29900625e+01 6.90506460e-04
   8.12049830e-03 1.09555547e-03 1.09555547e-03]
  [1.74833818e-05 1.00676120e-01 2.29972203e+01 6.91486814e-04
   8.11120844e-03 1.09666358e-03 1.09666358e-03]]

 [[1.81788444e-05 1.00549580e-01 2.30068530e+01 6.91075333e-04
   8.17159635e-03 1.09690070e-03 1.09690070e-03]
  [1.94279101e-05 1.02344373e-01 2.29270085e+01 6.90847774e-04
   8.09332364e-03 1.09497045e-03 1.09497045e-03]
  [1.79325248e-05 1.02466851e-01 2.29835415e+01 6.90198823e-04
   8.17740877e-03 1.09575501e-03 1.09575501e-03]
  [1.80254865e-05 1.02059981e-01 2.29292219e+01 6.90703946e-04
   8.13179359e-03 1.09554683e-03 1.09554683e-03]
  [1.84444745e-05 1.01200499e-01 2.29336623e+01 6.90828624e-04
   8.13714401e-03 1.09583205e-03 1.09583205e-03]
  [1.79008689e-05 9.88051778e-02 2.30063965e+01 6.91675566e-04
   8.16996145e-03 1.09769032e-03 1.09769032e-03]
  [1.92361001e-05 9.83150817e-02 2.29669225e+01 6.92381273e-04
   8.14044285e-03 1.09816764e-03 1.09816764e-03]
  [1.76615341e-05 9.22733383e-02 2.31912641e+01 6.94302112e-04
   8.21902237e-03 1.10215355e-03 1.10215355e-03]]

 [[1.79327469e-05 1.02628923e-01 2.28939108e+01 6.90261338e-04
   8.17951467e-03 1.09560611e-03 1.09560611e-03]
  [1.83376599e-05 1.05465335e-01 2.28363148e+01 6.89825943e-04
   8.04004866e-03 1.09326199e-03 1.09326199e-03]
  [1.80517554e-05 1.02847043e-01 2.29377759e+01 6.90635554e-04
   8.14278601e-03 1.09539272e-03 1.09539272e-03]
  [1.79244821e-05 1.01860175e-01 2.29749031e+01 6.90820889e-04
   8.13354159e-03 1.09596633e-03 1.09596633e-03]
  [1.75402696e-05 9.70250585e-02 2.31145913e+01 6.92663273e-04
   8.15685935e-03 1.09866722e-03 1.09866722e-03]
  [2.80975073e-05 1.02410411e-01 2.29287398e+01 6.90321264e-04
   8.18125548e-03 1.09604716e-03 1.09604716e-03]
  [1.84213132e-05 9.85547895e-02 2.30019753e+01 6.92029353e-04
   8.15048896e-03 1.09827853e-03 1.09827853e-03]
  [1.74894894e-05 9.93573533e-02 2.30002721e+01 6.91786645e-04
   8.15330958e-03 1.09763761e-03 1.09763761e-03]]

 [[1.82957354e-05 1.00556856e-01 2.29152648e+01 6.91358627e-04
   8.14726062e-03 1.09700225e-03 1.09700225e-03]
  [1.79151508e-05 9.86346769e-02 2.30235994e+01 6.92623740e-04
   8.10657693e-03 1.09839885e-03 1.09839885e-03]
  [1.81944583e-05 1.01145704e-01 2.30018505e+01 6.91351886e-04
   8.11065799e-03 1.09626175e-03 1.09626175e-03]
  [2.06005585e-05 9.90955007e-02 2.30301330e+01 6.92198732e-04
   8.10176776e-03 1.09735891e-03 1.09735891e-03]
  [1.85187943e-05 1.06079564e-01 2.28713331e+01 6.88714838e-04
   8.14350937e-03 1.09310020e-03 1.09310020e-03]
  [1.94352754e-05 9.85277887e-02 2.30048720e+01 6.92095246e-04
   8.14832956e-03 1.09835358e-03 1.09835358e-03]
  [1.81869915e-05 9.94428069e-02 2.30030287e+01 6.91654861e-04
   8.14748379e-03 1.09740452e-03 1.09740452e-03]
  [1.78279527e-05 9.81270479e-02 2.30229959e+01 6.92199090e-04
   8.17810543e-03 1.09834146e-03 1.09834146e-03]]

 [[1.76382287e-05 1.00151320e-01 2.29226354e+01 6.90902893e-04
   8.22574105e-03 1.09718279e-03 1.09718279e-03]
  [1.82805433e-05 1.00119114e-01 2.30060273e+01 6.91515603e-04
   8.14275728e-03 1.09698408e-03 1.09698408e-03]
  [2.05394695e-05 1.01678164e-01 2.29331212e+01 6.90747332e-04
   8.15508776e-03 1.09593958e-03 1.09593958e-03]
  [1.15761059e-05 2.42846810e-02 2.45407412e+01 7.17691864e-04
   8.56628986e-03 1.14107097e-03 1.14107097e-03]
  [1.72849403e-05 9.79174668e-02 2.30734672e+01 6.92994797e-04
   8.08813292e-03 1.09831360e-03 1.09831360e-03]
  [1.77399401e-05 9.89856035e-02 2.30351919e+01 6.92101903e-04
   8.14616324e-03 1.09758732e-03 1.09758732e-03]
  [1.80427859e-05 9.87807328e-02 2.30408705e+01 6.91767208e-04
   8.16985987e-03 1.09772881e-03 1.09772881e-03]
  [1.77689660e-05 1.01286858e-01 2.29514440e+01 6.90919170e-04
   8.12049719e-03 1.09585080e-03 1.09585080e-03]]]

Cumulative Reward: 3069.3650987938545
