Scheduler Table:
[[[9.30622357e-06 3.17302440e-02 3.06888065e+01 2.12165315e-03
   5.95726503e-02 7.28053762e-04 7.28053762e-04]
  [9.51493497e-06 3.14363547e-02 3.09577376e+01 2.09555704e-03
   8.12370902e-02 7.28133072e-04 7.28133072e-04]
  [8.86689211e-06 3.13458313e-02 3.09334577e+01 2.11069887e-03
   9.21218801e-02 7.27796459e-04 7.27796459e-04]]

 [[9.01838306e-06 3.14778188e-02 3.07312700e+01 2.11607724e-03
   8.23165866e-02 7.27681324e-04 7.27681324e-04]
  [8.75437885e-06 2.92871936e-02 4.04036745e+01 2.10533601e-03
   6.33665641e-02 7.27039949e-04 7.27039949e-04]
  [5.42779377e-06 2.32993250e-02 6.83820495e+01 2.15612031e-03
   6.07941807e-03 7.25510424e-04 7.29494947e-04]]

 [[8.99192706e-06 3.14910897e-02 3.06867694e+01 2.11761984e-03
   8.76435948e-02 7.27822994e-04 7.27822994e-04]
  [4.35220094e-05 1.62297786e-01 6.77879833e+01 2.15386195e-03
   5.60586018e-02 7.25948972e-04 7.26327501e-04]
  [9.06924620e-06 3.16520094e-02 3.08236578e+01 2.09696648e-03
   1.06344967e-01 7.27634616e-04 7.27634616e-04]]]

Buffer Table:
[[[8.85128874e-06 3.15744966e-02 3.08307987e+01 2.11407496e-03
   6.15374112e-02 7.28077006e-04 7.28077006e-04]
  [9.26253232e-06 3.14741227e-02 3.07798105e+01 2.10834072e-03
   8.36522919e-02 7.27902944e-04 7.27902944e-04]
  [9.09402818e-06 3.07202874e-02 3.42402138e+01 2.11058610e-03
   9.08649052e-02 7.27509887e-04 7.27509887e-04]]

 [[1.05813273e-05 3.15589216e-02 3.08180554e+01 2.11548769e-03
   7.06101806e-02 7.27770721e-04 7.27770721e-04]
  [1.00374324e-05 3.16439057e-02 3.07371361e+01 2.11449762e-03
   6.98900276e-02 7.27706303e-04 7.27706303e-04]
  [8.75555412e-06 3.13772700e-02 3.08874209e+01 2.10074534e-03
   9.78927053e-02 7.27805094e-04 7.27805094e-04]]

 [[8.67744812e-06 3.13254660e-02 3.13220195e+01 2.11094089e-03
   8.54068217e-02 7.27795761e-04 7.27795761e-04]
  [9.45110298e-06 3.15553430e-02 3.07000764e+01 2.10682845e-03
   8.23371996e-02 7.27665153e-04 7.27665153e-04]
  [4.25078660e-05 1.61543758e-01 7.13618748e+01 2.16587697e-03
   5.09458880e-02 7.25564528e-04 7.29529128e-04]]]

Arbiter Table:
[[[9.59162442e-06 3.06559425e-02 3.46344810e+01 2.10782558e-03
   8.95265147e-02 7.27612764e-04 7.27612764e-04]
  [4.33104859e-05 1.61863495e-01 6.97680558e+01 2.15569941e-03
   5.18375425e-02 7.25823632e-04 7.26202162e-04]
  [9.74085658e-06 3.14797489e-02 3.06885880e+01 2.11399805e-03
   7.83349429e-02 7.27831202e-04 7.27831202e-04]]

 [[5.21549461e-06 2.28640312e-02 7.03669760e+01 2.15796356e-03
   1.84861497e-03 7.25384844e-04 7.29369367e-04]
  [9.04219728e-06 3.14312445e-02 3.06256792e+01 2.10504311e-03
   9.53407598e-02 7.27863254e-04 7.27863254e-04]
  [9.16251855e-06 3.16108501e-02 3.10678136e+01 2.11519137e-03
   7.01585779e-02 7.27678784e-04 7.27678784e-04]]

 [[8.97275959e-06 3.07638814e-02 3.41501093e+01 2.11743336e-03
   7.39661289e-02 7.27602264e-04 7.27602264e-04]
  [9.10414242e-06 3.15426474e-02 3.08171762e+01 2.10942861e-03
   8.44634789e-02 7.27658982e-04 7.27658982e-04]
  [9.01860749e-06 3.16153760e-02 3.06970217e+01 2.10776301e-03
   7.54473001e-02 7.27874070e-04 7.27874070e-04]]]

Page Table:
[[[1.08513768e-05 4.45498299e-02 3.53943584e+01 2.10913595e-03
   4.23719304e-02 7.21270064e-04 7.21270064e-04]
  [1.20498197e-05 4.70039951e-02 3.05232306e+01 2.11473591e-03
   5.30643218e-02 7.20559357e-04 7.20559357e-04]
  [1.16011929e-05 4.68597662e-02 3.03791590e+01 2.09763870e-03
   6.29764418e-02 7.20427681e-04 7.20427681e-04]
  [4.34804826e-05 1.62439409e-01 6.91625763e+01 2.15555551e-03
   5.35913216e-02 7.25631709e-04 7.26010239e-04]]

 [[1.14647384e-05 4.71926715e-02 3.04725777e+01 2.11487823e-03
   5.04183306e-02 7.20290465e-04 7.20290465e-04]
  [1.19675148e-05 4.69631621e-02 3.10109627e+01 2.11942170e-03
   4.94837131e-02 7.21025814e-04 7.21025814e-04]
  [1.19093083e-05 4.73163439e-02 3.03885037e+01 2.09570190e-03
   5.72592263e-02 7.20632844e-04 7.20632844e-04]
  [1.19403232e-05 4.67077802e-02 3.08611254e+01 2.08574919e-03
   8.68300165e-02 7.20909692e-04 7.20909692e-04]]

 [[1.16154878e-05 4.71108639e-02 3.06191066e+01 2.09696812e-03
   7.44821671e-02 7.20233869e-04 7.20233869e-04]
  [1.46207505e-05 4.76949335e-02 3.07328379e+01 2.11417019e-03
   5.00042980e-02 7.20148864e-04 7.20148864e-04]
  [1.15721459e-05 4.75651604e-02 3.03629660e+01 2.08932138e-03
   5.74257446e-02 7.19928287e-04 7.19928287e-04]
  [1.06729061e-05 4.34301665e-02 3.59664909e+01 2.09076748e-03
   7.30660784e-02 7.21630185e-04 7.21630185e-04]]

 [[5.38593932e-06 2.34414633e-02 6.97599009e+01 2.15781928e-03
   3.60701565e-03 7.25192416e-04 7.29176939e-04]
  [1.20023750e-05 4.70704922e-02 3.05518139e+01 2.09838570e-03
   5.36537981e-02 7.20793916e-04 7.20793916e-04]
  [1.24315417e-05 4.68130406e-02 3.05499664e+01 2.09014277e-03
   9.53865121e-02 7.20264782e-04 7.20264782e-04]
  [1.09123126e-05 4.43223676e-02 3.36030231e+01 2.08664920e-03
   8.32153446e-02 7.21376975e-04 7.21376975e-04]]]

Response Table:
[[[7.63827585e-06 2.80146152e-02 3.07028843e+01]
  [5.18912125e-06 2.27786171e-02 7.07334152e+01]]

 [[4.32841819e-05 1.61778305e-01 7.01335320e+01]
  [8.29150540e-06 2.76133325e-02 3.68137851e+01]]]

Refresh Table:
[[[4.25086068e-05 1.61542317e-01 7.13691058e+01]
  [7.91831512e-06 2.79715728e-02 3.07439146e+01]]

 [[7.73520045e-06 2.80881657e-02 3.06186581e+01]
  [7.89969999e-06 2.79711845e-02 3.07320526e+01]]]

Request Buffer Table:
[[[2.14834177e-05 1.23333916e-01 2.05530213e+01]
  [2.04392631e-05 1.22804159e-01 2.06108688e+01]
  [2.08693065e-05 1.23024042e-01 2.06744798e+01]
  [2.04004719e-05 1.20343680e-01 2.09764305e+01]
  [2.30299304e-05 1.23497409e-01 2.06965884e+01]
  [2.11792297e-05 1.20492282e-01 2.14714686e+01]
  [1.87570490e-05 1.08992648e-01 2.55748012e+01]
  [2.04650778e-05 1.19276934e-01 2.14135213e+01]]

 [[2.03236995e-05 1.20555424e-01 2.07881645e+01]
  [2.11134871e-05 1.24869748e-01 2.04527828e+01]
  [2.09394529e-05 1.22415779e-01 2.06959310e+01]
  [2.10440698e-05 1.23438380e-01 2.05740784e+01]
  [2.04224914e-05 1.23591851e-01 2.07156930e+01]
  [2.05548059e-05 1.23159741e-01 2.09960954e+01]
  [1.90554074e-05 1.09100620e-01 2.55955877e+01]
  [2.11269080e-05 1.21289058e-01 2.14560065e+01]]

 [[2.07125407e-05 1.22411783e-01 2.06223925e+01]
  [2.12530377e-05 1.23566078e-01 2.05480265e+01]
  [2.17130900e-05 1.22451619e-01 2.07328663e+01]
  [2.08376795e-05 1.24714114e-01 2.06908025e+01]
  [2.02971102e-05 1.22812834e-01 2.09711268e+01]
  [2.08220860e-05 1.24169301e-01 2.06322030e+01]
  [1.96810384e-05 1.16179958e-01 2.20434206e+01]
  [2.02655924e-05 1.20598607e-01 2.15204509e+01]]

 [[2.05809080e-05 1.22573747e-01 2.06091437e+01]
  [2.21553196e-05 1.20641895e-01 2.08332008e+01]
  [2.07950285e-05 1.26373609e-01 2.02436613e+01]
  [2.12737808e-05 1.25149240e-01 2.04921363e+01]
  [2.01128605e-05 1.23271340e-01 2.09490855e+01]
  [2.14548024e-05 1.20548757e-01 2.12116729e+01]
  [2.02884226e-05 1.15475224e-01 2.20064198e+01]
  [2.02072778e-05 1.21525002e-01 2.13856987e+01]]

 [[2.04523901e-05 1.20584911e-01 2.07791671e+01]
  [2.05720649e-05 1.20977656e-01 2.09072368e+01]
  [2.06065294e-05 1.24110988e-01 2.04985527e+01]
  [2.05842560e-05 1.21849667e-01 2.09245464e+01]
  [2.03248626e-05 1.22928013e-01 2.08654165e+01]
  [2.09275281e-05 1.24285743e-01 2.08846269e+01]
  [2.00632738e-05 1.17967511e-01 2.16574371e+01]
  [2.00798029e-05 1.19913191e-01 2.21638451e+01]]

 [[2.02983745e-05 1.20011321e-01 2.09033413e+01]
  [2.05826546e-05 1.21863357e-01 2.07619877e+01]
  [2.26239499e-05 1.21875319e-01 2.08770252e+01]
  [2.07249130e-05 1.24335577e-01 2.05368530e+01]
  [2.17390568e-05 1.23222254e-01 2.07129183e+01]
  [2.07488363e-05 1.24819473e-01 2.09136838e+01]
  [1.97428120e-05 1.17871314e-01 2.13322384e+01]
  [1.88804788e-05 1.08363508e-01 2.64012837e+01]]

 [[2.01632622e-05 1.17897647e-01 2.11445626e+01]
  [2.01638360e-05 1.20650581e-01 2.08505868e+01]
  [2.10734571e-05 1.20816349e-01 2.07247338e+01]
  [2.03026782e-05 1.18534003e-01 2.12243412e+01]
  [1.98469544e-05 1.19179366e-01 2.10339694e+01]
  [1.99393561e-05 1.18545382e-01 2.14762960e+01]
  [2.34099433e-05 1.15319741e-01 2.18818675e+01]
  [5.23312658e-06 2.31509699e-02 7.05897595e+01]]

 [[2.03970943e-05 1.21288684e-01 2.07420150e+01]
  [2.08298677e-05 1.26168556e-01 2.01663508e+01]
  [2.04900894e-05 1.21168319e-01 2.08861124e+01]
  [2.05970814e-05 1.20823115e-01 2.09215954e+01]
  [2.01251213e-05 1.20614494e-01 2.11876064e+01]
  [2.03499303e-05 1.20768939e-01 2.12532388e+01]
  [4.33280715e-05 1.62149679e-01 6.99902538e+01]
  [1.99895200e-05 1.20181536e-01 2.14598164e+01]]]

Ref Max Post Table:
[[[1.51143348e-05 2.65477547e-02 5.93023261e+01]
  [1.20834241e-05 4.64171238e-02 3.08763567e+01]
  [1.17030312e-05 4.71817267e-02 3.07435976e+01]
  [1.17691087e-05 4.68543980e-02 3.05115759e+01]]

 [[1.16941924e-05 4.67905111e-02 3.09026896e+01]
  [4.24985997e-05 1.61547931e-01 7.13727558e+01]
  [1.16938169e-05 4.67626242e-02 3.07627526e+01]
  [1.31222970e-05 4.63772178e-02 3.06811607e+01]]

 [[1.16975532e-05 4.69030662e-02 3.04058110e+01]
  [1.16096439e-05 4.50643634e-02 3.43083850e+01]
  [1.17041078e-05 4.67319542e-02 3.07085909e+01]
  [1.16702628e-05 4.70412657e-02 3.05962559e+01]]

 [[1.17807959e-05 4.68444551e-02 3.04416823e+01]
  [1.19745365e-05 4.69383454e-02 3.06923482e+01]
  [1.17243533e-05 4.71485403e-02 3.05304086e+01]
  [1.01002601e-05 4.38818672e-02 3.62890673e+01]]]

Ref Max Pull Table:
[[[1.24871499e-05 4.75715748e-02 3.04917278e+01]
  [1.42702390e-05 4.57481669e-02 3.38438718e+01]
  [1.19429981e-05 4.65421552e-02 3.09896951e+01]
  [4.42711152e-05 1.63015691e-01 6.78665456e+01]]

 [[6.15464945e-06 2.40176798e-02 6.80076011e+01]
  [1.10784048e-05 4.44969083e-02 3.33931518e+01]
  [1.14559225e-05 4.61904656e-02 3.06939650e+01]
  [1.11611544e-05 4.46941615e-02 3.40271354e+01]]

 [[1.22112328e-05 4.75500150e-02 3.05347431e+01]
  [1.15912881e-05 4.64653613e-02 3.04462604e+01]
  [1.16197616e-05 4.62722270e-02 3.03790353e+01]
  [1.15951974e-05 4.45286919e-02 3.38866334e+01]]

 [[1.15343480e-05 4.52356776e-02 3.31200967e+01]
  [6.18754516e-06 2.40206416e-02 6.79161308e+01]
  [1.18105655e-05 4.67401042e-02 3.06579548e+01]
  [1.17226838e-05 4.68742673e-02 3.07161506e+01]]]

Max Activate Table:
[[[2.05515547e-05 1.24077898e-01 2.05945870e+01 1.42380996e-03
   6.12274655e-02 4.89293030e-04 4.89293030e-04]
  [2.01750033e-05 1.23598843e-01 2.11024375e+01 1.43712209e-03
   2.93314485e-02 4.90736689e-04 4.90736689e-04]
  [2.05137043e-05 1.22126079e-01 2.08213909e+01 1.42919796e-03
   5.32491716e-02 4.94452477e-04 4.94452477e-04]
  [2.31095756e-05 1.24792809e-01 2.05850906e+01 1.43306195e-03
   2.53485811e-02 4.87431861e-04 4.87431861e-04]
  [2.07905365e-05 1.28488982e-01 2.02335936e+01 1.40454352e-03
   2.68933287e-02 4.78453512e-04 4.78453512e-04]
  [2.03284843e-05 1.22668095e-01 2.10075292e+01 1.43851253e-03
   4.95006346e-02 4.93003248e-04 4.93003248e-04]
  [2.11024004e-05 1.25274691e-01 2.05242093e+01 1.42084506e-03
   6.17430437e-02 4.86286854e-04 4.86286854e-04]
  [1.92015485e-05 1.12802333e-01 2.20334358e+01 1.50307982e-03
   4.12178529e-02 5.17554754e-04 5.17554754e-04]]

 [[2.06167938e-05 1.23175190e-01 2.05162445e+01 1.42541952e-03
   6.19923475e-02 4.91781306e-04 4.91781306e-04]
  [2.04563996e-05 1.25530655e-01 2.05222858e+01 1.42113838e-03
   2.61321486e-02 4.85934440e-04 4.85934440e-04]
  [2.11543171e-05 1.26345907e-01 2.07786869e+01 1.40902659e-03
   3.16906626e-02 4.83569515e-04 4.83569515e-04]
  [2.09064599e-05 1.21673688e-01 2.09554531e+01 1.44935889e-03
   2.72597947e-02 4.95616869e-04 4.95616869e-04]
  [2.00630711e-05 1.20560588e-01 2.09442247e+01 1.45936512e-03
   2.80168111e-02 4.98525259e-04 4.98525259e-04]
  [2.01360195e-05 1.21508884e-01 2.10829051e+01 1.45090060e-03
   2.70183037e-02 4.96050583e-04 4.96050583e-04]
  [1.99263435e-05 1.20886305e-01 2.11746849e+01 1.46232404e-03
   2.85390950e-02 4.97542363e-04 4.97542363e-04]
  [1.94480006e-05 1.15604225e-01 2.16386459e+01 1.48943800e-03
   7.15423124e-02 5.10863988e-04 5.10863988e-04]]

 [[2.13996399e-05 1.21622211e-01 2.07512509e+01 1.43599005e-03
   4.17846949e-02 4.95699760e-04 4.95699760e-04]
  [2.01156888e-05 1.22434113e-01 2.05453521e+01 1.43912519e-03
   6.41415907e-02 4.93450966e-04 4.93450966e-04]
  [2.00683543e-05 1.19821031e-01 2.10446377e+01 1.46332814e-03
   3.90852699e-02 4.99752683e-04 4.99752683e-04]
  [2.15040919e-05 1.22328902e-01 2.09495364e+01 1.44309792e-03
   4.47144567e-02 4.93953300e-04 4.93953300e-04]
  [2.23713430e-05 1.20823508e-01 2.11365508e+01 1.44772856e-03
   5.61987935e-02 4.97587028e-04 4.97587028e-04]
  [2.04493039e-05 1.22629235e-01 2.10059355e+01 1.44709406e-03
   2.52637242e-02 4.93227891e-04 4.93227891e-04]
  [1.98074127e-05 1.20964870e-01 2.10493837e+01 1.44959045e-03
   2.67349422e-02 4.97191733e-04 4.97191733e-04]
  [1.88729814e-05 1.12032264e-01 2.25134723e+01 1.50095726e-03
   5.73336256e-02 5.19464431e-04 5.19464431e-04]]

 [[2.28041291e-05 1.23203002e-01 2.05625575e+01 1.43350842e-03
   3.27955868e-02 4.91827462e-04 4.91827462e-04]
  [2.03006307e-05 1.24758108e-01 2.05238463e+01 1.43463090e-03
   2.50254755e-02 4.87692037e-04 4.87692037e-04]
  [2.11204936e-05 1.21824702e-01 2.08995209e+01 1.43235669e-03
   7.58335644e-02 4.95143726e-04 4.95143726e-04]
  [2.31207823e-05 1.21451877e-01 2.09151331e+01 1.44625067e-03
   2.66313937e-02 4.96061576e-04 4.96061576e-04]
  [2.13712083e-05 1.20896613e-01 2.10569641e+01 1.44268847e-03
   4.84391915e-02 4.97346723e-04 4.97346723e-04]
  [2.01180460e-05 1.19186130e-01 2.14092887e+01 1.46125701e-03
   2.63392281e-02 5.01670126e-04 5.01670126e-04]
  [1.99819804e-05 1.22780244e-01 2.08029976e+01 1.45113910e-03
   2.50158269e-02 4.92910034e-04 4.92910034e-04]
  [1.88771773e-05 1.05482991e-01 2.62595579e+01 1.56725832e-03
   3.23195985e-02 5.34691051e-04 5.34691051e-04]]

 [[2.04140617e-05 1.22799424e-01 2.06707099e+01 1.43455136e-03
   3.41064991e-02 4.92914433e-04 4.92914433e-04]
  [2.01649425e-05 1.22997254e-01 2.08078694e+01 1.44756963e-03
   2.78882722e-02 4.92371539e-04 4.92371539e-04]
  [2.07717393e-05 1.20097231e-01 2.11069655e+01 1.45537154e-03
   4.16044948e-02 4.99227344e-04 4.99227344e-04]
  [2.12490054e-05 1.19925997e-01 2.11710803e+01 1.45919183e-03
   2.54904267e-02 4.99734866e-04 4.99734866e-04]
  [2.04155841e-05 1.24429977e-01 2.10162843e+01 1.44172938e-03
   2.72873939e-02 4.88478552e-04 4.88478552e-04]
  [2.04566328e-05 1.23093313e-01 2.09662096e+01 1.43330399e-03
   7.28380167e-02 4.91859910e-04 4.91859910e-04]
  [2.05568141e-05 1.25824314e-01 2.04267675e+01 1.42377466e-03
   2.70016812e-02 4.85056199e-04 4.85056199e-04]
  [1.88097199e-05 1.12225420e-01 2.23572890e+01 1.51372433e-03
   3.09665224e-02 5.19044447e-04 5.19044447e-04]]

 [[2.13139791e-05 1.26442565e-01 2.03942332e+01 1.40440962e-03
   3.26276237e-02 4.83209351e-04 4.83209351e-04]
  [2.01787877e-05 1.23243137e-01 2.07852895e+01 1.43559933e-03
   4.02159031e-02 4.91614478e-04 4.91614478e-04]
  [2.11511064e-05 1.22490079e-01 2.08840482e+01 1.43420132e-03
   2.71785547e-02 4.93453451e-04 4.93453451e-04]
  [2.08066571e-05 1.19528384e-01 2.12617441e+01 1.44593572e-03
   4.58443237e-02 5.00645895e-04 5.00645895e-04]
  [2.00802376e-05 1.21093119e-01 2.09179124e+01 1.45694592e-03
   2.74155796e-02 4.97258971e-04 4.97258971e-04]
  [2.01193119e-05 1.20267781e-01 2.11847577e+01 1.46002126e-03
   2.88230109e-02 4.98590256e-04 4.98590256e-04]
  [2.07538951e-05 1.21983217e-01 2.07764068e+01 1.44948613e-03
   2.71602309e-02 4.94837270e-04 4.94837270e-04]
  [1.89784447e-05 1.11946265e-01 2.21799598e+01 1.52601943e-03
   2.93842436e-02 5.19815288e-04 5.19815288e-04]]

 [[2.04688031e-05 1.21340643e-01 2.06848465e+01 1.44650297e-03
   3.47273917e-02 4.96103482e-04 4.96103482e-04]
  [2.04012788e-05 1.25226368e-01 2.09046393e+01 1.43372417e-03
   2.92256486e-02 4.86453147e-04 4.86453147e-04]
  [2.31373629e-05 1.21337686e-01 2.09750712e+01 1.44807974e-03
   3.42884954e-02 4.96624764e-04 4.96624764e-04]
  [2.06525889e-05 1.22753005e-01 2.07941363e+01 1.45187814e-03
   2.72306019e-02 4.92742146e-04 4.92742146e-04]
  [2.01336936e-05 1.23845551e-01 2.07246013e+01 1.42910765e-03
   2.86028404e-02 4.90086515e-04 4.90086515e-04]
  [2.00074445e-05 1.20866720e-01 2.09999206e+01 1.45459439e-03
   4.94718583e-02 4.97468622e-04 4.97468622e-04]
  [2.54403772e-05 1.26230389e-01 2.05865445e+01 1.43070636e-03
   2.61463489e-02 4.83860474e-04 4.83860474e-04]
  [1.66615355e-05 9.79585495e-02 2.93512938e+01 1.61085319e-03
   2.57144973e-02 5.52801699e-04 5.52801699e-04]]

 [[1.96790546e-05 1.15765829e-01 2.14061393e+01 1.48477220e-03
   3.80433570e-02 5.10218109e-04 5.10218109e-04]
  [1.95608361e-05 1.19275447e-01 2.12190261e+01 1.46671445e-03
   3.57427727e-02 5.01666106e-04 5.01666106e-04]
  [1.98876386e-05 1.16037603e-01 2.13896271e+01 1.48001811e-03
   5.69592275e-02 5.09518805e-04 5.09518805e-04]
  [2.04071622e-05 1.16560358e-01 2.14946322e+01 1.48019518e-03
   6.29129711e-02 5.08121115e-04 5.08121115e-04]
  [2.14652282e-05 1.19222289e-01 2.11606209e+01 1.46528384e-03
   2.85702110e-02 5.01645286e-04 5.01645286e-04]
  [1.93741731e-05 1.16236713e-01 2.16498148e+01 1.48932073e-03
   2.71209584e-02 5.08953978e-04 5.08953978e-04]
  [1.91051266e-05 1.14505770e-01 2.23305499e+01 1.49457480e-03
   2.93041107e-02 5.13095114e-04 5.13095114e-04]
  [4.25267789e-05 1.61682531e-01 7.12992032e+01 2.16487650e-03
   5.10086981e-02 7.25232974e-04 7.29197575e-04]]]

Cumulative Reward: 11466.476207874948
