Scheduler Table:
[[[7.52126474e-05 1.98472595e-01 1.50976693e+02 7.88067679e-03
   4.75107763e-03 3.90657107e-03 3.90657107e-03]
  [7.54824369e-05 1.98410132e-01 1.51221040e+02 7.87733730e-03
   4.75306365e-03 3.90713052e-03 3.90713052e-03]
  [7.50982008e-05 1.98381613e-01 1.50644330e+02 7.87996579e-03
   4.75201859e-03 3.90694951e-03 3.90694951e-03]]

 [[7.52460052e-05 1.98395468e-01 1.50876244e+02 7.88036287e-03
   4.75111584e-03 3.90651395e-03 3.90651395e-03]
  [7.50229046e-05 1.98279348e-01 1.51102942e+02 7.87754681e-03
   4.75233880e-03 3.90686158e-03 3.90686158e-03]
  [6.50057442e-05 1.79781575e-01 1.55560665e+02 7.88647703e-03
   4.74802637e-03 3.90706022e-03 3.90706022e-03]]

 [[7.60952630e-05 1.98539986e-01 1.51001825e+02 7.87876625e-03
   4.75175096e-03 3.90677893e-03 3.90677893e-03]
  [7.51167041e-05 1.97978443e-01 1.51033289e+02 7.87775261e-03
   4.75242877e-03 3.90683805e-03 3.90683805e-03]
  [9.98136731e-05 2.02027296e+00 1.68150740e+02 7.87115235e-03
   4.83890544e-03 3.90763121e-03 3.92261872e-03]]]

Buffer Table:
[[[9.30786504e-05 1.97622516e-01 1.50824514e+02 7.88029548e-03
   4.75185130e-03 3.90691686e-03 3.90691686e-03]
  [9.41994685e-05 1.97980520e-01 1.50739604e+02 7.87894786e-03
   4.75187164e-03 3.90662949e-03 3.90662949e-03]
  [9.22667137e-05 1.96906086e-01 1.50947950e+02 7.87912617e-03
   4.75185046e-03 3.90697462e-03 3.90697462e-03]]

 [[9.22388425e-05 1.96893001e-01 1.50639344e+02 7.88011047e-03
   4.75187468e-03 3.90691435e-03 3.90691435e-03]
  [9.99028904e-05 2.02050503e+00 1.68104679e+02 7.87122792e-03
   4.83882045e-03 3.90763312e-03 3.92262062e-03]
  [8.88443563e-05 1.90186249e-01 1.52722750e+02 7.87551181e-03
   4.75567264e-03 3.90676755e-03 3.90676755e-03]]

 [[9.41226929e-05 1.97797343e-01 1.50869359e+02 7.87969595e-03
   4.75183141e-03 3.90694450e-03 3.90694450e-03]
  [8.11113596e-05 1.71320475e-01 1.56447327e+02 7.87116249e-03
   4.76047616e-03 3.90673619e-03 3.90673619e-03]
  [9.28743757e-05 1.97377876e-01 1.50861995e+02 7.87813212e-03
   4.75246967e-03 3.90701587e-03 3.90701587e-03]]]

Arbiter Table:
[[[1.00104437e-04 2.02070117e+00 1.68061222e+02 7.87127287e-03
   4.83881306e-03 3.90762313e-03 3.92261064e-03]
  [8.43689744e-05 1.87446575e-01 1.53309764e+02 7.88185285e-03
   4.75008962e-03 3.90708863e-03 3.90708863e-03]
  [8.87086522e-05 1.93231105e-01 1.52045045e+02 7.88126657e-03
   4.75100344e-03 3.90667577e-03 3.90667577e-03]]

 [[7.33217207e-05 1.70164504e-01 1.56869101e+02 7.87906120e-03
   4.75350795e-03 3.90716004e-03 3.90716004e-03]
  [9.40385865e-05 1.98904210e-01 1.50280567e+02 7.88058126e-03
   4.75123509e-03 3.90676261e-03 3.90676261e-03]
  [9.30721942e-05 1.98119776e-01 1.50523213e+02 7.88210900e-03
   4.75117326e-03 3.90677071e-03 3.90677071e-03]]

 [[9.28917813e-05 1.98148275e-01 1.50742682e+02 7.87906982e-03
   4.75165398e-03 3.90704086e-03 3.90704086e-03]
  [7.97688613e-05 1.81455361e-01 1.54893635e+02 7.88578177e-03
   4.74871860e-03 3.90674437e-03 3.90674437e-03]
  [9.37531204e-05 1.98717669e-01 1.50612427e+02 7.87930980e-03
   4.75157417e-03 3.90644887e-03 3.90644887e-03]]]

Page Table:
[[[2.33078629e-04 4.19041726e-01 1.58027011e+02 7.83084334e-03
   4.71966358e-03 3.88137749e-03 3.88137749e-03]
  [4.06791127e-04 6.79233049e-01 1.49016520e+02 7.78097624e-03
   4.69433480e-03 3.85862175e-03 3.85862175e-03]
  [4.12176854e-04 6.82077910e-01 1.48870048e+02 7.78010119e-03
   4.69413231e-03 3.85852812e-03 3.85852812e-03]
  [1.51251292e-04 2.10534746e+00 1.65397497e+02 7.86577835e-03
   4.80032605e-03 3.90201454e-03 3.90201454e-03]]

 [[9.32811512e-05 2.00652988e-01 1.65473458e+02 7.86840774e-03
   4.76846090e-03 3.89953532e-03 3.91459813e-03]
  [4.05512109e-04 6.78373604e-01 1.48797061e+02 7.78103304e-03
   4.69459486e-03 3.85917372e-03 3.85917372e-03]
  [4.05864788e-04 6.79815597e-01 1.48967626e+02 7.78090699e-03
   4.69457784e-03 3.85909142e-03 3.85909142e-03]
  [4.05150077e-04 6.79040008e-01 1.48559164e+02 7.78060919e-03
   4.69425000e-03 3.85844480e-03 3.85844480e-03]]

 [[4.10249380e-04 6.85942966e-01 1.48800841e+02 7.78059192e-03
   4.69291012e-03 3.85783929e-03 3.85783929e-03]
  [1.93343614e-04 3.65486986e-01 1.59301513e+02 7.82759721e-03
   4.73490909e-03 3.88652422e-03 3.88652422e-03]
  [4.09005722e-04 6.83995915e-01 1.48992627e+02 7.78006232e-03
   4.69403938e-03 3.85879337e-03 3.85879337e-03]
  [4.11233837e-04 6.87269230e-01 1.48696852e+02 7.77637294e-03
   4.69440081e-03 3.85840135e-03 3.85840135e-03]]

 [[3.30591619e-04 5.69578667e-01 1.52440786e+02 7.79905691e-03
   4.70800797e-03 3.86797493e-03 3.86797493e-03]
  [9.34601509e-05 2.00826694e-01 1.65572697e+02 7.88285218e-03
   4.73432803e-03 3.90068806e-03 3.90068806e-03]
  [3.63470088e-04 6.14459711e-01 1.51171583e+02 7.79187960e-03
   4.70220166e-03 3.86489109e-03 3.86489109e-03]
  [4.07258378e-04 6.82007103e-01 1.48600196e+02 7.78103026e-03
   4.69359024e-03 3.85822477e-03 3.85822477e-03]]]

Response Table:
[[[4.68600010e-05 1.50491197e-01 1.50859698e+02]
  [4.74080613e-05 1.50638332e-01 1.51138738e+02]]

 [[4.69547039e-05 1.50525147e-01 1.50958464e+02]
  [9.97837712e-05 2.02021957e+00 1.68163947e+02]]]

Refresh Table:
[[[5.14879341e-05 1.50679670e-01 1.51187369e+02]
  [4.13730848e-05 1.39038580e-01 1.57448739e+02]]

 [[4.72702400e-05 1.47145631e-01 1.53139926e+02]
  [1.01420792e-04 2.02241156e+00 1.66980398e+02]]]

Request Buffer Table:
[[[1.37458658e-03 3.28555999e+00 9.96747389e+01]
  [1.35838409e-03 3.24582366e+00 1.00093629e+02]
  [1.36572499e-03 3.26222165e+00 1.00071223e+02]
  [1.37224392e-03 3.27892264e+00 1.00000285e+02]
  [1.36762313e-03 3.26530692e+00 1.00220621e+02]
  [1.36457036e-03 3.25987765e+00 1.00416026e+02]
  [1.34788862e-03 3.22285281e+00 1.00894607e+02]
  [1.34221142e-03 3.20594209e+00 1.01477134e+02]]

 [[1.36650806e-03 3.26469520e+00 9.97270778e+01]
  [1.38137984e-03 3.30164686e+00 9.93313688e+01]
  [1.36594858e-03 3.26609922e+00 1.00008207e+02]
  [1.37253543e-03 3.28229605e+00 9.98768868e+01]
  [1.34697019e-03 3.21948501e+00 1.00700506e+02]
  [1.37017573e-03 3.27318271e+00 1.00079786e+02]
  [1.36362918e-03 3.25690563e+00 1.00143208e+02]
  [1.25916660e-03 3.01451725e+00 1.05261528e+02]]

 [[1.40037571e-03 3.32882548e+00 9.88657750e+01]
  [1.36574423e-03 3.26194683e+00 1.00086184e+02]
  [1.37426033e-03 3.28047223e+00 9.99159725e+01]
  [1.39512081e-03 3.33346872e+00 9.88618889e+01]
  [1.35730827e-03 3.24151331e+00 1.00655608e+02]
  [1.38110978e-03 3.30091545e+00 9.93162036e+01]
  [1.36852274e-03 3.26933413e+00 9.97693093e+01]
  [1.37109900e-03 3.27312955e+00 1.00200156e+02]]

 [[1.37355004e-03 3.27820374e+00 1.00229396e+02]
  [1.36459517e-03 3.25705245e+00 1.00098012e+02]
  [1.36976234e-03 3.27227261e+00 1.00017359e+02]
  [1.37831671e-03 3.29551036e+00 9.91901233e+01]
  [1.01261927e-04 2.49636458e-01 1.66005192e+02]
  [1.38061001e-03 3.29370154e+00 9.97492690e+01]
  [1.37555382e-03 3.28917645e+00 9.96876325e+01]
  [1.36776496e-03 3.26734705e+00 1.00324809e+02]]

 [[1.36800418e-03 3.27099714e+00 9.99230948e+01]
  [1.35119740e-03 3.22826202e+00 1.00801222e+02]
  [1.38998628e-03 3.29028177e+00 9.95296346e+01]
  [7.41204029e-04 1.77609813e+00 1.32734035e+02]
  [1.38142341e-03 3.26768501e+00 9.97768621e+01]
  [1.37563982e-03 3.28630005e+00 9.95334951e+01]
  [1.35800074e-03 3.24542892e+00 1.00205821e+02]
  [1.36477386e-03 3.25532967e+00 1.00316999e+02]]

 [[1.35202746e-03 3.22910199e+00 1.00907108e+02]
  [1.34192023e-03 3.20611652e+00 1.01347281e+02]
  [1.37286227e-03 3.26879561e+00 9.99162994e+01]
  [1.38758144e-03 3.31065486e+00 9.94788602e+01]
  [1.35752142e-03 3.24332552e+00 1.00419378e+02]
  [1.44575885e-04 2.12437705e+00 1.65898362e+02]
  [1.34896663e-03 3.22317050e+00 1.01075280e+02]
  [1.36673403e-03 3.26627616e+00 1.00400930e+02]]

 [[1.37463774e-03 3.28445767e+00 9.94246885e+01]
  [1.35755188e-03 3.24368313e+00 1.00337380e+02]
  [1.37358698e-03 3.28156884e+00 9.98649574e+01]
  [1.37518781e-03 3.28731359e+00 9.96028559e+01]
  [1.35357020e-03 3.23436036e+00 1.00131005e+02]
  [8.60755339e-04 2.08835856e+00 1.25480017e+02]
  [1.38467896e-03 3.30920627e+00 9.93302193e+01]
  [1.41890493e-03 3.38842568e+00 9.80160699e+01]]

 [[1.35622956e-03 3.23990649e+00 1.00071119e+02]
  [1.35978497e-03 3.24935184e+00 1.00259317e+02]
  [1.36173046e-03 3.25345568e+00 1.00347766e+02]
  [1.38490528e-03 3.31136916e+00 9.93573310e+01]
  [1.37515396e-03 3.28795733e+00 9.97328151e+01]
  [1.39990987e-03 3.34480593e+00 9.86890094e+01]
  [1.02753220e-03 2.47502242e+00 1.16746381e+02]
  [1.36746071e-03 3.26912857e+00 9.99614315e+01]]]

Ref Max Post Table:
[[[4.08921593e-04 6.77322832e-01 1.48899858e+02]
  [4.13539421e-04 6.82545049e-01 1.48858824e+02]
  [4.17928078e-04 6.88565679e-01 1.48950673e+02]
  [2.57821705e-04 4.62248447e-01 1.56700266e+02]]

 [[4.13739811e-04 6.83510307e-01 1.48946777e+02]
  [4.10639661e-04 6.78342961e-01 1.48945688e+02]
  [4.09274421e-04 6.73010742e-01 1.49489748e+02]
  [4.14346024e-04 6.83588173e-01 1.49023586e+02]]

 [[3.98558104e-04 6.60581146e-01 1.49794562e+02]
  [4.12950222e-04 6.81472907e-01 1.49154609e+02]
  [4.12762579e-04 6.81224652e-01 1.49185592e+02]
  [4.10109689e-04 6.76245399e-01 1.49134585e+02]]

 [[3.55711818e-04 6.00446147e-01 1.51929615e+02]
  [4.08147236e-04 6.72928310e-01 1.49303433e+02]
  [4.15685009e-04 6.80480777e-01 1.48897699e+02]
  [1.08786216e-04 2.03293488e+00 1.67725911e+02]]]

Ref Max Pull Table:
[[[4.07796979e-04 6.67376133e-01 1.48923080e+02]
  [4.14896422e-04 6.75337539e-01 1.48965157e+02]
  [4.23615405e-04 6.84300391e-01 1.48885728e+02]
  [2.13250798e-04 3.96976374e-01 1.58993729e+02]]

 [[4.13152901e-04 6.73808688e-01 1.49279547e+02]
  [4.15621633e-04 6.76096622e-01 1.48858074e+02]
  [4.12966417e-04 6.72553557e-01 1.49207340e+02]
  [1.22833502e-04 2.05569109e+00 1.66982293e+02]]

 [[4.11273994e-04 6.71761420e-01 1.48796229e+02]
  [4.16477162e-04 6.78157639e-01 1.49164486e+02]
  [4.20260089e-04 6.79958732e-01 1.49135873e+02]
  [4.21402245e-04 6.83210512e-01 1.49136449e+02]]

 [[4.09460381e-04 6.69497176e-01 1.49485617e+02]
  [6.48874660e-05 1.50946267e-01 1.67150580e+02]
  [4.15893716e-04 6.77974859e-01 1.49166809e+02]
  [4.19382535e-04 6.83982042e-01 1.49154896e+02]]]

Max Activate Table:
[[[1.37279370e-03 3.28047976e+00 9.94156523e+01 5.21255820e-03
   3.14720292e-03 2.58636758e-03 2.58636758e-03]
  [1.36682305e-03 3.25795255e+00 9.98222874e+01 5.23252436e-03
   3.15875272e-03 2.59580766e-03 2.59580766e-03]
  [1.38479926e-03 3.30765749e+00 9.93470820e+01 5.19077599e-03
   3.13323269e-03 2.57454706e-03 2.57454706e-03]
  [1.36311269e-03 3.25525530e+00 1.00044859e+02 5.23432195e-03
   3.16024349e-03 2.59698430e-03 2.59698430e-03]
  [1.38615936e-03 3.31244880e+00 9.92235377e+01 5.18684857e-03
   3.13080838e-03 2.57267185e-03 2.57267185e-03]
  [1.38064461e-03 3.30040519e+00 9.93812958e+01 5.19859881e-03
   3.13647229e-03 2.57760987e-03 2.57760987e-03]
  [1.35944729e-03 3.24797584e+00 1.00601854e+02 5.24388698e-03
   3.16256995e-03 2.59953542e-03 2.59953542e-03]
  [1.34261583e-03 3.21103598e+00 1.00869593e+02 5.27512031e-03
   3.18182351e-03 2.61557878e-03 2.61557878e-03]]

 [[1.38318162e-03 3.30296212e+00 9.88771927e+01 5.19433059e-03
   3.13603497e-03 2.57690326e-03 2.57690326e-03]
  [1.39682069e-03 3.32526942e+00 9.93195363e+01 5.17575036e-03
   3.12392886e-03 2.56732279e-03 2.56732279e-03]
  [1.36679247e-03 3.26597966e+00 9.97859169e+01 5.22595223e-03
   3.15400570e-03 2.59210939e-03 2.59210939e-03]
  [1.40083195e-03 3.34749096e+00 9.86447506e+01 5.15832690e-03
   3.11277808e-03 2.55765207e-03 2.55765207e-03]
  [1.34497894e-03 3.21304059e+00 1.00905987e+02 5.27069185e-03
   3.18085167e-03 2.61420817e-03 2.61420817e-03]
  [1.37439712e-03 3.24935869e+00 1.00263555e+02 5.24134588e-03
   3.16229172e-03 2.59905932e-03 2.59905932e-03]
  [1.37409781e-03 3.28236264e+00 9.97728894e+01 5.21367054e-03
   3.14584527e-03 2.58526814e-03 2.58526814e-03]
  [1.36422825e-03 3.25994604e+00 1.00126846e+02 5.23296371e-03
   3.15677672e-03 2.59451419e-03 2.59451419e-03]]

 [[1.36120410e-03 3.25373239e+00 1.00428873e+02 5.23859636e-03
   3.15962859e-03 2.59724720e-03 2.59724720e-03]
  [1.38372711e-03 3.30308358e+00 9.91539664e+01 5.19561363e-03
   3.13520186e-03 2.57641548e-03 2.57641548e-03]
  [1.35770757e-03 3.24479612e+00 1.00252488e+02 5.24230744e-03
   3.16593344e-03 2.60143347e-03 2.60143347e-03]
  [1.39382245e-03 3.32759135e+00 9.90051319e+01 5.17186288e-03
   3.12308547e-03 2.56665421e-03 2.56665421e-03]
  [1.36941094e-03 3.27061734e+00 9.96441976e+01 5.22039479e-03
   3.15223617e-03 2.59031699e-03 2.59031699e-03]
  [1.35668176e-03 3.24396552e+00 1.00267616e+02 5.24669186e-03
   3.16510649e-03 2.60138364e-03 2.60138364e-03]
  [1.35544519e-03 3.23674481e+00 1.00471797e+02 5.25304860e-03
   3.16880024e-03 2.60436137e-03 2.60436137e-03]
  [1.37047331e-03 3.27626699e+00 1.00409948e+02 5.21858730e-03
   3.14850510e-03 2.58794890e-03 2.58794890e-03]]

 [[1.36118038e-03 3.25239171e+00 9.98962846e+01 5.23647377e-03
   3.16162439e-03 2.59804650e-03 2.59804650e-03]
  [1.34724578e-03 3.21901900e+00 1.00893751e+02 5.26633298e-03
   3.17809060e-03 2.61181032e-03 2.61181032e-03]
  [1.35818803e-03 3.24778432e+00 1.00392913e+02 5.24141375e-03
   3.16396439e-03 2.59997080e-03 2.59997080e-03]
  [1.38885791e-03 3.31531296e+00 9.90159843e+01 5.18347780e-03
   3.12964598e-03 2.57142814e-03 2.57142814e-03]
  [1.36450680e-03 3.25883880e+00 1.00180946e+02 5.23290233e-03
   3.15744728e-03 2.59482926e-03 2.59482926e-03]
  [1.37932608e-03 3.29373793e+00 9.95673822e+01 5.20179967e-03
   3.14070464e-03 2.58054339e-03 2.58054339e-03]
  [1.36118304e-03 3.25080684e+00 1.00274408e+02 5.23698985e-03
   3.16262941e-03 2.59824024e-03 2.59824024e-03]
  [1.35921900e-03 3.24918665e+00 1.00258891e+02 5.24281081e-03
   3.16189585e-03 2.59918338e-03 2.59918338e-03]]

 [[1.36551756e-03 3.26118754e+00 9.96828126e+01 5.23159693e-03
   3.15589087e-03 2.59392237e-03 2.59392237e-03]
  [1.37850784e-03 3.28835287e+00 9.91525338e+01 5.20587276e-03
   3.14339535e-03 2.58287566e-03 2.58287566e-03]
  [1.34990528e-03 3.22628312e+00 1.00528092e+02 5.26109708e-03
   3.17433127e-03 2.60906947e-03 2.60906947e-03]
  [1.36323697e-03 3.25666681e+00 1.00019698e+02 5.23388133e-03
   3.15884102e-03 2.59587662e-03 2.59587662e-03]
  [1.37340160e-03 3.27963571e+00 9.96111286e+01 5.21514090e-03
   3.14740320e-03 2.58662620e-03 2.58662620e-03]
  [1.35404494e-03 3.23032334e+00 1.00525123e+02 5.25568896e-03
   3.17225327e-03 2.60738902e-03 2.60738902e-03]
  [1.26374120e-03 3.01846772e+00 1.05219127e+02 5.43743216e-03
   3.28021146e-03 2.69574761e-03 2.69574761e-03]
  [1.36021665e-03 3.25006635e+00 1.00390720e+02 5.24150719e-03
   3.16200011e-03 2.59911200e-03 2.59911200e-03]]

 [[1.36805427e-03 3.27191038e+00 9.98851432e+01 5.22427002e-03
   3.15039405e-03 2.58936508e-03 2.58936508e-03]
  [1.39277397e-03 3.32950959e+00 9.87077684e+01 5.17283743e-03
   3.12162824e-03 2.56535676e-03 2.56535676e-03]
  [1.36656921e-03 3.26398285e+00 9.96053399e+01 5.22959184e-03
   3.15492325e-03 2.59302104e-03 2.59302104e-03]
  [1.36761240e-03 3.26778671e+00 9.99244463e+01 5.22494346e-03
   3.15334289e-03 2.59129716e-03 2.59129716e-03]
  [1.37914835e-03 3.29552985e+00 9.97287760e+01 5.20215720e-03
   3.13901871e-03 2.57977012e-03 2.57977012e-03]
  [1.37473748e-03 3.28407793e+00 9.94989496e+01 5.21191209e-03
   3.14513045e-03 2.58455929e-03 2.58455929e-03]
  [9.79951393e-05 2.02137940e+00 1.68189928e+02 7.87687130e-03
   4.82280085e-03 3.90825207e-03 3.91570816e-03]
  [1.35878054e-03 3.24707636e+00 1.00582818e+02 5.24491125e-03
   3.16297161e-03 2.60005585e-03 2.60005585e-03]]

 [[1.34809411e-03 3.22146500e+00 1.00592425e+02 5.26455977e-03
   3.17698784e-03 2.61130640e-03 2.61130640e-03]
  [1.35603190e-03 3.23924562e+00 1.00494868e+02 5.24937378e-03
   3.16744020e-03 2.60282466e-03 2.60282466e-03]
  [1.37475288e-03 3.28506335e+00 9.95443930e+01 5.21102469e-03
   3.14371799e-03 2.58423787e-03 2.58423787e-03]
  [1.34826633e-03 3.22120043e+00 1.00578469e+02 5.26105924e-03
   3.17883209e-03 2.61155016e-03 2.61155016e-03]
  [1.35492084e-03 3.23129323e+00 1.00703460e+02 5.25638129e-03
   3.17191019e-03 2.60671236e-03 2.60671236e-03]
  [3.99661243e-05 1.16519954e-01 1.68362249e+02 7.88786435e-03
   4.77348467e-03 3.90635155e-03 3.92141437e-03]
  [1.35061872e-03 3.22618549e+00 1.00505559e+02 5.26046732e-03
   3.17445706e-03 2.60891325e-03 2.60891325e-03]
  [1.36223381e-03 3.25214583e+00 1.00224078e+02 5.23687320e-03
   3.16170747e-03 2.59833318e-03 2.59833318e-03]]

 [[1.36840528e-03 3.27073565e+00 9.94435112e+01 5.22375428e-03
   3.15166066e-03 2.59035419e-03 2.59035419e-03]
  [1.36215301e-03 3.24934992e+00 1.00162309e+02 5.23868706e-03
   3.16356343e-03 2.59924523e-03 2.59924523e-03]
  [1.39053661e-03 3.32294897e+00 9.87252697e+01 5.17778002e-03
   3.12535968e-03 2.56800418e-03 2.56800418e-03]
  [1.36750519e-03 3.26937612e+00 9.97279943e+01 5.22392134e-03
   3.15264195e-03 2.59101903e-03 2.59101903e-03]
  [1.36438926e-03 3.25606473e+00 9.99808534e+01 5.23459680e-03
   3.15931370e-03 2.59635139e-03 2.59635139e-03]
  [1.36311724e-03 3.25898351e+00 1.00261984e+02 5.23406329e-03
   3.15772085e-03 2.59505697e-03 2.59505697e-03]
  [1.36390789e-03 3.25507747e+00 9.99217671e+01 5.23443919e-03
   3.15991952e-03 2.59702534e-03 2.59702534e-03]
  [1.38535588e-03 3.31113557e+00 9.89855269e+01 5.18975291e-03
   3.13075901e-03 2.57301442e-03 2.57301442e-03]]]

Cumulative Reward: 4506.212942583611
