Scheduler Table:
[[[6.50264331e-05 2.79344129e-01 1.38826619e+02 4.78413860e-03
   5.85944026e-02 7.29098627e-03 7.29098627e-03]
  [6.51268117e-05 2.79565924e-01 1.38936332e+02 4.78453658e-03
   5.98465037e-02 7.28745667e-03 7.28745667e-03]
  [6.54006865e-05 2.80194652e-01 1.38981399e+02 4.78545469e-03
   5.73934289e-02 7.29063270e-03 7.29063270e-03]]

 [[6.50460190e-05 2.79305540e-01 1.38847246e+02 4.78148416e-03
   5.92638158e-02 7.29044883e-03 7.29044883e-03]
  [6.47846495e-05 2.78782286e-01 1.39052215e+02 4.78133110e-03
   5.81822223e-02 7.28823372e-03 7.28823372e-03]
  [5.54097499e-05 2.23629171e-01 1.44856591e+02 4.79999520e-03
   5.10585257e-02 7.31541808e-03 7.31541808e-03]]

 [[6.52238860e-05 2.79933055e-01 1.38981237e+02 4.78491430e-03
   5.83392365e-02 7.28916006e-03 7.28916006e-03]
  [6.47267312e-05 2.69832140e-01 1.40196695e+02 4.78672315e-03
   5.65156370e-02 7.29501926e-03 7.29501926e-03]
  [4.08706179e-05 1.20670761e-01 1.53058247e+02 4.84389271e-03
   8.76798573e-02 7.24339507e-03 7.30809462e-03]]]

Buffer Table:
[[[6.41425502e-05 2.79065916e-01 1.38906792e+02 4.78378878e-03
   5.95673202e-02 7.28808042e-03 7.28808042e-03]
  [6.19299148e-05 2.44627038e-01 1.42382869e+02 4.79582627e-03
   5.46925778e-02 7.29960763e-03 7.29960763e-03]
  [6.37949241e-05 2.78282243e-01 1.39056128e+02 4.78249454e-03
   5.88453540e-02 7.29360776e-03 7.29360776e-03]]

 [[6.38759986e-05 2.78388959e-01 1.39131777e+02 4.78354519e-03
   5.82601757e-02 7.29338208e-03 7.29338208e-03]
  [4.11463582e-05 1.47600814e-01 1.50523638e+02 4.82987229e-03
   8.99327277e-02 7.23902065e-03 7.30372020e-03]
  [6.36167029e-05 2.72210733e-01 1.39793699e+02 4.79089042e-03
   6.39715320e-02 7.29319717e-03 7.29319717e-03]]

 [[6.42665875e-05 2.79317151e-01 1.38958197e+02 4.78080542e-03
   5.88127463e-02 7.28892077e-03 7.28892077e-03]
  [5.88317331e-05 2.32250593e-01 1.44107284e+02 4.80052433e-03
   6.86467652e-02 7.30843951e-03 7.30843951e-03]
  [6.41091589e-05 2.78977421e-01 1.39027241e+02 4.78740974e-03
   5.91515356e-02 7.29338175e-03 7.29338175e-03]]]

Arbiter Table:
[[[6.03749292e-05 2.41261293e-01 1.43217548e+02 4.79386302e-03
   6.00658434e-02 7.30787267e-03 7.30787267e-03]
  [3.83336154e-05 1.15574237e-01 1.54149775e+02 4.83661070e-03
   9.02584201e-02 7.28797962e-03 7.35267917e-03]
  [6.52714519e-05 2.70394350e-01 1.39862219e+02 4.78491363e-03
   5.77131967e-02 7.29522154e-03 7.29522154e-03]]

 [[3.83947512e-05 1.15627212e-01 1.54188777e+02 4.83956854e-03
   4.03542495e-02 7.29521631e-03 7.29521631e-03]
  [5.90644327e-05 2.43188107e-01 1.42750208e+02 4.79547621e-03
   5.55619325e-02 7.31100885e-03 7.31100885e-03]
  [6.53947153e-05 2.78107835e-01 1.38976857e+02 4.78801572e-03
   5.75794165e-02 7.29098432e-03 7.29098432e-03]]

 [[6.48504274e-05 2.28922617e-01 1.44423727e+02 4.80056394e-03
   5.53576616e-02 7.31304807e-03 7.31304807e-03]
  [6.56920596e-05 2.78825987e-01 1.38913464e+02 4.78879997e-03
   5.86924187e-02 7.28504768e-03 7.28504768e-03]
  [6.60725221e-05 2.79589921e-01 1.38935096e+02 4.78620936e-03
   5.73756094e-02 7.28795949e-03 7.28795949e-03]]]

Page Table:
[[[9.42194839e-05 3.82999712e-01 1.40848154e+02 4.63397728e-03
   5.89174132e-02 7.05336540e-03 7.05336540e-03]
  [4.06277015e-05 1.27543457e-01 1.53541484e+02 4.82590525e-03
   9.00639100e-02 7.27280934e-03 7.33750889e-03]
  [1.30739886e-04 5.75770528e-01 1.29638861e+02 4.47862234e-03
   5.43760595e-02 6.81678625e-03 6.81678625e-03]
  [1.29088814e-04 5.67612197e-01 1.30206352e+02 4.48035997e-03
   5.51745704e-02 6.82795643e-03 6.82795643e-03]]

 [[4.06928899e-05 1.27617576e-01 1.53579412e+02 4.82884418e-03
   4.01593957e-02 7.28001923e-03 7.28001923e-03]
  [1.29463296e-04 5.69310608e-01 1.29969254e+02 4.47807666e-03
   5.48270785e-02 6.82291979e-03 6.82291979e-03]
  [1.25800904e-04 5.44984232e-01 1.31267897e+02 4.50208922e-03
   5.46166778e-02 6.85120218e-03 6.85120218e-03]
  [1.28628728e-04 5.65641192e-01 1.30159359e+02 4.48047643e-03
   5.59878086e-02 6.82925538e-03 6.82925538e-03]]

 [[1.31159145e-04 5.73831959e-01 1.29906516e+02 4.47421377e-03
   5.70181561e-02 6.81461504e-03 6.81461504e-03]
  [1.00295749e-04 3.98093100e-01 1.40010497e+02 4.62080704e-03
   5.24356297e-02 7.03392919e-03 7.03392919e-03]
  [1.30608559e-04 5.73461796e-01 1.29741533e+02 4.47738967e-03
   5.57622888e-02 6.81919400e-03 6.81919400e-03]
  [1.30244079e-04 5.72250671e-01 1.29947524e+02 4.47893255e-03
   5.45305281e-02 6.82082656e-03 6.82082656e-03]]

 [[1.13444938e-04 4.84257918e-01 1.34878174e+02 4.54762534e-03
   5.51698657e-02 6.92580832e-03 6.92580832e-03]
  [1.29699014e-04 5.69739512e-01 1.30042388e+02 4.47676946e-03
   5.56996198e-02 6.82336597e-03 6.82336597e-03]
  [1.30208865e-04 5.71781620e-01 1.29765948e+02 4.48071586e-03
   5.52065531e-02 6.82075907e-03 6.82075907e-03]
  [1.29400996e-04 5.68694354e-01 1.29883948e+02 4.47161370e-03
   5.74751552e-02 6.82587972e-03 6.82587972e-03]]]

Response Table:
[[[3.84420862e-05 1.59324983e-01 1.40369952e+02]
  [3.79089719e-05 1.59059824e-01 1.40447043e+02]]

 [[3.78701550e-05 1.59012771e-01 1.40527282e+02]
  [3.87407689e-05 1.12790237e-01 1.53831115e+02]]]

Refresh Table:
[[[4.13394753e-05 1.44435233e-01 1.47335634e+02]
  [3.82197210e-05 1.14708384e-01 1.54135599e+02]]

 [[3.82806557e-05 1.14759829e-01 1.54174575e+02]
  [3.90846820e-05 1.59231295e-01 1.40386443e+02]]]

Request Buffer Table:
[[[1.66766080e-04 7.71275634e-01 6.68991135e+01]
  [1.66359505e-04 7.67941525e-01 6.73806030e+01]
  [1.55904476e-04 7.22607404e-01 7.37117027e+01]
  [1.67618439e-04 7.70933331e-01 6.72300842e+01]
  [1.66472567e-04 7.70325638e-01 6.73204918e+01]
  [1.66116995e-04 7.67431203e-01 6.76574576e+01]
  [1.66141210e-04 7.68999754e-01 6.74788697e+01]
  [1.66952877e-04 7.71076745e-01 6.72530441e+01]]

 [[1.66577372e-04 7.69978521e-01 6.70724420e+01]
  [1.67400256e-04 7.71949340e-01 6.70824353e+01]
  [1.52501895e-04 7.01640411e-01 7.65109237e+01]
  [1.67761445e-04 7.74217920e-01 6.68866091e+01]
  [1.66466556e-04 7.68031304e-01 6.75872050e+01]
  [1.67036027e-04 7.71449804e-01 6.71443220e+01]
  [1.67958912e-04 7.74395466e-01 6.68298674e+01]
  [1.66554238e-04 7.69503902e-01 6.73214668e+01]]

 [[1.67089396e-04 7.71244878e-01 6.71320147e+01]
  [1.65813029e-04 7.67240479e-01 6.74704354e+01]
  [1.67030162e-04 7.70420806e-01 6.74283316e+01]
  [1.72820324e-04 7.70596286e-01 6.73039309e+01]
  [1.17875072e-04 5.16182692e-01 1.01655282e+02]
  [1.66553844e-04 7.69405509e-01 6.74779553e+01]
  [1.67506061e-04 7.72884713e-01 6.69360307e+01]
  [1.66526835e-04 7.69066349e-01 6.75300432e+01]]

 [[1.67877875e-04 7.76977482e-01 6.63056528e+01]
  [1.67815300e-04 7.74183589e-01 6.66083606e+01]
  [1.66308675e-04 7.69051147e-01 6.74683566e+01]
  [1.75154006e-04 7.72120113e-01 6.69259252e+01]
  [1.65146568e-04 7.64611936e-01 6.80517013e+01]
  [1.74337958e-04 7.70624061e-01 6.71721624e+01]
  [1.69448438e-04 7.80891289e-01 6.59512882e+01]
  [1.67393630e-04 7.73670971e-01 6.67481243e+01]]

 [[1.64905723e-04 7.62241366e-01 6.81642429e+01]
  [1.65335309e-04 7.64206263e-01 6.80488284e+01]
  [1.66565689e-04 7.69375314e-01 6.71951279e+01]
  [1.65406017e-04 7.66056334e-01 6.78859759e+01]
  [3.89913268e-05 1.14146325e-01 1.53648023e+02]
  [1.66134065e-04 7.67900345e-01 6.75346212e+01]
  [1.65223703e-04 7.64760056e-01 6.80694351e+01]
  [1.65725027e-04 7.67674989e-01 6.76005877e+01]]

 [[1.66459398e-04 7.70528381e-01 6.72247379e+01]
  [1.65845115e-04 7.66609929e-01 6.75710454e+01]
  [1.66277496e-04 7.69237608e-01 6.74400558e+01]
  [1.67428091e-04 7.72242792e-01 6.70304637e+01]
  [1.39925693e-04 6.34895316e-01 8.58125986e+01]
  [1.66252807e-04 7.67362964e-01 6.77773620e+01]
  [1.67064002e-04 7.71162811e-01 6.71949271e+01]
  [1.66604746e-04 7.69333900e-01 6.75353074e+01]]

 [[1.67154821e-04 7.72259678e-01 6.68291644e+01]
  [1.69125997e-04 7.82630359e-01 6.57549638e+01]
  [1.67996083e-04 7.74159281e-01 6.66592757e+01]
  [1.70229592e-04 7.73923884e-01 6.67574144e+01]
  [1.65749368e-04 7.67539089e-01 6.76239980e+01]
  [1.64234567e-04 7.60992385e-01 6.83786382e+01]
  [1.70137652e-04 7.78220555e-01 6.66181223e+01]
  [1.70811576e-04 7.83026352e-01 6.58090922e+01]]

 [[1.66444538e-04 7.68967173e-01 6.72004568e+01]
  [1.67503860e-04 7.71437985e-01 6.69865553e+01]
  [1.65937235e-04 7.64201867e-01 6.80255332e+01]
  [1.68333695e-04 7.79590354e-01 6.61254839e+01]
  [1.66761611e-04 7.71231854e-01 6.71009323e+01]
  [1.68120036e-04 7.75656027e-01 6.65688376e+01]
  [1.65620408e-04 7.66271720e-01 6.78703931e+01]
  [1.66503713e-04 7.69429130e-01 6.75723211e+01]]]

Ref Max Post Table:
[[[1.29568672e-04 5.81572428e-01 1.29889977e+02]
  [1.30803039e-04 5.82881554e-01 1.29889556e+02]
  [1.34762757e-04 5.91815010e-01 1.29731580e+02]
  [1.08300889e-04 4.83835766e-01 1.35093231e+02]]

 [[1.30373235e-04 5.81220115e-01 1.29900671e+02]
  [1.29284815e-04 5.77365280e-01 1.30098969e+02]
  [1.29986655e-04 5.80071008e-01 1.30103225e+02]
  [1.13669522e-04 4.76255176e-01 1.35996194e+02]]

 [[1.32403378e-04 5.84360580e-01 1.29874374e+02]
  [1.30541407e-04 5.82088720e-01 1.30017861e+02]
  [1.30497447e-04 5.82192767e-01 1.29916893e+02]
  [1.06787212e-04 4.78397858e-01 1.35555006e+02]]

 [[1.29092988e-04 5.77956106e-01 1.30166747e+02]
  [1.27539019e-04 5.71101976e-01 1.30504100e+02]
  [1.29415937e-04 5.77073048e-01 1.30222117e+02]
  [4.91941253e-05 1.58778254e-01 1.51337206e+02]]]

Ref Max Pull Table:
[[[1.03000140e-04 4.60780473e-01 1.36388259e+02]
  [1.30682094e-04 5.79768294e-01 1.30133805e+02]
  [1.31735458e-04 5.85905388e-01 1.29949098e+02]
  [5.53108667e-05 2.03870429e-01 1.49489459e+02]]

 [[1.30426496e-04 5.78114199e-01 1.30186126e+02]
  [1.31005658e-04 5.82289619e-01 1.30040461e+02]
  [1.30241178e-04 5.79802417e-01 1.30088846e+02]
  [9.87225795e-05 4.40335478e-01 1.37753557e+02]]

 [[1.31748623e-04 5.82662742e-01 1.29885027e+02]
  [1.30921482e-04 5.81495288e-01 1.30068754e+02]
  [1.30890957e-04 5.83703765e-01 1.29922022e+02]
  [1.09785464e-04 4.54356597e-01 1.36854231e+02]]

 [[5.52199006e-05 2.03661844e-01 1.49458743e+02]
  [1.30100704e-04 5.77973273e-01 1.30297266e+02]
  [1.30058917e-04 5.79155333e-01 1.30228948e+02]
  [1.30884224e-04 5.81091872e-01 1.30128139e+02]]]

Max Activate Table:
[[[1.69162067e-04 7.72124788e-01 6.64236072e+01 2.28509269e-03
   2.84001516e-02 3.48934125e-03 3.48934125e-03]
  [1.67079269e-04 7.63340973e-01 6.74293456e+01 2.32995239e-03
   2.85379277e-02 3.54533099e-03 3.54533099e-03]
  [1.69462583e-04 7.75826736e-01 6.59748354e+01 2.26976826e-03
   2.92657800e-02 3.46502730e-03 3.46502730e-03]
  [1.68851743e-04 7.65123867e-01 6.72867759e+01 2.31505561e-03
   2.89138351e-02 3.52982213e-03 3.52982213e-03]
  [1.69173191e-04 7.74997150e-01 6.62299502e+01 2.28475731e-03
   3.48782500e-02 3.46841433e-03 3.46841433e-03]
  [1.65408410e-04 7.57121110e-01 6.81563449e+01 2.34928385e-03
   3.04306880e-02 3.58184026e-03 3.58184026e-03]
  [1.66745634e-04 7.62874504e-01 6.76133658e+01 2.33149963e-03
   2.93079781e-02 3.54586315e-03 3.54586315e-03]
  [1.66988164e-04 7.63794969e-01 6.74346407e+01 2.32688171e-03
   3.09757000e-02 3.54351500e-03 3.54351500e-03]]

 [[1.68977518e-04 7.73622010e-01 6.60870042e+01 2.28459802e-03
   2.86061443e-02 3.48085494e-03 3.48085494e-03]
  [1.69462807e-04 7.75343981e-01 6.60556611e+01 2.28646482e-03
   2.78853190e-02 3.47039805e-03 3.47039805e-03]
  [1.68117672e-04 7.70177806e-01 6.68075929e+01 2.29816701e-03
   2.84657501e-02 3.50249052e-03 3.50249052e-03]
  [1.70187014e-04 7.79243212e-01 6.56787247e+01 2.26787144e-03
   3.19812367e-02 3.44703600e-03 3.44703600e-03]
  [1.66016628e-04 7.60210863e-01 6.79280886e+01 2.33932758e-03
   2.96317744e-02 3.56163294e-03 3.56163294e-03]
  [1.66770299e-04 7.59525111e-01 6.79594825e+01 2.34855109e-03
   2.89771720e-02 3.56884558e-03 3.56884558e-03]
  [1.71449482e-04 7.71205000e-01 6.67334825e+01 2.29157353e-03
   2.80474259e-02 3.49507000e-03 3.49507000e-03]
  [1.67797006e-04 7.65619524e-01 6.71304147e+01 2.31423281e-03
   3.07976043e-02 3.53079357e-03 3.53079357e-03]]

 [[1.67536196e-04 7.67198100e-01 6.71144483e+01 2.31085357e-03
   3.21016037e-02 3.52163208e-03 3.52163208e-03]
  [1.69053927e-04 7.71747576e-01 6.62541787e+01 2.29271008e-03
   2.99542684e-02 3.49340513e-03 3.49340513e-03]
  [1.66813017e-04 7.62038390e-01 6.76658070e+01 2.32841268e-03
   3.03807068e-02 3.55240149e-03 3.55240149e-03]
  [1.69256687e-04 7.73687739e-01 6.63303693e+01 2.28638349e-03
   2.95855061e-02 3.48129217e-03 3.48129217e-03]
  [1.66958974e-04 7.65200039e-01 6.73411604e+01 2.31443311e-03
   2.87456243e-02 3.53347949e-03 3.53347949e-03]
  [1.64946395e-04 7.55478188e-01 6.83448100e+01 2.36127714e-03
   2.93159556e-02 3.58936692e-03 3.58936692e-03]
  [1.69497444e-04 7.67144215e-01 6.70960571e+01 2.31286029e-03
   2.93222991e-02 3.52382465e-03 3.52382465e-03]
  [1.70479277e-04 7.70927653e-01 6.66113604e+01 2.28798451e-03
   3.63013496e-02 3.49787618e-03 3.49787618e-03]]

 [[1.67329662e-04 7.65960148e-01 6.70370784e+01 2.31084168e-03
   3.15840254e-02 3.52578141e-03 3.52578141e-03]
  [1.67859457e-04 7.67587065e-01 6.68914498e+01 2.30964349e-03
   2.86533460e-02 3.51816601e-03 3.51816601e-03]
  [1.66636815e-04 7.62331932e-01 6.75846183e+01 2.32731868e-03
   3.10549026e-02 3.54912647e-03 3.54912647e-03]
  [1.69003722e-04 7.72316685e-01 6.64100589e+01 2.29793159e-03
   3.22825087e-02 3.48957870e-03 3.48957870e-03]
  [1.66752786e-04 7.62778193e-01 6.76653840e+01 2.32996298e-03
   3.00165281e-02 3.54226601e-03 3.54226601e-03]
  [1.66059567e-04 7.58868889e-01 6.81542005e+01 2.34072769e-03
   2.90191285e-02 3.57101654e-03 3.57101654e-03]
  [1.78811886e-04 7.69782094e-01 6.69150000e+01 2.30556244e-03
   2.89657143e-02 3.50801299e-03 3.50801299e-03]
  [1.67813666e-04 7.66536255e-01 6.71382630e+01 2.32188540e-03
   3.06367558e-02 3.52424357e-03 3.52424357e-03]]

 [[1.68150358e-04 7.71032280e-01 6.66616924e+01 2.29552914e-03
   2.89419586e-02 3.49640348e-03 3.49640348e-03]
  [1.69008210e-04 7.68924562e-01 6.66320499e+01 2.30524161e-03
   2.87372622e-02 3.51015555e-03 3.51015555e-03]
  [1.66760753e-04 7.63168851e-01 6.75077878e+01 2.32795134e-03
   2.91055842e-02 3.54262876e-03 3.54262876e-03]
  [1.67263602e-04 7.65449138e-01 6.72112591e+01 2.31580291e-03
   2.95680520e-02 3.53018898e-03 3.53018898e-03]
  [1.68395285e-04 7.71372690e-01 6.64621192e+01 2.29453947e-03
   2.90203927e-02 3.49324988e-03 3.49324988e-03]
  [1.61507168e-04 7.41289677e-01 7.04981978e+01 2.41406211e-03
   3.08924670e-02 3.68513299e-03 3.68513299e-03]
  [1.66185357e-04 7.60738643e-01 6.77350671e+01 2.33629977e-03
   3.04189465e-02 3.55337457e-03 3.55337457e-03]
  [1.68866205e-04 7.67664718e-01 6.71394902e+01 2.30574701e-03
   2.94803985e-02 3.51862618e-03 3.51862618e-03]]

 [[1.67199015e-04 7.65665771e-01 6.69605343e+01 2.32100956e-03
   2.86187972e-02 3.52921706e-03 3.52921706e-03]
  [1.66585965e-04 7.62757619e-01 6.77490067e+01 2.32647032e-03
   2.92665973e-02 3.55000182e-03 3.55000182e-03]
  [1.67114160e-04 7.62842708e-01 6.75404455e+01 2.33131252e-03
   2.95299250e-02 3.54926975e-03 3.54926975e-03]
  [1.66685128e-04 7.62564791e-01 6.76958108e+01 2.32649899e-03
   2.90606388e-02 3.54866654e-03 3.54866654e-03]
  [1.66874493e-04 7.60406031e-01 6.78153561e+01 2.33760418e-03
   2.94348029e-02 3.56194221e-03 3.56194221e-03]
  [7.07032970e-05 2.80464172e-01 1.31418072e+02 4.19690307e-03
   8.34735515e-02 6.27495698e-03 6.33965653e-03]
  [1.58446720e-04 7.16662854e-01 7.38316516e+01 2.51445048e-03
   3.03458180e-02 3.82353710e-03 3.82353710e-03]
  [1.67576863e-04 7.62001039e-01 6.78035222e+01 2.33150222e-03
   2.97107667e-02 3.55123580e-03 3.55123580e-03]]

 [[1.71061367e-04 7.65043277e-01 6.72258327e+01 2.32372386e-03
   2.92197229e-02 3.53742306e-03 3.53742306e-03]
  [1.66340657e-04 7.60302961e-01 6.78634539e+01 2.33349724e-03
   3.00075832e-02 3.56305845e-03 3.56305845e-03]
  [1.68107623e-04 7.69074034e-01 6.68459005e+01 2.29399539e-03
   2.95457602e-02 3.50935169e-03 3.50935169e-03]
  [1.66907202e-04 7.63988206e-01 6.73644934e+01 2.32406613e-03
   3.03483836e-02 3.52973208e-03 3.52973208e-03]
  [1.70314483e-04 7.79470827e-01 6.55523711e+01 2.25803471e-03
   2.87227982e-02 3.44318137e-03 3.44318137e-03]
  [1.21810479e-04 5.28925031e-01 9.90667423e+01 3.24038158e-03
   3.47866602e-02 4.91847184e-03 4.91847184e-03]
  [1.71565663e-04 7.65578460e-01 6.72445150e+01 2.31456872e-03
   3.03854716e-02 3.53351688e-03 3.53351688e-03]
  [1.68870734e-04 7.69773416e-01 6.68332626e+01 2.30603670e-03
   2.90366265e-02 3.50532003e-03 3.50532003e-03]]

 [[1.67097263e-04 7.64624434e-01 6.72046074e+01 2.31449523e-03
   3.10631833e-02 3.53769726e-03 3.53769726e-03]
  [1.68380959e-04 7.70349082e-01 6.65731846e+01 2.30213136e-03
   2.98227009e-02 3.50316318e-03 3.50316318e-03]
  [1.68915269e-04 7.69187497e-01 6.69752918e+01 2.30105950e-03
   2.90991640e-02 3.50987696e-03 3.50987696e-03]
  [1.67601875e-04 7.64511702e-01 6.74386021e+01 2.32475468e-03
   3.09408899e-02 3.53496651e-03 3.53496651e-03]
  [1.68089116e-04 7.68536543e-01 6.68210002e+01 2.29941537e-03
   2.87906075e-02 3.51173999e-03 3.51173999e-03]
  [1.65583229e-04 7.58168266e-01 6.80935710e+01 2.35213608e-03
   3.04047949e-02 3.57708616e-03 3.57708616e-03]
  [1.70247917e-04 7.65195324e-01 6.73862424e+01 2.31731687e-03
   2.92972865e-02 3.53454665e-03 3.53454665e-03]
  [1.68629150e-04 7.70652677e-01 6.68179091e+01 2.30638102e-03
   2.93477426e-02 3.50044040e-03 3.50044040e-03]]]

Cumulative Reward: 6039.950971810958
