Scheduler Table:
[[[3.74127412e-05 1.22936222e-01 1.23927967e+02 6.72695340e-03
   6.59765492e-03 3.35626370e-03 3.35626370e-03]
  [4.80879553e-05 1.22408098e-01 1.23931974e+02 6.69156863e-03
   6.63523815e-03 3.35735094e-03 3.35735094e-03]
  [3.98239537e-05 1.22826553e-01 1.23906349e+02 6.70926442e-03
   6.60062561e-03 3.35653602e-03 3.35653602e-03]]

 [[3.78591356e-05 1.22322944e-01 1.23894382e+02 6.68706642e-03
   6.64492140e-03 3.35755439e-03 3.35755439e-03]
  [8.97057953e-05 3.22639402e+01 1.53844250e+02 8.24501072e-03
   5.88200869e-03 3.34189601e-03 3.34319369e-03]
  [4.45419930e-05 1.11440251e-01 1.37528339e+02 7.18696248e-03
   6.43244420e-03 3.34881317e-03 3.34881317e-03]]

 [[6.41975471e-05 1.23104968e-01 1.23879764e+02 6.70372319e-03
   6.61218771e-03 3.35604229e-03 3.35604229e-03]
  [4.33409623e-05 1.09994409e-01 1.37623826e+02 7.27146393e-03
   6.40758255e-03 3.34788271e-03 3.34788271e-03]
  [3.67176382e-05 1.22828353e-01 1.23874191e+02 6.68973069e-03
   6.64195376e-03 3.35665119e-03 3.35665119e-03]]]

Buffer Table:
[[[4.25064376e-05 1.22495642e-01 1.23933352e+02 6.66706896e-03
   6.64109437e-03 3.35745554e-03 3.35745554e-03]
  [8.88577168e-05 3.22615805e+01 1.55488742e+02 8.24738864e-03
   5.95164571e-03 3.34055870e-03 3.34146433e-03]
  [3.72955812e-05 1.20332051e-01 1.23926594e+02 6.58869996e-03
   6.67026413e-03 3.35991870e-03 3.35991870e-03]]

 [[3.84855881e-05 1.00027416e-01 1.55791310e+02 8.27161483e-03
   5.66930619e-03 3.34016763e-03 3.34147445e-03]
  [4.28857221e-05 1.20496781e-01 1.24062767e+02 6.66248257e-03
   6.60365739e-03 3.35724380e-03 3.35724380e-03]
  [3.36650820e-05 1.17762973e-01 1.23986608e+02 6.53802804e-03
   6.64010691e-03 3.35942934e-03 3.35942934e-03]]

 [[3.38812819e-05 1.19591160e-01 1.23919580e+02 6.62031209e-03
   6.60834893e-03 3.35802464e-03 3.35802464e-03]
  [3.59177514e-05 1.20975067e-01 1.23932585e+02 6.64491262e-03
   6.64507662e-03 3.35758186e-03 3.35758186e-03]
  [3.30839149e-05 1.18450228e-01 1.24238329e+02 6.59828076e-03
   6.61714150e-03 3.35927131e-03 3.35927131e-03]]]

Arbiter Table:
[[[4.46872440e-05 1.23357273e-01 1.23838246e+02 6.65196522e-03
   6.61197206e-03 3.35698144e-03 3.35698144e-03]
  [3.68274919e-05 1.23786004e-01 1.23796033e+02 6.64956695e-03
   6.62264245e-03 3.35663319e-03 3.35663319e-03]
  [9.03928631e-05 3.22624185e+01 1.55301113e+02 8.22179773e-03
   5.97306137e-03 3.34089056e-03 3.34179619e-03]]

 [[4.89472163e-05 1.23533858e-01 1.23830855e+02 6.66739806e-03
   6.59303729e-03 3.35671899e-03 3.35671899e-03]
  [4.50958700e-05 1.23643500e-01 1.23768813e+02 6.64903023e-03
   6.59801478e-03 3.35655741e-03 3.35655741e-03]
  [3.85164558e-05 1.23840092e-01 1.23806589e+02 6.65744347e-03
   6.58610599e-03 3.35652816e-03 3.35652816e-03]]

 [[4.00290349e-05 1.00869904e-01 1.55602667e+02 8.24588554e-03
   5.69083765e-03 3.34050128e-03 3.34180810e-03]
  [3.89972268e-05 1.23699001e-01 1.23806996e+02 6.63717981e-03
   6.59515309e-03 3.35664035e-03 3.35664035e-03]
  [3.99300402e-05 1.10435038e-01 1.30691254e+02 6.85783998e-03
   6.44133403e-03 3.35528913e-03 3.35528913e-03]]]

Page Table:
[[[4.37909689e-05 1.56760742e-01 1.23796012e+02 6.72081381e-03
   6.53561611e-03 3.35315951e-03 3.35315951e-03]
  [3.58237217e-05 1.52174101e-01 1.23801204e+02 6.66071210e-03
   6.58469326e-03 3.35545064e-03 3.35545064e-03]
  [4.27092600e-05 1.50025211e-01 1.23948840e+02 6.69585472e-03
   6.46465641e-03 3.35415053e-03 3.35415053e-03]
  [4.81781439e-05 1.51038560e-01 1.23789547e+02 6.70318036e-03
   6.53560055e-03 3.35436824e-03 3.35436824e-03]]

 [[4.09311506e-05 1.53945481e-01 1.23772536e+02 6.72272711e-03
   6.55757600e-03 3.35385322e-03 3.35385322e-03]
  [3.82606143e-05 1.46184076e-01 1.23784247e+02 6.54482161e-03
   6.70476412e-03 3.36200487e-03 3.36200487e-03]
  [3.72949363e-05 1.53867146e-01 1.23763038e+02 6.74539853e-03
   6.56585966e-03 3.35398999e-03 3.35398999e-03]
  [2.97357981e-05 1.23785985e-01 1.33534088e+02 6.49881984e-03
   6.65026015e-03 3.34854742e-03 3.34854742e-03]]

 [[4.57354541e-05 1.54108946e-01 1.23979757e+02 6.73097848e-03
   6.46086014e-03 3.35337112e-03 3.35337112e-03]
  [3.97278841e-05 1.58957998e-01 1.23802461e+02 6.73837390e-03
   6.52508891e-03 3.35269090e-03 3.35269090e-03]
  [4.68429256e-05 1.56806579e-01 1.23790994e+02 6.74799949e-03
   6.51348471e-03 3.35326348e-03 3.35326348e-03]
  [3.85434398e-05 1.00357619e-01 1.55702293e+02 8.27353114e-03
   5.66821999e-03 3.34021447e-03 3.34152129e-03]]

 [[3.66629250e-05 1.52862694e-01 1.23825902e+02 6.71915537e-03
   6.56429193e-03 3.35383484e-03 3.35383484e-03]
  [3.84498939e-05 1.55006364e-01 1.23756579e+02 6.75411781e-03
   6.53103010e-03 3.35372644e-03 3.35372644e-03]
  [8.89152573e-05 3.22619089e+01 1.55400203e+02 8.24929465e-03
   5.95056535e-03 3.34060529e-03 3.34151092e-03]
  [3.83700201e-05 1.45975521e-01 1.23797307e+02 6.68010028e-03
   6.49286289e-03 3.35497290e-03 3.35497290e-03]]]

Response Table:
[[[8.17185684e-05 3.22714301e+01 1.37843549e+02]
  [4.88258059e-05 1.14505525e-01 1.25562671e+02]]

 [[4.31132428e-05 1.12840121e-01 1.31926360e+02]
  [3.50381020e-05 1.17085487e-01 1.22979315e+02]]]

Refresh Table:
[[[8.79291977e-05 3.22613433e+01 1.57561359e+02]
  [3.69778100e-05 1.17553918e-01 1.22583148e+02]]

 [[3.71626373e-05 1.17577250e-01 1.22616873e+02]
  [3.87490008e-05 1.17529942e-01 1.22517467e+02]]]

Request Buffer Table:
[[[1.03375303e-04 1.79495601e+00 1.04843877e+02]
  [1.07547791e-04 1.84907760e+00 1.04014909e+02]
  [1.04163426e-04 1.82259651e+00 1.04288944e+02]
  [1.03291294e-04 1.81063777e+00 1.04572581e+02]
  [1.05389215e-04 1.78917011e+00 1.04723704e+02]
  [1.03898541e-04 1.79644061e+00 1.05535989e+02]
  [1.07493396e-04 1.84758940e+00 1.04233358e+02]
  [1.05059004e-04 1.87172423e+00 1.03941813e+02]]

 [[1.04234573e-04 1.79082895e+00 1.04853746e+02]
  [1.04834944e-04 1.82090160e+00 1.04303581e+02]
  [1.03305597e-04 1.80849552e+00 1.04812842e+02]
  [3.87183624e-05 1.32733598e-01 1.50655100e+02]
  [1.03455623e-04 1.82556585e+00 1.04453689e+02]
  [1.01674380e-04 1.79192196e+00 1.05507404e+02]
  [1.02700172e-04 1.80344393e+00 1.04840751e+02]
  [1.03723832e-04 1.79879992e+00 1.04830779e+02]]

 [[1.02841395e-04 1.80210254e+00 1.04489662e+02]
  [1.01083213e-04 1.77431660e+00 1.04886436e+02]
  [1.04892677e-04 1.80832829e+00 1.04718701e+02]
  [9.12439479e-05 1.56586054e+00 1.07926714e+02]
  [1.66568661e-05 1.08996080e-01 1.33567082e+02]
  [1.04361419e-04 1.82752487e+00 1.04475995e+02]
  [1.02200540e-04 1.79308976e+00 1.04767663e+02]
  [1.02648352e-04 1.80587884e+00 1.04943257e+02]]

 [[1.03740988e-04 1.80419562e+00 1.04537140e+02]
  [1.02887090e-04 1.79100968e+00 1.04853473e+02]
  [1.03441637e-04 1.82831026e+00 1.04121477e+02]
  [4.68817402e-05 6.71012702e-01 1.22899950e+02]
  [1.05343342e-04 1.83334786e+00 1.04387753e+02]
  [1.02968257e-04 1.79530328e+00 1.05282271e+02]
  [1.04239911e-04 1.80832328e+00 1.04503283e+02]
  [8.91720318e-05 3.22941891e+01 1.49921615e+02]]

 [[1.04115811e-04 1.81421352e+00 1.04230674e+02]
  [1.05083009e-04 1.87857460e+00 1.03843598e+02]
  [7.61505840e-05 1.29393798e+00 1.13205341e+02]
  [1.04833812e-04 1.79265061e+00 1.04785384e+02]
  [1.01780702e-04 1.78328350e+00 1.04837712e+02]
  [1.01892244e-04 1.78654539e+00 1.04878809e+02]
  [1.01464892e-04 1.77507677e+00 1.05087936e+02]
  [1.05366591e-04 1.83339483e+00 1.04759361e+02]]

 [[1.04569384e-04 1.78292873e+00 1.04949136e+02]
  [1.03297361e-04 1.84571660e+00 1.04062187e+02]
  [1.03349339e-04 1.78187139e+00 1.04997489e+02]
  [1.04255525e-04 1.79972849e+00 1.04691361e+02]
  [1.02637414e-04 1.79210427e+00 1.04969468e+02]
  [1.30041074e-04 1.81704384e+00 1.04913429e+02]
  [1.07539813e-04 1.80065360e+00 1.04701579e+02]
  [1.01748707e-04 1.78519569e+00 1.05792434e+02]]

 [[1.07912643e-04 1.90136785e+00 1.03629670e+02]
  [1.02912642e-04 1.78759431e+00 1.04869524e+02]
  [1.02847171e-04 1.78920245e+00 1.04781834e+02]
  [1.03395798e-04 1.79771888e+00 1.04689512e+02]
  [1.02948817e-04 1.79378400e+00 1.05025328e+02]
  [1.02210001e-04 1.80331300e+00 1.04767854e+02]
  [1.01816315e-04 1.78359914e+00 1.05288497e+02]
  [1.03643204e-04 1.77967169e+00 1.05250021e+02]]

 [[1.05691548e-04 1.85190167e+00 1.04208441e+02]
  [3.88268626e-05 1.32836123e-01 1.49711918e+02]
  [1.10822918e-04 1.82403443e+00 1.04552120e+02]
  [1.02640839e-04 1.83789913e+00 1.04136504e+02]
  [1.01290381e-04 1.76005281e+00 1.05175536e+02]
  [1.01418897e-04 1.79000859e+00 1.05208212e+02]
  [1.02880182e-04 1.81557989e+00 1.04860235e+02]
  [1.01368988e-04 1.77087892e+00 1.05141060e+02]]]

Ref Max Post Table:
[[[4.23574972e-05 1.57071999e-01 1.23615530e+02]
  [8.77629375e-05 3.22630166e+01 1.50383980e+02]
  [4.22781420e-05 1.58970017e-01 1.23695816e+02]
  [3.84875819e-05 1.56677469e-01 1.23567855e+02]]

 [[3.23271753e-05 1.32729488e-01 1.24777878e+02]
  [3.03042653e-05 1.24774343e-01 1.25251445e+02]
  [3.84065537e-05 1.55255204e-01 1.23658624e+02]
  [3.74091439e-05 1.01472808e-01 1.50177113e+02]]

 [[2.78949754e-05 1.24695347e-01 1.29560671e+02]
  [3.93608998e-05 1.58156112e-01 1.23597304e+02]
  [6.68336493e-05 1.60269970e-01 1.23588049e+02]
  [3.90292566e-05 1.56594052e-01 1.23618550e+02]]

 [[3.73049625e-05 1.01465825e-01 1.51118877e+02]
  [3.84225096e-05 1.57434495e-01 1.23579322e+02]
  [3.89785437e-05 1.59537126e-01 1.23577979e+02]
  [3.74038388e-05 1.54199309e-01 1.23526427e+02]]]

Ref Max Pull Table:
[[[6.19795455e-05 1.47644190e-01 1.24004984e+02]
  [4.31965864e-05 1.52045064e-01 1.24042771e+02]
  [4.23551135e-05 1.65946147e-01 1.23983256e+02]
  [5.00950188e-05 1.55293553e-01 1.24021499e+02]]

 [[5.20326550e-05 1.55016251e-01 1.24029253e+02]
  [3.79325326e-05 1.52221643e-01 1.24072745e+02]
  [3.56185028e-05 1.48923493e-01 1.24030805e+02]
  [4.11622292e-05 1.54909177e-01 1.24065331e+02]]

 [[3.72893130e-05 1.50857971e-01 1.24024342e+02]
  [3.56384500e-05 1.50314885e-01 1.24072607e+02]
  [3.79432690e-05 1.53799919e-01 1.24053201e+02]
  [3.84214306e-05 1.00000665e-01 1.55793402e+02]]

 [[4.18388255e-05 1.66633559e-01 1.23983996e+02]
  [5.98584699e-05 1.55231759e-01 1.24062644e+02]
  [8.87939043e-05 3.22615539e+01 1.55490822e+02]
  [3.83147406e-05 1.54145487e-01 1.24059277e+02]]]

Max Activate Table:
[[[1.08837897e-04 1.86133837e+00 1.03891603e+02 5.71852816e-03
   5.39645297e-03 2.81410704e-03 2.81410704e-03]
  [4.91479664e-05 6.13849216e-01 1.22047419e+02 6.37849149e-03
   6.31301985e-03 3.20470795e-03 3.20470795e-03]
  [1.02055890e-04 1.84013134e+00 1.04532414e+02 5.71218525e-03
   5.41425696e-03 2.82084723e-03 2.82084723e-03]
  [1.03876504e-04 1.85524864e+00 1.04136586e+02 5.73551405e-03
   5.39607702e-03 2.81619947e-03 2.81619947e-03]
  [1.05157278e-04 1.86280975e+00 1.04465494e+02 5.71351203e-03
   5.40900443e-03 2.81361804e-03 2.81361804e-03]
  [1.03972599e-04 1.85486350e+00 1.04519826e+02 5.72178545e-03
   5.39518501e-03 2.81626460e-03 2.81626460e-03]
  [1.10334808e-04 1.83629022e+00 1.04485636e+02 5.74745498e-03
   5.39725300e-03 2.82148335e-03 2.82148335e-03]
  [1.06266207e-04 1.91972964e+00 1.03991654e+02 5.69927025e-03
   5.35962219e-03 2.79626673e-03 2.79626673e-03]]

 [[1.03897644e-04 1.78119126e+00 1.05227325e+02 5.73228254e-03
   5.48060444e-03 2.83832144e-03 2.83832144e-03]
  [5.28753423e-05 6.73109128e-01 1.26776690e+02 6.36408117e-03
   6.08877311e-03 3.17884621e-03 3.17884621e-03]
  [1.02741395e-04 1.81784638e+00 1.04464509e+02 5.72919088e-03
   5.42090064e-03 2.82743925e-03 2.82743925e-03]
  [1.02330166e-04 1.83786546e+00 1.04333298e+02 5.73460050e-03
   5.43370882e-03 2.82129036e-03 2.82129036e-03]
  [1.03314417e-04 1.86311144e+00 1.03931772e+02 5.70863061e-03
   5.39100713e-03 2.81373608e-03 2.81373608e-03]
  [1.02574053e-04 1.79635868e+00 1.05066007e+02 5.76127216e-03
   5.42516087e-03 2.83390515e-03 2.83390515e-03]
  [1.06154262e-04 1.83353173e+00 1.04636094e+02 5.72556165e-03
   5.38978942e-03 2.82303371e-03 2.82303371e-03]
  [9.21142148e-05 3.24140041e+01 1.45256080e+02 7.53040168e-03
   6.23747320e-03 3.29826179e-03 3.29826179e-03]]

 [[1.05052260e-04 1.80082335e+00 1.05004656e+02 5.73634834e-03
   5.42071500e-03 2.83259894e-03 2.83259894e-03]
  [1.02555666e-04 1.81839436e+00 1.05124376e+02 5.76279583e-03
   5.41973338e-03 2.82721058e-03 2.82721058e-03]
  [1.03704405e-04 1.82007854e+00 1.04725563e+02 5.72527486e-03
   5.39597199e-03 2.82666176e-03 2.82666176e-03]
  [1.04902859e-04 1.85197109e+00 1.04012957e+02 5.72556255e-03
   5.42124682e-03 2.81715407e-03 2.81715407e-03]
  [1.03678968e-04 1.83272532e+00 1.04662581e+02 5.73567287e-03
   5.43719591e-03 2.82283759e-03 2.82283759e-03]
  [1.14417588e-04 1.81073141e+00 1.04962417e+02 5.74681184e-03
   5.41892649e-03 2.82954287e-03 2.82954287e-03]
  [4.17159082e-05 2.53099488e-01 1.44763275e+02 7.55961604e-03
   5.94605123e-03 3.29758433e-03 3.29758433e-03]
  [1.03910696e-04 1.84079097e+00 1.04368734e+02 5.70015355e-03
   5.48511792e-03 2.82034520e-03 2.82034520e-03]]

 [[1.06567612e-04 1.81966876e+00 1.04468297e+02 5.74162337e-03
   5.40663229e-03 2.82672140e-03 2.82672140e-03]
  [1.04088186e-04 1.80638228e+00 1.04677205e+02 5.72826765e-03
   5.42675148e-03 2.83075763e-03 2.83075763e-03]
  [1.01724751e-04 1.80722761e+00 1.05066074e+02 5.75573137e-03
   5.43706265e-03 2.83054045e-03 2.83054045e-03]
  [1.03663470e-04 1.85903863e+00 1.04046329e+02 5.72062800e-03
   5.41278030e-03 2.81481877e-03 2.81481877e-03]
  [1.03982000e-04 1.77966293e+00 1.06515761e+02 5.75732806e-03
   5.41854854e-03 2.83893424e-03 2.83893424e-03]
  [1.03621628e-04 1.86743097e+00 1.03869463e+02 5.73025184e-03
   5.39261850e-03 2.81247031e-03 2.81247031e-03]
  [1.03027226e-04 1.84272635e+00 1.04284600e+02 5.72228770e-03
   5.42183895e-03 2.81979471e-03 2.81979471e-03]
  [1.02888779e-04 1.83245254e+00 1.04391172e+02 5.73904478e-03
   5.40803478e-03 2.82290318e-03 2.82290318e-03]]

 [[1.03416526e-04 1.79105722e+00 1.04932821e+02 5.74313821e-03
   5.47536758e-03 2.83538788e-03 2.83538788e-03]
  [1.02697741e-04 1.82267132e+00 1.04822886e+02 5.72442031e-03
   5.40138910e-03 2.82592503e-03 2.82592503e-03]
  [1.01906406e-04 1.84030081e+00 1.04628989e+02 5.68116513e-03
   5.44666399e-03 2.82048783e-03 2.82048783e-03]
  [1.03659995e-04 1.84928901e+00 1.04089141e+02 5.69133475e-03
   5.46278225e-03 2.81799700e-03 2.81799700e-03]
  [1.03430990e-04 1.81784527e+00 1.04909094e+02 5.71973331e-03
   5.42291674e-03 2.82736566e-03 2.82736566e-03]
  [9.89368458e-05 1.75650040e+00 1.05706259e+02 5.72855351e-03
   5.50739769e-03 2.84577735e-03 2.84577735e-03]
  [1.02213970e-04 1.80955532e+00 1.04879482e+02 5.75605765e-03
   5.42210381e-03 2.83001738e-03 2.83001738e-03]
  [1.04084607e-04 1.82705325e+00 1.04449857e+02 5.74812353e-03
   5.41497254e-03 2.82454756e-03 2.82454756e-03]]

 [[1.03839079e-04 1.83232569e+00 1.05212448e+02 5.75915510e-03
   5.40240442e-03 2.82312693e-03 2.82312693e-03]
  [1.02634788e-04 1.84914319e+00 1.04168926e+02 5.71490348e-03
   5.41267859e-03 2.81784307e-03 2.81784307e-03]
  [1.25669794e-04 1.83827104e+00 1.04444662e+02 5.72145962e-03
   5.41393405e-03 2.82122856e-03 2.82122856e-03]
  [1.04718824e-04 1.81457547e+00 1.04689398e+02 5.74903986e-03
   5.40431325e-03 2.82828381e-03 2.82828381e-03]
  [1.02417237e-04 1.81386620e+00 1.05288934e+02 5.76321269e-03
   5.43038288e-03 2.82852079e-03 2.82852079e-03]
  [1.12504886e-04 1.81362102e+00 1.04887935e+02 5.77070139e-03
   5.40424521e-03 2.82882944e-03 2.82882944e-03]
  [1.01741945e-04 1.81960118e+00 1.05203297e+02 5.74707069e-03
   5.41229558e-03 2.82684116e-03 2.82684116e-03]
  [7.04228393e-05 1.18059828e+00 1.12090789e+02 6.22542001e-03
   5.98304339e-03 3.02234498e-03 3.02234498e-03]]

 [[1.01474936e-04 1.77256836e+00 1.05161595e+02 5.76876463e-03
   5.47110094e-03 2.84102976e-03 2.84102976e-03]
  [4.16340669e-05 2.52772190e-01 1.43939126e+02 7.52612098e-03
   5.97903443e-03 3.29798595e-03 3.29929277e-03]
  [1.02399453e-04 1.85044081e+00 1.04256852e+02 5.70246810e-03
   5.45687850e-03 2.81727769e-03 2.81727769e-03]
  [1.01193123e-04 1.81035473e+00 1.04728183e+02 5.74414671e-03
   5.41799309e-03 2.82959238e-03 2.82959238e-03]
  [1.03138191e-04 1.82712037e+00 1.04482369e+02 5.73394783e-03
   5.42381322e-03 2.82453075e-03 2.82453075e-03]
  [1.01775107e-04 1.82557845e+00 1.04561482e+02 5.70735711e-03
   5.44427810e-03 2.82508159e-03 2.82508159e-03]
  [1.06574925e-04 1.83452157e+00 1.04390865e+02 5.75403841e-03
   5.41169100e-03 2.82211975e-03 2.82211975e-03]
  [1.10773026e-04 1.86525012e+00 1.04216957e+02 5.73104670e-03
   5.39295820e-03 2.81294322e-03 2.81294322e-03]]

 [[1.05146146e-04 1.82303465e+00 1.04389149e+02 5.74961998e-03
   5.41517283e-03 2.82562654e-03 2.82562654e-03]
  [1.02485330e-04 1.82455687e+00 1.04390581e+02 5.75679118e-03
   5.43106053e-03 2.82545584e-03 2.82545584e-03]
  [4.17978319e-05 2.53427860e-01 1.46228737e+02 7.56221947e-03
   5.94650839e-03 3.29750748e-03 3.29750748e-03]
  [1.04607123e-04 1.86039052e+00 1.03922246e+02 5.71432670e-03
   5.45501695e-03 2.81451355e-03 2.81451355e-03]
  [9.96690425e-05 1.76453979e+00 1.05514612e+02 5.74627734e-03
   5.48270136e-03 2.84331860e-03 2.84331860e-03]
  [1.04379607e-04 1.82566783e+00 1.04618834e+02 5.74165083e-03
   5.40618520e-03 2.82482110e-03 2.82482110e-03]
  [1.02006453e-04 1.79771981e+00 1.05137363e+02 5.74977766e-03
   5.48657790e-03 2.83335550e-03 2.83335550e-03]
  [1.03054267e-04 1.82419556e+00 1.04844675e+02 5.74894377e-03
   5.41865664e-03 2.82537497e-03 2.82537497e-03]]]

Cumulative Reward: 5078.4759494849695
