Scheduler Table:
[[[1.17371252e-05 2.88289272e-02 2.36996214e+01 7.19226143e-04
   8.56609674e-03 1.14110607e-03 1.14110607e-03]
  [1.01839387e-05 2.87915304e-02 2.37674908e+01 7.19658515e-04
   8.54779241e-03 1.14239112e-03 1.14239112e-03]
  [1.09741549e-05 2.88323358e-02 2.38308629e+01 7.20060516e-04
   8.49153062e-03 1.14291414e-03 1.14291414e-03]]

 [[1.03243759e-05 2.88409678e-02 2.37150730e+01 7.19886765e-04
   8.46743390e-03 1.14138672e-03 1.14138672e-03]
  [1.03928944e-05 2.87993253e-02 2.38376319e+01 7.20214858e-04
   8.41799801e-03 1.14145210e-03 1.14145210e-03]
  [7.28445509e-06 2.82879440e-02 2.44587181e+01 7.20773949e-04
   8.37405851e-03 1.14155374e-03 1.14155374e-03]]

 [[9.77399239e-06 2.88957136e-02 2.37870000e+01 7.20800053e-04
   8.38982577e-03 1.14091934e-03 1.14091934e-03]
  [9.36485690e-06 2.87833072e-02 2.39253273e+01 7.22054563e-04
   8.26183514e-03 1.14190953e-03 1.14190953e-03]
  [1.69535125e-06 2.50155133e-02 2.60431862e+01 7.18305359e-04
   9.01266385e-03 1.12952386e-03 1.18327555e-03]]]

Buffer Table:
[[[1.00331056e-05 2.88215926e-02 2.38213047e+01 7.20134535e-04
   8.43272751e-03 1.14061051e-03 1.14061051e-03]
  [2.82472322e-06 2.50358812e-02 2.60178522e+01 7.17670808e-04
   9.08017697e-03 1.12995300e-03 1.18370468e-03]
  [7.94996525e-06 2.87343261e-02 2.43066180e+01 7.20681359e-04
   8.37867771e-03 1.14211419e-03 1.14211419e-03]]

 [[2.86859970e-06 2.50371950e-02 2.60963355e+01 7.18940246e-04
   8.48355134e-03 1.14044899e-03 1.14044899e-03]
  [9.27341516e-06 2.88129669e-02 2.37431135e+01 7.19837644e-04
   8.50193909e-03 1.14125959e-03 1.14125959e-03]
  [1.12859790e-05 2.89112273e-02 2.37108218e+01 7.20573020e-04
   8.42572806e-03 1.14219043e-03 1.14219043e-03]]

 [[1.08256616e-05 2.88746161e-02 2.36905489e+01 7.19947362e-04
   8.47963217e-03 1.14178053e-03 1.14178053e-03]
  [8.33368032e-06 2.81180087e-02 2.46432376e+01 7.18964901e-04
   8.60895101e-03 1.14267923e-03 1.14267923e-03]
  [1.02012627e-05 2.87821597e-02 2.38057277e+01 7.20955510e-04
   8.37061782e-03 1.14219642e-03 1.14219642e-03]]]

Arbiter Table:
[[[8.31166462e-06 2.82760742e-02 2.44746296e+01 7.20429225e-04
   8.43798992e-03 1.14199637e-03 1.14199637e-03]
  [2.82472448e-06 2.50358815e-02 2.60178519e+01 7.17670808e-04
   9.08017700e-03 1.12995300e-03 1.18370468e-03]
  [9.04160098e-06 2.84888688e-02 2.42701961e+01 7.20626451e-04
   8.39035646e-03 1.14078996e-03 1.14078996e-03]]

 [[2.86860099e-06 2.50371953e-02 2.60963352e+01 7.18940245e-04
   8.48355137e-03 1.14044899e-03 1.14044899e-03]
  [6.43478154e-06 2.72465121e-02 2.50648332e+01 7.21039891e-04
   8.35441518e-03 1.14109993e-03 1.14109993e-03]
  [1.10159794e-05 2.88036400e-02 2.37992963e+01 7.20398419e-04
   8.42988992e-03 1.14181053e-03 1.14181053e-03]]

 [[7.28513068e-06 2.80857576e-02 2.47472090e+01 7.20723297e-04
   8.35168534e-03 1.14028318e-03 1.14028318e-03]
  [1.05950960e-05 2.88542277e-02 2.37889342e+01 7.20779025e-04
   8.32274374e-03 1.14095967e-03 1.14095967e-03]
  [1.04276883e-05 2.88709342e-02 2.37774310e+01 7.21434310e-04
   8.35343148e-03 1.14297626e-03 1.14297626e-03]]]

Page Table:
[[[1.69535125e-06 2.50155133e-02 2.60431862e+01 7.18305359e-04
   9.01266385e-03 1.12952386e-03 1.18327555e-03]
  [9.75398008e-06 2.92810198e-02 2.38586442e+01 7.20591577e-04
   8.30240743e-03 1.14032990e-03 1.14032990e-03]
  [1.05626321e-05 2.93276251e-02 2.38015082e+01 7.20599918e-04
   8.38744473e-03 1.14160912e-03 1.14160912e-03]
  [9.41130651e-06 2.93606239e-02 2.38620903e+01 7.19930159e-04
   8.46175362e-03 1.14168185e-03 1.14168185e-03]]

 [[7.87657772e-06 2.84134980e-02 2.46486624e+01 7.20487447e-04
   8.38841225e-03 1.14088913e-03 1.14088913e-03]
  [9.49435079e-06 2.93898512e-02 2.37508210e+01 7.19921518e-04
   8.48625843e-03 1.14183194e-03 1.14183194e-03]
  [1.08152319e-05 2.94440741e-02 2.37665944e+01 7.20211470e-04
   8.41239394e-03 1.14133140e-03 1.14133140e-03]
  [1.03497197e-05 2.93283094e-02 2.37170233e+01 7.19872404e-04
   8.47935613e-03 1.14143331e-03 1.14143331e-03]]

 [[9.66080193e-06 2.94347243e-02 2.38344334e+01 7.21444489e-04
   8.31280087e-03 1.14084711e-03 1.14084711e-03]
  [1.05163960e-05 2.89976026e-02 2.42123579e+01 7.20087407e-04
   8.42791585e-03 1.14129260e-03 1.14129260e-03]
  [1.19027517e-05 2.94584022e-02 2.37863911e+01 7.19417328e-04
   8.52572318e-03 1.14156474e-03 1.14156474e-03]
  [8.41417606e-06 2.95393523e-02 2.37516882e+01 7.19703428e-04
   8.48388410e-03 1.14153493e-03 1.14153493e-03]]

 [[9.45744312e-06 2.92612011e-02 2.39055128e+01 7.21537863e-04
   8.28316468e-03 1.14272697e-03 1.14272697e-03]
  [9.15694943e-06 2.94112511e-02 2.37698272e+01 7.19583733e-04
   8.50095071e-03 1.14199288e-03 1.14199288e-03]
  [1.22025262e-05 2.94545605e-02 2.38794795e+01 7.21131168e-04
   8.35578457e-03 1.14188744e-03 1.14188744e-03]
  [9.25752702e-06 2.94570341e-02 2.37364337e+01 7.19556703e-04
   8.51964826e-03 1.14113782e-03 1.14113782e-03]]]

Response Table:
[[[8.27711821e-06 2.83920494e-02 2.37331018e+01]
  [7.47170825e-06 2.84093976e-02 2.37587107e+01]]

 [[7.22144737e-06 2.83803801e-02 2.38313729e+01]
  [1.69535125e-06 2.50155133e-02 2.60431862e+01]]]

Refresh Table:
[[[1.69535125e-06 2.50155133e-02 2.60431862e+01]
  [1.20003996e-05 2.83991151e-02 2.37322359e+01]]

 [[1.24380272e-05 2.85860444e-02 2.38062006e+01]
  [1.19830832e-05 2.84611714e-02 2.38315575e+01]]]

Request Buffer Table:
[[[1.43113969e-05 3.96159559e-02 2.36641273e+01]
  [1.38321036e-05 3.90563570e-02 2.37684344e+01]
  [9.90193956e-06 3.93786291e-02 2.37776921e+01]
  [1.19913117e-05 3.94749811e-02 2.37988283e+01]
  [1.00046467e-05 3.94924473e-02 2.38448794e+01]
  [1.17908950e-05 3.92162571e-02 2.37374804e+01]
  [1.08943191e-05 3.98038630e-02 2.38600532e+01]
  [1.44969066e-05 3.85723212e-02 2.39532133e+01]]

 [[1.02884895e-05 3.94413714e-02 2.36520190e+01]
  [2.65293859e-05 4.02353717e-02 2.37364269e+01]
  [1.21157049e-05 3.91675211e-02 2.37565786e+01]
  [1.16202756e-05 4.02368215e-02 2.37028343e+01]
  [9.82058732e-06 3.96134451e-02 2.37373946e+01]
  [1.05135146e-05 3.41860562e-02 2.46474699e+01]
  [1.04125818e-05 3.96529747e-02 2.37687958e+01]
  [1.06257624e-05 3.88548941e-02 2.36801142e+01]]

 [[1.17564872e-05 3.90540450e-02 2.36766383e+01]
  [1.33469723e-05 3.95998367e-02 2.37568581e+01]
  [1.11214654e-05 3.96380784e-02 2.38068119e+01]
  [1.54966730e-05 3.94224074e-02 2.37392986e+01]
  [1.01244567e-05 3.94383647e-02 2.38134354e+01]
  [8.50633435e-06 3.43169658e-02 2.46246323e+01]
  [1.03943957e-05 3.94736675e-02 2.36752759e+01]
  [9.83638841e-06 3.95465923e-02 2.37866199e+01]]

 [[1.22105035e-05 4.04668528e-02 2.37268846e+01]
  [1.35785465e-05 3.91748515e-02 2.38006601e+01]
  [2.95124161e-05 4.02146348e-02 2.38275101e+01]
  [1.31969022e-05 3.98044038e-02 2.38258703e+01]
  [1.01284576e-05 3.93122920e-02 2.38351729e+01]
  [1.27589953e-05 4.01248075e-02 2.38270358e+01]
  [1.29949394e-05 4.03788605e-02 2.37411469e+01]
  [1.16063852e-05 3.92315936e-02 2.37577719e+01]]

 [[1.06815888e-05 3.97301915e-02 2.37092883e+01]
  [1.23167986e-05 3.91957843e-02 2.38452831e+01]
  [1.03930937e-05 3.94950486e-02 2.36760455e+01]
  [1.46163218e-05 3.93726069e-02 2.38458111e+01]
  [1.59940477e-05 3.94977404e-02 2.37342422e+01]
  [1.11991149e-05 3.97220109e-02 2.37671186e+01]
  [1.04317939e-05 3.91245324e-02 2.38984985e+01]
  [1.08010462e-05 3.95558239e-02 2.37691733e+01]]

 [[1.17978358e-05 3.86061197e-02 2.39075424e+01]
  [1.38690745e-05 3.69441950e-02 2.41699980e+01]
  [9.92125955e-06 3.96045946e-02 2.37723443e+01]
  [1.08495743e-05 4.03702862e-02 2.37863177e+01]
  [1.11014947e-05 3.89350140e-02 2.36754293e+01]
  [1.69538877e-06 2.50155566e-02 2.60431790e+01]
  [1.18837056e-05 3.92859718e-02 2.38276468e+01]
  [9.87574379e-06 3.91395390e-02 2.38237677e+01]]

 [[1.06296699e-05 3.95576431e-02 2.37054359e+01]
  [1.18542954e-05 3.86354463e-02 2.38418935e+01]
  [1.05399869e-05 3.96269722e-02 2.37370026e+01]
  [2.21884018e-05 4.02439676e-02 2.37425654e+01]
  [1.36653327e-05 3.91838146e-02 2.37111091e+01]
  [1.01634996e-05 3.90125180e-02 2.37848345e+01]
  [1.00802719e-05 4.00193084e-02 2.37218548e+01]
  [1.06022066e-05 4.03065685e-02 2.37780165e+01]]

 [[1.00177927e-05 3.94691867e-02 2.37779009e+01]
  [9.76978194e-06 3.94432491e-02 2.36980038e+01]
  [1.27525106e-05 3.70242606e-02 2.42325378e+01]
  [1.09579167e-05 4.04858082e-02 2.37525545e+01]
  [9.89412729e-06 3.89745831e-02 2.38317675e+01]
  [1.11822931e-05 3.97057086e-02 2.37306427e+01]
  [9.60361511e-06 3.97326840e-02 2.37411114e+01]
  [1.00799493e-05 3.93753899e-02 2.37599665e+01]]]

Ref Max Post Table:
[[[1.69536992e-06 2.50155201e-02 2.60431823e+01]
  [1.13189227e-05 2.92928896e-02 2.37843040e+01]
  [8.49763154e-06 2.96674159e-02 2.37678839e+01]
  [1.00079349e-05 2.93560514e-02 2.38725412e+01]]

 [[1.02631771e-05 2.94234098e-02 2.37170627e+01]
  [9.12897252e-06 2.94525674e-02 2.37809666e+01]
  [1.03372903e-05 2.92934127e-02 2.38043835e+01]
  [6.99050018e-06 2.86662517e-02 2.46342047e+01]]

 [[1.57579072e-05 2.95961648e-02 2.38690661e+01]
  [9.99073088e-06 2.95029630e-02 2.38248971e+01]
  [8.30494057e-06 2.94697188e-02 2.37458298e+01]
  [1.13573014e-05 2.93409992e-02 2.39162891e+01]]

 [[1.06537473e-05 2.92530363e-02 2.39229656e+01]
  [8.99601235e-06 2.93224144e-02 2.40540297e+01]
  [1.17373635e-05 2.94915168e-02 2.38062476e+01]
  [6.70173503e-06 2.77925941e-02 2.47067410e+01]]]

Ref Max Pull Table:
[[[9.07454479e-06 2.93358417e-02 2.38607152e+01]
  [6.55312881e-06 2.82642392e-02 2.44597452e+01]
  [7.73865416e-06 2.95342961e-02 2.37897981e+01]
  [1.91381818e-05 2.94074312e-02 2.38297420e+01]]

 [[8.45692152e-06 2.92054024e-02 2.39541112e+01]
  [1.69575548e-06 2.50156942e-02 2.60430758e+01]
  [8.27812256e-06 2.93305769e-02 2.38066040e+01]
  [9.94299521e-06 2.95049528e-02 2.38331773e+01]]

 [[1.39010908e-05 2.93435702e-02 2.37700238e+01]
  [8.63256274e-06 2.93703229e-02 2.38054824e+01]
  [9.55378634e-06 2.95081628e-02 2.37923516e+01]
  [1.06503776e-05 2.94544441e-02 2.37427223e+01]]

 [[1.24709265e-05 2.93217810e-02 2.38085431e+01]
  [8.60160892e-06 2.96974111e-02 2.38512510e+01]
  [1.28886734e-05 2.93386201e-02 2.38621899e+01]
  [1.26245650e-05 2.95977905e-02 2.37886233e+01]]]

Max Activate Table:
[[[1.02358659e-05 3.95212703e-02 2.37415461e+01 7.18469339e-04
   8.42571531e-03 1.13945042e-03 1.13945042e-03]
  [1.18146641e-05 3.95653714e-02 2.37529891e+01 7.19035925e-04
   8.40315265e-03 1.13920008e-03 1.13920008e-03]
  [1.02569737e-05 3.94574203e-02 2.37846684e+01 7.19422341e-04
   8.37806980e-03 1.14003561e-03 1.14003561e-03]
  [1.01223151e-05 4.00394880e-02 2.37434924e+01 7.17863978e-04
   8.47332832e-03 1.13916915e-03 1.13916915e-03]
  [1.04436796e-05 4.01189321e-02 2.37419629e+01 7.17605398e-04
   8.57724027e-03 1.13961011e-03 1.13961011e-03]
  [1.15019814e-05 4.00953338e-02 2.37706128e+01 7.18297996e-04
   8.49099983e-03 1.14006373e-03 1.14006373e-03]
  [9.74079984e-06 3.85000650e-02 2.38565069e+01 7.18838210e-04
   8.41425294e-03 1.13934399e-03 1.13934399e-03]
  [1.10985277e-05 3.87002634e-02 2.37435402e+01 7.18223378e-04
   8.51931337e-03 1.13943162e-03 1.13943162e-03]]

 [[1.03022265e-05 4.04848669e-02 2.36339554e+01 7.17438597e-04
   8.57110693e-03 1.14002698e-03 1.14002698e-03]
  [1.04724533e-05 4.07358226e-02 2.37208345e+01 7.17699214e-04
   8.49475649e-03 1.13934820e-03 1.13934820e-03]
  [1.04417431e-05 3.96645862e-02 2.37837450e+01 7.19012868e-04
   8.35441105e-03 1.13928680e-03 1.13928680e-03]
  [1.08435039e-05 3.94106255e-02 2.39023285e+01 7.18933739e-04
   8.41239933e-03 1.13971607e-03 1.13971607e-03]
  [1.05252207e-05 3.93724279e-02 2.37485512e+01 7.18940313e-04
   8.37333571e-03 1.13954563e-03 1.13954563e-03]
  [1.23845875e-05 3.97130116e-02 2.37494740e+01 7.17488850e-04
   8.55799252e-03 1.13943941e-03 1.13943941e-03]
  [1.07543879e-05 3.98127260e-02 2.37996962e+01 7.19466973e-04
   8.34897757e-03 1.13981606e-03 1.13981606e-03]
  [1.12752705e-05 3.91014891e-02 2.37178445e+01 7.18453265e-04
   8.46741813e-03 1.14044703e-03 1.14044703e-03]]

 [[1.05550208e-05 3.90794914e-02 2.38030144e+01 7.18015043e-04
   8.52859698e-03 1.14033365e-03 1.14033365e-03]
  [1.17055522e-05 4.02295502e-02 2.37474832e+01 7.17712308e-04
   8.55245029e-03 1.13985780e-03 1.13985780e-03]
  [9.75097332e-06 3.90362414e-02 2.37969226e+01 7.18184106e-04
   8.52597823e-03 1.14001894e-03 1.14001894e-03]
  [1.09184303e-05 4.11344536e-02 2.38269264e+01 7.18974730e-04
   8.41342176e-03 1.13939407e-03 1.13939407e-03]
  [1.02256925e-05 3.98229085e-02 2.37397422e+01 7.17890086e-04
   8.53825218e-03 1.13952393e-03 1.13952393e-03]
  [1.69281011e-05 3.94983324e-02 2.37702672e+01 7.17878663e-04
   8.48330430e-03 1.13961833e-03 1.13961833e-03]
  [1.19397432e-05 3.93256391e-02 2.37998747e+01 7.17987997e-04
   8.56850507e-03 1.14032280e-03 1.14032280e-03]
  [3.94702863e-05 3.92545771e-02 2.37761382e+01 7.18471048e-04
   8.45622904e-03 1.14002215e-03 1.14002215e-03]]

 [[1.24858821e-05 3.95096583e-02 2.37259291e+01 7.18025691e-04
   8.48980751e-03 1.13959072e-03 1.13959072e-03]
  [1.08599775e-05 3.91103781e-02 2.37366910e+01 7.18414283e-04
   8.41567070e-03 1.13841939e-03 1.13841939e-03]
  [1.00009455e-05 3.97381224e-02 2.37738102e+01 7.18550396e-04
   8.44051937e-03 1.13976610e-03 1.13976610e-03]
  [1.47614047e-05 4.05603298e-02 2.37019582e+01 7.18368456e-04
   8.42745825e-03 1.13950863e-03 1.13950863e-03]
  [1.11682793e-05 4.00699655e-02 2.37478211e+01 7.18038879e-04
   8.47054353e-03 1.13927347e-03 1.13927347e-03]
  [1.18931138e-05 3.92578921e-02 2.39201110e+01 7.19480407e-04
   8.39685678e-03 1.13999599e-03 1.13999599e-03]
  [1.59565868e-05 3.94224682e-02 2.37806206e+01 7.18549077e-04
   8.42424688e-03 1.13996945e-03 1.13996945e-03]
  [1.00178461e-05 3.97464286e-02 2.37632206e+01 7.19456104e-04
   8.33397656e-03 1.13964446e-03 1.13964446e-03]]

 [[1.01182252e-05 3.95356418e-02 2.37929390e+01 7.17907783e-04
   8.50911789e-03 1.13917201e-03 1.13917201e-03]
  [1.07201584e-05 4.07253668e-02 2.37130139e+01 7.17869730e-04
   8.50609872e-03 1.13923777e-03 1.13923777e-03]
  [9.86258595e-06 3.92577379e-02 2.38204197e+01 7.18943459e-04
   8.39530654e-03 1.13986158e-03 1.13986158e-03]
  [1.09512349e-05 3.92756839e-02 2.36989713e+01 7.18777253e-04
   8.42591663e-03 1.13936721e-03 1.13936721e-03]
  [1.35821528e-05 3.96274011e-02 2.37397889e+01 7.18944805e-04
   8.33597664e-03 1.13878577e-03 1.13878577e-03]
  [1.28177217e-05 3.93703927e-02 2.37294582e+01 7.18236514e-04
   8.46437090e-03 1.13981253e-03 1.13981253e-03]
  [1.23452890e-05 3.93421386e-02 2.36914050e+01 7.18245221e-04
   8.43502833e-03 1.13948444e-03 1.13948444e-03]
  [9.70393156e-06 3.66999478e-02 2.43711137e+01 7.17934423e-04
   8.55811547e-03 1.14037957e-03 1.14037957e-03]]

 [[1.07072468e-05 4.03375437e-02 2.36496364e+01 7.18453483e-04
   8.47544769e-03 1.14037908e-03 1.14037908e-03]
  [1.13275211e-05 4.05682262e-02 2.37163218e+01 7.18784466e-04
   8.34230634e-03 1.13839581e-03 1.13839581e-03]
  [9.85651680e-06 4.04506489e-02 2.37060720e+01 7.19730381e-04
   8.34092536e-03 1.13922831e-03 1.13922831e-03]
  [1.04082261e-05 3.99445875e-02 2.37970075e+01 7.18140432e-04
   8.46685502e-03 1.13986973e-03 1.13986973e-03]
  [1.03296532e-05 3.89114371e-02 2.37342107e+01 7.19175985e-04
   8.37558800e-03 1.13943977e-03 1.13943977e-03]
  [1.50734467e-05 3.89937759e-02 2.38431380e+01 7.19186564e-04
   8.39317796e-03 1.14073550e-03 1.14073550e-03]
  [4.63208595e-06 2.50855929e-02 2.59851169e+01 7.16711253e-04
   9.17158099e-03 1.13071784e-03 1.18446952e-03]
  [1.09831750e-05 3.95894826e-02 2.37463569e+01 7.17654822e-04
   8.55823420e-03 1.14010972e-03 1.14010972e-03]]

 [[1.21948958e-05 3.91631348e-02 2.37263673e+01 7.17626626e-04
   8.54016728e-03 1.13999161e-03 1.13999161e-03]
  [1.12878784e-05 3.92251633e-02 2.37912212e+01 7.19316868e-04
   8.38996595e-03 1.14079900e-03 1.14079900e-03]
  [1.07539057e-05 4.05750793e-02 2.37116047e+01 7.18028872e-04
   8.47653844e-03 1.13962005e-03 1.13962005e-03]
  [1.00040144e-05 3.97247182e-02 2.37177288e+01 7.18364880e-04
   8.46577559e-03 1.13900904e-03 1.13900904e-03]
  [1.10398794e-05 3.91796717e-02 2.39649303e+01 7.18684042e-04
   8.42674230e-03 1.14000188e-03 1.14000188e-03]
  [1.61240394e-05 3.90231847e-02 2.38009880e+01 7.18798204e-04
   8.43048345e-03 1.14073009e-03 1.14073009e-03]
  [1.18995377e-05 3.90577668e-02 2.37598657e+01 7.18396008e-04
   8.46430603e-03 1.13988472e-03 1.13988472e-03]
  [4.72981180e-06 2.50883567e-02 2.60005520e+01 7.17433324e-04
   8.63402385e-03 1.14156751e-03 1.14156751e-03]]

 [[9.72895820e-06 3.93485872e-02 2.38010890e+01 7.17669035e-04
   8.54948788e-03 1.13946234e-03 1.13946234e-03]
  [1.27416689e-05 3.94215194e-02 2.37698539e+01 7.19510118e-04
   8.34799890e-03 1.13962874e-03 1.13962874e-03]
  [1.18941085e-05 3.97156091e-02 2.38367374e+01 7.17885661e-04
   8.50284334e-03 1.13970201e-03 1.13970201e-03]
  [1.00490542e-05 3.93247027e-02 2.38151606e+01 7.18037707e-04
   8.51331288e-03 1.14012680e-03 1.14012680e-03]
  [1.09698635e-05 3.96815529e-02 2.37068533e+01 7.18580185e-04
   8.42765508e-03 1.13880680e-03 1.13880680e-03]
  [4.68064101e-06 2.50869390e-02 2.60807585e+01 7.18292314e-04
   8.52636376e-03 1.14052620e-03 1.14052620e-03]
  [1.09593753e-05 3.98287531e-02 2.36640131e+01 7.18678631e-04
   8.43385171e-03 1.13948384e-03 1.13948384e-03]
  [1.10692801e-05 3.98220693e-02 2.38590792e+01 7.17604543e-04
   8.55947214e-03 1.13992342e-03 1.13992342e-03]]]

Cumulative Reward: 3243.381619511633
