Scheduler Table:
[[[1.43096357e-04 7.15636894e-01 1.49277161e+02 2.63842821e-03
   7.61076218e-01 2.91735260e-02 2.91735260e-02]
  [1.43568150e-04 7.13861545e-01 1.49737339e+02 2.64068192e-03
   7.64943498e-01 2.91853186e-02 2.91853186e-02]
  [1.41953048e-04 7.09504481e-01 1.49852553e+02 2.64602775e-03
   7.62138497e-01 2.92526960e-02 2.92526960e-02]]

 [[1.46428280e-04 7.19985300e-01 1.48910245e+02 2.63312372e-03
   7.59697328e-01 2.90867261e-02 2.90867261e-02]
  [1.43364789e-04 7.15053314e-01 1.49678273e+02 2.63924641e-03
   7.60990406e-01 2.91451303e-02 2.91451303e-02]
  [1.27622883e-04 6.22732580e-01 1.66277278e+02 2.75229296e-03
   7.91414539e-01 3.03959457e-02 3.03959457e-02]]

 [[1.42207018e-04 7.11657564e-01 1.49677759e+02 2.64330534e-03
   7.67718202e-01 2.92221762e-02 2.92221762e-02]
  [1.41635204e-04 7.07202724e-01 1.50801241e+02 2.64890882e-03
   7.61873133e-01 2.92571350e-02 2.92571350e-02]
  [3.86499305e-05 1.68914662e-01 2.49325090e+02 3.29557571e-03
   9.85275430e-01 3.65917224e-02 3.68838426e-02]]]

Buffer Table:
[[[1.36939696e-04 6.80555985e-01 1.57423584e+02 2.69166919e-03
   7.81477292e-01 2.97574443e-02 2.97574443e-02]
  [1.45132309e-04 7.23757761e-01 1.49645281e+02 2.64004543e-03
   7.60831522e-01 2.91833091e-02 2.91833091e-02]
  [6.68453741e-05 2.97911212e-01 2.26750848e+02 3.14861117e-03
   9.05293111e-01 3.48445039e-02 3.48445039e-02]]

 [[6.67488073e-05 2.97492160e-01 2.26912287e+02 3.14911481e-03
   9.52699904e-01 3.48203579e-02 3.51124782e-02]
  [1.44474808e-04 7.23066383e-01 1.49713280e+02 2.64077402e-03
   7.64596890e-01 2.92139876e-02 2.92139876e-02]
  [1.48116687e-04 7.19725229e-01 1.49642954e+02 2.64507746e-03
   7.59667594e-01 2.91887439e-02 2.91887439e-02]]

 [[1.44727687e-04 7.23695732e-01 1.49681623e+02 2.64012640e-03
   7.60310246e-01 2.91766922e-02 2.91766922e-02]
  [6.68821182e-05 2.98171570e-01 2.26617392e+02 3.14830029e-03
   9.05273168e-01 3.48455934e-02 3.48455934e-02]
  [1.44818401e-04 7.20349608e-01 1.49647810e+02 2.64421845e-03
   7.62556964e-01 2.92044675e-02 2.92044675e-02]]]

Arbiter Table:
[[[3.50185792e-05 1.48491422e-01 2.53114691e+02 3.32052416e-03
   9.91064784e-01 3.68395010e-02 3.71316212e-02]
  [1.44780605e-04 7.13950073e-01 1.50637175e+02 2.64844836e-03
   7.63489751e-01 2.92577966e-02 2.92577966e-02]
  [1.48977777e-04 7.14780904e-01 1.50528185e+02 2.64762061e-03
   7.63681013e-01 2.92755196e-02 2.92755196e-02]]

 [[1.32767152e-04 6.46153482e-01 1.63148877e+02 2.73128734e-03
   7.88042654e-01 3.02016090e-02 3.02016090e-02]
  [1.46618949e-04 7.24032506e-01 1.49057235e+02 2.63608082e-03
   7.61458872e-01 2.91326807e-02 2.91326807e-02]
  [1.47029170e-04 7.21691304e-01 1.49338118e+02 2.63903962e-03
   7.62065362e-01 2.91461738e-02 2.91461738e-02]]

 [[1.34727524e-04 6.53006833e-01 1.62048340e+02 2.72327974e-03
   7.84600789e-01 3.01276101e-02 3.01276101e-02]
  [1.48977165e-04 7.21859290e-01 1.49468172e+02 2.63877416e-03
   7.67505463e-01 2.91596837e-02 2.91596837e-02]
  [1.46510403e-04 7.22365211e-01 1.49264354e+02 2.63813240e-03
   7.65680649e-01 2.91612826e-02 2.91612826e-02]]]

Page Table:
[[[1.43364342e-04 7.41918482e-01 1.08912936e+02 1.92147459e-03
   5.56802538e-01 2.12029152e-02 2.12029152e-02]
  [1.25957941e-04 6.46703089e-01 1.30730039e+02 2.14602882e-03
   6.22218889e-01 2.37683384e-02 2.37683384e-02]
  [1.42044684e-04 7.37133532e-01 1.08526885e+02 1.93283563e-03
   5.63704059e-01 2.13361001e-02 2.13361001e-02]
  [1.40702955e-04 7.29570979e-01 1.10810261e+02 1.95086005e-03
   5.68391300e-01 2.15410568e-02 2.15410568e-02]]

 [[1.39507202e-04 7.22288698e-01 1.12389338e+02 1.96816347e-03
   5.71533584e-01 2.17744559e-02 2.17744559e-02]
  [3.93787884e-05 1.73274660e-01 2.45365094e+02 3.23249999e-03
   9.63914749e-01 3.58568828e-02 3.61490030e-02]
  [1.39052078e-04 7.21938438e-01 1.11049891e+02 1.96905706e-03
   5.73263636e-01 2.17741747e-02 2.17741747e-02]
  [1.40110632e-04 7.26086087e-01 1.11083688e+02 1.95910462e-03
   5.66815780e-01 2.16466523e-02 2.16466523e-02]]

 [[1.41532144e-04 7.32710454e-01 1.10221998e+02 1.94335130e-03
   5.65288638e-01 2.14682834e-02 2.14682834e-02]
  [1.27488840e-04 6.50558892e-01 1.29716354e+02 2.13843217e-03
   6.20551086e-01 2.36623168e-02 2.36623168e-02]
  [1.40532999e-04 7.29958429e-01 1.09583947e+02 1.94999206e-03
   5.65009905e-01 2.15503471e-02 2.15503471e-02]
  [1.40686515e-04 7.31756486e-01 1.10244719e+02 1.94561809e-03
   5.63571015e-01 2.15051426e-02 2.15051426e-02]]

 [[1.43698542e-04 7.30786547e-01 1.10543280e+02 1.94795246e-03
   5.66710595e-01 2.15510719e-02 2.15510719e-02]
  [1.32486777e-04 6.79008234e-01 1.22471659e+02 2.06921863e-03
   6.02416844e-01 2.28861766e-02 2.28861766e-02]
  [1.40910387e-04 7.32070856e-01 1.09244948e+02 1.94483431e-03
   5.65356555e-01 2.14882774e-02 2.14882774e-02]
  [1.41073456e-04 7.30130710e-01 1.10352901e+02 1.94955859e-03
   5.64567513e-01 2.15476240e-02 2.15476240e-02]]]

Response Table:
[[[9.05048282e-05 3.74876320e-01 1.84427190e+02]
  [9.05642615e-05 3.72645266e-01 1.84637935e+02]]

 [[9.01712873e-05 3.72957325e-01 1.84659164e+02]
  [3.16328413e-05 1.27103477e-01 2.56476463e+02]]]

Refresh Table:
[[[3.16420274e-05 1.27221895e-01 2.56469869e+02]
  [8.95933421e-05 3.78245716e-01 1.84514059e+02]]

 [[9.03804444e-05 3.78769983e-01 1.84504159e+02]
  [8.97208093e-05 3.78347845e-01 1.84402508e+02]]]

Request Buffer Table:
[[[6.08847802e-05 3.28515403e-01 3.65951516e+01]
  [6.03408580e-05 3.28567809e-01 3.66330446e+01]
  [6.12451198e-05 3.27728369e-01 3.75281287e+01]
  [6.17428804e-05 3.28000095e-01 3.75482081e+01]
  [6.05420734e-05 3.29323257e-01 3.62604841e+01]
  [6.02778932e-05 3.28652859e-01 3.69420141e+01]
  [6.37097898e-05 3.28879449e-01 3.66522129e+01]
  [5.71929379e-05 3.02802555e-01 6.57192068e+01]]

 [[6.53961270e-05 3.27833324e-01 3.72629658e+01]
  [6.05456032e-05 3.29293881e-01 3.60198917e+01]
  [6.53729362e-05 3.28380291e-01 3.69010372e+01]
  [6.07568289e-05 3.28997100e-01 3.65257081e+01]
  [6.03865389e-05 3.28455127e-01 3.68859710e+01]
  [6.02034218e-05 3.29107119e-01 3.62749146e+01]
  [6.09336806e-05 3.28800708e-01 3.67113945e+01]
  [5.86872724e-05 3.12624384e-01 5.39473357e+01]]

 [[6.06920883e-05 3.28915221e-01 3.63549563e+01]
  [6.03561132e-05 3.27787649e-01 3.74094247e+01]
  [6.06481404e-05 3.28053033e-01 3.75087808e+01]
  [6.01051147e-05 3.28971726e-01 3.64599402e+01]
  [6.03362244e-05 3.28195058e-01 3.73058798e+01]
  [6.07227726e-05 3.29633277e-01 3.57652438e+01]
  [6.62550615e-05 3.28877121e-01 3.65446353e+01]
  [6.00719260e-05 3.25742520e-01 3.94159601e+01]]

 [[6.07410695e-05 3.28445803e-01 3.68855812e+01]
  [6.01880798e-05 3.29021068e-01 3.61208276e+01]
  [6.29034469e-05 3.28513251e-01 3.70993242e+01]
  [6.04225707e-05 3.29711451e-01 3.58570595e+01]
  [6.07402779e-05 3.28217194e-01 3.74736347e+01]
  [6.06972757e-05 3.29313354e-01 3.61132169e+01]
  [6.04844348e-05 3.30262964e-01 3.54551473e+01]
  [5.98958114e-05 3.25407282e-01 3.95124002e+01]]

 [[6.23995447e-05 3.28360998e-01 3.66252096e+01]
  [6.01592772e-05 3.27445456e-01 3.77011918e+01]
  [6.09590388e-05 3.27321072e-01 3.76518115e+01]
  [6.01123891e-05 3.27760195e-01 3.76688720e+01]
  [6.11401255e-05 3.28621458e-01 3.70079763e+01]
  [6.03818520e-05 3.28948954e-01 3.65023510e+01]
  [6.10695240e-05 3.28870461e-01 3.67877155e+01]
  [5.99991354e-05 3.26448722e-01 3.89197875e+01]]

 [[6.24213632e-05 3.28639453e-01 3.66006950e+01]
  [6.02007802e-05 3.28233020e-01 3.68723328e+01]
  [6.04476827e-05 3.28919766e-01 3.63005184e+01]
  [6.02465162e-05 3.28733048e-01 3.68771995e+01]
  [6.08321039e-05 3.29409698e-01 3.60786210e+01]
  [6.01851971e-05 3.28939064e-01 3.66622099e+01]
  [6.03845195e-05 3.29257066e-01 3.64259622e+01]
  [6.00109937e-05 3.25662197e-01 3.93405213e+01]]

 [[6.05472018e-05 3.28828779e-01 3.65201127e+01]
  [6.34429766e-05 3.30729214e-01 3.49829315e+01]
  [6.21571559e-05 3.29091051e-01 3.62154260e+01]
  [6.13188704e-05 3.29344039e-01 3.60934194e+01]
  [6.08006678e-05 3.28963432e-01 3.65340850e+01]
  [6.04239207e-05 3.28787049e-01 3.64502940e+01]
  [6.02626661e-05 3.30373515e-01 3.54415862e+01]
  [5.84947745e-05 3.12509233e-01 5.45993840e+01]]

 [[6.04212234e-05 3.25447763e-01 3.97461238e+01]
  [6.01366844e-05 3.26347396e-01 3.83988684e+01]
  [6.03950936e-05 3.26532699e-01 3.86669265e+01]
  [5.99798291e-05 3.26978644e-01 3.82637548e+01]
  [6.05664807e-05 3.26895407e-01 3.81181941e+01]
  [6.01522431e-05 3.27394555e-01 3.78517957e+01]
  [6.03733226e-05 3.27353951e-01 3.80863909e+01]
  [3.18058197e-05 1.32909215e-01 2.45661993e+02]]]

Ref Max Post Table:
[[[1.39560679e-04 7.25765714e-01 1.10608622e+02]
  [1.39768054e-04 7.28678837e-01 1.10223727e+02]
  [1.40405627e-04 7.32812754e-01 1.09821011e+02]
  [1.18522573e-04 5.97639626e-01 1.42254231e+02]]

 [[1.39448939e-04 7.22111170e-01 1.11309789e+02]
  [1.39871179e-04 7.28003018e-01 1.10335381e+02]
  [1.40357226e-04 7.32225388e-01 1.09845928e+02]
  [1.40524224e-04 7.30264263e-01 1.10068221e+02]]

 [[1.38258457e-04 7.18066177e-01 1.12678761e+02]
  [1.40215963e-04 7.31118255e-01 1.10085716e+02]
  [1.40266599e-04 7.32484172e-01 1.09747603e+02]
  [1.40087204e-04 7.29356926e-01 1.10296248e+02]]

 [[1.38751762e-04 7.18795693e-01 1.12280476e+02]
  [1.41673373e-04 7.25726315e-01 1.10925785e+02]
  [1.39730817e-04 7.29587219e-01 1.10369854e+02]
  [4.16573863e-05 1.87009245e-01 2.42052821e+02]]]

Ref Max Pull Table:
[[[1.40362571e-04 7.30123204e-01 1.10519844e+02]
  [1.40338127e-04 7.32405059e-01 1.10369899e+02]
  [1.23949190e-04 6.12646039e-01 1.39136739e+02]
  [1.39927728e-04 7.32305136e-01 1.10368768e+02]]

 [[1.41248121e-04 7.33203651e-01 1.10346062e+02]
  [1.40589941e-04 7.32645013e-01 1.10270583e+02]
  [1.31604685e-04 6.80855534e-01 1.22230353e+02]
  [1.39796973e-04 7.30978624e-01 1.10638111e+02]]

 [[1.40834932e-04 7.21259742e-01 1.12648574e+02]
  [1.40057923e-04 7.30345039e-01 1.10730485e+02]
  [1.31222563e-04 6.82350207e-01 1.21838059e+02]
  [6.11806153e-05 2.83312398e-01 2.19214121e+02]]

 [[1.39067051e-04 7.24608011e-01 1.11979498e+02]
  [1.40635672e-04 7.34297223e-01 1.10233677e+02]
  [6.12108605e-05 2.83400832e-01 2.19178933e+02]
  [1.39895082e-04 7.32167073e-01 1.10405157e+02]]]

Max Activate Table:
[[[6.04917924e-05 3.29570577e-01 3.54404323e+01 6.31348739e-04
   1.81692534e-01 6.97003061e-03 6.97003061e-03]
  [6.08385266e-05 3.27464864e-01 3.72143470e+01 6.63445576e-04
   1.92869716e-01 7.30412324e-03 7.30412324e-03]
  [6.07266744e-05 3.29876292e-01 3.54240477e+01 6.27668685e-04
   1.81854405e-01 6.92873381e-03 6.92873381e-03]
  [6.12407463e-05 3.28197884e-01 3.68239994e+01 6.52169744e-04
   1.89748973e-01 7.21314594e-03 7.21314594e-03]
  [6.03039860e-05 3.29536521e-01 3.58977274e+01 6.32356643e-04
   1.84843883e-01 6.97362560e-03 6.97362560e-03]
  [6.05677871e-05 3.25307908e-01 3.93557227e+01 6.95742133e-04
   1.99741015e-01 7.71071080e-03 7.71071080e-03]
  [6.05664531e-05 3.27957825e-01 3.72691906e+01 6.56776114e-04
   1.90284943e-01 7.28055470e-03 7.28055470e-03]
  [6.03015157e-05 3.28725494e-01 3.64174893e+01 6.43506489e-04
   1.86451538e-01 7.11104284e-03 7.11104284e-03]]

 [[6.07500087e-05 3.29069978e-01 3.56087655e+01 6.38804962e-04
   1.84330770e-01 7.06013585e-03 7.06013585e-03]
  [6.08383311e-05 3.29627796e-01 3.54314543e+01 6.30372780e-04
   1.85423186e-01 6.96578314e-03 6.96578314e-03]
  [6.40931233e-05 3.30008284e-01 3.54343318e+01 6.23669685e-04
   1.90906663e-01 6.91404829e-03 6.91404829e-03]
  [6.02696938e-05 3.29959697e-01 3.54172856e+01 6.24938579e-04
   1.81444087e-01 6.89658436e-03 6.89658436e-03]
  [5.99943968e-05 3.27455608e-01 3.75929741e+01 6.62956805e-04
   1.93542296e-01 7.32439838e-03 7.32439838e-03]
  [6.02552760e-05 3.25384768e-01 3.93713824e+01 6.94731181e-04
   2.01329132e-01 7.68000365e-03 7.68000365e-03]
  [6.07779818e-05 3.27614950e-01 3.78301013e+01 6.62659870e-04
   1.89707334e-01 7.31660634e-03 7.31660634e-03]
  [6.24385413e-05 3.28611152e-01 3.65976352e+01 6.46261390e-04
   1.88292263e-01 7.14032874e-03 7.14032874e-03]]

 [[6.05099641e-05 3.28951930e-01 3.61300571e+01 6.41551363e-04
   1.84101497e-01 7.10115761e-03 7.10115761e-03]
  [6.02996416e-05 3.28891966e-01 3.60827291e+01 6.42005541e-04
   1.92231051e-01 7.07737454e-03 7.07737454e-03]
  [6.20913765e-05 3.28159545e-01 3.69695814e+01 6.53179341e-04
   1.87918790e-01 7.22123262e-03 7.22123262e-03]
  [6.05383168e-05 3.28986529e-01 3.63365692e+01 6.40617521e-04
   1.86771169e-01 7.07682866e-03 7.07682866e-03]
  [6.02376524e-05 3.28162907e-01 3.70257618e+01 6.51944316e-04
   1.89595091e-01 7.21225942e-03 7.21225942e-03]
  [6.32276557e-05 3.25111233e-01 3.95896742e+01 6.98294548e-04
   2.04915441e-01 7.72779038e-03 7.72779038e-03]
  [6.06438678e-05 3.27514257e-01 3.76871212e+01 6.63677700e-04
   1.92204556e-01 7.32820208e-03 7.32820208e-03]
  [6.06469827e-05 3.29766681e-01 3.55985309e+01 6.28084487e-04
   1.84309647e-01 6.92581273e-03 6.92581273e-03]]

 [[6.02507374e-05 3.28490206e-01 3.61705016e+01 6.47348893e-04
   1.88298914e-01 7.14901417e-03 7.14901417e-03]
  [6.03630874e-05 3.28130146e-01 3.66730302e+01 6.52958548e-04
   1.87369480e-01 7.20819326e-03 7.20819326e-03]
  [6.07680898e-05 3.27437981e-01 3.76366438e+01 6.64058066e-04
   1.92347168e-01 7.33804651e-03 7.33804651e-03]
  [6.04321425e-05 3.29104426e-01 3.60029349e+01 6.37921424e-04
   1.88627201e-01 7.05095901e-03 7.05095901e-03]
  [6.04151389e-05 3.27778028e-01 3.76096063e+01 6.59165987e-04
   2.00025596e-01 7.30053825e-03 7.30053825e-03]
  [6.07494710e-05 3.25530810e-01 3.93571329e+01 6.93093695e-04
   2.00536056e-01 7.66322549e-03 7.66322549e-03]
  [6.07565249e-05 3.28422560e-01 3.67791346e+01 6.49685019e-04
   1.93808363e-01 7.16618742e-03 7.16618742e-03]
  [6.05546651e-05 3.28695162e-01 3.65851148e+01 6.44343370e-04
   1.86667932e-01 7.11847077e-03 7.11847077e-03]]

 [[6.03030278e-05 3.28596393e-01 3.63272975e+01 6.46771424e-04
   1.86680659e-01 7.15354740e-03 7.15354740e-03]
  [6.05122125e-05 3.28986438e-01 3.58484531e+01 6.39697823e-04
   1.84901944e-01 7.07205693e-03 7.07205693e-03]
  [6.06782540e-05 3.28076553e-01 3.70461368e+01 6.54365674e-04
   1.91370735e-01 7.22897268e-03 7.22897268e-03]
  [6.02886727e-05 3.27977901e-01 3.71299904e+01 6.55370051e-04
   1.89524616e-01 7.23483215e-03 7.23483215e-03]
  [6.03110096e-05 3.29034529e-01 3.60927229e+01 6.40296999e-04
   1.88407202e-01 7.08261408e-03 7.08261408e-03]
  [6.03945449e-05 3.26893328e-01 3.82228533e+01 6.72321851e-04
   1.94987449e-01 7.44622419e-03 7.44622419e-03]
  [6.01534826e-05 3.25758276e-01 3.91629022e+01 6.88780401e-04
   1.99941303e-01 7.60601733e-03 7.60601733e-03]
  [6.15912093e-05 3.28803807e-01 3.66243475e+01 6.43479402e-04
   1.87224654e-01 7.10569390e-03 7.10569390e-03]]

 [[6.04720761e-05 3.26242959e-01 3.81174448e+01 6.82060914e-04
   1.95857945e-01 7.57582121e-03 7.57582121e-03]
  [6.04994017e-05 3.26769588e-01 3.78805219e+01 6.73735898e-04
   1.95577059e-01 7.45907238e-03 7.45907238e-03]
  [6.08743286e-05 3.26996998e-01 3.78525796e+01 6.70447726e-04
   1.93764936e-01 7.39868343e-03 7.39868343e-03]
  [6.03123262e-05 3.26832752e-01 3.81652246e+01 6.73083899e-04
   1.97245888e-01 7.43689135e-03 7.43689135e-03]
  [6.02737341e-05 3.26998884e-01 3.81495592e+01 6.70339990e-04
   1.95774105e-01 7.42043172e-03 7.42043172e-03]
  [3.44050227e-05 1.51155993e-01 2.26314710e+02 2.96684752e-03
   8.88586749e-01 3.29017162e-02 3.31938365e-02]
  [6.01907856e-05 3.23770590e-01 4.12381900e+01 7.15372414e-04
   2.08640360e-01 7.93534702e-03 7.93534702e-03]
  [6.07155330e-05 3.27087854e-01 3.79435856e+01 6.68888360e-04
   1.94004242e-01 7.37771593e-03 7.37771593e-03]]

 [[6.04412999e-05 3.27434472e-01 3.70575652e+01 6.63697939e-04
   1.92028240e-01 7.33645411e-03 7.33645411e-03]
  [6.09089753e-05 3.27344230e-01 3.75823777e+01 6.65058585e-04
   1.91629761e-01 7.37129010e-03 7.37129010e-03]
  [6.08184873e-05 3.28208754e-01 3.70197096e+01 6.52747475e-04
   1.88109825e-01 7.20407971e-03 7.20407971e-03]
  [6.04741560e-05 3.27722016e-01 3.73519109e+01 6.59877815e-04
   1.94133457e-01 7.30041500e-03 7.30041500e-03]
  [6.02348500e-05 3.28715226e-01 3.65988401e+01 6.44844123e-04
   1.86628935e-01 7.12973660e-03 7.12973660e-03]
  [5.66186457e-05 2.92131306e-01 7.55466008e+01 1.13713468e-03
   3.33943388e-01 1.26005528e-02 1.26005528e-02]
  [6.05356363e-05 3.27946197e-01 3.72619376e+01 6.57060899e-04
   1.90946380e-01 7.25346122e-03 7.25346122e-03]
  [6.05617689e-05 3.27690203e-01 3.74978193e+01 6.60068067e-04
   1.90147654e-01 7.27489481e-03 7.27489481e-03]]

 [[6.01394425e-05 3.27816884e-01 3.68625187e+01 6.57525018e-04
   1.88733119e-01 7.25143435e-03 7.25143435e-03]
  [6.03780925e-05 3.29060245e-01 3.59217952e+01 6.39457908e-04
   1.86524488e-01 7.06436473e-03 7.06436473e-03]
  [6.04187411e-05 3.28674370e-01 3.65995926e+01 6.44905728e-04
   1.86502984e-01 7.10081585e-03 7.10081585e-03]
  [6.03602508e-05 3.28214818e-01 3.70411423e+01 6.52017196e-04
   1.88933069e-01 7.20308167e-03 7.20308167e-03]
  [6.31806161e-05 3.28222909e-01 3.69825584e+01 6.52048919e-04
   1.90430116e-01 7.19738751e-03 7.19738751e-03]
  [6.07762928e-05 3.27124514e-01 3.79644478e+01 6.69540889e-04
   1.93014420e-01 7.37522432e-03 7.37522432e-03]
  [6.06307647e-05 3.26360873e-01 3.85402845e+01 6.80718129e-04
   1.98093572e-01 7.54247707e-03 7.54247707e-03]
  [6.07857792e-05 3.28944204e-01 3.64886260e+01 6.42020623e-04
   1.85222959e-01 7.08943919e-03 7.08943919e-03]]]

Cumulative Reward: 10003.740546656494
