Scheduler Table:
[[[5.33403925e-06 2.87803540e-02 3.00879626e+01 1.57925645e-03
   9.48899124e-04 7.81377657e-04 7.81377657e-04]
  [5.27661567e-06 2.88558328e-02 3.01010453e+01 1.57725595e-03
   9.49820558e-04 7.81682987e-04 7.81682987e-04]
  [5.25843603e-06 2.87427846e-02 3.01192975e+01 1.57850926e-03
   9.49934964e-04 7.81774245e-04 7.81774245e-04]]

 [[5.29624253e-06 2.88953471e-02 2.99827879e+01 1.57858156e-03
   9.49071535e-04 7.81363239e-04 7.81363239e-04]
  [5.23816376e-06 2.88397538e-02 3.04586707e+01 1.57540683e-03
   9.50362412e-04 7.81676490e-04 7.81676490e-04]
  [8.89368413e-06 2.77306216e-02 3.44731266e+01 1.57903390e-03
   9.48668533e-04 7.81658427e-04 7.81658427e-04]]

 [[5.82918978e-06 2.89187988e-02 3.00495739e+01 1.57800652e-03
   9.49366866e-04 7.81534115e-04 7.81534115e-04]
  [5.31794914e-06 2.87341642e-02 3.03782257e+01 1.57527223e-03
   9.50372903e-04 7.81634105e-04 7.81634105e-04]
  [8.33500249e-05 1.79714983e+00 3.92391653e+01 1.53261837e-03
   1.07209317e-03 7.81600083e-04 7.99133205e-04]]]

Buffer Table:
[[[4.29753672e-06 2.77655603e-02 3.34874237e+01 1.57800739e-03
   9.49878044e-04 7.81328279e-04 7.81328279e-04]
  [5.32665035e-06 2.88594622e-02 3.00562829e+01 1.57790619e-03
   9.49696272e-04 7.81500057e-04 7.81500057e-04]
  [5.09266627e-06 2.87198458e-02 3.05634675e+01 1.57688928e-03
   9.49939741e-04 7.82002358e-04 7.82002358e-04]]

 [[5.08462558e-06 2.88947553e-02 3.03329015e+01 1.57875219e-03
   9.49347482e-04 7.81576715e-04 7.81576715e-04]
  [5.33414458e-06 2.88095190e-02 2.99000898e+01 1.57801928e-03
   9.48986676e-04 7.81411609e-04 7.81411609e-04]
  [5.71175463e-06 2.89457915e-02 2.97082434e+01 1.57820459e-03
   9.50118887e-04 7.81459180e-04 7.81459180e-04]]

 [[5.59757928e-06 2.88845662e-02 2.99100553e+01 1.57862121e-03
   9.49324311e-04 7.81714156e-04 7.81714156e-04]
  [5.49022400e-06 2.89063231e-02 3.01488236e+01 1.57618277e-03
   9.49524118e-04 7.81653216e-04 7.81653216e-04]
  [8.33500249e-05 1.79714983e+00 3.92391653e+01 1.53261837e-03
   1.07209317e-03 7.81600083e-04 7.99133205e-04]]]

Arbiter Table:
[[[3.48625495e-06 2.76316792e-02 3.44580537e+01 1.58029925e-03
   9.49124273e-04 7.81648400e-04 7.81648400e-04]
  [8.48711117e-05 1.79716821e+00 3.95316311e+01 1.54316872e-03
   1.05384597e-03 7.82168734e-04 7.92471702e-04]
  [3.77789075e-06 2.80104404e-02 3.29233223e+01 1.58029148e-03
   9.48750029e-04 7.81534805e-04 7.81534805e-04]]

 [[4.19097400e-06 2.28553720e-02 3.98698050e+01 1.55757998e-03
   9.91626482e-04 7.79988298e-04 7.98063680e-04]
  [3.90022154e-06 2.60796467e-02 3.71977416e+01 1.57401358e-03
   9.50697673e-04 7.81873064e-04 7.81873064e-04]
  [4.54725927e-06 2.87421837e-02 3.03530768e+01 1.57886402e-03
   9.49224496e-04 7.81768516e-04 7.81768516e-04]]

 [[1.54447885e-05 2.72007038e-02 3.61938042e+01 1.58247082e-03
   9.47458617e-04 7.81629559e-04 7.81629559e-04]
  [4.71051860e-06 2.88085112e-02 3.03100340e+01 1.57775641e-03
   9.49455478e-04 7.81360737e-04 7.81360737e-04]
  [4.80596646e-06 2.88169140e-02 2.99091046e+01 1.57753185e-03
   9.49496300e-04 7.81299961e-04 7.81299961e-04]]]

Page Table:
[[[2.11601909e-06 2.45312876e-02 3.86145910e+01 1.57499528e-03
   9.50726169e-04 7.80647767e-04 7.80647767e-04]
  [6.55946196e-06 2.93432529e-02 3.05382539e+01 1.57629223e-03
   9.50304482e-04 7.81610471e-04 7.81610471e-04]
  [6.54004340e-06 2.94002220e-02 3.01247575e+01 1.57662225e-03
   9.50536848e-04 7.81829479e-04 7.81829479e-04]
  [4.19568654e-06 2.28601530e-02 3.98645689e+01 1.55757915e-03
   9.91630354e-04 7.79989548e-04 7.98064930e-04]]

 [[7.29232615e-06 2.70035329e-02 3.55658106e+01 1.56935382e-03
   9.54444427e-04 7.81287106e-04 7.81287106e-04]
  [6.54015667e-06 2.94332016e-02 3.00041446e+01 1.57572935e-03
   9.50745921e-04 7.82272728e-04 7.82272728e-04]
  [6.56123418e-06 2.94590117e-02 3.01220381e+01 1.57676621e-03
   9.50494356e-04 7.82050254e-04 7.82050254e-04]
  [6.48431425e-06 2.93422753e-02 2.97570856e+01 1.57539818e-03
   9.50153729e-04 7.81446340e-04 7.81446340e-04]]

 [[7.21053879e-06 2.95188226e-02 2.98467948e+01 1.57748176e-03
   9.49995884e-04 7.81527398e-04 7.81527398e-04]
  [6.30292298e-06 2.77092912e-02 3.48763305e+01 1.57743769e-03
   9.49440780e-04 7.81280552e-04 7.81280552e-04]
  [6.72883537e-06 2.94719517e-02 2.96806008e+01 1.57735229e-03
   9.49924976e-04 7.82043541e-04 7.82043541e-04]
  [6.56755822e-06 2.93479442e-02 2.97615967e+01 1.57407570e-03
   9.50936733e-04 7.81976161e-04 7.81976161e-04]]

 [[8.48757239e-05 1.79717289e+00 3.95265064e+01 1.54316791e-03
   1.05384976e-03 7.82169957e-04 7.92472925e-04]
  [6.49924609e-06 2.93847784e-02 3.03654822e+01 1.57848855e-03
   9.50076217e-04 7.81713266e-04 7.81713266e-04]
  [6.26696372e-06 2.91965600e-02 3.04251393e+01 1.57473793e-03
   9.52031118e-04 7.82052903e-04 7.82052903e-04]
  [6.65392430e-06 2.94688168e-02 2.96654271e+01 1.57714154e-03
   9.49921427e-04 7.81385853e-04 7.81385853e-04]]]

Response Table:
[[[2.24190814e-06 2.83764823e-02 2.98654452e+01]
  [2.32715778e-06 2.84528916e-02 3.02847594e+01]]

 [[2.26651618e-06 2.83890777e-02 2.97765025e+01]
  [8.33500249e-05 1.79714983e+00 3.92391653e+01]]]

Refresh Table:
[[[2.78276978e-06 2.85134222e-02 3.02135829e+01]
  [5.03514223e-06 2.66291870e-02 3.37348227e+01]]

 [[6.68804396e-06 2.77458890e-02 3.16772304e+01]
  [8.33500308e-05 1.79714984e+00 3.92391349e+01]]]

Request Buffer Table:
[[[2.51502538e-05 5.01043691e-02 2.97927613e+01]
  [2.43702239e-05 4.95022972e-02 2.98572014e+01]
  [2.61611002e-05 4.99676491e-02 3.02491197e+01]
  [2.61884131e-05 5.04346977e-02 3.00893280e+01]
  [2.52305033e-05 5.03779461e-02 3.02622635e+01]
  [2.46588770e-05 4.91629654e-02 3.03019491e+01]
  [2.48650097e-05 4.94989873e-02 3.02513452e+01]
  [1.03658413e-05 3.40496700e-02 3.79646092e+01]]

 [[2.46982831e-05 4.94972459e-02 2.98669440e+01]
  [2.69360680e-05 5.03203322e-02 3.00122150e+01]
  [2.68030667e-05 5.05158326e-02 3.01787943e+01]
  [2.59925159e-05 5.13494714e-02 3.00419638e+01]
  [2.44461861e-05 4.95104846e-02 2.98544434e+01]
  [1.89373471e-05 4.35381392e-02 3.24152462e+01]
  [2.49343892e-05 4.99744719e-02 3.00803385e+01]
  [2.35387876e-05 4.86540214e-02 2.98455932e+01]]

 [[3.24043256e-05 5.33049926e-02 2.96835257e+01]
  [2.57587392e-05 5.04567361e-02 3.00647536e+01]
  [3.14798207e-05 5.04559713e-02 3.02656454e+01]
  [3.43531959e-05 5.32349809e-02 3.01373967e+01]
  [2.68149290e-05 4.99979758e-02 3.01465080e+01]
  [2.71252444e-05 5.23212962e-02 2.99464824e+01]
  [2.46391125e-05 4.91212603e-02 2.99424402e+01]
  [2.52947455e-05 4.86022256e-02 3.08427708e+01]]

 [[2.95619670e-05 5.35978936e-02 3.00513155e+01]
  [2.49714544e-05 4.98428396e-02 2.99917506e+01]
  [2.59456696e-05 4.95146832e-02 3.04854472e+01]
  [2.58872846e-05 5.11014761e-02 2.98164762e+01]
  [2.43076673e-05 4.90151686e-02 3.03194329e+01]
  [2.55673460e-05 4.90174434e-02 3.09491613e+01]
  [2.58742682e-05 5.12712347e-02 2.99999794e+01]
  [2.52919337e-05 4.96541114e-02 3.02148691e+01]]

 [[2.53350023e-05 5.05014073e-02 3.00861345e+01]
  [2.35114060e-05 4.87562075e-02 3.02522444e+01]
  [2.52708178e-05 4.94269553e-02 3.02019731e+01]
  [2.57037386e-05 4.99078961e-02 3.07734842e+01]
  [2.63137445e-05 5.04469213e-02 2.99824565e+01]
  [2.54321281e-05 5.07145714e-02 2.99445312e+01]
  [3.25744388e-05 4.99728108e-02 3.01158872e+01]
  [2.50267530e-05 4.96343826e-02 3.00723238e+01]]

 [[2.58393016e-05 5.02161345e-02 3.01941799e+01]
  [2.65292715e-05 4.94798731e-02 2.99784738e+01]
  [2.59448210e-05 5.13525552e-02 3.03071668e+01]
  [2.56201323e-05 5.07042754e-02 3.01123361e+01]
  [2.36672982e-05 4.89431681e-02 3.01864413e+01]
  [8.33500250e-05 1.79714983e+00 3.92391651e+01]
  [2.47165362e-05 4.86532340e-02 3.03222962e+01]
  [2.58610890e-05 4.96272570e-02 3.04878645e+01]]

 [[2.55461736e-05 5.01173290e-02 2.98921609e+01]
  [2.42542657e-05 4.89610396e-02 2.99204134e+01]
  [2.83291964e-05 5.23255443e-02 3.00081828e+01]
  [2.74361962e-05 5.20310301e-02 2.98856793e+01]
  [2.45636717e-05 4.93782956e-02 3.03022675e+01]
  [2.75719410e-05 5.02420110e-02 3.02576650e+01]
  [2.60781503e-05 5.00273065e-02 3.00117991e+01]
  [1.30850859e-05 2.40767468e-02 4.34004014e+01]]

 [[2.35103001e-05 4.84384692e-02 3.01603794e+01]
  [2.56029719e-05 5.10115819e-02 2.99274384e+01]
  [2.93526099e-05 4.97637926e-02 3.02429025e+01]
  [2.72718002e-05 5.20261289e-02 3.02517538e+01]
  [2.99037436e-05 5.15658219e-02 3.00748981e+01]
  [2.56198431e-05 4.96882720e-02 3.00155466e+01]
  [1.94021364e-05 3.84783107e-02 3.57022261e+01]
  [2.87699633e-05 4.98543220e-02 2.99909485e+01]]]

Ref Max Post Table:
[[[6.50945780e-06 2.93902358e-02 3.04904069e+01]
  [6.46444191e-06 2.93557213e-02 2.98849475e+01]
  [8.06248528e-06 2.97187493e-02 3.00965314e+01]
  [5.15425048e-06 2.78533205e-02 3.40729542e+01]]

 [[6.75503201e-06 2.94383205e-02 2.99164528e+01]
  [6.89929093e-06 2.94698572e-02 2.98962137e+01]
  [6.31939548e-06 2.92970006e-02 2.99839741e+01]
  [6.98978189e-06 2.79189393e-02 3.48891529e+01]]

 [[6.92091997e-06 2.94295493e-02 3.07567191e+01]
  [6.83078267e-06 2.94079030e-02 2.98274146e+01]
  [6.68419177e-06 2.94190264e-02 2.99182579e+01]
  [6.49236415e-06 2.93164132e-02 3.02970747e+01]]

 [[6.60346441e-06 2.92517846e-02 3.09202841e+01]
  [5.87806128e-06 2.90038877e-02 3.12445588e+01]
  [6.68454095e-06 2.94320463e-02 2.99954166e+01]
  [8.33500250e-05 1.79714983e+00 3.92391653e+01]]]

Ref Max Pull Table:
[[[3.83103045e-06 2.58569520e-02 3.66670875e+01]
  [8.48711421e-05 1.79716826e+00 3.95315331e+01]
  [7.13217548e-06 2.95112200e-02 2.98741159e+01]
  [6.29829107e-06 2.94279859e-02 2.99801134e+01]]

 [[4.19100510e-06 2.28554253e-02 3.98697050e+01]
  [6.34198873e-06 2.93832966e-02 2.97990385e+01]
  [6.25100139e-06 2.93529719e-02 3.02514815e+01]
  [6.58784232e-06 2.94767420e-02 3.03234916e+01]]

 [[6.07763468e-06 2.93705983e-02 2.97956124e+01]
  [6.21472478e-06 2.94256026e-02 3.05247997e+01]
  [6.68817547e-06 2.94857973e-02 2.99509762e+01]
  [6.71285851e-06 2.95543597e-02 2.99109459e+01]]

 [[6.17603212e-06 2.93799115e-02 3.03319867e+01]
  [6.76022306e-06 2.94488193e-02 3.08541513e+01]
  [6.47062970e-06 2.93694151e-02 3.01239085e+01]
  [6.85750379e-06 2.95636099e-02 3.01455253e+01]]]

Max Activate Table:
[[[2.65901261e-05 5.10428592e-02 2.97836609e+01 1.57154181e-03
   9.50268256e-04 7.80715276e-04 7.80715276e-04]
  [2.67101892e-05 4.99335075e-02 2.98935789e+01 1.57259800e-03
   9.49891939e-04 7.80820356e-04 7.80820356e-04]
  [2.75605370e-05 5.16796899e-02 3.02107984e+01 1.57403003e-03
   9.49518708e-04 7.80376960e-04 7.80376960e-04]
  [2.61853677e-05 5.00982943e-02 2.99961535e+01 1.57347615e-03
   9.49601932e-04 7.80785879e-04 7.80785879e-04]
  [2.76821874e-05 5.23322383e-02 3.01414357e+01 1.57466114e-03
   9.49651564e-04 7.80315688e-04 7.80315688e-04]
  [2.69893336e-05 5.08095557e-02 3.01110360e+01 1.57524662e-03
   9.49294718e-04 7.80308598e-04 7.80308598e-04]
  [2.54460437e-05 4.91553052e-02 3.05562936e+01 1.57605116e-03
   9.48974791e-04 7.80289258e-04 7.80289258e-04]
  [2.45019355e-05 4.92190201e-02 3.02787752e+01 1.57665996e-03
   9.49059354e-04 7.80799175e-04 7.80799175e-04]]

 [[2.58921110e-05 5.04992547e-02 2.97777017e+01 1.57303505e-03
   9.49950005e-04 7.80758652e-04 7.80758652e-04]
  [2.84776053e-05 5.35136343e-02 3.03324215e+01 1.57359456e-03
   9.49144692e-04 7.80520284e-04 7.80520284e-04]
  [2.79384732e-05 5.01804780e-02 2.99668485e+01 1.57371421e-03
   9.49103875e-04 7.80491307e-04 7.80491307e-04]
  [3.25553630e-05 5.50333592e-02 3.01421616e+01 1.57605853e-03
   9.48848975e-04 7.80002514e-04 7.80002514e-04]
  [2.69088325e-05 4.95314794e-02 3.01478600e+01 1.57549068e-03
   9.48762926e-04 7.80431230e-04 7.80431230e-04]
  [2.60469291e-05 4.98134354e-02 3.02510726e+01 1.57432280e-03
   9.49073073e-04 7.80277391e-04 7.80277391e-04]
  [2.56381292e-05 5.06200020e-02 2.97068553e+01 1.57177581e-03
   9.49950106e-04 7.80707711e-04 7.80707711e-04]
  [2.53344295e-05 5.02429287e-02 3.01699546e+01 1.57474271e-03
   9.49264366e-04 7.80515201e-04 7.80515201e-04]]

 [[2.67309888e-05 5.02569085e-02 3.02045708e+01 1.57558235e-03
   9.48774188e-04 7.80324851e-04 7.80324851e-04]
  [2.71357132e-05 5.20025156e-02 2.99430314e+01 1.57391863e-03
   9.49205113e-04 7.80205821e-04 7.80205821e-04]
  [2.51852799e-05 4.94096332e-02 3.01110964e+01 1.57322375e-03
   9.49740153e-04 7.80605518e-04 7.80605518e-04]
  [2.70533663e-05 5.10979735e-02 3.00282837e+01 1.57378883e-03
   9.49560633e-04 7.80440734e-04 7.80440734e-04]
  [2.62804045e-05 5.10295799e-02 3.00470573e+01 1.57373072e-03
   9.49229829e-04 7.80437389e-04 7.80437389e-04]
  [2.56692805e-05 4.94549156e-02 3.01686065e+01 1.57521256e-03
   9.49073240e-04 7.80572791e-04 7.80572791e-04]
  [2.63687140e-05 4.92958800e-02 3.02746535e+01 1.57505982e-03
   9.49282845e-04 7.80352622e-04 7.80352622e-04]
  [2.66137740e-05 5.09080635e-02 2.98423949e+01 1.56919460e-03
   9.51527884e-04 7.81238367e-04 7.81238367e-04]]

 [[2.64034126e-05 4.95255897e-02 2.97882472e+01 1.57249791e-03
   9.49945824e-04 7.80675344e-04 7.80675344e-04]
  [2.57739117e-05 4.98146730e-02 2.99273541e+01 1.57419235e-03
   9.49193180e-04 7.80322230e-04 7.80322230e-04]
  [2.63476494e-05 5.01316584e-02 2.98849525e+01 1.57524165e-03
   9.49267247e-04 7.80316405e-04 7.80316405e-04]
  [3.02836871e-05 5.30137491e-02 3.00495079e+01 1.57456240e-03
   9.49066906e-04 7.80199106e-04 7.80199106e-04]
  [2.69286547e-05 5.09471454e-02 3.01575162e+01 1.57383440e-03
   9.49448944e-04 7.80486744e-04 7.80486744e-04]
  [2.65030383e-05 5.06118158e-02 3.00274285e+01 1.57351755e-03
   9.49910486e-04 7.80416935e-04 7.80416935e-04]
  [2.64164727e-05 4.97647816e-02 3.05708506e+01 1.57314246e-03
   9.49471115e-04 7.80539881e-04 7.80539881e-04]
  [2.56867144e-05 5.08617180e-02 2.99853978e+01 1.57565703e-03
   9.48689441e-04 7.80365552e-04 7.80365552e-04]]

 [[2.56486609e-05 5.06278927e-02 2.99659147e+01 1.57631003e-03
   9.48396634e-04 7.80245756e-04 7.80245756e-04]
  [2.77029503e-05 5.04413049e-02 2.98780542e+01 1.57322056e-03
   9.49366893e-04 7.80459019e-04 7.80459019e-04]
  [2.88308327e-05 5.18850292e-02 3.00431296e+01 1.57273791e-03
   9.49588808e-04 7.80880644e-04 7.80880644e-04]
  [2.66637699e-05 5.06992509e-02 2.97065105e+01 1.57350981e-03
   9.49306403e-04 7.80370375e-04 7.80370375e-04]
  [3.08873406e-05 5.13508330e-02 3.00601481e+01 1.57432158e-03
   9.49068364e-04 7.80542680e-04 7.80542680e-04]
  [2.57032779e-05 4.97345180e-02 3.01366462e+01 1.57293717e-03
   9.49056076e-04 7.80395698e-04 7.80395698e-04]
  [2.74220496e-05 5.01417458e-02 3.00691249e+01 1.57185503e-03
   9.49920335e-04 7.80534855e-04 7.80534855e-04]
  [1.81556715e-05 4.21429221e-02 3.34471364e+01 1.57789433e-03
   9.49103481e-04 7.80513748e-04 7.80513748e-04]]

 [[2.56507153e-05 5.06697791e-02 3.01920557e+01 1.57668964e-03
   9.48769044e-04 7.80180194e-04 7.80180194e-04]
  [2.58224907e-05 4.91132932e-02 3.06232514e+01 1.57510489e-03
   9.49154275e-04 7.80333709e-04 7.80333709e-04]
  [2.80427527e-05 5.11873265e-02 2.97552475e+01 1.57407213e-03
   9.49289695e-04 7.80697556e-04 7.80697556e-04]
  [2.59455303e-05 5.08160888e-02 3.01361048e+01 1.57314076e-03
   9.49675603e-04 7.80452394e-04 7.80452394e-04]
  [2.52126578e-05 4.95154563e-02 3.01454858e+01 1.57506513e-03
   9.48624967e-04 7.80287439e-04 7.80287439e-04]
  [2.98058898e-05 5.04340028e-02 3.01780252e+01 1.57655067e-03
   9.48774619e-04 7.80320012e-04 7.80320012e-04]
  [2.53824556e-05 4.92049294e-02 3.05774013e+01 1.57606659e-03
   9.48617083e-04 7.80047108e-04 7.80047108e-04]
  [8.48711117e-05 1.79716821e+00 3.95316311e+01 1.54316872e-03
   1.05384597e-03 7.82168734e-04 7.92471702e-04]]

 [[2.44802488e-05 4.94552677e-02 3.02195748e+01 1.57506600e-03
   9.49403237e-04 7.80894065e-04 7.80894065e-04]
  [2.50710766e-05 4.89352025e-02 3.02721842e+01 1.57401900e-03
   9.49244023e-04 7.80117132e-04 7.80117132e-04]
  [2.63922852e-05 5.07726446e-02 2.98683570e+01 1.57450043e-03
   9.48502718e-04 7.80615400e-04 7.80615400e-04]
  [2.49729598e-05 4.90230503e-02 3.04694041e+01 1.57192229e-03
   9.50740131e-04 7.80596278e-04 7.80596278e-04]
  [2.77290528e-05 5.16069086e-02 3.01570627e+01 1.57431743e-03
   9.49580697e-04 7.80622626e-04 7.80622626e-04]
  [2.60491709e-05 4.91571406e-02 3.11559319e+01 1.57458760e-03
   9.48985309e-04 7.80517208e-04 7.80517208e-04]
  [2.50861635e-05 4.91825697e-02 3.00573541e+01 1.57362136e-03
   9.49508173e-04 7.80577994e-04 7.80577994e-04]
  [2.94644364e-05 5.08776419e-02 3.00931285e+01 1.57205862e-03
   9.49890125e-04 7.80829053e-04 7.80829053e-04]]

 [[2.68756248e-05 5.15223743e-02 3.00254833e+01 1.57405118e-03
   9.50050218e-04 7.80639246e-04 7.80639246e-04]
  [2.75566288e-05 5.01177044e-02 3.01432588e+01 1.57167820e-03
   9.50249639e-04 7.80649322e-04 7.80649322e-04]
  [2.82564253e-05 5.08374436e-02 3.01318416e+01 1.57452071e-03
   9.49288082e-04 7.80512987e-04 7.80512987e-04]
  [2.53225162e-05 5.00800837e-02 3.00837955e+01 1.57553247e-03
   9.49376752e-04 7.80712474e-04 7.80712474e-04]
  [2.76450061e-05 4.92825908e-02 3.04207214e+01 1.57571595e-03
   9.49117788e-04 7.80500985e-04 7.80500985e-04]
  [4.19097400e-06 2.28553720e-02 3.98698051e+01 1.55757998e-03
   9.91626482e-04 7.79988298e-04 7.98063680e-04]
  [2.73950426e-05 4.96613993e-02 3.02104503e+01 1.57131513e-03
   9.50453204e-04 7.80365257e-04 7.80365257e-04]
  [2.84263393e-05 5.02985979e-02 2.99852913e+01 1.57103461e-03
   9.51334980e-04 7.81328541e-04 7.81328541e-04]]]

Cumulative Reward: 5407.663413486271
