Scheduler Table:
[[[4.11015832e-05 1.40614194e-01 1.86632186e+02 2.59472434e+01
   9.03274011e+00 3.38548134e-03 3.38548134e-03]
  [4.70887746e-05 1.36298084e-01 2.23880568e+02 2.54182073e+01
   1.38091561e+01 3.37585009e-03 3.37585009e-03]
  [4.25375257e-05 1.40311181e-01 1.86282698e+02 2.54290818e+01
   9.86264576e+00 3.38441381e-03 3.38441381e-03]]

 [[4.38120023e-05 1.40269227e-01 1.86070023e+02 2.53578158e+01
   9.96666634e+00 3.38428595e-03 3.38428595e-03]
  [4.63635165e-05 1.40201563e-01 1.85924986e+02 2.53104381e+01
   1.00450635e+01 3.38418415e-03 3.38418415e-03]
  [4.19053306e-05 1.27326959e-01 3.50533806e+02 1.78782466e+01
   9.30763798e+00 3.36287498e-03 3.36287498e-03]]

 [[4.50031210e-05 1.40105435e-01 1.85893875e+02 2.52220846e+01
   9.88147606e+00 3.38401208e-03 3.38401208e-03]
  [4.67333882e-05 1.33507636e-01 2.61198031e+02 2.30609533e+01
   1.22869423e+01 3.37071106e-03 3.37071106e-03]
  [3.49523546e-04 8.87995937e-01 6.52289891e+02 1.76736537e-01
   7.86724530e-02 3.36647477e-03 3.38795051e-03]]]

Buffer Table:
[[[3.52904561e-04 9.00241668e-01 4.89103089e+02 1.01310873e+01
   2.45991771e+00 3.37721113e-03 3.39868687e-03]
  [4.62916819e-05 1.28689575e-01 3.26607927e+02 1.91669380e+01
   5.54834342e+00 3.35443298e-03 3.35443298e-03]
  [4.44166870e-05 1.40162608e-01 1.87900564e+02 2.56833631e+01
   9.89478723e+00 3.38328213e-03 3.38328213e-03]]

 [[4.24442561e-05 1.22725011e-01 4.03309080e+02 1.48315045e+01
   4.20378463e+00 3.34962318e-03 3.34962318e-03]
  [5.32015403e-05 1.36351851e-01 2.19156653e+02 1.71571400e+01
   2.15615738e+01 3.36745954e-03 3.36745954e-03]
  [4.26282641e-05 1.40354618e-01 1.86126569e+02 2.54411168e+01
   9.62598169e+00 3.38399882e-03 3.38399882e-03]]

 [[4.29002232e-05 1.40386073e-01 1.86112286e+02 2.53946211e+01
   9.70191954e+00 3.38390175e-03 3.38390175e-03]
  [4.10940841e-05 1.35115520e-01 2.38489985e+02 1.75375344e+01
   7.28844189e+00 3.36702004e-03 3.36702004e-03]
  [4.32596538e-05 1.40173235e-01 1.85807604e+02 2.51767091e+01
   1.00480855e+01 3.38346538e-03 3.38346538e-03]]]

Arbiter Table:
[[[3.49457740e-04 8.87818427e-01 6.54818743e+02 7.97364170e-03
   4.36899279e-03 3.36623729e-03 3.38771303e-03]
  [4.59813954e-05 1.40369272e-01 1.86024025e+02 2.52312392e+01
   9.79739595e+00 3.38641326e-03 3.38641326e-03]
  [4.34290668e-05 1.39934646e-01 1.89387865e+02 2.48250754e+01
   9.85039459e+00 3.38555023e-03 3.38555023e-03]]

 [[4.00101424e-05 1.31027732e-01 2.90173646e+02 1.64186384e+01
   6.66617274e+00 3.36774490e-03 3.36774490e-03]
  [4.48500081e-05 1.40487768e-01 1.86238571e+02 2.54373043e+01
   9.45916276e+00 3.38686558e-03 3.38686558e-03]
  [4.63802969e-05 1.40205324e-01 1.85368048e+02 2.49440746e+01
   1.02575438e+01 3.38580359e-03 3.38580359e-03]]

 [[4.34154125e-05 1.40234834e-01 1.85321990e+02 2.50321036e+01
   1.01208933e+01 3.38598246e-03 3.38598246e-03]
  [4.17530645e-05 1.37131730e-01 2.26695972e+02 2.12480544e+01
   8.40006570e+00 3.37800838e-03 3.37800838e-03]
  [4.66003197e-05 1.40300354e-01 1.85898295e+02 2.50417435e+01
   1.01037611e+01 3.38600596e-03 3.38600596e-03]]]

Page Table:
[[[3.58475347e-05 1.87236174e-01 2.77041334e+02 2.60005825e+01
   1.82355327e+01 4.78903351e-03 4.78903351e-03]
  [4.55352195e-05 2.34313150e-01 1.84350549e+02 2.18459743e+01
   9.58599291e+00 5.75737522e-03 5.75737522e-03]
  [4.93987832e-05 2.34273816e-01 1.84531149e+02 2.18730700e+01
   9.56964292e+00 5.75752129e-03 5.75752129e-03]
  [4.64545806e-05 2.34732819e-01 1.84640528e+02 2.19117590e+01
   9.46639234e+00 5.76450096e-03 5.76450096e-03]]

 [[4.60567756e-05 2.35025943e-01 1.84826700e+02 2.19408860e+01
   9.37322980e+00 5.77098258e-03 5.77098258e-03]
  [4.52486003e-05 2.35135652e-01 1.85290390e+02 2.19741559e+01
   9.32378503e+00 5.77372417e-03 5.77372417e-03]
  [5.04996905e-05 2.35042272e-01 1.84614283e+02 2.20042417e+01
   9.32555339e+00 5.77217890e-03 5.77217890e-03]
  [3.52116566e-04 8.88172437e-01 6.54451293e+02 7.20049314e-03
   6.29187450e-03 3.36608857e-03 3.37892216e-03]]

 [[4.74941149e-05 2.34123319e-01 1.84350460e+02 2.18159260e+01
   9.67519060e+00 5.75119523e-03 5.75119523e-03]
  [4.45716824e-05 2.34267577e-01 1.83962227e+02 2.18255952e+01
   9.62446822e+00 5.75502986e-03 5.75502986e-03]
  [4.76322169e-05 2.34832556e-01 1.84325094e+02 2.19314582e+01
   9.42421787e+00 5.76717283e-03 5.76717283e-03]
  [5.33661777e-05 2.33422386e-01 1.86376830e+02 2.16854318e+01
   9.90783500e+00 5.73743425e-03 5.73743425e-03]]

 [[4.67287983e-05 2.33856597e-01 1.84666176e+02 2.17580019e+01
   9.75760024e+00 5.74684208e-03 5.74684208e-03]
  [2.77759771e-05 1.03310553e-01 6.56132195e+02 7.21147820e-03
   6.24763909e-03 3.33453779e-03 3.35614315e-03]
  [4.51646226e-05 2.35297371e-01 1.84604141e+02 2.20465452e+01
   9.24410580e+00 5.77715301e-03 5.77715301e-03]
  [4.58807166e-05 2.36684424e-01 1.85295963e+02 2.24496666e+01
   8.64188412e+00 5.80984263e-03 5.80984263e-03]]]

Response Table:
[[[3.49456877e-04 8.87815788e-01 6.54847187e+02]
  [5.87867073e-05 1.29439193e-01 1.88606945e+02]]

 [[5.78916077e-05 1.27969309e-01 2.41074345e+02]
  [5.86346174e-05 1.29495908e-01 1.87050404e+02]]]

Refresh Table:
[[[3.49456750e-04 8.87816945e-01 6.54825925e+02]
  [4.61903719e-05 1.29505121e-01 1.90193829e+02]]

 [[4.64025782e-05 1.25154250e-01 2.71453091e+02]
  [4.58462448e-05 1.29634561e-01 1.88232566e+02]]]

Request Buffer Table:
[[[9.27004518e-05 1.80220918e+00 1.42574863e+02]
  [9.79776132e-05 1.82820849e+00 1.43842355e+02]
  [9.43292545e-05 1.79079089e+00 1.42653795e+02]
  [9.28631259e-05 1.81148600e+00 1.43127151e+02]
  [9.64442960e-05 1.80681443e+00 1.43162822e+02]
  [1.05643504e-04 1.79714476e+00 1.43631320e+02]
  [9.19501150e-05 1.77813532e+00 1.42679790e+02]
  [9.18221810e-05 1.80741053e+00 1.43717501e+02]]

 [[9.16290370e-05 1.79663718e+00 1.42709380e+02]
  [9.38904410e-05 1.78439925e+00 1.42733541e+02]
  [9.38583631e-05 1.79811288e+00 1.42148535e+02]
  [9.44279571e-05 1.80215340e+00 1.42665157e+02]
  [9.62166069e-05 1.79905932e+00 1.43459240e+02]
  [9.91466890e-05 1.81365071e+00 1.42406252e+02]
  [9.07043848e-05 1.76251729e+00 1.44711197e+02]
  [9.17601580e-05 1.82430500e+00 1.43090196e+02]]

 [[9.18976324e-05 1.80901841e+00 1.42709264e+02]
  [9.29386957e-05 1.76843466e+00 1.43276425e+02]
  [9.21847683e-05 1.78440192e+00 1.42250948e+02]
  [9.17300322e-05 1.80580477e+00 1.42078533e+02]
  [9.11675236e-05 1.78288453e+00 1.43215340e+02]
  [9.44321470e-05 1.77559910e+00 1.42772491e+02]
  [9.20325171e-05 1.80046718e+00 1.43158784e+02]
  [9.36209922e-05 1.85991180e+00 1.41718760e+02]]

 [[1.00428796e-04 1.79043962e+00 1.42685617e+02]
  [1.03779239e-04 1.81828617e+00 1.41069692e+02]
  [9.35181137e-05 1.80407868e+00 1.42616639e+02]
  [9.24349758e-05 1.83524513e+00 1.41077556e+02]
  [9.21351487e-05 1.79025815e+00 1.43062140e+02]
  [9.66599857e-05 1.80353709e+00 1.42799363e+02]
  [9.19199905e-05 1.54294652e+00 1.91025271e+02]
  [9.32274325e-05 1.84594908e+00 1.42692443e+02]]

 [[9.26808654e-05 1.77921201e+00 1.43190572e+02]
  [9.08345979e-05 1.77125615e+00 1.43548587e+02]
  [9.19965913e-05 1.79154390e+00 1.42176268e+02]
  [9.57047820e-05 1.79469609e+00 1.43163991e+02]
  [9.17664378e-05 1.78326446e+00 1.42351017e+02]
  [9.04890047e-05 1.77655736e+00 1.43657159e+02]
  [9.21135459e-05 1.80079074e+00 1.42524997e+02]
  [7.14553250e-05 1.38251572e+00 2.43275339e+02]]

 [[9.22645662e-05 1.81332718e+00 1.41938596e+02]
  [9.45124217e-05 1.85250920e+00 1.42902337e+02]
  [9.27420340e-05 1.78766346e+00 1.42146064e+02]
  [9.34880502e-05 1.76842977e+00 1.43971915e+02]
  [9.15235749e-05 1.78130786e+00 1.42023421e+02]
  [9.42476346e-05 1.78556878e+00 1.42864886e+02]
  [9.33522898e-05 1.77327994e+00 1.42749411e+02]
  [9.19524104e-05 1.82415991e+00 1.42950576e+02]]

 [[9.30678935e-05 1.79657200e+00 1.43463408e+02]
  [9.52084902e-05 1.81679593e+00 1.41472963e+02]
  [9.31540122e-05 1.77933648e+00 1.42768875e+02]
  [9.38678767e-05 1.80727864e+00 1.42623434e+02]
  [9.16589740e-05 1.78540655e+00 1.43010111e+02]
  [9.17286146e-05 1.80922293e+00 1.43944704e+02]
  [9.20245482e-05 1.79239233e+00 1.42098505e+02]
  [7.87185267e-05 1.25091137e+00 2.91533351e+02]]

 [[1.17240136e-04 1.78363080e+00 1.43184914e+02]
  [9.68896616e-05 1.80698026e+00 1.41475658e+02]
  [9.24844709e-05 1.77446105e+00 1.42456652e+02]
  [9.41708561e-05 1.78140585e+00 1.48101906e+02]
  [9.09969707e-05 1.78746314e+00 1.44958983e+02]
  [1.03910177e-04 1.79927559e+00 1.44164849e+02]
  [9.11055936e-05 1.80793755e+00 1.42832917e+02]
  [3.50239623e-04 9.04519436e-01 6.49935006e+02]]]

Ref Max Post Table:
[[[3.50922697e-04 9.02545143e-01 6.00865761e+02]
  [4.75153135e-05 2.13250020e-01 2.60745848e+02]
  [5.49770075e-05 2.33061382e-01 1.87803728e+02]
  [4.99925352e-05 2.22106954e-01 2.23499259e+02]]

 [[4.57601856e-05 1.94186856e-01 3.30753855e+02]
  [4.75927565e-05 2.34400220e-01 1.84306777e+02]
  [5.74119910e-05 2.34032366e-01 1.84448016e+02]
  [4.83212430e-05 2.34696067e-01 1.84921770e+02]]

 [[4.83849577e-05 2.02473149e-01 2.98447228e+02]
  [4.79308580e-05 2.34441108e-01 1.84501999e+02]
  [5.02722965e-05 2.35618365e-01 1.84807283e+02]
  [4.77324825e-05 2.34684048e-01 1.84376758e+02]]

 [[5.21512207e-05 2.34701662e-01 1.85225564e+02]
  [4.94377372e-05 2.06084112e-01 2.79673015e+02]
  [4.78821992e-05 2.34504647e-01 1.84187050e+02]
  [4.65322153e-05 2.35585107e-01 1.85070692e+02]]]

Ref Max Pull Table:
[[[4.85175689e-05 2.33499016e-01 1.85018506e+02]
  [4.72919841e-05 2.31218242e-01 1.84656226e+02]
  [4.67287433e-05 2.32623801e-01 1.85421317e+02]
  [4.35712006e-05 2.09759303e-01 2.27373212e+02]]

 [[4.71166442e-05 2.32415059e-01 1.85108931e+02]
  [4.91203981e-05 2.31918146e-01 1.84639729e+02]
  [4.69625594e-05 1.87475660e-01 2.74560101e+02]
  [7.51291816e-05 2.33389637e-01 1.85691087e+02]]

 [[4.66209208e-05 2.28283290e-01 1.95398437e+02]
  [4.67666210e-05 2.04427209e-01 2.41194979e+02]
  [3.49456840e-04 8.87816545e-01 6.54845198e+02]
  [4.59379544e-05 2.17146731e-01 2.09648540e+02]]

 [[4.92522667e-05 2.33266567e-01 1.84867440e+02]
  [4.67205554e-05 2.31845729e-01 1.84517401e+02]
  [4.77343213e-05 1.97063419e-01 2.76302544e+02]
  [4.49532202e-05 2.34403748e-01 1.85704124e+02]]]

Max Activate Table:
[[[9.12776697e-05 1.80178505e+00 1.41718698e+02 1.39772376e+01
   7.76974404e+00 4.67835828e-02 4.67835828e-02]
  [9.89339662e-05 1.75283080e+00 1.49019776e+02 1.51939273e+01
   7.92677259e+00 4.55203114e-02 4.55203114e-02]
  [9.08346870e-05 1.78047864e+00 1.41866224e+02 1.47133293e+01
   8.11044720e+00 4.62316043e-02 4.62316043e-02]
  [9.31257895e-05 1.84991466e+00 1.43644049e+02 1.45995363e+01
   6.86548820e+00 4.80309663e-02 4.80309663e-02]
  [9.35765557e-05 1.79609994e+00 1.42955623e+02 1.50387267e+01
   7.65695038e+00 4.66348339e-02 4.66348339e-02]
  [9.16244907e-05 1.80375567e+00 1.43020709e+02 1.53567034e+01
   7.43426172e+00 4.68324562e-02 4.68324562e-02]
  [9.93037858e-05 1.82672540e+00 1.40931559e+02 1.54160999e+01
   6.77787926e+00 4.74281309e-02 4.74281309e-02]
  [9.25830116e-05 1.83843315e+00 1.42431837e+02 1.41262788e+01
   7.12317484e+00 4.77326313e-02 4.77326313e-02]]

 [[9.60088101e-05 1.80565327e+00 1.42968486e+02 1.47048671e+01
   7.28946267e+00 4.68819281e-02 4.68819281e-02]
  [9.30658007e-05 1.82966821e+00 1.41011133e+02 1.38151515e+01
   7.49086853e+00 4.75051608e-02 4.75051608e-02]
  [9.19256974e-05 1.79293834e+00 1.42566967e+02 1.52222257e+01
   7.81686533e+00 4.65548524e-02 4.65548524e-02]
  [9.18499369e-05 1.78166340e+00 1.42865446e+02 1.50808743e+01
   7.91579536e+00 4.62597698e-02 4.62597698e-02]
  [9.18947355e-05 1.80753526e+00 1.42186557e+02 1.53925675e+01
   7.23572264e+00 4.69310277e-02 4.69310277e-02]
  [8.89334935e-05 1.59773323e+00 1.76484757e+02 1.37643182e+01
   7.36773003e+00 4.15106272e-02 4.15106272e-02]
  [9.13149006e-05 1.79283164e+00 1.43373823e+02 1.52384209e+01
   7.69671320e+00 4.65527358e-02 4.65527358e-02]
  [9.12999467e-05 1.81814116e+00 1.42731334e+02 1.50061748e+01
   7.43785877e+00 4.72081468e-02 4.72081468e-02]]

 [[9.26362227e-05 1.80843259e+00 1.42258347e+02 1.53135520e+01
   7.25015550e+00 4.69558183e-02 4.69558183e-02]
  [9.26029614e-05 1.82824853e+00 1.40974388e+02 1.35051816e+01
   7.59422046e+00 4.74683402e-02 4.74683402e-02]
  [9.19355940e-05 1.83269072e+00 1.41154574e+02 1.38248950e+01
   7.44837256e+00 4.75834029e-02 4.75834029e-02]
  [9.14414408e-05 1.80699219e+00 1.42947134e+02 1.53440206e+01
   7.36884693e+00 4.69209122e-02 4.69209122e-02]
  [9.22401451e-05 1.77662189e+00 1.43247104e+02 1.57315871e+01
   7.74194958e+00 4.61319510e-02 4.61319510e-02]
  [9.14882298e-05 1.77973425e+00 1.42911590e+02 1.51431238e+01
   7.90117113e+00 4.62107500e-02 4.62107500e-02]
  [9.14785627e-05 1.78924748e+00 1.43044863e+02 1.49111142e+01
   8.01331162e+00 4.64601173e-02 4.64601173e-02]
  [9.22207163e-05 1.82553772e+00 1.43602567e+02 1.50617692e+01
   7.26560469e+00 4.73978834e-02 4.73978834e-02]]

 [[9.27403092e-05 1.84713704e+00 1.42051821e+02 1.41516908e+01
   6.85620667e+00 4.79597423e-02 4.79597423e-02]
  [1.02603989e-04 1.83225964e+00 1.42931997e+02 1.50367558e+01
   6.79673904e+00 4.75717678e-02 4.75717678e-02]
  [9.16304551e-05 1.82972969e+00 1.42027641e+02 1.54397957e+01
   6.78414214e+00 4.75064882e-02 4.75064882e-02]
  [1.01988783e-04 1.83250354e+00 1.41972835e+02 1.44093595e+01
   7.21454558e+00 4.75808650e-02 4.75808650e-02]
  [9.59970793e-05 1.83513986e+00 1.43101555e+02 1.50326587e+01
   6.80719379e+00 4.76464910e-02 4.76464910e-02]
  [9.18149811e-05 1.75825104e+00 1.45274212e+02 1.53359412e+01
   8.00952531e+00 4.56549384e-02 4.56549384e-02]
  [9.12579734e-05 1.78781386e+00 1.42883891e+02 1.55726506e+01
   7.52607466e+00 4.64211045e-02 4.64211045e-02]
  [9.29480125e-05 1.83001016e+00 1.41670407e+02 1.41835285e+01
   7.51330086e+00 4.75169571e-02 4.75169571e-02]]

 [[9.10281448e-05 1.78948314e+00 1.42765599e+02 1.52135667e+01
   7.79839312e+00 4.64624528e-02 4.64624528e-02]
  [9.16196954e-05 1.78711942e+00 1.42724820e+02 1.53638126e+01
   7.79155584e+00 4.64056970e-02 4.64056970e-02]
  [1.16792157e-04 1.81633241e+00 1.41281704e+02 1.54017484e+01
   7.03530376e+00 4.71603651e-02 4.71603651e-02]
  [9.62863294e-05 1.85163593e+00 1.42471971e+02 1.41690098e+01
   7.18361044e+00 4.80758543e-02 4.80758543e-02]
  [9.84541892e-05 1.82288311e+00 1.43251932e+02 1.48664957e+01
   7.17883414e+00 4.73300086e-02 4.73300086e-02]
  [9.34475933e-05 1.79710720e+00 1.43057680e+02 1.60595573e+01
   7.13483192e+00 4.66623571e-02 4.66623571e-02]
  [7.60976800e-05 1.32552918e+00 2.75568330e+02 1.11195273e+01
   5.67756280e+00 3.45727345e-02 3.45727345e-02]
  [9.16827212e-05 1.82977012e+00 1.41572452e+02 1.45912926e+01
   7.36156811e+00 4.75073813e-02 4.75073813e-02]]

 [[9.34136630e-05 1.77151806e+00 1.43323996e+02 1.55555943e+01
   7.90354400e+00 4.59976951e-02 4.59976951e-02]
  [9.14213588e-05 1.78957909e+00 1.42720726e+02 1.51356858e+01
   7.85006920e+00 4.64663100e-02 4.64663100e-02]
  [9.13824346e-05 1.81343800e+00 1.41897794e+02 1.50145330e+01
   7.36761931e+00 4.70872510e-02 4.70872510e-02]
  [1.08766892e-04 1.83659042e+00 1.43322740e+02 1.49819212e+01
   6.81347313e+00 4.76842408e-02 4.76842408e-02]
  [7.85946447e-05 1.32092815e+00 2.58515401e+02 1.11100568e+01
   5.84277186e+00 3.44172144e-02 3.44172144e-02]
  [9.15386156e-05 1.82921580e+00 1.44480050e+02 1.55086387e+01
   6.78410279e+00 4.74932939e-02 4.74932939e-02]
  [9.46943029e-05 1.79325078e+00 1.43376927e+02 1.55807565e+01
   7.48578295e+00 4.65609569e-02 4.65609569e-02]
  [9.39322677e-05 1.79173056e+00 1.43250281e+02 1.52186695e+01
   7.73707269e+00 4.65222326e-02 4.65222326e-02]]

 [[1.00664319e-04 1.77383899e+00 1.45677788e+02 1.51544934e+01
   7.82305311e+00 4.60636431e-02 4.60636431e-02]
  [9.69835676e-05 1.77156918e+00 1.46541125e+02 1.54742735e+01
   7.66732336e+00 4.60030767e-02 4.60030767e-02]
  [9.22399086e-05 1.79395860e+00 1.42383663e+02 1.60313319e+01
   7.19666729e+00 4.65805847e-02 4.65805847e-02]
  [9.16860183e-05 1.77575854e+00 1.44733858e+02 1.51125664e+01
   7.84441251e+00 4.61085075e-02 4.61085075e-02]
  [9.21819956e-05 1.76009100e+00 1.42612178e+02 1.52990534e+01
   8.36138603e+00 4.57028115e-02 4.57028115e-02]
  [9.11148730e-05 1.79714394e+00 1.43381395e+02 1.55050098e+01
   7.30330061e+00 4.66623036e-02 4.66623036e-02]
  [3.60904067e-04 1.19060910e+00 5.61840355e+02 2.75817084e+00
   1.40759348e+00 1.11157512e-02 1.11372270e-02]
  [9.31641297e-05 1.82263375e+00 1.42321958e+02 1.46661897e+01
   7.42829874e+00 4.73251458e-02 4.73251458e-02]]

 [[9.17686628e-05 1.81598702e+00 1.41597291e+02 1.38676827e+01
   7.49724431e+00 4.71506914e-02 4.71506914e-02]
  [9.13438738e-05 1.81585592e+00 1.41834022e+02 1.50912285e+01
   7.33827089e+00 4.71477252e-02 4.71477252e-02]
  [9.33935071e-05 1.84366348e+00 1.43420551e+02 1.50815284e+01
   6.84201347e+00 4.78688064e-02 4.78688064e-02]
  [1.06175220e-04 1.81454947e+00 1.41756226e+02 1.48617585e+01
   7.31950578e+00 4.71154670e-02 4.71154670e-02]
  [9.47257511e-05 1.80327679e+00 1.42073936e+02 1.53189822e+01
   7.49254500e+00 4.68202406e-02 4.68202406e-02]
  [9.19365045e-05 1.83240976e+00 1.41736597e+02 1.47872274e+01
   7.21538087e+00 4.75774169e-02 4.75774169e-02]
  [9.42576324e-05 1.78727902e+00 1.44015567e+02 1.52966260e+01
   7.81139084e+00 4.64062622e-02 4.64062622e-02]
  [9.31534146e-05 1.80567038e+00 1.43165281e+02 1.51696020e+01
   7.47542465e+00 4.68850252e-02 4.68850252e-02]]]

Cumulative Reward: 21429.19751599348
