Scheduler Table:
[[[9.16498512e-05 1.70014396e+00 1.65602664e+02 1.61981301e+01
   7.67093346e+00 4.36349836e-02 4.36349836e-02]
  [9.65603704e-05 1.70084368e+00 1.65782433e+02 1.60441026e+01
   7.71420075e+00 4.36524883e-02 4.36524883e-02]
  [8.74459432e-05 1.56400335e+00 1.85414309e+02 1.62520658e+01
   8.63816340e+00 4.01735938e-02 4.01735938e-02]]

 [[9.12066936e-05 1.68677129e+00 1.65551269e+02 1.61180382e+01
   8.01064286e+00 4.32923498e-02 4.32923498e-02]
  [9.27026268e-05 1.70497439e+00 1.66174825e+02 1.62543103e+01
   7.49335884e+00 4.37584952e-02 4.37584952e-02]
  [8.06822991e-05 1.36092311e+00 2.31634323e+02 1.69185017e+01
   7.87155179e+00 3.50247092e-02 3.50247092e-02]]

 [[9.10591945e-05 1.68052949e+00 1.65624638e+02 1.62179166e+01
   8.04452990e+00 4.31329718e-02 4.31329718e-02]
  [9.03666506e-05 1.65102085e+00 1.72416342e+02 1.64220938e+01
   8.06126822e+00 4.23843009e-02 4.23843009e-02]
  [9.09466828e-05 3.65647771e-01 5.66770106e+02 2.90223145e+00
   2.00496561e+00 6.66938000e-03 6.67297729e-03]]]

Buffer Table:
[[[9.26644961e-05 1.67916493e+00 1.66078682e+02 1.61878214e+01
   8.00717658e+00 4.30701915e-02 4.30701915e-02]
  [9.36350311e-05 1.68464590e+00 1.66211551e+02 1.62012858e+01
   7.88333551e+00 4.32107803e-02 4.32107803e-02]
  [8.46243114e-05 1.47889880e+00 2.16716058e+02 1.45399878e+01
   7.47843684e+00 3.79992242e-02 3.79992242e-02]]

 [[9.65987722e-05 1.68590881e+00 1.66303615e+02 1.61996329e+01
   7.85733656e+00 4.32427030e-02 4.32427030e-02]
  [9.19593892e-05 1.68391268e+00 1.66290596e+02 1.63195802e+01
   7.83793885e+00 4.31923674e-02 4.31923674e-02]
  [8.22263738e-05 1.41773806e+00 2.25012529e+02 1.49339701e+01
   8.20806983e+00 3.64555730e-02 3.64555730e-02]]

 [[9.46703560e-05 1.67042139e+00 1.68529896e+02 1.61565016e+01
   7.93016248e+00 4.28480367e-02 4.28480367e-02]
  [9.16305768e-05 1.65925887e+00 1.69757836e+02 1.62171369e+01
   8.02841513e+00 4.25647952e-02 4.25647952e-02]
  [9.79018874e-05 5.23443108e-01 5.20169570e+02 4.69512961e+00
   2.76254445e+00 1.06408233e-02 1.06444206e-02]]]

Arbiter Table:
[[[8.81728513e-05 2.97398179e-01 5.81797194e+02 2.74458233e+00
   1.93458585e+00 4.94472074e-03 4.94831804e-03]
  [9.30148925e-05 1.68647178e+00 1.65669125e+02 1.62294573e+01
   7.87112314e+00 4.33591974e-02 4.33591974e-02]
  [9.39026740e-05 1.66581960e+00 1.68061999e+02 1.60068489e+01
   8.03287066e+00 4.28317201e-02 4.28317201e-02]]

 [[9.21810134e-05 1.67473075e+00 1.66201333e+02 1.63341814e+01
   8.06251634e+00 4.30580656e-02 4.30580656e-02]
  [9.35332570e-05 1.70375854e+00 1.65848183e+02 1.61583339e+01
   7.54435113e+00 4.38028476e-02 4.38028476e-02]
  [9.40493538e-05 1.68846104e+00 1.65846382e+02 1.62702357e+01
   7.80266387e+00 4.34105658e-02 4.34105658e-02]]

 [[8.57829268e-05 1.45257843e+00 2.10452630e+02 1.48809387e+01
   7.89406043e+00 3.74042491e-02 3.74042491e-02]
  [9.26769722e-05 1.68898012e+00 1.65907718e+02 1.61400700e+01
   7.85377279e+00 4.34239665e-02 4.34239665e-02]
  [9.65476964e-05 1.69258525e+00 1.65720938e+02 1.60687608e+01
   7.82058366e+00 4.35156111e-02 4.35156111e-02]]]

Page Table:
[[[9.05726502e-05 1.97897481e+00 1.25736433e+02 1.20167959e+01
   6.07722035e+00 5.01183434e-02 5.01183434e-02]
  [9.41369605e-05 1.96446812e+00 1.26139074e+02 1.21976982e+01
   6.24499768e+00 4.97519166e-02 4.97519166e-02]
  [9.14830581e-05 1.98389360e+00 1.24517935e+02 1.19354692e+01
   5.99633070e+00 5.02423986e-02 5.02423986e-02]
  [9.05058599e-05 1.98217048e+00 1.25226964e+02 1.18821505e+01
   6.07500776e+00 5.01986767e-02 5.01986767e-02]]

 [[9.06755080e-05 1.97361554e+00 1.25741906e+02 1.19488971e+01
   6.21826759e+00 4.99823035e-02 4.99823035e-02]
  [9.63889058e-05 5.33110067e-01 5.23946212e+02 3.64971229e+00
   2.38284723e+00 1.08027501e-02 1.08063474e-02]
  [9.27308613e-05 1.97272663e+00 1.24933049e+02 1.20430837e+01
   6.18274542e+00 4.99610259e-02 4.99610259e-02]
  [9.05877832e-05 1.94779648e+00 1.30735944e+02 1.20094245e+01
   6.17028244e+00 4.93366357e-02 4.93366357e-02]]

 [[9.10189178e-05 1.98364844e+00 1.25620946e+02 1.19426471e+01
   6.04369197e+00 5.02355446e-02 5.02355446e-02]
  [8.69708340e-05 1.82346882e+00 1.50410960e+02 1.33694859e+01
   6.67365080e+00 4.62116717e-02 4.62116717e-02]
  [9.14031366e-05 1.98975409e+00 1.24312510e+02 1.20174248e+01
   5.88494151e+00 5.03903380e-02 5.03903380e-02]
  [9.15366636e-05 1.98009337e+00 1.25432397e+02 1.20980845e+01
   5.95390135e+00 5.01463346e-02 5.01463346e-02]]

 [[9.05980212e-05 1.98289520e+00 1.25690114e+02 1.18874246e+01
   6.06771124e+00 5.02173026e-02 5.02173026e-02]
  [8.23930723e-05 1.66790138e+00 1.98760040e+02 1.05891107e+01
   5.67584706e+00 4.23506851e-02 4.23506851e-02]
  [9.11294754e-05 1.97679371e+00 1.24967489e+02 1.20461381e+01
   6.09360417e+00 5.00626144e-02 5.00626144e-02]
  [9.02575666e-05 1.97826154e+00 1.25558024e+02 1.24015763e+01
   5.85836635e+00 5.00999209e-02 5.00999209e-02]]]

Response Table:
[[[8.62836807e-05 2.41348434e-01 5.89453491e+02]
  [6.12236754e-05 5.16969559e-01 1.98436979e+02]]

 [[6.13790111e-05 4.96189640e-01 2.13852088e+02]
  [5.88814450e-05 5.17316184e-01 1.98350201e+02]]]

Refresh Table:
[[[5.90459983e-05 5.14379383e-01 2.22803172e+02]
  [8.94040707e-05 2.98112697e-01 5.13652727e+02]]

 [[3.61855917e-05 1.67235550e-01 5.13908003e+02]
  [6.23554159e-05 5.52745272e-01 1.98268623e+02]]]

Request Buffer Table:
[[[4.04405440e-05 1.00932694e+00 4.32740440e+01]
  [4.05980900e-05 1.01456697e+00 4.20950164e+01]
  [4.03907070e-05 1.00829739e+00 4.32031472e+01]
  [4.06264625e-05 1.01330135e+00 4.27340480e+01]
  [4.04668270e-05 1.01171822e+00 4.33869688e+01]
  [4.02868268e-05 1.01094617e+00 4.42828955e+01]
  [4.07648349e-05 9.94600234e-01 4.67935465e+01]
  [4.08093237e-05 1.01423672e+00 4.25525733e+01]]

 [[4.03871375e-05 1.00885773e+00 4.30508821e+01]
  [4.08117711e-05 1.00932311e+00 4.31824736e+01]
  [4.07487393e-05 1.00886010e+00 4.31438593e+01]
  [4.07088130e-05 1.01823682e+00 4.16469464e+01]
  [4.06456179e-05 1.01957351e+00 4.19693368e+01]
  [4.42108274e-05 1.01727179e+00 4.22858363e+01]
  [4.08122291e-05 9.94879484e-01 4.65401754e+01]
  [4.07857029e-05 1.01911312e+00 4.20581866e+01]]

 [[4.09657463e-05 1.01272764e+00 4.22556544e+01]
  [4.04126411e-05 1.00856862e+00 4.30444640e+01]
  [4.05981557e-05 1.00944905e+00 4.32560748e+01]
  [4.07426774e-05 1.01653824e+00 4.21973491e+01]
  [4.06033732e-05 1.01198233e+00 4.33437904e+01]
  [4.03082611e-05 1.00596733e+00 4.39132611e+01]
  [4.07517758e-05 9.95963084e-01 4.61968226e+01]
  [4.09697891e-05 1.00387862e+00 4.52773685e+01]]

 [[4.38761604e-05 1.00948524e+00 4.29069586e+01]
  [4.05792508e-05 1.01528622e+00 4.13431519e+01]
  [4.09041398e-05 1.01429422e+00 4.22408292e+01]
  [4.17533872e-05 1.02448896e+00 4.05347599e+01]
  [4.09502847e-05 1.01585887e+00 4.28991133e+01]
  [4.04045152e-05 1.01056394e+00 4.35959944e+01]
  [3.93045772e-05 9.25289627e-01 8.68796345e+01]
  [4.12468948e-05 1.02065135e+00 4.18172415e+01]]

 [[4.03375562e-05 1.00914613e+00 4.31873380e+01]
  [4.06454813e-05 1.00952873e+00 4.29268277e+01]
  [4.07562032e-05 1.01167847e+00 4.27573038e+01]
  [4.05528699e-05 1.01129668e+00 4.33320766e+01]
  [4.06172082e-05 1.01527058e+00 4.23787829e+01]
  [4.03025618e-05 1.01176102e+00 4.32677998e+01]
  [3.98483335e-05 9.23221217e-01 8.34867678e+01]
  [4.07189492e-05 1.00803051e+00 4.47704363e+01]]

 [[4.05202034e-05 1.01078028e+00 4.28616045e+01]
  [4.06691719e-05 1.01586866e+00 4.19027539e+01]
  [4.05666556e-05 1.01280827e+00 4.24311537e+01]
  [4.10837891e-05 1.01280123e+00 4.26244617e+01]
  [4.02723114e-05 1.00988686e+00 4.33438829e+01]
  [4.03026694e-05 1.00821629e+00 4.41873572e+01]
  [4.15080958e-05 9.43299239e-01 7.17827470e+01]
  [4.07588873e-05 1.00944401e+00 4.42808594e+01]]

 [[4.02861139e-05 1.00135799e+00 4.45109487e+01]
  [4.08447695e-05 1.00718279e+00 4.34770577e+01]
  [4.09154661e-05 9.99750475e-01 4.47301765e+01]
  [4.07229393e-05 1.00248471e+00 4.59059666e+01]
  [4.03693613e-05 1.00312233e+00 4.51681626e+01]
  [4.39799030e-05 1.00154381e+00 4.55396898e+01]
  [8.70097655e-05 3.19749573e-01 5.49926462e+02]
  [4.08524167e-05 1.00579427e+00 4.48948403e+01]]

 [[4.05833537e-05 1.01271838e+00 4.26922593e+01]
  [4.11425476e-05 1.01440826e+00 4.19423345e+01]
  [4.03838162e-05 1.00906593e+00 4.32627190e+01]
  [4.08466218e-05 1.00904138e+00 4.32778990e+01]
  [4.16623299e-05 1.01548414e+00 4.31108547e+01]
  [4.28200739e-05 1.01737764e+00 4.23626792e+01]
  [4.11359100e-05 9.97328635e-01 4.61412881e+01]
  [4.09235557e-05 1.01935175e+00 4.22187522e+01]]]

Ref Max Post Table:
[[[8.58937004e-05 1.82894447e+00 1.54344715e+02]
  [9.03727686e-05 1.97500547e+00 1.25502010e+02]
  [9.45382711e-05 1.96698526e+00 1.26407354e+02]
  [9.98137152e-05 6.75963496e-01 4.64226003e+02]]

 [[9.04813509e-05 1.97782103e+00 1.25474548e+02]
  [9.03891950e-05 1.98047490e+00 1.24828405e+02]
  [9.11750708e-05 1.97271280e+00 1.25236308e+02]
  [8.61450443e-05 1.82415686e+00 1.58774726e+02]]

 [[9.39685248e-05 1.97146368e+00 1.25414010e+02]
  [9.04780533e-05 1.97777517e+00 1.25018525e+02]
  [9.11743124e-05 1.97941543e+00 1.25348749e+02]
  [8.68478572e-05 1.82874996e+00 1.53248440e+02]]

 [[4.66007165e-05 5.45285273e-01 4.64455258e+02]
  [9.04072122e-05 1.97704773e+00 1.25724221e+02]
  [9.05990929e-05 1.96839105e+00 1.25581048e+02]
  [8.31767078e-05 1.69911301e+00 1.78073392e+02]]]

Ref Max Pull Table:
[[[9.16393219e-05 1.97983547e+00 1.25473604e+02]
  [9.21584821e-05 1.97178536e+00 1.25447939e+02]
  [9.14238331e-05 1.99549053e+00 1.24666269e+02]
  [8.53140568e-05 1.74017378e+00 1.64705938e+02]]

 [[9.12610856e-05 1.96297036e+00 1.25812590e+02]
  [9.07894152e-05 1.97629766e+00 1.25654201e+02]
  [9.10655863e-05 1.97511677e+00 1.25512489e+02]
  [8.52873517e-05 1.68004451e+00 1.73762092e+02]]

 [[9.22923608e-05 1.99067718e+00 1.24821744e+02]
  [9.07738450e-05 1.97308198e+00 1.25910295e+02]
  [9.16831600e-05 1.99806606e+00 1.24829002e+02]
  [9.20364701e-05 1.87257946e+00 1.43984315e+02]]

 [[9.09701573e-05 1.95322975e+00 1.29062458e+02]
  [9.06161261e-05 1.93787124e+00 1.30578936e+02]
  [9.09724133e-05 1.97578783e+00 1.25567024e+02]
  [8.83959166e-05 3.20345182e-01 5.79041152e+02]]]

Max Activate Table:
[[[4.02538197e-05 1.00837002e+00 4.28260871e+01 3.91295025e+00
   2.14312868e+00 2.51984174e-02 2.51984174e-02]
  [4.03509532e-05 1.00877392e+00 4.30224619e+01 4.15504898e+00
   2.20901724e+00 2.52099194e-02 2.52099194e-02]
  [4.03373098e-05 1.00742965e+00 4.33672756e+01 4.12406129e+00
   2.16142829e+00 2.51760459e-02 2.51760459e-02]
  [4.03993824e-05 1.02150748e+00 4.09937120e+01 3.85972348e+00
   2.02532472e+00 2.55265742e-02 2.55265742e-02]
  [4.02128584e-05 1.01472913e+00 4.21175741e+01 3.80574277e+00
   2.16890596e+00 2.53576144e-02 2.53576144e-02]
  [4.14762975e-05 1.01106498e+00 4.30118086e+01 3.97666411e+00
   2.19458356e+00 2.52661766e-02 2.52661766e-02]
  [3.90130754e-05 9.23733691e-01 8.85430695e+01 4.47001655e+00
   2.28046932e+00 2.31434250e-02 2.31434250e-02]
  [4.20067358e-05 1.00769569e+00 4.45164206e+01 4.17011104e+00
   2.09142124e+00 2.51818155e-02 2.51818155e-02]]

 [[4.04371162e-05 1.01221793e+00 4.20523123e+01 3.89490143e+00
   2.15126237e+00 2.52941367e-02 2.52941367e-02]
  [4.06325303e-05 1.02227382e+00 4.04045183e+01 3.57247050e+00
   2.09323466e+00 2.55469222e-02 2.55469222e-02]
  [4.39627642e-05 1.00796061e+00 4.35181014e+01 4.07816241e+00
   2.05371402e+00 2.51893377e-02 2.51893377e-02]
  [4.04533955e-05 1.01089174e+00 4.29923603e+01 4.03838626e+00
   2.18930458e+00 2.52618045e-02 2.52618045e-02]
  [4.03967159e-05 1.01513829e+00 4.21649299e+01 4.02632695e+00
   2.10159507e+00 2.53671945e-02 2.53671945e-02]
  [4.51744278e-05 1.01020646e+00 4.33018785e+01 4.19369788e+00
   2.14404413e+00 2.52441606e-02 2.52441606e-02]
  [3.94340013e-05 9.13559297e-01 9.38982012e+01 4.59509365e+00
   2.50718102e+00 2.28960835e-02 2.28960835e-02]
  [4.08699850e-05 1.01119494e+00 4.27378618e+01 4.13157250e+00
   2.11713777e+00 2.52690723e-02 2.52690723e-02]]

 [[4.08928783e-05 1.01159262e+00 4.21944127e+01 3.99022475e+00
   2.10386287e+00 2.52797849e-02 2.52797849e-02]
  [4.03267090e-05 1.00837363e+00 4.28704989e+01 4.19292765e+00
   2.22195660e+00 2.52002984e-02 2.52002984e-02]
  [4.08907665e-05 1.01103728e+00 4.26122730e+01 4.03173730e+00
   2.04548561e+00 2.52648727e-02 2.52648727e-02]
  [4.06114264e-05 1.01227068e+00 4.25101473e+01 4.18180413e+00
   2.06191701e+00 2.52965135e-02 2.52965135e-02]
  [4.03306369e-05 1.01087003e+00 4.31896961e+01 3.99365514e+00
   2.11748450e+00 2.52604598e-02 2.52604598e-02]
  [4.15021051e-05 1.01264159e+00 4.26786349e+01 3.80229018e+00
   2.21860946e+00 2.53048123e-02 2.53048123e-02]
  [4.04619959e-05 9.93442381e-01 4.70587815e+01 4.77480596e+00
   2.29630963e+00 2.48282780e-02 2.48282780e-02]
  [4.04591103e-05 1.00902992e+00 4.34029011e+01 3.95471005e+00
   2.15856047e+00 2.52159311e-02 2.52159311e-02]]

 [[4.06281184e-05 1.01293178e+00 4.22576417e+01 3.78540410e+00
   2.05171063e+00 2.53128654e-02 2.53128654e-02]
  [4.06879439e-05 1.01069874e+00 4.31246919e+01 4.15581428e+00
   2.05839222e+00 2.52575631e-02 2.52575631e-02]
  [4.08282516e-05 1.00393282e+00 4.40666161e+01 4.34924312e+00
   2.08800552e+00 2.50877361e-02 2.50877361e-02]
  [4.42072443e-05 1.01099282e+00 4.27629032e+01 4.06564464e+00
   2.16112294e+00 2.52643902e-02 2.52643902e-02]
  [4.04261418e-05 1.01344208e+00 4.27975108e+01 3.90041631e+00
   2.07995760e+00 2.53251105e-02 2.53251105e-02]
  [4.07946621e-05 1.01063588e+00 4.30347219e+01 4.06049421e+00
   2.24103406e+00 2.52546348e-02 2.52546348e-02]
  [4.11227343e-05 9.42382877e-01 7.16297036e+01 4.16805121e+00
   2.44635186e+00 2.35736851e-02 2.35736851e-02]
  [4.06887150e-05 1.01547334e+00 4.24048842e+01 3.87001891e+00
   2.10169211e+00 2.53763508e-02 2.53763508e-02]]

 [[4.04159377e-05 1.01392721e+00 4.17364827e+01 3.91099769e+00
   2.09149099e+00 2.53370887e-02 2.53370887e-02]
  [4.03391592e-05 1.00789932e+00 4.39685767e+01 4.29428515e+00
   2.14252530e+00 2.51874415e-02 2.51874415e-02]
  [4.04985170e-05 1.00921136e+00 4.26380370e+01 4.02983925e+00
   2.12655361e+00 2.52198815e-02 2.52198815e-02]
  [4.02799218e-05 1.00758601e+00 4.40323889e+01 4.01745376e+00
   2.15123489e+00 2.51789208e-02 2.51789208e-02]
  [4.01628582e-05 1.01037828e+00 4.34733078e+01 4.16329230e+00
   2.11465495e+00 2.52486330e-02 2.52486330e-02]
  [4.08844046e-05 1.01128094e+00 4.28829992e+01 4.15274035e+00
   2.09051866e+00 2.52714986e-02 2.52714986e-02]
  [4.02827826e-05 9.91801605e-01 4.69880060e+01 4.68939076e+00
   2.48740302e+00 2.47871933e-02 2.47871933e-02]
  [4.10396558e-05 1.00941113e+00 4.28744537e+01 3.94633416e+00
   2.20843063e+00 2.52256972e-02 2.52256972e-02]]

 [[4.07915293e-05 1.00842448e+00 4.28542452e+01 4.08421447e+00
   2.14066750e+00 2.52005173e-02 2.52005173e-02]
  [4.11485325e-05 1.00749931e+00 4.34374055e+01 4.21230612e+00
   2.20422101e+00 2.51777030e-02 2.51777030e-02]
  [4.06613410e-05 1.01574126e+00 4.18277464e+01 3.80283254e+00
   2.15638780e+00 2.53822064e-02 2.53822064e-02]
  [4.04080850e-05 1.01275026e+00 4.27011794e+01 3.88061577e+00
   2.10523119e+00 2.53070477e-02 2.53070477e-02]
  [4.02616862e-05 1.00645753e+00 4.38366846e+01 4.22657246e+00
   2.16774884e+00 2.51508035e-02 2.51508035e-02]
  [4.11328038e-05 1.01078844e+00 4.30359669e+01 4.17518518e+00
   2.10026473e+00 2.52587815e-02 2.52587815e-02]
  [4.07952246e-05 9.95867335e-01 4.59384721e+01 4.54765975e+00
   2.34790116e+00 2.48877428e-02 2.48877428e-02]
  [4.08854852e-05 1.00677110e+00 4.36217836e+01 4.20327901e+00
   2.20861968e+00 2.51594455e-02 2.51594455e-02]]

 [[4.06393138e-05 1.00087129e+00 4.51083290e+01 4.37738207e+00
   2.26565265e+00 2.50132657e-02 2.50132657e-02]
  [4.50998106e-05 9.96385453e-01 4.61637944e+01 4.59180347e+00
   2.33053759e+00 2.49024969e-02 2.49024969e-02]
  [4.08867143e-05 1.00124443e+00 4.43304854e+01 4.31569926e+00
   2.34009717e+00 2.50220148e-02 2.50220148e-02]
  [4.06206993e-05 9.99946576e-01 4.49749775e+01 4.29874776e+00
   2.31505641e+00 2.49902523e-02 2.49902523e-02]
  [4.02269305e-05 9.97925441e-01 4.58442760e+01 4.41954323e+00
   2.42294383e+00 2.49396347e-02 2.49396347e-02]
  [4.07048558e-05 1.00547222e+00 4.42944073e+01 4.50748074e+00
   2.11259476e+00 2.51269930e-02 2.51269930e-02]
  [8.87467575e-05 3.76859275e-01 5.10718679e+02 2.60124979e+00
   1.81995095e+00 6.79200426e-03 6.79560156e-03]
  [4.07043895e-05 1.00495302e+00 4.40425327e+01 3.98700012e+00
   2.27190484e+00 2.51142215e-02 2.51142215e-02]]

 [[4.04812975e-05 1.00804671e+00 4.28866226e+01 3.94725309e+00
   2.21926554e+00 2.51907193e-02 2.51907193e-02]
  [4.26192065e-05 1.00766475e+00 4.31842045e+01 4.20294935e+00
   2.19389650e+00 2.51818572e-02 2.51818572e-02]
  [4.06716056e-05 1.00536005e+00 4.38850782e+01 4.05893161e+00
   2.04123117e+00 2.51237752e-02 2.51237752e-02]
  [4.04679682e-05 1.01086432e+00 4.27844113e+01 4.14302030e+00
   2.17673099e+00 2.52605989e-02 2.52605989e-02]
  [4.04692561e-05 1.01009156e+00 4.36068711e+01 4.19702626e+00
   2.10635827e+00 2.52410821e-02 2.52410821e-02]
  [4.10238525e-05 1.01328849e+00 4.22990896e+01 3.92932740e+00
   2.20557492e+00 2.53208713e-02 2.53208713e-02]
  [4.05760710e-05 9.96303376e-01 4.57464650e+01 4.25614312e+00
   2.34709418e+00 2.48988945e-02 2.48988945e-02]
  [4.07328865e-05 1.00923339e+00 4.32252598e+01 3.90840727e+00
   2.14983531e+00 2.52202781e-02 2.52202781e-02]]]

Cumulative Reward: 22198.046765994077
