Scheduler Table:
[[[5.96324315e-06 2.86731856e-02 3.69961512e+01 7.85126544e-04
   2.28529779e-03 2.03059791e-03 2.03059791e-03]
  [5.91353308e-06 2.87443265e-02 3.85614385e+01 7.85118079e-04
   2.28555014e-03 2.03081766e-03 2.03081766e-03]
  [5.89944245e-06 2.86303607e-02 3.67969155e+01 7.85089871e-04
   2.28531502e-03 2.03055676e-03 2.03055676e-03]]

 [[6.03665498e-06 2.88093669e-02 3.72796441e+01 7.85126085e-04
   2.28600244e-03 2.03130028e-03 2.03130028e-03]
  [6.15803979e-06 2.29240289e-02 5.17089411e+01 8.22673013e-04
   1.45562904e-03 1.24215727e-03 1.45130272e-03]
  [6.54492102e-06 2.88291628e-02 3.83664820e+01 7.85119612e-04
   2.28488305e-03 2.03016259e-03 2.03016259e-03]]

 [[6.69204750e-06 2.88221006e-02 3.71550439e+01 7.85104907e-04
   2.28540875e-03 2.03063729e-03 2.03063729e-03]
  [5.72793226e-06 2.86921771e-02 3.84550243e+01 7.85105970e-04
   2.28531609e-03 2.03057030e-03 2.03057030e-03]
  [5.96600854e-06 2.87861152e-02 3.75932395e+01 7.85103217e-04
   2.28557367e-03 2.03080495e-03 2.03080495e-03]]]

Buffer Table:
[[[7.83801281e-06 2.88957427e-02 3.76775362e+01 7.85125635e-04
   2.28541264e-03 2.03069035e-03 2.03069035e-03]
  [7.81947215e-06 2.87882477e-02 3.74862365e+01 7.85134457e-04
   2.28503878e-03 2.03037026e-03 2.03037026e-03]
  [6.31353602e-06 2.81381288e-02 4.36258831e+01 7.87859831e-04
   2.24848046e-03 2.00266116e-03 2.00266116e-03]]

 [[6.98956602e-06 2.85077826e-02 3.82609465e+01 7.86728899e-04
   2.24971365e-03 2.00385216e-03 2.00385216e-03]
  [5.07911299e-06 2.68524841e-02 4.08316206e+01 8.05633025e-04
   1.93598048e-03 1.76654796e-03 1.76654796e-03]
  [6.90614543e-06 2.29521310e-02 5.17592339e+01 8.28636495e-04
   1.26162142e-03 1.26085769e-03 1.26085769e-03]]

 [[8.03650567e-06 2.87856696e-02 3.63576358e+01 7.85128565e-04
   2.28582394e-03 2.03111436e-03 2.03111436e-03]
  [6.74120584e-06 2.29506159e-02 5.15946757e+01 8.23863551e-04
   1.45649532e-03 1.24228025e-03 1.45142570e-03]
  [7.93605844e-06 2.86757800e-02 3.70055712e+01 7.85109613e-04
   2.28563691e-03 2.03090794e-03 2.03090794e-03]]]

Arbiter Table:
[[[6.15803979e-06 2.29240289e-02 5.17089411e+01 8.22673013e-04
   1.45562904e-03 1.24215727e-03 1.45130272e-03]
  [2.16568999e-05 2.86085623e-02 3.94890215e+01 7.85117380e-04
   2.28569338e-03 2.03094018e-03 2.03094018e-03]
  [1.04272534e-05 2.82178777e-02 4.31025096e+01 7.85159454e-04
   2.28666742e-03 2.03201886e-03 2.03201886e-03]]

 [[7.78817321e-06 2.87482791e-02 3.74240390e+01 7.85088567e-04
   2.28563118e-03 2.03087283e-03 2.03087283e-03]
  [8.11363721e-06 2.87919450e-02 3.63806485e+01 7.85133761e-04
   2.28582294e-03 2.03112112e-03 2.03112112e-03]
  [1.53516735e-05 2.82161325e-02 4.27776556e+01 7.85169153e-04
   2.28754356e-03 2.03289590e-03 2.03289590e-03]]

 [[6.40601536e-06 2.78541339e-02 4.58817743e+01 7.85170728e-04
   2.28725586e-03 2.03260787e-03 2.03260787e-03]
  [8.47863462e-06 2.87715815e-02 3.81297569e+01 7.85118755e-04
   2.28528259e-03 2.03055503e-03 2.03055503e-03]
  [8.69284770e-06 2.87879241e-02 3.68750451e+01 7.85101394e-04
   2.28496926e-03 2.03021442e-03 2.03021442e-03]]]

Page Table:
[[[6.15803979e-06 2.29240289e-02 5.17089411e+01 8.22673013e-04
   1.45562904e-03 1.24215727e-03 1.45130272e-03]
  [8.73835592e-06 2.91320128e-02 3.84865670e+01 7.85074465e-04
   2.28472138e-03 2.02991394e-03 2.02991394e-03]
  [8.15659355e-06 2.91194697e-02 3.78697555e+01 7.85070490e-04
   2.28429342e-03 2.02950327e-03 2.02950327e-03]
  [8.37309745e-06 2.90721001e-02 3.92881327e+01 7.85073570e-04
   2.28483186e-03 2.03001617e-03 2.03001617e-03]]

 [[1.22705218e-05 2.78007336e-02 4.58930397e+01 7.85134007e-04
   2.28595684e-03 2.03125818e-03 2.03125818e-03]
  [8.29411742e-06 2.92454307e-02 3.75313409e+01 7.85076309e-04
   2.28437234e-03 2.02956995e-03 2.02956995e-03]
  [8.13408510e-06 2.92962607e-02 3.78486518e+01 7.85087704e-04
   2.28444206e-03 2.02968150e-03 2.02968150e-03]
  [8.58537105e-06 2.91615859e-02 3.72468936e+01 7.85069376e-04
   2.28458229e-03 2.02983453e-03 2.02983453e-03]]

 [[9.33667882e-06 2.92827421e-02 3.70567546e+01 7.85063658e-04
   2.28382859e-03 2.02903365e-03 2.02903365e-03]
  [9.58419370e-06 2.88270291e-02 4.23651124e+01 7.85104666e-04
   2.28486186e-03 2.03009806e-03 2.03009806e-03]
  [8.76360875e-06 2.92768559e-02 3.76390478e+01 7.85088878e-04
   2.28393606e-03 2.02919194e-03 2.02919194e-03]
  [8.62886764e-06 2.91558676e-02 3.64612615e+01 7.85071031e-04
   2.28437841e-03 2.02956349e-03 2.02956349e-03]]

 [[8.92497074e-06 2.92125803e-02 3.85237202e+01 7.85051928e-04
   2.28453429e-03 2.02968301e-03 2.02968301e-03]
  [7.58974131e-06 2.85316493e-02 4.33636810e+01 7.85127559e-04
   2.28501145e-03 2.03029394e-03 2.03029394e-03]
  [8.25680498e-06 2.92636186e-02 3.83400614e+01 7.85064831e-04
   2.28423240e-03 2.02941619e-03 2.02941619e-03]
  [9.50280012e-06 2.93233774e-02 3.65963222e+01 7.85104757e-04
   2.28470887e-03 2.02997694e-03 2.02997694e-03]]]

Response Table:
[[[3.51254520e-06 2.83947134e-02 3.70689335e+01]
  [2.28450770e-06 2.55431186e-02 4.36356214e+01]]

 [[2.38702112e-06 2.57499279e-02 4.30892205e+01]
  [6.15803980e-06 2.29240290e-02 5.17089411e+01]]]

Refresh Table:
[[[6.15803979e-06 2.29240289e-02 5.17089411e+01]
  [3.55840282e-06 2.84352688e-02 3.82011608e+01]]

 [[3.67574463e-05 2.85188777e-02 3.89072405e+01]
  [3.64165011e-06 2.84481046e-02 3.73677777e+01]]]

Request Buffer Table:
[[[1.96699115e-05 7.66193164e-02 3.69868521e+01]
  [1.72334695e-05 7.55361490e-02 3.78929490e+01]
  [1.99092057e-05 7.52635532e-02 3.82518058e+01]
  [1.81076689e-05 7.32321299e-02 3.85614868e+01]
  [1.47966762e-05 3.73292997e-02 5.48836492e+01]
  [1.89950026e-05 7.26423890e-02 3.85130203e+01]
  [1.78713729e-05 7.24214479e-02 3.84558135e+01]
  [1.88081086e-05 7.72216459e-02 3.83548234e+01]]

 [[2.58260023e-05 7.50226817e-02 3.78799512e+01]
  [1.88347995e-05 7.93538307e-02 3.75326274e+01]
  [2.23519141e-05 8.08283503e-02 3.68413412e+01]
  [1.95999343e-05 7.91103336e-02 3.76528712e+01]
  [2.21532219e-05 7.55150614e-02 3.73811272e+01]
  [2.08978369e-05 7.55600960e-02 3.80760176e+01]
  [1.72367755e-05 7.07285341e-02 3.97307207e+01]
  [1.77402552e-05 7.26188222e-02 3.71255559e+01]]

 [[1.98252173e-05 7.93893726e-02 3.69925195e+01]
  [1.97185361e-05 7.45384967e-02 3.81830709e+01]
  [2.00257736e-05 7.95161896e-02 3.75372983e+01]
  [1.97966603e-05 8.00368449e-02 3.84506956e+01]
  [1.80789237e-05 7.62973389e-02 3.80771689e+01]
  [2.06216896e-05 8.04401126e-02 3.77826150e+01]
  [2.13916449e-05 7.76381359e-02 3.67431894e+01]
  [1.43626834e-05 3.66948612e-02 5.48183704e+01]]

 [[2.10253612e-05 8.51844652e-02 3.79358268e+01]
  [1.71699823e-05 7.38345925e-02 3.84634933e+01]
  [1.88824379e-05 7.44728088e-02 3.88175355e+01]
  [2.07806577e-05 7.63620908e-02 3.81837941e+01]
  [2.06524710e-05 7.84077823e-02 3.87521850e+01]
  [1.90506559e-05 7.91804557e-02 3.87329985e+01]
  [1.97828443e-05 8.02847224e-02 3.81560050e+01]
  [1.97354188e-05 7.45798211e-02 3.84464528e+01]]

 [[4.53468110e-05 6.62143193e-02 4.24275705e+01]
  [1.75886704e-05 7.28207944e-02 3.82852607e+01]
  [2.00203913e-05 7.97270154e-02 3.72814171e+01]
  [1.77826172e-05 7.48188165e-02 3.76155323e+01]
  [1.97522781e-05 8.12783901e-02 3.80738446e+01]
  [1.83865810e-05 7.73324565e-02 3.79641527e+01]
  [1.92094590e-05 7.15099371e-02 3.89188176e+01]
  [1.35093459e-05 6.38819322e-02 4.19383189e+01]]

 [[2.18464383e-05 7.48310565e-02 3.78184026e+01]
  [1.92571203e-05 7.27563599e-02 3.76110198e+01]
  [2.11568113e-05 7.97594903e-02 3.81359408e+01]
  [1.79684014e-05 7.34381943e-02 3.85545996e+01]
  [1.73292188e-05 7.27066529e-02 3.70375167e+01]
  [9.88982066e-06 3.05729272e-02 4.98837151e+01]
  [1.77412116e-05 7.45603177e-02 3.79578249e+01]
  [2.23881316e-05 7.69874611e-02 3.82908155e+01]]

 [[1.69330337e-05 7.48253371e-02 3.69753884e+01]
  [2.70454392e-05 7.42294193e-02 3.76940474e+01]
  [3.55471241e-05 6.30737282e-02 4.33173300e+01]
  [1.93025756e-05 8.04751453e-02 3.78064476e+01]
  [1.83854786e-05 7.38244551e-02 3.68784265e+01]
  [1.75815716e-05 7.17845435e-02 3.71429673e+01]
  [2.61838909e-05 7.65300930e-02 3.75270247e+01]
  [3.20785636e-05 8.86244267e-02 3.77931786e+01]]

 [[2.07751857e-05 7.46335174e-02 3.94773183e+01]
  [1.74270903e-05 7.38832882e-02 3.86415031e+01]
  [1.94302957e-05 7.59305471e-02 3.84366814e+01]
  [3.82260290e-05 8.28184172e-02 3.82365355e+01]
  [7.46569251e-07 2.30052948e-02 5.12220573e+01]
  [2.29006409e-05 7.50460268e-02 3.92278606e+01]
  [1.81394401e-05 7.19196715e-02 3.85697598e+01]
  [2.48578562e-05 7.77154922e-02 3.80953189e+01]]]

Ref Max Post Table:
[[[9.21542455e-06 2.92625136e-02 3.76753674e+01]
  [1.05505504e-05 2.92293392e-02 3.72607350e+01]
  [1.01700374e-05 2.93872375e-02 3.72550767e+01]
  [1.01783412e-05 2.87254164e-02 4.22873285e+01]]

 [[1.18347571e-05 2.93350252e-02 3.67640993e+01]
  [1.06494048e-05 2.94090576e-02 3.69859756e+01]
  [9.47039491e-06 2.91702037e-02 3.75775618e+01]
  [6.88854803e-06 2.29361166e-02 5.17721020e+01]]

 [[7.83928305e-06 2.84300400e-02 4.24502519e+01]
  [1.11539785e-05 2.94380444e-02 3.85799315e+01]
  [9.88306015e-06 2.92385776e-02 3.67614001e+01]
  [9.19713871e-06 2.91389539e-02 3.84536422e+01]]

 [[8.87949252e-06 2.91053443e-02 3.95185061e+01]
  [6.72407924e-06 2.29350299e-02 5.16071995e+01]
  [9.26041224e-06 2.90085981e-02 3.86965588e+01]
  [6.74647993e-06 2.73687808e-02 4.03758694e+01]]]

Ref Max Pull Table:
[[[8.95781435e-06 2.92651158e-02 3.79099479e+01]
  [6.55067204e-06 2.75209471e-02 4.53549946e+01]
  [1.16540423e-05 2.92856500e-02 3.70456928e+01]
  [9.72513021e-06 2.91517959e-02 3.69463644e+01]]

 [[8.91931781e-06 2.90713161e-02 3.82045257e+01]
  [9.32729588e-06 2.91943431e-02 3.71441874e+01]
  [8.55224016e-06 2.71808233e-02 4.41151857e+01]
  [9.78250597e-06 2.92804373e-02 3.81117790e+01]]

 [[9.57392696e-06 2.92317695e-02 3.78482621e+01]
  [9.03626213e-06 2.92146198e-02 3.84818364e+01]
  [1.00718547e-05 2.92981991e-02 3.71096955e+01]
  [6.72404252e-06 2.29350145e-02 5.16072067e+01]]

 [[7.58117752e-06 2.81424563e-02 4.29688200e+01]
  [7.98734855e-06 2.84624894e-02 4.25173024e+01]
  [6.88851031e-06 2.29361008e-02 5.17721094e+01]
  [1.07132261e-05 2.94850013e-02 3.75341350e+01]]]

Max Activate Table:
[[[2.31221267e-05 8.37476235e-02 3.71789344e+01 7.84064337e-04
   2.28581973e-03 2.03006750e-03 2.03006750e-03]
  [1.82540319e-05 7.91864936e-02 3.77933897e+01 7.84162328e-04
   2.28521974e-03 2.02961054e-03 2.02961054e-03]
  [1.99862575e-05 8.35138607e-02 3.84102522e+01 7.84062221e-04
   2.28590852e-03 2.03013851e-03 2.03013851e-03]
  [2.07125543e-05 8.27732824e-02 3.72188666e+01 7.84089135e-04
   2.28572153e-03 2.03000537e-03 2.03000537e-03]
  [2.26863898e-05 7.62518393e-02 3.93414115e+01 7.84206104e-04
   2.28524247e-03 2.02963571e-03 2.02963571e-03]
  [1.92617366e-05 8.45867563e-02 3.71691079e+01 7.84042890e-04
   2.28557013e-03 2.02979506e-03 2.02979506e-03]
  [1.83732878e-05 7.84858415e-02 3.93081962e+01 7.84189809e-04
   2.28639159e-03 2.03080867e-03 2.03080867e-03]
  [2.29586935e-05 7.76430709e-02 3.82562561e+01 7.84180946e-04
   2.28472822e-03 2.02912053e-03 2.02912053e-03]]

 [[2.05657359e-05 8.79936264e-02 3.72124548e+01 7.83987030e-04
   2.28525490e-03 2.02946137e-03 2.02946137e-03]
  [1.92723944e-05 8.68718537e-02 3.84595163e+01 7.83982731e-04
   2.28549018e-03 2.02964509e-03 2.02964509e-03]
  [2.19781202e-05 8.17240299e-02 3.83352331e+01 7.84062168e-04
   2.28525827e-03 2.02949774e-03 2.02949774e-03]
  [1.42402721e-06 2.32137227e-02 4.88453928e+01 8.62454129e-04
   1.21667588e-03 1.21642039e-03 1.21642039e-03]
  [2.81723443e-05 7.88991872e-02 3.73906563e+01 7.84143712e-04
   2.28582890e-03 2.03013519e-03 2.03013519e-03]
  [1.95768888e-05 8.02899105e-02 3.78340448e+01 7.84123778e-04
   2.28552124e-03 2.02982394e-03 2.02982394e-03]
  [2.04442981e-05 7.84202480e-02 3.91852278e+01 7.84140157e-04
   2.28581729e-03 2.03012884e-03 2.03012884e-03]
  [1.88958692e-05 8.15711130e-02 3.77529787e+01 7.84094672e-04
   2.28495678e-03 2.02923471e-03 2.02923471e-03]]

 [[2.47627506e-05 7.87892345e-02 3.87802640e+01 7.84164063e-04
   2.28559820e-03 2.02993230e-03 2.02993230e-03]
  [2.15566222e-05 8.55407424e-02 3.72512709e+01 7.84010529e-04
   2.28583242e-03 2.03002869e-03 2.03002869e-03]
  [2.11820847e-05 7.87396966e-02 3.79405846e+01 7.84182568e-04
   2.28578189e-03 2.03019343e-03 2.03019343e-03]
  [2.54175645e-05 8.10958721e-02 3.84941598e+01 7.84128266e-04
   2.28462854e-03 2.02896909e-03 2.02896909e-03]
  [2.06326148e-05 8.40697113e-02 3.77465607e+01 7.84052995e-04
   2.28589274e-03 2.03013498e-03 2.03013498e-03]
  [1.96875464e-05 8.10924426e-02 3.82152221e+01 7.84105566e-04
   2.28554298e-03 2.02984679e-03 2.02984679e-03]
  [1.89004874e-05 7.91914043e-02 3.89927778e+01 7.84140487e-04
   2.28518010e-03 2.02951804e-03 2.02951804e-03]
  [2.03882057e-05 8.05083415e-02 3.82161664e+01 7.84135410e-04
   2.28511239e-03 2.02945158e-03 2.02945158e-03]]

 [[1.91588246e-05 7.98122217e-02 3.72658445e+01 7.84144822e-04
   2.28476850e-03 2.02912291e-03 2.02912291e-03]
  [1.86872832e-05 7.96018996e-02 3.66933619e+01 7.84164542e-04
   2.28593472e-03 2.03031014e-03 2.03031014e-03]
  [3.56726443e-05 8.22956250e-02 3.74789437e+01 7.84064368e-04
   2.28554524e-03 2.02977053e-03 2.02977053e-03]
  [1.95340476e-05 8.56478432e-02 3.74345294e+01 7.84023677e-04
   2.28564055e-03 2.02985238e-03 2.02985238e-03]
  [6.24974755e-06 3.43246580e-02 4.92947439e+01 8.17913783e-04
   1.50473498e-03 1.44426591e-03 1.44426591e-03]
  [2.72280706e-05 8.37377935e-02 3.82695838e+01 7.84059483e-04
   2.28531072e-03 2.02958150e-03 2.02958150e-03]
  [1.94878094e-05 7.92245539e-02 3.78172264e+01 7.84120947e-04
   2.28543167e-03 2.02971051e-03 2.02971051e-03]
  [2.02941185e-05 8.21108303e-02 3.81625389e+01 7.84062222e-04
   2.28531573e-03 2.02953777e-03 2.02953777e-03]]

 [[1.90187235e-05 8.05981532e-02 3.75142890e+01 7.84114144e-04
   2.28577547e-03 2.03007204e-03 2.03007204e-03]
  [2.11148665e-05 9.27776568e-02 3.72797339e+01 7.83876052e-04
   2.28551395e-03 2.02957632e-03 2.02957632e-03]
  [2.41508529e-05 7.78303263e-02 3.83488828e+01 7.84161647e-04
   2.28541853e-03 2.02976136e-03 2.02976136e-03]
  [6.10236881e-06 3.40188895e-02 4.91961191e+01 8.13427707e-04
   1.69310477e-03 1.42078168e-03 1.62992713e-03]
  [2.16882735e-05 6.37940877e-02 4.12860182e+01 8.01437661e-04
   1.94150007e-03 1.76998612e-03 1.76998612e-03]
  [2.07979310e-05 8.19250440e-02 3.78247527e+01 7.84105903e-04
   2.28522124e-03 2.02952438e-03 2.02952438e-03]
  [1.93331864e-05 7.96461116e-02 3.79491227e+01 7.84137256e-04
   2.28602110e-03 2.03034017e-03 2.03034017e-03]
  [1.26769539e-05 5.95068961e-02 4.16493332e+01 8.10054402e-04
   1.92823054e-03 1.75812887e-03 1.75812887e-03]]

 [[1.94386994e-05 8.17724415e-02 3.76766654e+01 7.84107123e-04
   2.28500244e-03 2.02931581e-03 2.02931581e-03]
  [2.41741182e-05 8.64927764e-02 3.68451877e+01 7.83995358e-04
   2.28478381e-03 2.02895837e-03 2.02895837e-03]
  [1.90363291e-05 8.22400300e-02 3.76268631e+01 7.84073892e-04
   2.28523256e-03 2.02949720e-03 2.02949720e-03]
  [2.27392899e-05 8.01371323e-02 3.83562700e+01 7.84124105e-04
   2.28612389e-03 2.03043419e-03 2.03043419e-03]
  [2.78081034e-05 7.93016383e-02 3.78339071e+01 7.84132828e-04
   2.28524467e-03 2.02954102e-03 2.02954102e-03]
  [2.00993572e-05 8.46502836e-02 3.75570787e+01 7.84044574e-04
   2.28495808e-03 2.02919521e-03 2.02919521e-03]
  [2.06740124e-05 7.92425521e-02 4.05250840e+01 7.84126907e-04
   2.28511646e-03 2.02943703e-03 2.02943703e-03]
  [1.87110505e-05 8.00291907e-02 3.70568976e+01 7.84122135e-04
   2.28557532e-03 2.02986858e-03 2.02986858e-03]]

 [[1.87704280e-05 7.97839080e-02 3.80660766e+01 7.84143720e-04
   2.28544624e-03 2.02977761e-03 2.02977761e-03]
  [1.83128445e-05 7.62022012e-02 3.74469289e+01 7.84185874e-04
   2.28523030e-03 2.02958408e-03 2.02958408e-03]
  [2.17822609e-05 8.38152609e-02 3.72294298e+01 7.84059725e-04
   2.28629512e-03 2.03054623e-03 2.03054623e-03]
  [4.52591952e-06 2.85447324e-02 5.02127750e+01 8.38624930e-04
   1.53972667e-03 1.46309476e-03 1.46309476e-03]
  [2.07412232e-05 8.31501048e-02 3.80644744e+01 7.84096467e-04
   2.28549699e-03 2.02981570e-03 2.02981570e-03]
  [1.95055681e-05 7.84313109e-02 3.81263039e+01 7.84157834e-04
   2.28533107e-03 2.02970087e-03 2.02970087e-03]
  [1.80411483e-05 7.83988210e-02 3.78776907e+01 7.84162057e-04
   2.28535274e-03 2.02970935e-03 2.02970935e-03]
  [1.90041198e-05 7.96810523e-02 3.70117702e+01 7.84106974e-04
   2.28531379e-03 2.02960028e-03 2.02960028e-03]]

 [[2.36567368e-05 8.54503761e-02 3.70206230e+01 7.83989335e-04
   2.28558472e-03 2.02977033e-03 2.02977033e-03]
  [1.43134388e-06 2.32150352e-02 4.89464911e+01 8.62757101e-04
   1.21710442e-03 1.21684617e-03 1.21684617e-03]
  [2.01911843e-05 8.60348388e-02 3.67072898e+01 7.84011516e-04
   2.28557436e-03 2.02977235e-03 2.02977235e-03]
  [2.11184966e-05 8.11403458e-02 3.82947393e+01 7.84110009e-04
   2.28539846e-03 2.02972846e-03 2.02972846e-03]
  [2.10521087e-05 7.95246888e-02 3.79027882e+01 7.84132146e-04
   2.28547900e-03 2.02978315e-03 2.02978315e-03]
  [1.84869304e-05 7.72027508e-02 3.88029636e+01 7.84173967e-04
   2.28533449e-03 2.02967244e-03 2.02967244e-03]
  [1.34245740e-05 5.14125178e-02 4.86091253e+01 7.88913156e-04
   2.24674397e-03 2.00054689e-03 2.00054689e-03]
  [2.18695959e-05 8.89841593e-02 3.76177075e+01 7.83958722e-04
   2.28554276e-03 2.02968945e-03 2.02968945e-03]]]

Cumulative Reward: 11449.963050485143
