Scheduler Table:
[[[3.73990190e-06 1.41685646e-02 1.37931278e+01 7.42476404e-04
   2.08737207e-02 3.43958704e-04 3.43958704e-04]
  [3.80338511e-06 1.41540869e-02 1.43249201e+01 7.43051615e-04
   1.84754808e-02 3.44000679e-04 3.44000679e-04]
  [3.66371946e-06 1.41817465e-02 1.37270648e+01 7.64741504e-04
   1.90607463e-02 3.43576534e-04 3.43576534e-04]]

 [[4.13262557e-06 1.42173451e-02 1.35338356e+01 7.63105717e-04
   1.56814313e-02 3.43620813e-04 3.43620813e-04]
  [5.72176685e-07 1.12687006e-02 5.02916248e+01 1.57424746e-03
   6.41960742e-04 3.37189998e-04 4.04791334e-04]
  [3.89891819e-06 1.41658591e-02 1.37380338e+01 7.34492729e-04
   1.56036150e-02 3.45014291e-04 3.45014291e-04]]

 [[3.79974597e-06 1.42364683e-02 1.36814658e+01 7.61534406e-04
   1.69755408e-02 3.43865739e-04 3.43865739e-04]
  [3.70127928e-06 1.41078386e-02 1.42019885e+01 7.14617314e-04
   1.24090258e-01 3.45423033e-04 3.45423033e-04]
  [5.06748120e-06 1.43127024e-02 1.36791060e+01 8.03419258e-04
   7.06176416e-03 3.43723983e-04 3.43723983e-04]]]

Buffer Table:
[[[4.23537339e-06 1.42608472e-02 1.39856216e+01 7.33179661e-04
   2.05040351e-02 3.43700940e-04 3.43700940e-04]
  [3.57855195e-06 1.40944447e-02 1.39781149e+01 7.05744799e-04
   1.29934371e-01 3.44871303e-04 3.44871303e-04]
  [3.93502326e-06 1.42245536e-02 1.38531233e+01 7.27826096e-04
   1.96193261e-02 3.44439100e-04 3.44439100e-04]]

 [[3.92828074e-06 1.41412506e-02 1.37549749e+01 7.21786730e-04
   2.08431727e-02 3.44534885e-04 3.44534885e-04]
  [2.32573806e-06 1.41287054e-02 1.52683899e+01 7.27604709e-04
   9.40900066e-03 3.41702363e-04 3.41702363e-04]
  [2.58982042e-06 1.24536180e-02 2.17746962e+01 8.13199632e-04
   3.14916966e-02 3.45550207e-04 3.45550207e-04]]

 [[5.04441735e-06 1.42402090e-02 1.37723229e+01 7.48957654e-04
   2.28040905e-02 3.44561138e-04 3.44561138e-04]
  [2.73778541e-06 1.25822836e-02 2.06864273e+01 7.44190544e-04
   1.79710457e-02 3.45971659e-04 3.45971659e-04]
  [5.72176685e-07 1.12687006e-02 5.02916248e+01 1.57424746e-03
   6.41960742e-04 3.37189998e-04 4.04791334e-04]]]

Arbiter Table:
[[[5.72176685e-07 1.12687006e-02 5.02916248e+01 1.57424746e-03
   6.41960742e-04 3.37189998e-04 4.04791334e-04]
  [3.43856284e-06 1.39994148e-02 1.57958395e+01 7.22417023e-04
   6.01915085e-02 3.43528983e-04 3.43528983e-04]
  [4.14216780e-07 1.22784144e-02 1.96332194e+01 8.60745058e-04
   5.76166281e-02 3.44208815e-04 3.44208815e-04]]

 [[4.64562420e-06 1.42270856e-02 1.36035790e+01 7.50729732e-04
   1.89573454e-02 3.44193437e-04 3.44193437e-04]
  [4.22342572e-06 1.42644204e-02 1.37510074e+01 7.55892703e-04
   2.08468728e-02 3.42568675e-04 3.42568675e-04]
  [1.15680956e-05 1.32454379e-02 2.07040892e+01 7.62798268e-04
   4.42091258e-02 3.43799998e-04 3.43799998e-04]]

 [[6.45434434e-06 1.31144759e-02 1.99272477e+01 7.38979078e-04
   2.57605264e-02 3.43493834e-04 3.43493834e-04]
  [4.47969056e-06 1.41554543e-02 1.37995882e+01 7.39017845e-04
   1.99653033e-02 3.43114531e-04 3.43114531e-04]
  [3.86999703e-06 1.42916366e-02 1.36606618e+01 7.62196847e-04
   1.85793819e-02 3.43697656e-04 3.43697656e-04]]]

Page Table:
[[[3.33371188e-06 1.43669703e-02 1.42711693e+01 8.39804231e-04
   1.85862823e-02 3.42441412e-04 3.42441412e-04]
  [4.80516747e-06 1.41902478e-02 1.42668449e+01 8.95790714e-04
   2.41148671e-02 3.42170938e-04 3.42170938e-04]
  [4.40423911e-06 1.44971832e-02 1.45150228e+01 9.26590106e-04
   1.79783931e-02 3.42563339e-04 3.42563339e-04]
  [3.07242547e-06 1.37803884e-02 1.87104107e+01 8.69592336e-04
   2.81732207e-02 3.42392694e-04 3.42392694e-04]]

 [[4.17682703e-06 1.41347125e-02 1.65810213e+01 8.18307015e-04
   1.72577818e-02 3.43008848e-04 3.43008848e-04]
  [5.72176685e-07 1.12687006e-02 5.02916248e+01 1.57424746e-03
   6.41960742e-04 3.37189998e-04 4.04791334e-04]
  [2.57816246e-06 1.38961042e-02 1.75548087e+01 8.75910730e-04
   5.38379141e-02 3.42358381e-04 3.42358381e-04]
  [1.59222963e-05 1.37091670e-02 1.75458308e+01 8.46911747e-04
   2.93399219e-02 3.41942605e-04 3.41942605e-04]]

 [[5.48258405e-06 1.43522030e-02 1.46770560e+01 8.52986436e-04
   2.50243682e-02 3.43281392e-04 3.43281392e-04]
  [6.83923861e-06 1.34566614e-02 2.25400563e+01 7.91515061e-04
   1.91054883e-02 3.43272257e-04 3.43272257e-04]
  [8.06871436e-06 1.43625426e-02 1.44502774e+01 8.85091598e-04
   3.24546809e-02 3.43888899e-04 3.43888899e-04]
  [4.14092325e-06 1.43532730e-02 1.41111681e+01 8.95783071e-04
   2.56398549e-02 3.42408257e-04 3.42408257e-04]]

 [[4.98369438e-06 1.42037604e-02 1.45622088e+01 8.74319204e-04
   2.03705107e-02 3.42025467e-04 3.42025467e-04]
  [3.70407017e-06 1.44117452e-02 1.44890158e+01 8.67219442e-04
   2.47563455e-02 3.43075408e-04 3.43075408e-04]
  [1.65734953e-05 1.34988433e-02 2.00616560e+01 8.18119140e-04
   2.08655359e-02 3.42774524e-04 3.42774524e-04]
  [8.94994260e-06 1.43357410e-02 1.39666977e+01 8.77222296e-04
   3.69290024e-02 3.42636477e-04 3.42636477e-04]]]

Response Table:
[[[1.07894431e-06 1.33352822e-02 1.50769716e+01]
  [1.54989168e-06 1.20269291e-02 3.38987883e+01]]

 [[1.51581413e-06 1.20537646e-02 3.36578241e+01]
  [5.74398283e-07 1.12705581e-02 5.02983148e+01]]]

Refresh Table:
[[[1.32954655e-06 1.27277006e-02 2.43446021e+01]
  [8.73468485e-07 1.12640946e-02 4.87107054e+01]]

 [[9.01195960e-07 1.13119373e-02 5.08697341e+01]
  [2.16852930e-06 1.40939161e-02 1.35179827e+01]]]

Request Buffer Table:
[[[1.68307372e-05 1.51200364e-02 1.48353410e+01]
  [3.32988641e-06 1.50728213e-02 1.51939359e+01]
  [3.54744782e-06 1.51917255e-02 1.51017827e+01]
  [4.15690172e-06 1.52831170e-02 1.53313539e+01]
  [3.82901102e-06 1.53064811e-02 1.57863645e+01]
  [5.96812673e-06 1.52453387e-02 1.51366067e+01]
  [2.45442797e-06 1.31906414e-02 2.25889958e+01]
  [3.54843476e-06 1.51831516e-02 1.55228149e+01]]

 [[3.72808206e-06 1.51925486e-02 1.51079031e+01]
  [4.41459163e-06 1.53489674e-02 1.50788406e+01]
  [3.49901807e-06 1.54313923e-02 1.51052420e+01]
  [1.56060723e-05 1.52575897e-02 1.55385439e+01]
  [3.39629326e-06 1.51264673e-02 1.50421856e+01]
  [4.08869195e-06 1.53027216e-02 1.54387787e+01]
  [3.59828337e-06 1.52491480e-02 1.50554986e+01]
  [3.94425587e-06 1.51630196e-02 1.53368350e+01]]

 [[3.68294149e-06 1.55838160e-02 1.49805667e+01]
  [4.39366473e-06 1.50879534e-02 1.55121816e+01]
  [3.18227154e-06 1.53415958e-02 1.54199382e+01]
  [3.39618931e-06 1.54887392e-02 1.54678933e+01]
  [4.59891134e-06 1.52250144e-02 1.54178605e+01]
  [5.36945950e-06 1.45118601e-02 1.59200534e+01]
  [3.23821594e-06 1.51533492e-02 1.51152460e+01]
  [3.13440091e-06 1.50453318e-02 1.49898844e+01]]

 [[4.85373023e-06 1.56774961e-02 1.53245172e+01]
  [3.20159222e-06 1.52193339e-02 1.52366025e+01]
  [5.17466475e-06 1.51560602e-02 1.54763177e+01]
  [3.86282832e-06 1.53800009e-02 1.54855949e+01]
  [1.47379113e-05 1.48443953e-02 1.63405945e+01]
  [6.34892059e-06 1.49710456e-02 1.58463531e+01]
  [3.78684638e-06 1.53825094e-02 1.56197734e+01]
  [3.68796032e-06 1.51546320e-02 1.50241623e+01]]

 [[7.86450135e-06 1.52314723e-02 1.50942646e+01]
  [3.15528888e-06 1.49481705e-02 1.54940399e+01]
  [3.25869716e-06 1.51147866e-02 1.56196996e+01]
  [3.16527449e-06 1.51843835e-02 1.55198216e+01]
  [3.11512314e-06 1.54532267e-02 1.52175133e+01]
  [2.75074713e-06 1.51593377e-02 1.50272098e+01]
  [7.57802313e-06 1.43660089e-02 1.94287005e+01]
  [3.18847156e-06 1.52003101e-02 1.53076274e+01]]

 [[2.51855608e-06 1.33353870e-02 2.32044483e+01]
  [3.97299150e-06 1.50896014e-02 1.52305882e+01]
  [5.81275675e-07 1.37924699e-02 1.57891265e+01]
  [3.33797237e-06 1.52669591e-02 1.52305691e+01]
  [3.66226944e-06 1.50863399e-02 1.48175165e+01]
  [2.62146092e-06 1.47375474e-02 1.57511617e+01]
  [8.73468485e-07 1.12640946e-02 4.87107054e+01]
  [4.47444944e-06 1.52998992e-02 1.57677496e+01]]

 [[7.26577632e-06 1.50049584e-02 1.63965164e+01]
  [4.15869763e-06 1.49459414e-02 1.52859554e+01]
  [3.83164527e-06 1.53710916e-02 1.54007989e+01]
  [9.28673052e-06 1.50990176e-02 1.58124253e+01]
  [3.85381556e-06 1.50436843e-02 1.47444834e+01]
  [9.01195960e-07 1.13119373e-02 5.08697341e+01]
  [4.42939727e-06 1.41369085e-02 1.82194170e+01]
  [2.95714435e-06 1.50091617e-02 1.51450232e+01]]

 [[7.29614208e-06 1.50726208e-02 1.47474497e+01]
  [4.18203694e-06 1.51627812e-02 1.52412591e+01]
  [3.21986095e-06 1.51932682e-02 1.53067163e+01]
  [9.89097801e-06 1.50646833e-02 1.58812944e+01]
  [3.84373398e-06 1.51770671e-02 1.55219291e+01]
  [3.01575635e-06 1.55726139e-02 1.54888409e+01]
  [3.15456395e-06 1.51189166e-02 1.55912184e+01]
  [3.92848178e-06 1.51674283e-02 1.53458918e+01]]]

Ref Max Post Table:
[[[8.50016372e-06 1.44156644e-02 1.42050766e+01]
  [1.91928949e-06 1.13438127e-02 4.88154802e+01]
  [4.44504035e-06 1.41274197e-02 1.45201062e+01]
  [3.77087032e-06 1.43023243e-02 1.46221489e+01]]

 [[4.50825527e-06 1.44540586e-02 1.43870971e+01]
  [3.91247359e-06 1.42563471e-02 1.48750071e+01]
  [1.87199287e-06 1.12493253e-02 4.63923031e+01]
  [3.33702330e-06 1.42603616e-02 1.44715099e+01]]

 [[1.96808531e-06 1.12504604e-02 4.82857316e+01]
  [2.26130473e-06 1.38758516e-02 1.97286502e+01]
  [4.93272303e-06 1.43582159e-02 1.45909546e+01]
  [4.39999362e-06 1.42619052e-02 1.48880383e+01]]

 [[4.81267740e-06 1.42906260e-02 1.42231350e+01]
  [3.94850533e-06 1.43082508e-02 1.43963741e+01]
  [4.02518367e-06 1.40409226e-02 1.62074363e+01]
  [4.24083986e-06 1.43736933e-02 1.43343677e+01]]]

Ref Max Pull Table:
[[[3.31233940e-06 1.43088680e-02 1.42302518e+01]
  [4.49580208e-06 1.27856437e-02 2.74457151e+01]
  [8.32288511e-06 1.43372671e-02 1.45092498e+01]
  [3.73353927e-06 1.42808025e-02 1.39645355e+01]]

 [[3.09239480e-06 1.33235233e-02 2.55137890e+01]
  [2.30783562e-06 1.28738269e-02 2.38639171e+01]
  [3.59652884e-06 1.43756099e-02 1.48087967e+01]
  [9.01251076e-07 1.13119506e-02 5.08696955e+01]]

 [[5.22167462e-06 1.43194376e-02 1.44690872e+01]
  [2.96786909e-06 1.42943777e-02 1.49757630e+01]
  [6.59775390e-06 1.43997537e-02 1.45233859e+01]
  [3.28009387e-06 1.43241799e-02 1.45665637e+01]]

 [[3.51236427e-06 1.41469409e-02 1.66822832e+01]
  [8.73520671e-07 1.12641072e-02 4.87106689e+01]
  [4.10888599e-06 1.42923776e-02 1.46454304e+01]
  [3.34581785e-06 1.42643718e-02 1.46907659e+01]]]

Max Activate Table:
[[[4.71659290e-06 1.52662542e-02 1.51205574e+01 9.79025949e-04
   2.40589977e-02 3.42438455e-04 3.42438455e-04]
  [4.51207304e-06 1.53067704e-02 1.56601436e+01 1.00613975e-03
   1.69472379e-02 3.41713654e-04 3.41713654e-04]
  [4.31866379e-06 1.53877650e-02 1.56588300e+01 1.07304166e-03
   1.30898190e-02 3.41354733e-04 3.41354733e-04]
  [5.14612609e-06 1.53678349e-02 1.50969515e+01 9.70472850e-04
   1.71561358e-02 3.43434699e-04 3.43434699e-04]
  [4.05765679e-06 1.51745812e-02 1.50223404e+01 9.88190993e-04
   2.37196676e-02 3.41912065e-04 3.41912065e-04]
  [2.77354744e-06 1.49338171e-02 1.55376288e+01 9.56051517e-04
   2.38744713e-02 3.40341512e-04 3.40341512e-04]
  [3.14294268e-06 1.50386943e-02 1.55338074e+01 8.83025932e-04
   3.18945036e-02 3.41615525e-04 3.41615525e-04]
  [3.49405054e-06 1.49975682e-02 1.54346490e+01 9.36353666e-04
   4.24689740e-02 3.44299340e-04 3.44299340e-04]]

 [[4.10501949e-06 1.53358353e-02 1.50499136e+01 1.01508620e-03
   1.79262672e-02 3.42094903e-04 3.42094903e-04]
  [3.92151612e-06 1.49049114e-02 1.55967672e+01 9.15190233e-04
   2.36335875e-02 3.43660521e-04 3.43660521e-04]
  [5.87297057e-06 1.53504202e-02 1.50674761e+01 9.86990902e-04
   1.30811008e-02 3.42125518e-04 3.42125518e-04]
  [1.91928949e-06 1.13438127e-02 4.88154802e+01 1.45485837e-03
   4.17298253e-04 3.38222324e-04 3.38222324e-04]
  [9.26088075e-06 1.50110057e-02 1.56081566e+01 9.66339996e-04
   1.27893648e-01 3.43924757e-04 3.43924757e-04]
  [3.01839447e-06 1.51051444e-02 1.52702414e+01 9.49671850e-04
   1.73140790e-02 3.42802541e-04 3.42802541e-04]
  [4.08627001e-06 1.50094086e-02 1.52795359e+01 1.00436220e-03
   1.07467796e-02 3.40870194e-04 3.40870194e-04]
  [3.54030840e-06 1.50102297e-02 1.52272980e+01 9.70145242e-04
   3.14602788e-02 3.42587239e-04 3.42587239e-04]]

 [[2.55434036e-05 1.53370231e-02 1.57033271e+01 1.06295892e-03
   1.43328291e-02 3.41301270e-04 3.41301270e-04]
  [3.97851716e-06 1.52853647e-02 1.52410220e+01 1.05902068e-03
   1.90630877e-02 3.41547556e-04 3.41547556e-04]
  [3.48088412e-06 1.51467240e-02 1.53193781e+01 1.08192474e-03
   1.06945606e-02 3.41831592e-04 3.41831592e-04]
  [3.68458098e-06 1.51787025e-02 1.53838836e+01 9.69184528e-04
   1.95420188e-02 3.42644376e-04 3.42644376e-04]
  [3.16074356e-06 1.52624101e-02 1.53424844e+01 1.06398193e-03
   1.20602198e-02 3.42543058e-04 3.42543058e-04]
  [5.54201981e-06 1.51456867e-02 1.55181073e+01 1.02350200e-03
   4.58360562e-02 3.41488247e-04 3.41488247e-04]
  [3.20997525e-06 1.52036079e-02 1.53512093e+01 9.26702254e-04
   1.19662702e-02 3.42984223e-04 3.42984223e-04]
  [3.70432499e-06 1.51510297e-02 1.56166439e+01 1.01846409e-03
   5.55902365e-02 3.43334339e-04 3.43334339e-04]]

 [[2.85940036e-06 1.50948891e-02 1.55623673e+01 9.88710289e-04
   2.33442167e-02 3.40751669e-04 3.40751669e-04]
  [6.10088865e-06 1.51024617e-02 1.49120341e+01 9.98670583e-04
   4.49245415e-02 3.41475595e-04 3.41475595e-04]
  [3.20173401e-06 1.51053156e-02 1.49640768e+01 9.18720176e-04
   1.04819590e-02 3.43203508e-04 3.43203508e-04]
  [4.09546541e-06 1.51164710e-02 1.51820275e+01 1.01126346e-03
   7.28533242e-02 3.41834349e-04 3.41834349e-04]
  [3.32041501e-06 1.52422040e-02 1.56100459e+01 1.01658926e-03
   1.07456807e-02 3.41332243e-04 3.41332243e-04]
  [3.76945890e-06 1.53228125e-02 1.50506296e+01 1.08324281e-03
   1.11337301e-02 3.43284086e-04 3.43284086e-04]
  [3.74366508e-06 1.53293078e-02 1.56620279e+01 9.91602782e-04
   1.14284163e-02 3.42322502e-04 3.42322502e-04]
  [1.87199287e-06 1.12493253e-02 4.63923031e+01 1.39445611e-03
   6.54024238e-04 3.38013610e-04 4.05614945e-04]]

 [[3.43423823e-06 1.51937210e-02 1.54850086e+01 1.01753864e-03
   2.29070767e-02 3.42211674e-04 3.42211674e-04]
  [4.70960236e-06 1.53372240e-02 1.48613553e+01 1.01039404e-03
   1.93870288e-02 3.42128461e-04 3.42128461e-04]
  [4.36193911e-06 1.54659232e-02 1.54113644e+01 1.02254738e-03
   3.13473517e-02 3.42496244e-04 3.42496244e-04]
  [6.91930935e-06 1.52479964e-02 1.50894828e+01 1.08132317e-03
   2.98518793e-02 3.40820824e-04 3.40820824e-04]
  [3.18892046e-06 1.53439674e-02 1.57684280e+01 1.03598520e-03
   1.09275131e-02 3.41700358e-04 3.41700358e-04]
  [4.42065892e-06 1.51723029e-02 1.53545051e+01 1.01572519e-03
   1.94975080e-02 3.40896898e-04 3.40896898e-04]
  [3.07700415e-06 1.50978126e-02 1.58424432e+01 1.00045004e-03
   1.07226122e-02 3.41996194e-04 3.41996194e-04]
  [6.02396664e-06 1.51042787e-02 1.65710240e+01 9.49297419e-04
   6.42787282e-02 3.43079659e-04 3.43079659e-04]]

 [[5.85192739e-06 1.53418839e-02 1.51652627e+01 1.09442964e-03
   2.91316908e-02 3.41536479e-04 3.41536479e-04]
  [5.41495057e-06 1.54518479e-02 1.53849172e+01 1.15533186e-03
   1.28442959e-02 3.41712595e-04 3.41712595e-04]
  [5.39529748e-06 1.54396590e-02 1.53099243e+01 9.81006055e-04
   1.19143237e-02 3.41811404e-04 3.41811404e-04]
  [3.69094051e-06 1.50676203e-02 1.55427067e+01 9.40189691e-04
   3.25340399e-02 3.40929507e-04 3.40929507e-04]
  [3.61613055e-06 1.51400854e-02 1.57887701e+01 9.62157678e-04
   1.39334538e-02 3.42280784e-04 3.42280784e-04]
  [1.41168965e-05 1.52528347e-02 1.53758670e+01 9.78480306e-04
   1.35099799e-02 3.41242891e-04 3.41242891e-04]
  [4.40717421e-06 1.51015898e-02 1.56554690e+01 9.99583844e-04
   1.02597757e-02 3.41319517e-04 3.41319517e-04]
  [3.78968551e-06 1.51464944e-02 1.56048170e+01 9.79302478e-04
   2.54219059e-02 3.41287430e-04 3.41287430e-04]]

 [[3.11969130e-06 1.51982094e-02 1.55412106e+01 9.96203471e-04
   1.85008443e-02 3.41975587e-04 3.41975587e-04]
  [3.55109908e-06 1.51382130e-02 1.48546721e+01 9.56426569e-04
   4.38800570e-02 3.42388292e-04 3.42388292e-04]
  [2.61162354e-05 1.53302698e-02 1.51976442e+01 9.76046991e-04
   1.34713014e-02 3.41640376e-04 3.41640376e-04]
  [3.45464804e-06 1.41434328e-02 2.68137969e+01 1.16336715e-03
   3.37122198e-02 3.41846524e-04 3.41846524e-04]
  [3.45641358e-06 1.50804969e-02 1.53709415e+01 1.04351245e-03
   1.00719675e-02 3.40729634e-04 3.40729634e-04]
  [4.07904314e-06 1.49485185e-02 1.55395372e+01 9.86575309e-04
   9.44382636e-03 3.41492836e-04 3.41492836e-04]
  [3.21959863e-06 1.51579500e-02 1.52625651e+01 9.41906341e-04
   1.41420023e-02 3.42806998e-04 3.42806998e-04]
  [3.45201998e-06 1.52068471e-02 1.53993314e+01 1.01945420e-03
   2.12170566e-02 3.40806051e-04 3.40806051e-04]]

 [[4.28759954e-06 1.53374875e-02 1.50407647e+01 9.90228268e-04
   1.97770317e-02 3.43093931e-04 3.43093931e-04]
  [1.96808531e-06 1.12504604e-02 4.82857316e+01 1.47151865e-03
   4.21012554e-04 3.38283132e-04 3.38283132e-04]
  [3.69543350e-06 1.53688505e-02 1.52457678e+01 1.08598126e-03
   1.26064321e-02 3.40555191e-04 3.40555191e-04]
  [3.25229546e-06 1.51618867e-02 1.56601737e+01 9.81771132e-04
   1.79355465e-02 3.42265157e-04 3.42265157e-04]
  [3.69040239e-06 1.52764674e-02 1.52904554e+01 1.07985667e-03
   4.11207113e-02 3.41777140e-04 3.41777140e-04]
  [9.60418070e-06 1.51297244e-02 1.56900279e+01 9.32035402e-04
   1.63032591e-02 3.43058916e-04 3.43058916e-04]
  [3.53109517e-06 1.49532044e-02 1.83089866e+01 1.01592097e-03
   2.66002510e-02 3.41835277e-04 3.41835277e-04]
  [6.97686624e-06 1.49979417e-02 1.57975505e+01 9.72929187e-04
   1.39786652e-02 3.42559413e-04 3.42559413e-04]]]

Cumulative Reward: 11707.863087583974
