Scheduler Table:
[[[1.70376552e-06 1.08179074e-02 1.20021146e+01 6.22189533e-04
   6.79492580e-04 3.37047788e-04 3.37047788e-04]
  [2.78164175e-06 1.08967027e-02 1.19932492e+01 6.31726910e-04
   6.97715898e-04 3.36573579e-04 3.36573579e-04]
  [1.79002497e-06 1.07697877e-02 1.20741391e+01 6.22692855e-04
   7.07305324e-04 3.37931579e-04 3.37931579e-04]]

 [[2.28767493e-06 1.06060564e-02 1.19933160e+01 6.11172940e-04
   6.82429947e-04 3.38282145e-04 3.38282145e-04]
  [1.59829017e-06 1.07700855e-02 1.19895376e+01 6.07288329e-04
   7.33096064e-04 3.37172606e-04 3.37172606e-04]
  [1.53926315e-06 1.05542793e-02 1.37783718e+01 6.60910241e-04
   6.34265902e-04 3.36480459e-04 3.36480459e-04]]

 [[2.57768919e-06 1.10496087e-02 1.20336807e+01 6.25545722e-04
   7.07476478e-04 3.36387973e-04 3.36387973e-04]
  [2.10059963e-06 1.07749645e-02 1.31260631e+01 6.03067032e-04
   6.83001502e-04 3.37334267e-04 3.37334267e-04]
  [9.90175305e-05 1.78397215e+00 1.88147994e+01 8.28437626e-04
   8.30392216e-04 3.34537980e-04 3.35753326e-04]]]

Buffer Table:
[[[9.90174976e-05 1.78397214e+00 1.88149802e+01 8.28442184e-04
   8.30387139e-04 3.34537892e-04 3.35753237e-04]
  [1.59878831e-06 1.05677804e-02 1.20225777e+01 6.01034121e-04
   7.04087010e-04 3.38765683e-04 3.38765683e-04]
  [1.61352632e-06 1.07677954e-02 1.19514439e+01 6.17030353e-04
   6.68553708e-04 3.37241004e-04 3.37241004e-04]]

 [[1.30810361e-06 1.05634919e-02 1.22057933e+01 6.20625467e-04
   6.75317964e-04 3.38014158e-04 3.38014158e-04]
  [2.46310486e-06 1.08292068e-02 1.18770747e+01 6.12489533e-04
   6.87536619e-04 3.37637524e-04 3.37637524e-04]
  [2.06310926e-06 1.10243273e-02 1.19289841e+01 6.21098160e-04
   6.95554971e-04 3.36656392e-04 3.36656392e-04]]

 [[1.74709616e-06 1.08023181e-02 1.19767393e+01 6.24416006e-04
   6.75515584e-04 3.37320466e-04 3.37320466e-04]
  [2.76503806e-06 1.09877787e-02 1.19609483e+01 6.14385901e-04
   6.99400802e-04 3.37891123e-04 3.37891123e-04]
  [1.76762978e-06 1.06981955e-02 1.19496324e+01 6.08313290e-04
   7.22438638e-04 3.37614203e-04 3.37614203e-04]]]

Arbiter Table:
[[[9.90174976e-05 1.78397214e+00 1.88149802e+01 8.28442184e-04
   8.30387139e-04 3.34537892e-04 3.35753237e-04]
  [2.28895340e-06 1.08260266e-02 1.19352758e+01 6.10035353e-04
   6.96693080e-04 3.38146275e-04 3.38146275e-04]
  [5.02063251e-07 1.02221276e-02 1.30464507e+01 6.70284194e-04
   6.07641922e-04 3.39536499e-04 3.39536499e-04]]

 [[3.73628337e-06 1.11472767e-02 1.19783370e+01 6.15710706e-04
   7.02020209e-04 3.36817628e-04 3.36817628e-04]
  [1.85698580e-06 1.08702190e-02 1.19612623e+01 6.07222548e-04
   6.87687955e-04 3.38379775e-04 3.38379775e-04]
  [1.72124390e-06 1.06407595e-02 1.18952876e+01 5.96873516e-04
   7.06635830e-04 3.38327533e-04 3.38327533e-04]]

 [[4.94295630e-07 1.02192715e-02 1.30358368e+01 6.70588499e-04
   6.04187965e-04 3.39650884e-04 3.39650884e-04]
  [2.77994354e-06 1.09264277e-02 1.19048018e+01 6.23527941e-04
   6.86833599e-04 3.36528068e-04 3.36528068e-04]
  [3.13166600e-06 1.09507111e-02 1.18876365e+01 6.33241767e-04
   6.77531496e-04 3.36646253e-04 3.36646253e-04]]]

Page Table:
[[[2.51053676e-06 1.10568079e-02 1.21759322e+01 6.47957531e-04
   6.75200359e-04 3.36318146e-04 3.36318146e-04]
  [1.87315703e-06 1.09450232e-02 1.22128736e+01 6.54860184e-04
   6.63666231e-04 3.37068929e-04 3.37068929e-04]
  [2.08773155e-06 1.03350894e-02 1.55176199e+01 6.68401651e-04
   6.25725202e-04 3.34133134e-04 3.34133134e-04]
  [3.18225054e-06 1.13160738e-02 1.21781090e+01 6.33631199e-04
   6.83285233e-04 3.35230526e-04 3.35230526e-04]]

 [[3.21896532e-06 1.11745243e-02 1.21831808e+01 6.41848572e-04
   6.89116037e-04 3.35925399e-04 3.35925399e-04]
  [9.90174976e-05 1.78397214e+00 1.88149802e+01 8.28442184e-04
   8.30387139e-04 3.34537892e-04 3.35753237e-04]
  [2.16750968e-06 1.10190607e-02 1.21463370e+01 6.45486369e-04
   6.46502441e-04 3.36298752e-04 3.36298752e-04]
  [1.64903923e-06 1.12921019e-02 1.21827810e+01 6.46389225e-04
   6.38469282e-04 3.36300789e-04 3.36300789e-04]]

 [[3.09332971e-06 1.11217939e-02 1.21694572e+01 6.45084787e-04
   6.60057954e-04 3.36084914e-04 3.36084914e-04]
  [2.12273977e-06 1.10957733e-02 1.21702564e+01 6.47269134e-04
   6.35936314e-04 3.35960536e-04 3.35960536e-04]
  [2.26705114e-06 1.10017818e-02 1.21613961e+01 6.42063664e-04
   6.48252244e-04 3.36447739e-04 3.36447739e-04]
  [2.03386813e-06 1.03349195e-02 1.62337915e+01 6.70498111e-04
   6.25166945e-04 3.34153057e-04 3.34153057e-04]]

 [[2.12223180e-06 1.07514337e-02 1.35130483e+01 6.60248829e-04
   6.42000198e-04 3.36249611e-04 3.36249611e-04]
  [1.25388972e-06 1.07578053e-02 1.21669624e+01 6.08511555e-04
   6.90070306e-04 3.38064084e-04 3.38064084e-04]
  [2.52496918e-06 1.10597467e-02 1.22117266e+01 6.45098959e-04
   6.70389503e-04 3.36297413e-04 3.36297413e-04]
  [1.51273570e-06 1.07896865e-02 1.21913788e+01 6.02693875e-04
   7.10758833e-04 3.38678674e-04 3.38678674e-04]]]

Response Table:
[[[9.11543489e-07 1.03586762e-02 1.27113184e+01]
  [8.29500450e-07 1.01686331e-02 1.63228496e+01]]

 [[8.48292682e-07 1.01806738e-02 1.58691558e+01]
  [9.90551184e-05 1.78399059e+00 1.87020827e+01]]]

Refresh Table:
[[[9.90174976e-05 1.78397214e+00 1.88149802e+01]
  [1.48729148e-06 1.02805115e-02 1.18017763e+01]]

 [[1.72915561e-06 1.04516191e-02 1.18902432e+01]
  [1.82389064e-06 1.04206784e-02 1.17568492e+01]]]

Request Buffer Table:
[[[2.43640476e-06 1.22922299e-02 1.22386123e+01]
  [3.91090888e-06 1.26413175e-02 1.22950611e+01]
  [2.84470802e-06 1.25793943e-02 1.21860342e+01]
  [2.66310297e-06 1.23021278e-02 1.21602338e+01]
  [2.15400321e-06 1.23228694e-02 1.22391885e+01]
  [2.52223283e-06 1.17177360e-02 1.23287713e+01]
  [3.03415477e-06 1.24405672e-02 1.22486245e+01]
  [2.52188015e-06 1.26289860e-02 1.22647706e+01]]

 [[2.27559119e-06 1.22901018e-02 1.22110917e+01]
  [2.34066845e-06 1.22995824e-02 1.22748683e+01]
  [9.39182290e-07 1.08747066e-02 1.41579135e+01]
  [3.77480623e-06 1.12710376e-02 1.24133133e+01]
  [2.70805066e-06 1.24491937e-02 1.22725095e+01]
  [2.81591615e-06 1.23846871e-02 1.22854148e+01]
  [3.91595392e-06 1.23684471e-02 1.21855047e+01]
  [3.31661989e-06 1.17043165e-02 1.23337303e+01]]

 [[2.24437488e-06 1.24725859e-02 1.22050196e+01]
  [2.39820369e-06 1.20813591e-02 1.24132280e+01]
  [1.92913474e-06 1.15162216e-02 1.23553271e+01]
  [2.73875857e-06 1.23180646e-02 1.24118893e+01]
  [2.32100624e-06 1.19357766e-02 1.23342778e+01]
  [2.62670923e-06 1.25220343e-02 1.24121283e+01]
  [6.98897959e-07 9.92706503e-03 1.94161184e+01]
  [3.34284828e-06 1.20006532e-02 1.23993929e+01]]

 [[4.64333633e-06 1.23972772e-02 1.21675820e+01]
  [2.52072087e-06 1.19047634e-02 1.23587904e+01]
  [2.41542930e-06 1.26621880e-02 1.22629597e+01]
  [2.54751175e-06 1.22430858e-02 1.23227853e+01]
  [2.13688522e-06 1.08720013e-02 1.23408999e+01]
  [2.63153505e-06 1.01726735e-02 1.23590017e+01]
  [2.25268515e-06 1.17930199e-02 1.23748113e+01]
  [2.11748556e-06 1.12163494e-02 1.23735987e+01]]

 [[2.42442454e-06 1.23725987e-02 1.21375247e+01]
  [2.74848645e-06 1.23622139e-02 1.22677816e+01]
  [7.10873876e-07 9.92736463e-03 1.96733430e+01]
  [3.03246368e-06 1.16891792e-02 1.24324188e+01]
  [2.14425239e-06 1.20767569e-02 1.22991010e+01]
  [5.72172897e-06 1.24537478e-02 1.22981963e+01]
  [2.16307276e-06 1.22064359e-02 1.22834438e+01]
  [2.16007873e-06 1.14667944e-02 1.23550096e+01]]

 [[2.20342341e-06 1.11650666e-02 1.23069780e+01]
  [5.49448593e-06 1.20657544e-02 1.23921336e+01]
  [2.18062749e-06 1.23845208e-02 1.22798507e+01]
  [2.53233676e-06 1.02338236e-02 1.23986305e+01]
  [2.01955868e-06 1.16960676e-02 1.23413320e+01]
  [3.04229373e-05 1.24674821e-02 1.23871468e+01]
  [4.68466605e-06 1.23745772e-02 1.22173427e+01]
  [3.89668521e-06 1.11886249e-02 1.24204090e+01]]

 [[2.51304563e-06 1.26338627e-02 1.22658277e+01]
  [2.54030110e-06 1.23562168e-02 1.22944359e+01]
  [2.55712681e-06 1.23903767e-02 1.22880436e+01]
  [8.57334232e-06 1.19561101e-02 1.23253449e+01]
  [9.93725744e-05 1.78398055e+00 1.90916564e+01]
  [2.39129684e-06 1.23556855e-02 1.23155391e+01]
  [2.03594599e-06 1.22180638e-02 1.22555172e+01]
  [4.25210421e-06 1.23040673e-02 1.22984362e+01]]

 [[2.59601911e-06 1.01656825e-02 1.23532118e+01]
  [3.66405405e-06 1.24935111e-02 1.23653488e+01]
  [2.52233172e-06 1.27924760e-02 1.22539186e+01]
  [2.48955490e-06 1.18460369e-02 1.23664568e+01]
  [2.37143183e-06 1.16958787e-02 1.23398947e+01]
  [2.39431226e-06 1.20060118e-02 1.23640788e+01]
  [1.32006589e-05 1.16822990e-02 1.23746213e+01]
  [2.99710297e-06 1.22059709e-02 1.23727458e+01]]]

Ref Max Post Table:
[[[2.36613318e-06 1.15124105e-02 1.21934253e+01]
  [2.28573923e-06 1.14489949e-02 1.21949067e+01]
  [1.47056760e-06 1.09193076e-02 1.21846773e+01]
  [1.59255477e-06 1.07261240e-02 1.21452577e+01]]

 [[3.43108437e-06 1.15988785e-02 1.21623149e+01]
  [2.70217911e-06 1.17121034e-02 1.22082369e+01]
  [2.10597007e-06 1.14814758e-02 1.21819154e+01]
  [6.98897959e-07 9.92706503e-03 1.94161184e+01]]

 [[9.07362489e-07 1.04976306e-02 1.21870076e+01]
  [7.10873876e-07 9.92736463e-03 1.96733430e+01]
  [2.62568244e-06 1.14810207e-02 1.21703007e+01]
  [2.46067548e-06 1.14227392e-02 1.22130622e+01]]

 [[1.50662338e-06 1.01209056e-02 1.21600335e+01]
  [2.93305959e-06 1.17294962e-02 1.21822582e+01]
  [9.93725744e-05 1.78398055e+00 1.90916564e+01]
  [1.50944961e-06 1.00868486e-02 1.21366856e+01]]]

Ref Max Pull Table:
[[[9.90174976e-05 1.78397214e+00 1.88149802e+01]
  [2.12475201e-06 1.10855775e-02 1.21986222e+01]
  [1.81544920e-06 1.09684431e-02 1.21756300e+01]
  [1.96791483e-06 1.09750991e-02 1.21767109e+01]]

 [[1.85616561e-06 1.09017591e-02 1.21813509e+01]
  [1.51604290e-06 1.11043036e-02 1.21857784e+01]
  [1.55743324e-06 1.07601259e-02 1.21923965e+01]
  [2.12782838e-06 1.10423523e-02 1.22460188e+01]]

 [[1.62534860e-06 1.08960421e-02 1.22816021e+01]
  [2.01366183e-06 1.12928993e-02 1.21795552e+01]
  [2.88460273e-06 1.12343396e-02 1.21400806e+01]
  [2.14140567e-06 1.09546278e-02 1.21641912e+01]]

 [[1.76132970e-06 1.09247745e-02 1.22052178e+01]
  [1.96900583e-06 1.09014554e-02 1.22121153e+01]
  [1.70955452e-06 1.09428800e-02 1.24676236e+01]
  [2.21546212e-06 1.08039831e-02 1.22214477e+01]]]

Max Activate Table:
[[[2.37123222e-06 1.20367856e-02 1.22243850e+01 6.57248818e-04
   6.61363331e-04 3.35527775e-04 3.35527775e-04]
  [2.52299869e-06 1.17582078e-02 1.23124345e+01 6.31208101e-04
   6.86369102e-04 3.36438321e-04 3.36438321e-04]
  [5.85917793e-06 1.15213168e-02 1.23182524e+01 6.35871908e-04
   6.75678229e-04 3.37078944e-04 3.37078944e-04]
  [2.36649997e-06 1.23873551e-02 1.21666358e+01 6.65489116e-04
   6.58170883e-04 3.35350386e-04 3.35350386e-04]
  [2.45730123e-06 1.16492243e-02 1.24875456e+01 6.52429358e-04
   6.34047681e-04 3.35870537e-04 3.35870537e-04]
  [2.58536101e-06 1.17808491e-02 1.22992927e+01 6.27553246e-04
   6.87760140e-04 3.37189469e-04 3.37189469e-04]
  [1.91366007e-06 1.17482181e-02 1.22998433e+01 6.54121608e-04
   6.67441993e-04 3.36436987e-04 3.36436987e-04]
  [2.59726486e-06 1.17559970e-02 1.23365229e+01 6.62590817e-04
   6.49148138e-04 3.36025164e-04 3.36025164e-04]]

 [[5.12169087e-06 1.19363361e-02 1.22993078e+01 6.65316360e-04
   6.53573533e-04 3.35643994e-04 3.35643994e-04]
  [2.81323961e-06 1.23398038e-02 1.22895094e+01 7.01878893e-04
   6.33296185e-04 3.35257704e-04 3.35257704e-04]
  [4.47675851e-06 1.18519811e-02 1.22537815e+01 6.67908163e-04
   6.47170190e-04 3.35767598e-04 3.35767598e-04]
  [2.20733163e-06 1.24800224e-02 1.22908355e+01 6.51276205e-04
   6.39537975e-04 3.35184893e-04 3.35184893e-04]
  [1.36313512e-05 1.27022176e-02 1.23132638e+01 6.71532921e-04
   6.40589698e-04 3.35805168e-04 3.35805168e-04]
  [1.13859764e-06 1.05481675e-02 1.65331111e+01 6.72965012e-04
   6.11360341e-04 3.36661083e-04 3.36661083e-04]
  [1.61455011e-06 1.16926965e-02 1.22955631e+01 6.05106231e-04
   6.98382831e-04 3.38140527e-04 3.38140527e-04]
  [3.68457103e-06 1.24278315e-02 1.22028935e+01 6.56027379e-04
   6.84931156e-04 3.35337290e-04 3.35337290e-04]]

 [[4.38912750e-06 1.17579955e-02 1.22730555e+01 6.37226611e-04
   6.84642593e-04 3.36049397e-04 3.36049397e-04]
  [1.00715117e-05 1.17926448e-02 1.22489106e+01 6.52841749e-04
   6.62829551e-04 3.36476773e-04 3.36476773e-04]
  [3.20048146e-06 1.19663708e-02 1.23199862e+01 6.55579733e-04
   6.82826856e-04 3.35297434e-04 3.35297434e-04]
  [2.37225002e-06 1.25432851e-02 1.21639625e+01 6.73955457e-04
   6.65304925e-04 3.35396708e-04 3.35396708e-04]
  [2.23230085e-06 1.20907199e-02 1.23239787e+01 6.54123571e-04
   6.42158498e-04 3.35784450e-04 3.35784450e-04]
  [3.50322547e-06 1.10743387e-02 1.22905344e+01 6.20687939e-04
   6.79999621e-04 3.38670761e-04 3.38670761e-04]
  [2.28101271e-06 1.17830511e-02 1.24740641e+01 6.47679620e-04
   6.72476866e-04 3.35926453e-04 3.35926453e-04]
  [2.34167159e-06 1.24397529e-02 1.21838161e+01 6.55795992e-04
   6.35869653e-04 3.35245582e-04 3.35245582e-04]]

 [[2.97894903e-06 1.23841613e-02 1.26000605e+01 6.83551007e-04
   6.31587285e-04 3.35075944e-04 3.35075944e-04]
  [2.74501321e-06 1.23263654e-02 1.29749828e+01 6.49641525e-04
   6.29207576e-04 3.35024722e-04 3.35024722e-04]
  [2.73132540e-06 1.22940979e-02 1.25351415e+01 6.73076755e-04
   6.45596970e-04 3.35054944e-04 3.35054944e-04]
  [2.40630065e-06 1.24121740e-02 1.22263851e+01 6.67647829e-04
   6.47263557e-04 3.35229259e-04 3.35229259e-04]
  [2.22128791e-06 1.24396233e-02 1.28037860e+01 6.73744727e-04
   6.24002585e-04 3.35219081e-04 3.35219081e-04]
  [3.24497439e-06 1.24216527e-02 1.22756878e+01 6.69593443e-04
   6.30267123e-04 3.35126910e-04 3.35126910e-04]
  [2.30275438e-06 1.23942901e-02 1.22307671e+01 6.64346256e-04
   6.55268766e-04 3.35245558e-04 3.35245558e-04]
  [1.38658165e-05 1.22502636e-02 1.22905776e+01 6.84561252e-04
   6.20729461e-04 3.34984485e-04 3.34984485e-04]]

 [[2.56193782e-06 1.19022800e-02 1.22759992e+01 6.49162831e-04
   6.63470862e-04 3.36242009e-04 3.36242009e-04]
  [4.04022283e-06 1.18412129e-02 1.22643556e+01 6.57774545e-04
   6.57151060e-04 3.35606998e-04 3.35606998e-04]
  [3.20242330e-06 1.19879715e-02 1.23098899e+01 6.68794329e-04
   6.66058296e-04 3.35279447e-04 3.35279447e-04]
  [3.10128172e-06 1.24893933e-02 1.22811315e+01 6.42431422e-04
   6.70491594e-04 3.35373276e-04 3.35373276e-04]
  [2.65830362e-06 1.23714100e-02 1.22825340e+01 6.62288411e-04
   6.29873359e-04 3.35129694e-04 3.35129694e-04]
  [4.39477315e-06 1.24211234e-02 1.21756343e+01 6.88353024e-04
   6.22993477e-04 3.35212726e-04 3.35212726e-04]
  [1.80141674e-06 1.14714759e-02 1.24446542e+01 6.33697701e-04
   6.47651994e-04 3.36108220e-04 3.36108220e-04]
  [2.12134807e-06 1.15058552e-02 1.22956167e+01 6.27856097e-04
   6.61168585e-04 3.37097525e-04 3.37097525e-04]]

 [[3.03276981e-06 1.17927767e-02 1.22453249e+01 6.50339379e-04
   6.64761814e-04 3.35895884e-04 3.35895884e-04]
  [3.15116930e-06 1.14176800e-02 1.28166583e+01 6.37277291e-04
   6.75992647e-04 3.36735104e-04 3.36735104e-04]
  [4.99847874e-06 1.16429328e-02 1.22920148e+01 6.54796873e-04
   6.61674280e-04 3.36248640e-04 3.36248640e-04]
  [3.28033877e-06 1.24004851e-02 1.21990463e+01 6.74161378e-04
   6.22007175e-04 3.35050328e-04 3.35050328e-04]
  [2.36374518e-06 1.16945644e-02 1.23325874e+01 6.59227587e-04
   6.29440179e-04 3.35919153e-04 3.35919153e-04]
  [3.32744931e-06 1.23631135e-02 1.23294372e+01 6.73591087e-04
   6.34219599e-04 3.35062716e-04 3.35062716e-04]
  [3.78880137e-07 9.92059734e-03 1.93795832e+01 8.62457949e-04
   5.36845645e-04 3.34069575e-04 3.35376398e-04]
  [2.16227715e-06 1.24025803e-02 1.23161062e+01 6.85624480e-04
   6.25405321e-04 3.35086113e-04 3.35086113e-04]]

 [[2.75872997e-06 1.20698816e-02 1.22461015e+01 6.63414875e-04
   6.56179305e-04 3.35294527e-04 3.35294527e-04]
  [7.65651764e-06 1.21852599e-02 1.22631464e+01 6.64672436e-04
   6.70404301e-04 3.35323432e-04 3.35323432e-04]
  [2.33266737e-06 1.18592968e-02 1.22800804e+01 6.45843572e-04
   6.52260492e-04 3.35869327e-04 3.35869327e-04]
  [2.18582140e-06 1.23208597e-02 1.22097514e+01 6.78672444e-04
   6.56274262e-04 3.35283971e-04 3.35283971e-04]
  [3.19977878e-06 1.21539100e-02 1.22998568e+01 6.58143442e-04
   6.33765250e-04 3.35444413e-04 3.35444413e-04]
  [9.90610882e-05 1.78397420e+00 1.89513824e+01 8.36794568e-04
   8.20313169e-04 3.34453332e-04 3.35276631e-04]
  [1.70737675e-06 1.17770670e-02 1.22431518e+01 6.35246662e-04
   6.83106730e-04 3.35472015e-04 3.35472015e-04]
  [2.10802111e-06 1.24553163e-02 1.22876739e+01 6.77044692e-04
   6.31335394e-04 3.35170191e-04 3.35170191e-04]]

 [[2.59503858e-06 1.21938947e-02 1.22751715e+01 6.74559569e-04
   6.36666044e-04 3.35683734e-04 3.35683734e-04]
  [1.98118793e-06 1.23436652e-02 1.22674687e+01 6.84039909e-04
   6.43283768e-04 3.35096767e-04 3.35096767e-04]
  [4.23105515e-06 1.17580851e-02 1.22865293e+01 6.41977311e-04
   6.69751902e-04 3.36167456e-04 3.36167456e-04]
  [2.47749352e-06 1.24618699e-02 1.22538128e+01 6.67245304e-04
   6.51863467e-04 3.35319705e-04 3.35319705e-04]
  [4.68264650e-06 1.18348134e-02 1.22849001e+01 6.64699509e-04
   6.35493385e-04 3.35828167e-04 3.35828167e-04]
  [2.65799082e-06 1.22439887e-02 1.22457340e+01 6.75558742e-04
   6.35255754e-04 3.35027088e-04 3.35027088e-04]
  [2.80446891e-06 1.19538951e-02 1.22809316e+01 6.60457286e-04
   6.39247354e-04 3.35891890e-04 3.35891890e-04]
  [4.58678476e-06 1.17963700e-02 1.22160502e+01 6.64973351e-04
   6.50914372e-04 3.36079601e-04 3.36079601e-04]]]

Cumulative Reward: 6379.973294770619
