Scheduler Table:
[[[7.83396650e-04 2.23194381e-01 2.29613681e+02 4.90252712e-03
   1.04884433e-02 1.03148911e-02 1.03148911e-02]
  [1.04160386e-04 1.16147269e-01 2.98001966e+02 4.40824797e-03
   1.37094575e-02 1.23271060e-02 1.23911264e-02]
  [9.65017115e-04 2.50161856e-01 2.11937983e+02 4.88048526e-03
   1.06002509e-02 1.03858843e-02 1.03858843e-02]]

 [[1.93399166e-04 5.69155591e-01 2.96925984e+02 4.40927854e-03
   1.36774076e-02 1.23318011e-02 1.23508152e-02]
  [6.12140940e-04 1.94375770e-01 2.44649583e+02 4.80304317e-03
   1.11352128e-02 1.07294607e-02 1.07294607e-02]
  [9.51030991e-04 2.48336956e-01 2.12401644e+02 4.88205586e-03
   1.05922815e-02 1.03808276e-02 1.03808276e-02]]

 [[9.56216298e-04 2.48989900e-01 2.12160914e+02 4.88149643e-03
   1.05951233e-02 1.03826263e-02 1.03826263e-02]
  [9.51870509e-04 2.48470795e-01 2.12765428e+02 4.88195467e-03
   1.05927964e-02 1.03811523e-02 1.03811523e-02]
  [9.59952029e-04 2.49526616e-01 2.12071094e+02 4.88103835e-03
   1.05974440e-02 1.03841040e-02 1.03841040e-02]]]

Buffer Table:
[[[1.27343301e-04 5.59587425e-01 3.04885278e+02 4.30939293e-03
   1.43356278e-02 1.27166247e-02 1.27804531e-02]
  [9.60504017e-04 2.47100796e-01 2.12960837e+02 4.88259313e-03
   1.05913951e-02 1.03804179e-02 1.03804179e-02]
  [9.69320631e-04 2.48233266e-01 2.12836994e+02 4.88164388e-03
   1.05962235e-02 1.03834878e-02 1.03834878e-02]]

 [[7.85129063e-04 2.20489883e-01 2.29150978e+02 4.90437972e-03
   1.04805330e-02 1.03099914e-02 1.03099914e-02]
  [9.82085242e-04 2.50077285e-01 2.12380345e+02 4.88006550e-03
   1.06042546e-02 1.03885904e-02 1.03885904e-02]
  [9.68375276e-04 2.48302263e-01 2.12646763e+02 4.88159944e-03
   1.05964481e-02 1.03836325e-02 1.03836325e-02]]

 [[9.51616720e-04 2.45851528e-01 2.14148392e+02 4.88366612e-03
   1.05859339e-02 1.03769503e-02 1.03769503e-02]
  [9.72750297e-04 2.48892682e-01 2.12170188e+02 4.88109850e-03
   1.05989999e-02 1.03852499e-02 1.03852499e-02]
  [9.60453344e-04 2.47176566e-01 2.12523612e+02 4.88256694e-03
   1.05915306e-02 1.03805009e-02 1.03805009e-02]]]

Arbiter Table:
[[[1.30566474e-04 5.60076666e-01 3.04580223e+02 4.30899584e-03
   1.43376441e-02 1.27179052e-02 1.27817336e-02]
  [9.55352226e-04 2.46950511e-01 2.12922714e+02 4.88199755e-03
   1.05936930e-02 1.03818217e-02 1.03818217e-02]
  [9.51724237e-04 2.46445503e-01 2.12138307e+02 4.88239347e-03
   1.05916791e-02 1.03805450e-02 1.03805450e-02]]

 [[7.69503323e-04 2.18663646e-01 2.30512253e+02 4.90494764e-03
   1.04770570e-02 1.03077393e-02 1.03077393e-02]
  [9.63664809e-04 2.47995891e-01 2.12091924e+02 4.88108219e-03
   1.05983477e-02 1.03847745e-02 1.03847745e-02]
  [9.49422296e-04 2.46125878e-01 2.11913804e+02 4.88267827e-03
   1.05902332e-02 1.03796246e-02 1.03796246e-02]]

 [[9.48913042e-04 2.46083292e-01 2.12099374e+02 4.88272814e-03
   1.05899797e-02 1.03794637e-02 1.03794637e-02]
  [9.54310455e-04 2.46690969e-01 2.12942787e+02 4.88215351e-03
   1.05929026e-02 1.03813167e-02 1.03813167e-02]
  [9.63640901e-04 2.48123602e-01 2.12418278e+02 4.88095676e-03
   1.05989816e-02 1.03851820e-02 1.03851820e-02]]]

Page Table:
[[[7.15902208e-04 8.15653908e-01 2.02373984e+02 4.63569598e-03
   1.05546770e-02 1.02231481e-02 1.02231481e-02]
  [1.41356733e-04 2.12100088e-01 2.88799527e+02 4.41609751e-03
   1.34139828e-02 1.21174703e-02 1.21814907e-02]
  [7.05703605e-04 8.06336783e-01 2.01642116e+02 4.64046962e-03
   1.05475098e-02 1.02203716e-02 1.02203716e-02]
  [6.76613153e-04 7.76933442e-01 2.07229040e+02 4.65327609e-03
   1.05390242e-02 1.02208295e-02 1.02208295e-02]]

 [[2.30529919e-04 6.64939205e-01 2.87739773e+02 4.41711424e-03
   1.33824540e-02 1.21225351e-02 1.21415492e-02]
  [7.14313349e-04 8.15177763e-01 2.02254496e+02 4.63591244e-03
   1.05543561e-02 1.02230278e-02 1.02230278e-02]
  [7.11290521e-04 8.11926231e-01 2.01041393e+02 4.63759317e-03
   1.05518317e-02 1.02220490e-02 1.02220490e-02]
  [7.10357022e-04 8.11222326e-01 2.02249333e+02 4.63794842e-03
   1.05512947e-02 1.02218374e-02 1.02218374e-02]]

 [[7.15611879e-04 8.16091204e-01 2.01918581e+02 4.63546488e-03
   1.05550288e-02 1.02232890e-02 1.02232890e-02]
  [7.12395170e-04 8.13160260e-01 2.01705892e+02 4.63695718e-03
   1.05527941e-02 1.02224292e-02 1.02224292e-02]
  [7.14108826e-04 8.14415172e-01 2.00919617e+02 4.63631150e-03
   1.05537524e-02 1.02227894e-02 1.02227894e-02]
  [7.04343589e-04 8.04888197e-01 2.03501937e+02 4.64121547e-03
   1.05463858e-02 1.02199322e-02 1.02199322e-02]]

 [[4.37305088e-04 5.25311051e-01 2.42592674e+02 4.61105416e-03
   1.14085641e-02 1.08260699e-02 1.08260699e-02]
  [7.09334281e-04 8.10314215e-01 2.02371332e+02 4.63843385e-03
   1.05505628e-02 1.02215509e-02 1.02215509e-02]
  [7.12882236e-04 8.13462514e-01 2.01122720e+02 4.63680465e-03
   1.05530183e-02 1.02225113e-02 1.02225113e-02]
  [7.09668433e-04 8.10391466e-01 2.02461546e+02 4.63839207e-03
   1.05506271e-02 1.02215774e-02 1.02215774e-02]]]

Response Table:
[[[1.25651563e-04 5.59243753e-01 3.05051078e+02]
  [1.12342778e-03 1.27877030e-01 2.16529945e+02]]

 [[1.13133706e-03 1.27946001e-01 2.16364127e+02]
  [1.11769814e-03 1.27766057e-01 2.16559465e+02]]]

Refresh Table:
[[[3.04133953e-04 5.63563399e-01 2.91901291e+02]
  [1.12816460e-03 1.27938756e-01 2.16018812e+02]]

 [[1.12896195e-03 1.28042428e-01 2.17127409e+02]
  [3.92558444e-04 1.10186877e-01 2.70754470e+02]]]

Request Buffer Table:
[[[2.90487288e-04 1.80132825e+00 1.14712316e+02]
  [2.83144032e-04 1.83786896e+00 1.13055854e+02]
  [2.91596174e-04 1.82980080e+00 1.13446666e+02]
  [2.75353298e-04 1.79358086e+00 1.16328117e+02]
  [2.83513430e-04 1.81139856e+00 1.14306894e+02]
  [2.54234182e-04 1.82065988e+00 1.14139787e+02]
  [2.42496337e-04 1.86241047e+00 1.12518732e+02]
  [2.72125808e-04 1.84982053e+00 1.12832245e+02]]

 [[2.95386354e-04 1.81988235e+00 1.13978758e+02]
  [2.88128536e-04 1.82949210e+00 1.13454847e+02]
  [2.78406800e-04 1.83485126e+00 1.13306216e+02]
  [2.83680627e-04 1.80229472e+00 1.16025221e+02]
  [2.95417254e-04 1.81604134e+00 1.14763051e+02]
  [3.48342869e-04 1.83360565e+00 1.14364632e+02]
  [2.87747527e-04 1.80621339e+00 1.15194272e+02]
  [2.78915424e-04 1.82181347e+00 1.14598182e+02]]

 [[2.88036405e-04 1.81898366e+00 1.13995668e+02]
  [2.69458104e-04 1.81746194e+00 1.14041648e+02]
  [2.95925588e-04 1.82328725e+00 1.14227169e+02]
  [2.81149375e-04 1.81391215e+00 1.14160431e+02]
  [2.88688895e-04 1.80238466e+00 1.15772883e+02]
  [2.72243344e-04 1.84148465e+00 1.13476049e+02]
  [2.85150288e-04 1.80213032e+00 1.15233174e+02]
  [2.88319450e-04 1.81894935e+00 1.14159694e+02]]

 [[2.72522911e-04 1.81019705e+00 1.14251793e+02]
  [2.79074097e-04 1.81817681e+00 1.14586226e+02]
  [2.79746101e-04 1.81045816e+00 1.14984539e+02]
  [2.83305468e-04 1.80280438e+00 1.15313813e+02]
  [2.92742755e-04 1.81693541e+00 1.14799498e+02]
  [2.73140256e-04 1.80844765e+00 1.15327339e+02]
  [2.32178407e-04 1.47509577e+00 1.51199141e+02]
  [2.82057519e-04 1.79640688e+00 1.15866546e+02]]

 [[2.97772693e-04 1.80172892e+00 1.14511142e+02]
  [3.31220240e-04 1.83919707e+00 1.13324015e+02]
  [2.82443013e-04 1.81039287e+00 1.15399422e+02]
  [2.80536197e-04 1.80520272e+00 1.15136756e+02]
  [2.90605383e-04 1.80160051e+00 1.15605120e+02]
  [2.88094320e-04 1.79998172e+00 1.15672081e+02]
  [2.10990739e-04 1.29277757e+00 1.70364593e+02]
  [3.22512827e-04 1.83759260e+00 1.13567856e+02]]

 [[2.69585664e-04 1.81265071e+00 1.13911831e+02]
  [2.75315348e-04 1.81652462e+00 1.15281956e+02]
  [2.84607161e-04 1.81243168e+00 1.14943217e+02]
  [2.93172985e-04 1.82179294e+00 1.14307804e+02]
  [2.96545609e-04 1.81682926e+00 1.14536228e+02]
  [2.82521575e-04 1.83460872e+00 1.13994824e+02]
  [2.82242988e-04 1.79335674e+00 1.16328067e+02]
  [2.96159309e-04 1.84084296e+00 1.13712805e+02]]

 [[2.90037361e-04 1.81314857e+00 1.14544552e+02]
  [2.76619547e-04 1.81460680e+00 1.14415762e+02]
  [2.80632566e-04 1.81554117e+00 1.14525372e+02]
  [2.71411708e-04 1.79502903e+00 1.15938018e+02]
  [2.69673990e-04 1.72929069e+00 1.23180039e+02]
  [2.74937345e-04 1.80299584e+00 1.14879773e+02]
  [1.50145007e-04 7.59528043e-01 2.83358020e+02]
  [2.86382794e-04 1.81113843e+00 1.14607240e+02]]

 [[2.56530298e-04 1.85763037e+00 1.11744013e+02]
  [3.23500035e-04 1.83245016e+00 1.13288876e+02]
  [2.83933134e-04 1.82421262e+00 1.14165047e+02]
  [2.76023934e-04 1.79393230e+00 1.16265642e+02]
  [2.81294757e-04 1.79934158e+00 1.15503206e+02]
  [2.81353090e-04 1.81095939e+00 1.15143099e+02]
  [2.93600656e-04 1.83085524e+00 1.13381394e+02]
  [2.79723616e-04 1.81395980e+00 1.14866123e+02]]]

Ref Max Post Table:
[[[5.26186479e-04 8.17262636e-01 2.01771912e+02]
  [4.47472264e-04 7.03018167e-01 2.16614447e+02]
  [5.15951238e-04 8.03116497e-01 2.02266540e+02]
  [5.23453587e-04 8.11967387e-01 2.02295476e+02]]

 [[5.20852522e-04 8.09570378e-01 2.02389422e+02]
  [5.16223760e-04 8.03328161e-01 2.02255025e+02]
  [2.79933474e-04 4.54431952e-01 2.51620843e+02]
  [5.20539919e-04 8.09990965e-01 2.02117412e+02]]

 [[5.15783713e-04 8.03387190e-01 2.02591512e+02]
  [1.96691879e-04 3.31566417e-01 2.69957621e+02]
  [4.16128946e-04 6.51314240e-01 2.23700947e+02]
  [3.99631543e-04 6.22286339e-01 2.27952986e+02]]

 [[5.18406931e-04 8.06330100e-01 2.02532736e+02]
  [5.17940037e-04 8.04441624e-01 2.02397392e+02]
  [5.20146914e-04 8.09182035e-01 2.02121293e+02]
  [1.84970523e-04 6.42897219e-01 2.91984154e+02]]]

Ref Max Pull Table:
[[[7.10099403e-04 8.05050597e-01 2.02479122e+02]
  [6.87729501e-04 7.81267132e-01 2.06631215e+02]
  [7.10265537e-04 8.05239014e-01 2.02597298e+02]
  [1.41692413e-04 2.09156156e-01 2.87433629e+02]]

 [[1.41771348e-04 2.09240025e-01 2.86489498e+02]
  [6.30871627e-04 7.22853245e-01 2.14556283e+02]
  [7.08270310e-04 8.02395294e-01 2.02441801e+02]
  [7.24154284e-04 8.16926212e-01 2.01498399e+02]]

 [[7.10409832e-04 8.05306406e-01 2.02615028e+02]
  [1.41908655e-04 2.09324045e-01 2.87447962e+02]
  [7.10080530e-04 8.04212031e-01 2.02949464e+02]
  [6.65558914e-04 7.59778419e-01 2.07816202e+02]]

 [[7.12306769e-04 8.07405481e-01 2.02525171e+02]
  [7.12938016e-04 8.06890989e-01 2.01881895e+02]
  [2.31012059e-04 6.62098887e-01 2.86374494e+02]
  [7.07074246e-04 8.01550781e-01 2.02716146e+02]]]

Max Activate Table:
[[[2.05332290e-04 1.85442285e+00 1.11433406e+02 2.55368374e-03
   6.14949339e-03 5.87887140e-03 5.87887140e-03]
  [2.95963797e-04 1.82183076e+00 1.13125643e+02 2.59950233e-03
   6.22196317e-03 5.95641773e-03 5.95641773e-03]
  [3.34933459e-04 1.82554408e+00 1.13486381e+02 2.59431132e-03
   6.21375379e-03 5.94763319e-03 5.94763319e-03]
  [2.43899225e-04 1.83161989e+00 1.13187604e+02 2.58571822e-03
   6.20016346e-03 5.93309067e-03 5.93309067e-03]
  [2.76524356e-04 1.80480156e+00 1.14897628e+02 2.62340300e-03
   6.25977862e-03 5.99688132e-03 5.99688132e-03]
  [3.33443339e-04 1.81263901e+00 1.14260760e+02 2.61242525e-03
   6.24241311e-03 5.97829953e-03 5.97829953e-03]
  [2.79760480e-04 1.80099541e+00 1.15332281e+02 2.62877412e-03
   6.26826104e-03 6.00595863e-03 6.00595863e-03]
  [2.55667835e-04 1.84640941e+00 1.12718077e+02 2.56493653e-03
   6.16729891e-03 5.89792391e-03 5.89792391e-03]]

 [[2.68894320e-04 1.84442600e+00 1.12699939e+02 2.56771442e-03
   6.17168478e-03 5.90261721e-03 5.90261721e-03]
  [2.96655857e-04 1.81445099e+00 1.13562507e+02 2.60993100e-03
   6.23845336e-03 5.97406321e-03 5.97406321e-03]
  [3.29581216e-04 1.81545038e+00 1.13732185e+02 2.60843009e-03
   6.23609399e-03 5.97153783e-03 5.97153783e-03]
  [2.90821693e-04 1.80856162e+00 1.15009604e+02 2.61822672e-03
   6.25158744e-03 5.98811659e-03 5.98811659e-03]
  [2.00021904e-04 1.86441602e+00 1.11430619e+02 2.53963575e-03
   6.12725968e-03 5.85508111e-03 5.85508111e-03]
  [2.85374315e-04 1.78567844e+00 1.16694788e+02 2.65033228e-03
   6.30236861e-03 6.04245484e-03 6.04245484e-03]
  [2.65533351e-04 1.80697255e+00 1.14604161e+02 2.62037988e-03
   6.25499025e-03 5.99175794e-03 5.99175794e-03]
  [3.04736943e-04 1.79751775e+00 1.15764031e+02 2.63371498e-03
   6.27607500e-03 6.01431994e-03 6.01431994e-03]]

 [[2.78865067e-04 1.79412551e+00 1.14932890e+02 2.63852212e-03
   6.28369901e-03 6.02247699e-03 6.02247699e-03]
  [2.75116563e-04 1.82149645e+00 1.13894220e+02 2.59991224e-03
   6.22260959e-03 5.95710953e-03 5.95710953e-03]
  [2.85823683e-04 1.81374334e+00 1.14286137e+02 2.61085196e-03
   6.23993298e-03 5.97564528e-03 5.97564528e-03]
  [2.71827443e-04 1.83036375e+00 1.12645937e+02 2.58750649e-03
   6.20299688e-03 5.93612244e-03 5.93612244e-03]
  [2.79342540e-04 1.79765377e+00 1.15767586e+02 2.63355662e-03
   6.27582161e-03 6.01404896e-03 6.01404896e-03]
  [4.42989182e-05 1.29901396e-01 3.01319864e+02 4.35729144e-03
   1.37743714e-02 1.23460485e-02 1.24100690e-02]
  [2.76528115e-04 1.80489632e+00 1.15461730e+02 2.62337746e-03
   6.25973522e-03 5.99683506e-03 5.99683506e-03]
  [3.14876094e-04 1.81236010e+00 1.14299129e+02 2.61289859e-03
   6.24315033e-03 5.97908896e-03 5.97908896e-03]]

 [[3.31121933e-04 1.81746116e+00 1.13723096e+02 2.60565185e-03
   6.23168168e-03 5.96681736e-03 5.96681736e-03]
  [3.08877524e-04 1.83558892e+00 1.12549053e+02 2.58014087e-03
   6.19134268e-03 5.92365218e-03 5.92365218e-03]
  [2.61238880e-04 1.81844341e+00 1.13440008e+02 2.60423503e-03
   6.22945589e-03 5.96443486e-03 5.96443486e-03]
  [2.99380453e-04 1.81128590e+00 1.14747614e+02 2.61435663e-03
   6.24547242e-03 5.98157290e-03 5.98157290e-03]
  [2.74403255e-04 1.79819963e+00 1.15482166e+02 2.63276716e-03
   6.27460435e-03 6.01274486e-03 6.01274486e-03]
  [3.14883828e-04 1.81307045e+00 1.14436399e+02 2.61191523e-03
   6.24160996e-03 5.97743994e-03 5.97743994e-03]
  [3.11527169e-04 1.80486662e+00 1.14758923e+02 2.62338509e-03
   6.25973466e-03 5.99683510e-03 5.99683510e-03]
  [2.85363331e-04 1.80733192e+00 1.14081339e+02 2.61991835e-03
   6.25427418e-03 5.99099097e-03 5.99099097e-03]]

 [[2.72980154e-04 1.83229649e+00 1.12650360e+02 2.58476467e-03
   6.19865430e-03 5.93147587e-03 5.93147587e-03]
  [3.06472643e-04 1.82441940e+00 1.13136798e+02 2.59590262e-03
   6.21627001e-03 5.95032564e-03 5.95032564e-03]
  [2.67385955e-04 1.81279600e+00 1.14700933e+02 2.61226816e-03
   6.24215585e-03 5.97802470e-03 5.97802470e-03]
  [3.17341091e-04 1.81534027e+00 1.14019827e+02 2.60866477e-03
   6.23646184e-03 5.97193156e-03 5.97193156e-03]
  [2.81968650e-04 1.80347229e+00 1.14772806e+02 2.62540412e-03
   6.26293806e-03 6.00026241e-03 6.00026241e-03]
  [2.54070315e-04 1.62715357e+00 1.33821371e+02 2.87238361e-03
   6.65358851e-03 6.41827652e-03 6.41827652e-03]
  [2.63441640e-04 1.81192191e+00 1.14720291e+02 2.61344171e-03
   6.24402651e-03 5.98002571e-03 5.98002571e-03]
  [2.92560171e-04 1.80677876e+00 1.14751887e+02 2.62070186e-03
   6.25549096e-03 5.99229414e-03 5.99229414e-03]]

 [[2.67901566e-04 1.80308378e+00 1.14810244e+02 2.62584836e-03
   6.26362715e-03 6.00100044e-03 6.00100044e-03]
  [2.82378504e-04 1.80206462e+00 1.14772580e+02 2.62729807e-03
   6.26593035e-03 6.00346449e-03 6.00346449e-03]
  [1.33643259e-04 5.82885463e-01 3.00238032e+02 4.35841187e-03
   1.37422070e-02 1.23507102e-02 1.23697243e-02]
  [2.77167076e-04 1.80389394e+00 1.14735682e+02 2.62472239e-03
   6.26186378e-03 5.99911264e-03 5.99911264e-03]
  [2.80955819e-04 1.79447660e+00 1.15111624e+02 2.63801849e-03
   6.28289294e-03 6.02161490e-03 6.02161490e-03]
  [2.76336087e-04 1.78968944e+00 1.15992918e+02 2.64469709e-03
   6.29346294e-03 6.03292500e-03 6.03292500e-03]
  [2.67699243e-04 1.80157236e+00 1.15680187e+02 2.62797159e-03
   6.26699053e-03 6.00459917e-03 6.00459917e-03]
  [2.72910924e-04 1.80223290e+00 1.14922578e+02 2.62711848e-03
   6.26564343e-03 6.00315760e-03 6.00315760e-03]]

 [[2.50015457e-04 1.81450136e+00 1.13973306e+02 2.60985667e-03
   6.23833608e-03 5.97393766e-03 5.97393766e-03]
  [3.07241887e-04 1.80124353e+00 1.15770589e+02 2.62842674e-03
   6.26771181e-03 6.00537091e-03 6.00537091e-03]
  [2.68912986e-04 1.81243494e+00 1.13808084e+02 2.61270981e-03
   6.24284666e-03 5.97876433e-03 5.97876433e-03]
  [3.14913663e-04 1.81529517e+00 1.14067242e+02 2.60864799e-03
   6.23643741e-03 5.97190529e-03 5.97190529e-03]
  [2.86878930e-04 1.79754182e+00 1.15585497e+02 2.63376219e-03
   6.27616115e-03 6.01441159e-03 6.01441159e-03]
  [2.73687336e-04 1.79236200e+00 1.15930739e+02 2.64097212e-03
   6.28756448e-03 6.02661371e-03 6.02661371e-03]
  [2.86633799e-04 1.80244191e+00 1.15348255e+02 2.62674973e-03
   6.26506866e-03 6.00254215e-03 6.00254215e-03]
  [2.90474769e-04 1.80565614e+00 1.14995361e+02 2.62226438e-03
   6.25797154e-03 5.99494800e-03 5.99494800e-03]]

 [[2.85635604e-04 1.80073249e+00 1.14868852e+02 2.62923089e-03
   6.26898826e-03 6.00673653e-03 6.00673653e-03]
  [2.83254836e-04 1.80732156e+00 1.14031746e+02 2.61994266e-03
   6.25429288e-03 5.99101203e-03 5.99101203e-03]
  [2.87113060e-04 1.80354804e+00 1.14879742e+02 2.62526669e-03
   6.26272018e-03 6.00002928e-03 6.00002928e-03]
  [3.51303737e-04 1.82821886e+00 1.12519863e+02 2.59050335e-03
   6.20773704e-03 5.94119463e-03 5.94119463e-03]
  [2.75121907e-04 1.77741752e+00 1.17039745e+02 2.66198248e-03
   6.32079349e-03 6.06217044e-03 6.06217044e-03]
  [2.37351496e-04 1.83269125e+00 1.13313267e+02 2.58415077e-03
   6.19768705e-03 5.93044081e-03 5.93044081e-03]
  [2.72142078e-04 1.80885917e+00 1.14387610e+02 2.61780061e-03
   6.25090613e-03 5.98738798e-03 5.98738798e-03]
  [2.71620975e-04 1.80223134e+00 1.15627475e+02 2.62713612e-03
   6.26567325e-03 6.00318942e-03 6.00318942e-03]]]

Cumulative Reward: 7402.871015512778
