Scheduler Table:
[[[4.98572585e-05 1.58654582e-01 1.18509452e+02 3.59654515e-03
   4.25264025e-02 5.70726007e-03 5.70726007e-03]
  [4.91853418e-05 1.58462927e-01 1.18670205e+02 3.59740200e-03
   4.24383890e-02 5.70756659e-03 5.70756659e-03]
  [4.96527556e-05 1.58634032e-01 1.18569127e+02 3.59805068e-03
   4.23685137e-02 5.70878597e-03 5.70878597e-03]]

 [[4.91739969e-05 1.58501741e-01 1.18557641e+02 3.59776705e-03
   4.23561321e-02 5.70716307e-03 5.70716307e-03]
  [4.57576717e-05 1.28022748e-01 1.21587222e+02 3.58990215e-03
   4.29614599e-02 5.70838458e-03 5.70838458e-03]
  [5.89126211e-05 1.27932325e-01 1.21594028e+02 3.58912334e-03
   4.35327059e-02 5.69470775e-03 5.75741805e-03]]

 [[5.03827290e-05 1.58941168e-01 1.18554593e+02 3.59806571e-03
   4.23508300e-02 5.70657263e-03 5.70657263e-03]
  [5.92093074e-05 1.27948795e-01 1.21597632e+02 3.59049664e-03
   4.28502763e-02 5.70708820e-03 5.70708820e-03]
  [4.92821519e-05 1.58566433e-01 1.18699140e+02 3.59937737e-03
   4.21702214e-02 5.70719949e-03 5.70719949e-03]]]

Buffer Table:
[[[4.82540895e-05 1.58704225e-01 1.18641818e+02 3.59755663e-03
   4.23743590e-02 5.70589908e-03 5.70589908e-03]
  [6.88579899e-05 1.24745474e-01 1.21449554e+02 3.58607747e-03
   4.36872424e-02 5.69544514e-03 5.75815544e-03]
  [5.31848098e-05 1.56144434e-01 1.19148873e+02 3.59797974e-03
   4.23400652e-02 5.70821916e-03 5.70821916e-03]]

 [[6.92084506e-05 1.24744712e-01 1.21452378e+02 3.58743430e-03
   4.30056483e-02 5.70782957e-03 5.70782957e-03]
  [4.80882575e-05 1.58492342e-01 1.18579438e+02 3.59746662e-03
   4.24466493e-02 5.70648696e-03 5.70648696e-03]
  [4.94270210e-05 1.58948726e-01 1.18549315e+02 3.59781968e-03
   4.23870367e-02 5.70740873e-03 5.70740873e-03]]

 [[5.05915589e-05 1.58924347e-01 1.18529236e+02 3.59702490e-03
   4.24588095e-02 5.70718793e-03 5.70718793e-03]
  [4.92117542e-05 1.50854512e-01 1.20105387e+02 3.59693603e-03
   4.26189288e-02 5.70890357e-03 5.70890357e-03]
  [4.82264705e-05 1.58510190e-01 1.18635716e+02 3.59791961e-03
   4.23535449e-02 5.70765325e-03 5.70765325e-03]]]

Arbiter Table:
[[[4.44372457e-05 1.55341803e-01 1.19589137e+02 3.59972639e-03
   4.22203573e-02 5.70769501e-03 5.70769501e-03]
  [6.95117870e-05 1.25251425e-01 1.21426675e+02 3.58601305e-03
   4.36866381e-02 5.69545756e-03 5.75816786e-03]
  [4.50232282e-05 1.54595081e-01 1.19660294e+02 3.60025862e-03
   4.21681282e-02 5.70617347e-03 5.70617347e-03]]

 [[6.98657828e-05 1.25253400e-01 1.21429374e+02 3.58736953e-03
   4.30050407e-02 5.70784206e-03 5.70784206e-03]
  [4.33119399e-05 1.39123855e-01 1.20514372e+02 3.60013050e-03
   4.23954841e-02 5.70828127e-03 5.70828127e-03]
  [4.72348394e-05 1.58594927e-01 1.18615352e+02 3.59800145e-03
   4.23621444e-02 5.70748367e-03 5.70748367e-03]]

 [[5.11879004e-05 1.47843457e-01 1.20205287e+02 3.59547627e-03
   4.25370020e-02 5.70415746e-03 5.70415746e-03]
  [4.83083631e-05 1.58968564e-01 1.18693850e+02 3.59914278e-03
   4.21579731e-02 5.70609789e-03 5.70609789e-03]
  [4.75372379e-05 1.58724438e-01 1.18711830e+02 3.59935079e-03
   4.22573908e-02 5.70844286e-03 5.70844286e-03]]]

Page Table:
[[[7.61190135e-05 1.25762191e-01 1.21468320e+02 3.58605769e-03
   4.36896016e-02 5.69473819e-03 5.75744849e-03]
  [5.68075168e-05 2.11098426e-01 1.18308964e+02 3.59008967e-03
   4.22166437e-02 5.69440438e-03 5.69440438e-03]
  [5.69418174e-05 2.11397454e-01 1.18419898e+02 3.58955096e-03
   4.22719902e-02 5.69431782e-03 5.69431782e-03]
  [3.75526187e-05 1.59733580e-01 1.20926192e+02 3.59627717e-03
   4.24148865e-02 5.70393924e-03 5.70393924e-03]]

 [[4.96139007e-05 1.78580410e-01 1.20956521e+02 3.59540919e-03
   4.21173984e-02 5.69846144e-03 5.69846144e-03]
  [5.87072279e-05 2.11814929e-01 1.18319778e+02 3.58853708e-03
   4.24212708e-02 5.69527801e-03 5.69527801e-03]
  [5.70135660e-05 2.11621604e-01 1.18334583e+02 3.58924210e-03
   4.22854806e-02 5.69426878e-03 5.69426878e-03]
  [6.03433151e-05 2.11617103e-01 1.18305874e+02 3.58894709e-03
   4.23675259e-02 5.69409974e-03 5.69409974e-03]]

 [[5.78197299e-05 2.12212205e-01 1.18423568e+02 3.59120433e-03
   4.21161112e-02 5.69356894e-03 5.69356894e-03]
  [4.09029590e-05 1.72032557e-01 1.21691067e+02 3.59497482e-03
   4.21348701e-02 5.69813399e-03 5.69813399e-03]
  [5.77878398e-05 2.11963088e-01 1.18404680e+02 3.58869592e-03
   4.23861132e-02 5.69449648e-03 5.69449648e-03]
  [5.64804034e-05 2.12026644e-01 1.18282825e+02 3.58930833e-03
   4.23009866e-02 5.69432580e-03 5.69432580e-03]]

 [[3.70466873e-05 1.59250254e-01 1.20931778e+02 3.59607278e-03
   4.24095906e-02 5.70154756e-03 5.70154756e-03]
  [5.72373452e-05 2.11600340e-01 1.18359778e+02 3.58927156e-03
   4.23158311e-02 5.69475275e-03 5.69475275e-03]
  [5.57855917e-05 2.09969855e-01 1.18487312e+02 3.59000620e-03
   4.22810192e-02 5.69491378e-03 5.69491378e-03]
  [5.87493578e-05 2.12657403e-01 1.18287122e+02 3.58904899e-03
   4.23559171e-02 5.69392844e-03 5.69392844e-03]]]

Response Table:
[[[4.86532490e-05 1.47238486e-01 1.18764204e+02]
  [5.02525824e-05 1.45665638e-01 1.18924247e+02]]

 [[5.20962115e-05 1.45811564e-01 1.18817516e+02]
  [7.55707922e-05 1.24793842e-01 1.21469228e+02]]]

Refresh Table:
[[[7.39706743e-05 1.26474296e-01 1.21303743e+02]
  [5.59501933e-05 1.34144410e-01 1.20229792e+02]]

 [[5.58407607e-05 1.32714781e-01 1.20356184e+02]
  [6.25578924e-05 1.45953604e-01 1.18860567e+02]]]

Request Buffer Table:
[[[1.46315960e-04 9.90270568e-01 9.22476911e+01]
  [1.44321855e-04 9.72747916e-01 9.29478210e+01]
  [1.45053896e-04 9.72675991e-01 9.29873203e+01]
  [1.48076035e-04 9.82233803e-01 9.27131340e+01]
  [6.25437807e-05 3.75483750e-01 1.12753177e+02]
  [1.45293752e-04 9.74581122e-01 9.28860059e+01]
  [1.42480285e-04 9.60419917e-01 9.33926521e+01]
  [1.42764015e-04 9.74258054e-01 9.29347644e+01]]

 [[1.44858301e-04 9.55537173e-01 9.33862900e+01]
  [7.95041541e-05 1.49578614e-01 1.20636430e+02]
  [1.46141636e-04 9.91875368e-01 9.22617085e+01]
  [1.61119760e-04 9.85046903e-01 9.25747692e+01]
  [9.20424892e-05 6.36685780e-01 1.04122052e+02]
  [1.49850632e-04 9.76494474e-01 9.28269827e+01]
  [1.48179636e-04 9.81600909e-01 9.27440591e+01]
  [1.46775518e-04 9.78537409e-01 9.28024718e+01]]

 [[1.45861483e-04 9.95631384e-01 9.21944936e+01]
  [1.43939141e-04 9.74649878e-01 9.27729875e+01]
  [1.45558482e-04 9.86409313e-01 9.25649850e+01]
  [1.52125239e-04 9.89556827e-01 9.23847817e+01]
  [1.50642307e-04 9.62963682e-01 9.32487981e+01]
  [1.45905931e-04 9.94069185e-01 9.23916736e+01]
  [1.42730313e-04 9.75248932e-01 9.27017566e+01]
  [1.44849193e-04 9.79871345e-01 9.27582410e+01]]

 [[1.49687081e-04 1.00521901e+00 9.18850841e+01]
  [1.48702022e-04 9.64700021e-01 9.32143599e+01]
  [1.47358115e-04 9.78156671e-01 9.28430945e+01]
  [1.49879577e-04 1.00456849e+00 9.19203757e+01]
  [1.43130571e-04 9.69015324e-01 9.30779149e+01]
  [1.46852313e-04 9.96005179e-01 9.23031940e+01]
  [1.52830062e-04 9.95717030e-01 9.21428996e+01]
  [1.45464671e-04 9.76536272e-01 9.28407874e+01]]

 [[1.31400584e-04 8.35775002e-01 9.72053098e+01]
  [8.53758988e-05 5.95709055e-01 1.05511406e+02]
  [1.45710428e-04 9.87829224e-01 9.24122373e+01]
  [1.54728774e-04 9.75025260e-01 9.28181889e+01]
  [1.46237347e-04 9.84534537e-01 9.24179857e+01]
  [1.43555484e-04 9.76784529e-01 9.27858368e+01]
  [1.46091848e-04 9.59758400e-01 9.32959563e+01]
  [1.47073593e-04 9.73718857e-01 9.29509055e+01]]

 [[1.44763977e-04 9.81217237e-01 9.26250030e+01]
  [1.48667824e-04 9.70077610e-01 9.30280404e+01]
  [1.44376446e-04 9.86049042e-01 9.25341989e+01]
  [1.55216571e-04 9.82917876e-01 9.28030837e+01]
  [1.46664035e-04 9.67357437e-01 9.30660912e+01]
  [1.44313913e-04 9.60246713e-01 9.33881939e+01]
  [1.44501304e-04 9.76783528e-01 9.29632408e+01]
  [1.47617835e-04 9.84512916e-01 9.26848137e+01]]

 [[1.45456967e-04 9.85304516e-01 9.24429006e+01]
  [1.44427391e-04 9.74322876e-01 9.29537075e+01]
  [1.44664365e-04 9.74499963e-01 9.29816551e+01]
  [1.56583766e-04 9.94827212e-01 9.23307146e+01]
  [7.28292496e-05 3.83336923e-01 1.14648445e+02]
  [1.43189299e-04 9.68521058e-01 9.29922952e+01]
  [1.47820354e-04 1.00607816e+00 9.20487015e+01]
  [1.46697851e-04 9.90133637e-01 9.23814132e+01]]

 [[1.45011046e-04 9.62761904e-01 9.31363469e+01]
  [1.45084448e-04 9.92409830e-01 9.23105622e+01]
  [1.45348331e-04 9.77423126e-01 9.28647908e+01]
  [1.46142318e-04 9.91667348e-01 9.23163495e+01]
  [1.47070311e-04 9.95862445e-01 9.21508559e+01]
  [1.51228383e-04 1.02866645e+00 9.11569111e+01]
  [1.45184974e-04 9.76795613e-01 9.30179325e+01]
  [1.45685795e-04 9.85915678e-01 9.25351195e+01]]]

Ref Max Post Table:
[[[5.67806977e-05 2.12174208e-01 1.18470160e+02]
  [5.74256910e-05 2.13011473e-01 1.18384866e+02]
  [5.96485359e-05 2.16156860e-01 1.18419741e+02]
  [4.87525417e-05 1.94144368e-01 1.20032259e+02]]

 [[5.73772174e-05 2.12368752e-01 1.18513519e+02]
  [4.46563072e-05 1.87290582e-01 1.19166113e+02]
  [5.67012935e-05 2.12056662e-01 1.18378305e+02]
  [5.52821915e-05 2.09966832e-01 1.18694182e+02]]

 [[5.77562567e-05 2.13361782e-01 1.18609525e+02]
  [6.04000254e-05 2.15863866e-01 1.18344004e+02]
  [5.88123352e-05 2.13837967e-01 1.18415700e+02]
  [5.72310567e-05 2.12098371e-01 1.18566514e+02]]

 [[5.84631912e-05 2.14203274e-01 1.18401119e+02]
  [5.79222656e-05 1.99708178e-01 1.19206535e+02]
  [5.73683236e-05 2.13129238e-01 1.18450682e+02]
  [7.71769822e-05 1.27802903e-01 1.21445277e+02]]]

Ref Max Pull Table:
[[[5.63609805e-05 2.11955498e-01 1.18430279e+02]
  [5.20775958e-05 1.91738320e-01 1.19187697e+02]
  [5.72579507e-05 2.11301199e-01 1.18458081e+02]
  [5.68718976e-05 2.11469350e-01 1.18494367e+02]]

 [[5.73735493e-05 2.10889772e-01 1.18518059e+02]
  [7.72677505e-05 1.31703451e-01 1.21227071e+02]
  [5.83486599e-05 2.10902076e-01 1.18398909e+02]
  [5.60186561e-05 2.12578086e-01 1.18434127e+02]]

 [[5.60099122e-05 2.10139311e-01 1.18429435e+02]
  [5.69786605e-05 2.11548275e-01 1.18383066e+02]
  [5.96815990e-05 2.13836692e-01 1.18379818e+02]
  [5.95376941e-05 2.12948620e-01 1.18386699e+02]]

 [[5.64342534e-05 2.10652658e-01 1.18490653e+02]
  [5.73132022e-05 2.11936850e-01 1.18448227e+02]
  [5.82666900e-05 2.11556212e-01 1.18475596e+02]
  [5.75581945e-05 2.12496985e-01 1.18508576e+02]]]

Max Activate Table:
[[[1.46558436e-04 9.63414213e-01 9.30643296e+01 2.82371609e-03
   3.32120601e-02 4.47892166e-03 4.47892166e-03]
  [1.43167733e-04 9.60994363e-01 9.30797627e+01 2.82417454e-03
   3.35128541e-02 4.48368865e-03 4.48368865e-03]
  [1.61481317e-04 9.73411944e-01 9.27814518e+01 2.81441958e-03
   3.31445167e-02 4.46437333e-03 4.46437333e-03]
  [1.45408267e-04 9.79305980e-01 9.25388572e+01 2.80679506e-03
   3.32588628e-02 4.45559212e-03 4.45559212e-03]
  [1.44817613e-04 9.89664183e-01 9.23767635e+01 2.79924488e-03
   3.28948060e-02 4.43873860e-03 4.43873860e-03]
  [1.43971594e-04 9.81383355e-01 9.25808485e+01 2.80642142e-03
   3.30949764e-02 4.45274369e-03 4.45274369e-03]
  [1.48540302e-04 9.78595053e-01 9.27032189e+01 2.80970705e-03
   3.30174579e-02 4.45643498e-03 4.45643498e-03]
  [4.94735461e-05 1.29732323e-01 1.21571339e+02 3.58630013e-03
   4.33741420e-02 5.68950702e-03 5.75221732e-03]]

 [[1.43067574e-04 9.66324705e-01 9.32164265e+01 2.82129988e-03
   3.32078203e-02 4.47435837e-03 4.47435837e-03]
  [1.46834637e-04 1.00271992e+00 9.20144402e+01 2.78602162e-03
   3.28351918e-02 4.42058828e-03 4.42058828e-03]
  [1.43580324e-04 9.73905255e-01 9.27690272e+01 2.81338190e-03
   3.31905814e-02 4.46457153e-03 4.46457153e-03]
  [1.42692220e-04 9.73275523e-01 9.28279139e+01 2.81566787e-03
   3.30479159e-02 4.46533892e-03 4.46533892e-03]
  [1.42159743e-04 9.65019280e-01 9.30218269e+01 2.82165602e-03
   3.32591344e-02 4.47686977e-03 4.47686977e-03]
  [1.46531533e-04 9.86759041e-01 9.22912563e+01 2.79919414e-03
   3.32702935e-02 4.44462665e-03 4.44462665e-03]
  [1.43786334e-04 9.77188534e-01 9.27609026e+01 2.81100643e-03
   3.30241949e-02 4.45846329e-03 4.45846329e-03]
  [1.46793732e-04 9.76084824e-01 9.27385401e+01 2.81042446e-03
   3.32277854e-02 4.46135008e-03 4.46135008e-03]]

 [[5.15023998e-05 1.29742438e-01 1.21581125e+02 3.58706344e-03
   4.27170581e-02 5.70150358e-03 5.70150358e-03]
  [1.45083398e-04 9.89918447e-01 9.22316852e+01 2.79783962e-03
   3.29916524e-02 4.43958788e-03 4.43958788e-03]
  [1.43817888e-04 9.70802744e-01 9.29703947e+01 2.81670932e-03
   3.31738839e-02 4.46813914e-03 4.46813914e-03]
  [1.45243911e-04 9.96432031e-01 9.21296597e+01 2.79268888e-03
   3.29172257e-02 4.43031233e-03 4.43031233e-03]
  [1.43181768e-04 9.71454997e-01 9.28279221e+01 2.81598852e-03
   3.31711335e-02 4.46768144e-03 4.46768144e-03]
  [1.43097499e-04 9.69398906e-01 9.29526968e+01 2.81669211e-03
   3.32936785e-02 4.47078103e-03 4.47078103e-03]
  [1.53231903e-04 9.69891581e-01 9.29158542e+01 2.81588450e-03
   3.34419807e-02 4.47058674e-03 4.47058674e-03]
  [1.48059531e-04 9.91135075e-01 9.22553657e+01 2.79538622e-03
   3.32139361e-02 4.43871903e-03 4.43871903e-03]]

 [[1.44378463e-04 9.70488727e-01 9.28626747e+01 2.81562214e-03
   3.33058954e-02 4.46889973e-03 4.46889973e-03]
  [1.42853684e-04 9.69404192e-01 9.29046395e+01 2.81727006e-03
   3.32004307e-02 4.46872875e-03 4.46872875e-03]
  [1.42512625e-04 9.72206189e-01 9.26762571e+01 2.81418925e-03
   3.32741093e-02 4.46638707e-03 4.46638707e-03]
  [1.52421716e-04 9.97859736e-01 9.20128378e+01 2.79061430e-03
   3.29274565e-02 4.42852921e-03 4.42852921e-03]
  [1.41482876e-04 9.57785579e-01 9.34473685e+01 2.83027989e-03
   3.32101536e-02 4.48809585e-03 4.48809585e-03]
  [1.45210470e-04 9.89368969e-01 9.23982958e+01 2.79934975e-03
   3.29403789e-02 4.44133468e-03 4.44133468e-03]
  [1.55627729e-04 9.85171002e-01 9.23247227e+01 2.80277565e-03
   3.30315026e-02 4.44673212e-03 4.44673212e-03]
  [1.54518888e-04 9.81029642e-01 9.26963009e+01 2.80679871e-03
   3.30433936e-02 4.45330096e-03 4.45330096e-03]]

 [[1.44223024e-04 9.67659484e-01 9.30077642e+01 2.81906212e-03
   3.32394589e-02 4.47307169e-03 4.47307169e-03]
  [1.44059011e-04 9.74539425e-01 9.27070969e+01 2.81164280e-03
   3.33246802e-02 4.46307468e-03 4.46307468e-03]
  [5.30918291e-05 1.29752924e-01 1.21572680e+02 3.58617975e-03
   4.28928842e-02 5.70376495e-03 5.70376495e-03]
  [1.44217868e-04 9.82716673e-01 9.24139420e+01 2.80535655e-03
   3.30493735e-02 4.45023035e-03 4.45023035e-03]
  [1.35701457e-04 9.17350754e-01 9.49872267e+01 2.86746795e-03
   3.37524854e-02 4.54913795e-03 4.54913795e-03]
  [1.43789830e-04 9.82024715e-01 9.25610340e+01 2.80605422e-03
   3.30192787e-02 4.45096260e-03 4.45096260e-03]
  [1.43479108e-04 9.70706981e-01 9.29905499e+01 2.81542775e-03
   3.33278475e-02 4.46834168e-03 4.46834168e-03]
  [1.44650527e-04 9.68376192e-01 9.31331081e+01 2.81868712e-03
   3.31982070e-02 4.47170982e-03 4.47170982e-03]]

 [[1.47046618e-04 9.67440650e-01 9.27839902e+01 2.81957126e-03
   3.32435594e-02 4.47359557e-03 4.47359557e-03]
  [1.44399655e-04 9.88943175e-01 9.22349059e+01 2.80012700e-03
   3.28315495e-02 4.44013321e-03 4.44013321e-03]
  [1.46900105e-04 9.97259784e-01 9.20533341e+01 2.79232996e-03
   3.28606619e-02 4.42854022e-03 4.42854022e-03]
  [1.43377451e-04 9.74212729e-01 9.29195524e+01 2.81284149e-03
   3.31786322e-02 4.46346336e-03 4.46346336e-03]
  [1.44987071e-04 9.84193442e-01 9.24567834e+01 2.80282466e-03
   3.30500736e-02 4.44720463e-03 4.44720463e-03]
  [1.56217266e-04 9.92134882e-01 9.21891659e+01 2.79474698e-03
   3.31235985e-02 4.43665073e-03 4.43665073e-03]
  [1.55133376e-04 9.83928578e-01 9.25064573e+01 2.80349341e-03
   3.30910468e-02 4.44903221e-03 4.44903221e-03]
  [1.42405720e-04 9.58865096e-01 9.33417954e+01 2.82808671e-03
   3.32611187e-02 4.48521081e-03 4.48521081e-03]]

 [[1.44415682e-04 9.54137559e-01 9.34004178e+01 2.83074717e-03
   3.35088608e-02 4.49391104e-03 4.49391104e-03]
  [1.43271497e-04 9.69347623e-01 9.29593450e+01 2.81823071e-03
   3.32125601e-02 4.47206731e-03 4.47206731e-03]
  [1.44890170e-04 9.87075967e-01 9.22899283e+01 2.79998279e-03
   3.31201726e-02 4.44415275e-03 4.44415275e-03]
  [1.41671145e-04 9.58306713e-01 9.32248621e+01 2.82795332e-03
   3.32972376e-02 4.48591604e-03 4.48591604e-03]
  [1.44129806e-04 9.79101734e-01 9.26325004e+01 2.80869219e-03
   3.29920063e-02 4.45579640e-03 4.45579640e-03]
  [1.44451853e-04 9.71627072e-01 9.29138769e+01 2.81603735e-03
   3.31236367e-02 4.46699754e-03 4.46699754e-03]
  [1.50626471e-04 9.65765019e-01 9.29304948e+01 2.82055743e-03
   3.32831267e-02 4.47633645e-03 4.47633645e-03]
  [1.42226398e-04 9.70995385e-01 9.28233361e+01 2.81563107e-03
   3.32575649e-02 4.46814257e-03 4.46814257e-03]]

 [[1.44517088e-04 9.78411179e-01 9.25180937e+01 2.80904406e-03
   3.31497776e-02 4.45696953e-03 4.45696953e-03]
  [1.44638747e-04 9.82587769e-01 9.24909986e+01 2.80682446e-03
   3.29363603e-02 4.44997339e-03 4.44997339e-03]
  [1.44280191e-04 9.75108280e-01 9.27934352e+01 2.81267398e-03
   3.31239246e-02 4.46219076e-03 4.46219076e-03]
  [1.42750148e-04 9.73109753e-01 9.29122725e+01 2.81348325e-03
   3.32303704e-02 4.46497030e-03 4.46497030e-03]
  [4.94636095e-05 1.29763408e-01 1.21570576e+02 3.58776405e-03
   4.27059551e-02 5.70231516e-03 5.70231516e-03]
  [1.42948002e-04 9.69643526e-01 9.30463663e+01 2.81773106e-03
   3.31642258e-02 4.46938719e-03 4.46938719e-03]
  [1.54490147e-04 9.72315018e-01 9.27178638e+01 2.81510818e-03
   3.31882247e-02 4.46615126e-03 4.46615126e-03]
  [1.46913438e-04 1.00105590e+00 9.19631087e+01 2.78748633e-03
   3.28482669e-02 4.42325316e-03 4.42325316e-03]]]

Cumulative Reward: 3050.1739502307523
