Scheduler Table:
[[[9.81261111e-05 2.28449650e-01 1.91770088e+02 3.92343681e-03
   1.14113826e-02 1.01347650e-02 1.01347650e-02]
  [1.02010654e-04 2.28300334e-01 1.92596999e+02 3.92343377e-03
   1.14115841e-02 1.01349419e-02 1.01349419e-02]
  [1.03870454e-04 2.28119167e-01 1.92268491e+02 3.92341007e-03
   1.14114792e-02 1.01348103e-02 1.01348103e-02]]

 [[9.80106216e-05 2.28454942e-01 1.91978989e+02 3.92343877e-03
   1.14119279e-02 1.01353093e-02 1.01353093e-02]
  [3.45479380e-05 1.28488580e-01 2.70534164e+02 4.14313363e-03
   7.55933466e-03 7.08440129e-03 7.26366882e-03]
  [6.26190041e-05 1.54332196e-01 2.65830760e+02 4.10768999e-03
   9.54012702e-03 8.69259415e-03 8.69259415e-03]]

 [[1.00138597e-04 2.30316730e-01 1.92055785e+02 3.92337758e-03
   1.14110374e-02 1.01343001e-02 1.01343001e-02]
  [6.17282464e-05 1.53745686e-01 2.66121827e+02 4.11051580e-03
   9.48896080e-03 8.65424763e-03 8.65424763e-03]
  [1.01736324e-04 2.28569958e-01 1.92219081e+02 3.92341877e-03
   1.14115260e-02 1.01348502e-02 1.01348502e-02]]]

Buffer Table:
[[[2.01312626e-05 1.15518158e-01 2.69470661e+02 4.24381179e-03
   6.34577557e-03 6.15251658e-03 6.33178410e-03]
  [8.18144428e-05 2.25521952e-01 1.92842392e+02 3.92344396e-03
   1.14113516e-02 1.01347107e-02 1.01347107e-02]
  [7.98183079e-05 2.24500090e-01 1.94887823e+02 3.92347808e-03
   1.14121350e-02 1.01355202e-02 1.01355202e-02]]

 [[6.13500341e-05 1.94612122e-01 2.47037621e+02 3.92429094e-03
   1.14201015e-02 1.01446403e-02 1.01446403e-02]
  [8.23620310e-05 2.25771203e-01 1.92452487e+02 3.92344855e-03
   1.14113625e-02 1.01347446e-02 1.01347446e-02]
  [7.68677621e-05 2.27126145e-01 1.91403986e+02 3.92342694e-03
   1.14112503e-02 1.01345915e-02 1.01345915e-02]]

 [[7.66357795e-05 2.26626373e-01 1.91528670e+02 3.92342937e-03
   1.14115233e-02 1.01348490e-02 1.01348490e-02]
  [7.62385778e-05 2.13157835e-01 2.12079785e+02 3.92379118e-03
   1.14152253e-02 1.01390453e-02 1.01390453e-02]
  [7.56442232e-05 2.25834340e-01 1.92709820e+02 3.92342563e-03
   1.14113183e-02 1.01346389e-02 1.01346389e-02]]]

Arbiter Table:
[[[2.01313201e-05 1.15518202e-01 2.69470584e+02 4.24381179e-03
   6.34577555e-03 6.15251656e-03 6.33178408e-03]
  [9.87811708e-05 2.12896855e-01 2.08657878e+02 3.92384818e-03
   1.14160664e-02 1.01399958e-02 1.01399958e-02]
  [9.99505675e-05 2.16905245e-01 2.04530774e+02 3.92369535e-03
   1.14138321e-02 1.01375396e-02 1.01375396e-02]]

 [[7.78587876e-05 1.95479752e-01 2.43176227e+02 3.92431379e-03
   1.14215020e-02 1.01461064e-02 1.01461064e-02]
  [1.00913701e-04 2.27295990e-01 1.90793851e+02 3.92343155e-03
   1.14108252e-02 1.01341571e-02 1.01341571e-02]
  [1.00167591e-04 2.26135125e-01 1.91464693e+02 3.92345235e-03
   1.14111220e-02 1.01344705e-02 1.01344705e-02]]

 [[9.97165880e-05 2.25786189e-01 1.92789504e+02 3.92345606e-03
   1.14112568e-02 1.01346151e-02 1.01346151e-02]
  [9.22575849e-05 2.03947991e-01 2.22218661e+02 3.92406736e-03
   1.14187525e-02 1.01429903e-02 1.01429903e-02]
  [1.00085777e-04 2.26276404e-01 1.92326367e+02 3.92342210e-03
   1.14109932e-02 1.01342909e-02 1.01342909e-02]]]

Page Table:
[[[2.02158638e-05 1.16119217e-01 2.69419062e+02 4.24380325e-03
   6.34577872e-03 6.15251733e-03 6.33178485e-03]
  [2.99892908e-04 2.23949785e+00 1.91194979e+02 3.89612104e-03
   1.14562546e-02 1.01750651e-02 1.01750651e-02]
  [2.99046248e-04 2.21798775e+00 1.91204040e+02 3.89642188e-03
   1.14557040e-02 1.01746285e-02 1.01746285e-02]
  [2.49520161e-04 1.83189295e+00 2.22807587e+02 3.90188707e-03
   1.14526878e-02 1.01730595e-02 1.01730595e-02]]

 [[3.04611986e-04 2.23085483e+00 1.91959931e+02 3.89623515e-03
   1.14559848e-02 1.01748133e-02 1.01748133e-02]
  [3.00145281e-04 2.24414539e+00 1.90648728e+02 3.89606755e-03
   1.14563082e-02 1.01751226e-02 1.01751226e-02]
  [3.00591589e-04 2.24510843e+00 1.90344310e+02 3.89604521e-03
   1.14561061e-02 1.01749236e-02 1.01749236e-02]
  [2.60303139e-04 1.91323822e+00 2.12846712e+02 3.90074379e-03
   1.14533230e-02 1.01733958e-02 1.01733958e-02]]

 [[3.03884454e-04 2.27185141e+00 1.90924567e+02 3.89566284e-03
   1.14562635e-02 1.01749772e-02 1.01749772e-02]
  [2.98264790e-04 2.19256814e+00 1.94180837e+02 3.89676908e-03
   1.14554990e-02 1.01744666e-02 1.01744666e-02]
  [3.02311877e-04 2.25875453e+00 1.90683016e+02 3.89585751e-03
   1.14560365e-02 1.01748182e-02 1.01748182e-02]
  [3.01167300e-04 2.24713489e+00 1.90883255e+02 3.89600911e-03
   1.14563657e-02 1.01751414e-02 1.01751414e-02]]

 [[1.95664584e-04 1.45065204e+00 2.57005812e+02 3.90731470e-03
   1.14509876e-02 1.01729111e-02 1.01729111e-02]
  [2.98269606e-04 2.22812968e+00 1.91557820e+02 3.89626628e-03
   1.14561776e-02 1.01750331e-02 1.01750331e-02]
  [2.99770097e-04 2.23580569e+00 1.91311266e+02 3.89615904e-03
   1.14559499e-02 1.01747595e-02 1.01747595e-02]
  [3.01011274e-04 2.24575744e+00 1.90700849e+02 3.89605754e-03
   1.14566167e-02 1.01754689e-02 1.01754689e-02]]]

Response Table:
[[[7.18825965e-05 1.48753736e-01 1.92409123e+02]
  [7.12476007e-05 1.48561862e-01 1.92843665e+02]]

 [[7.10873893e-05 1.48481778e-01 1.93315692e+02]
  [2.01312192e-05 1.15518099e-01 2.69470767e+02]]]

Refresh Table:
[[[2.01312192e-05 1.15518099e-01 2.69470767e+02]
  [6.32515080e-05 1.48942824e-01 1.93653798e+02]]

 [[6.15524614e-05 1.49132602e-01 1.93620368e+02]
  [6.18936950e-05 1.49003893e-01 1.93812720e+02]]]

Request Buffer Table:
[[[6.68638119e-04 2.48052030e+01 1.39631008e+02]
  [6.60026752e-04 2.44500685e+01 1.40594311e+02]
  [6.65354820e-04 2.45401000e+01 1.40866834e+02]
  [6.71398512e-04 2.48194882e+01 1.40576689e+02]
  [6.48977553e-04 2.39932793e+01 1.43775174e+02]
  [6.61370721e-04 2.44600778e+01 1.41041791e+02]
  [6.53201091e-04 2.41677413e+01 1.41565600e+02]
  [6.66274353e-04 2.46420225e+01 1.40771620e+02]]

 [[6.62322362e-04 2.45399644e+01 1.39870858e+02]
  [6.73726537e-04 2.49153760e+01 1.39428654e+02]
  [6.71545379e-04 2.48801635e+01 1.39022163e+02]
  [6.68146579e-04 2.47297235e+01 1.40122491e+02]
  [6.60546890e-04 2.44394741e+01 1.40700188e+02]
  [4.50303237e-04 1.63801763e+01 2.13398849e+02]
  [6.75436051e-04 2.45715927e+01 1.39869876e+02]
  [6.52652943e-04 2.41349841e+01 1.41095533e+02]]

 [[6.73497596e-04 2.49271075e+01 1.39957951e+02]
  [6.63085316e-04 2.44580288e+01 1.40484593e+02]
  [6.70385646e-04 2.47971662e+01 1.40123434e+02]
  [6.72923885e-04 2.49302413e+01 1.40157834e+02]
  [6.64769130e-04 2.45252045e+01 1.40567353e+02]
  [6.59089627e-04 2.43855448e+01 1.42562626e+02]
  [6.63924409e-04 2.45625041e+01 1.40022493e+02]
  [6.62800840e-04 2.45709127e+01 1.40041151e+02]]

 [[6.83005345e-04 2.52434129e+01 1.38824186e+02]
  [6.65016739e-04 2.45922272e+01 1.40386577e+02]
  [6.71626718e-04 2.48671608e+01 1.40509888e+02]
  [6.64575619e-04 2.46017673e+01 1.40851566e+02]
  [6.61869359e-04 2.44303821e+01 1.41321170e+02]
  [6.71107402e-04 2.46856515e+01 1.41433020e+02]
  [6.60792280e-04 2.44351993e+01 1.41108816e+02]
  [6.65603835e-04 2.45923675e+01 1.40856729e+02]]

 [[6.65345093e-04 2.46399444e+01 1.40172430e+02]
  [5.59140142e-04 2.05768550e+01 1.69462546e+02]
  [6.73939910e-04 2.49210848e+01 1.38951301e+02]
  [6.62165137e-04 2.45206865e+01 1.40926379e+02]
  [6.73902101e-04 2.48740269e+01 1.39651997e+02]
  [6.68641963e-04 2.48012010e+01 1.39586294e+02]
  [6.76336231e-04 2.48888869e+01 1.39968143e+02]
  [6.60441657e-04 2.43931778e+01 1.41180514e+02]]

 [[6.54510379e-04 2.42035484e+01 1.41385088e+02]
  [5.27599635e-04 1.92076067e+01 1.84125018e+02]
  [6.64059381e-04 2.45184015e+01 1.40826218e+02]
  [6.78350293e-04 2.50113386e+01 1.39914788e+02]
  [6.55584220e-04 2.42255085e+01 1.40443396e+02]
  [2.01360363e-05 1.15700673e-01 2.69469072e+02]
  [6.66332862e-04 2.45437066e+01 1.41942666e+02]
  [6.63880114e-04 2.46028711e+01 1.41150755e+02]]

 [[6.54777922e-04 2.42234582e+01 1.41578572e+02]
  [6.70818828e-04 2.48113421e+01 1.40057592e+02]
  [6.76440076e-04 2.50726658e+01 1.39526804e+02]
  [6.76371713e-04 2.50867778e+01 1.39173753e+02]
  [6.56691279e-04 2.42536731e+01 1.40087832e+02]
  [6.61294171e-04 2.43465766e+01 1.40584807e+02]
  [4.51296754e-04 1.60891373e+01 2.17197618e+02]
  [6.71173451e-04 2.47194169e+01 1.40182311e+02]]

 [[6.57619784e-04 2.43302520e+01 1.39692943e+02]
  [6.60976387e-04 2.44048155e+01 1.40685721e+02]
  [6.93328725e-04 2.45996795e+01 1.40599967e+02]
  [6.75943558e-04 2.49584628e+01 1.39986209e+02]
  [6.61731425e-04 2.45050703e+01 1.41619472e+02]
  [6.88752101e-04 2.56159094e+01 1.37908767e+02]
  [6.57538879e-04 2.43184453e+01 1.40984003e+02]
  [6.66021487e-04 2.46548251e+01 1.40201214e+02]]]

Ref Max Post Table:
[[[2.97449389e-04 2.19298998e+00 1.91559697e+02]
  [3.01067744e-04 2.21766641e+00 1.91448392e+02]
  [3.08118940e-04 2.27634535e+00 1.91468730e+02]
  [2.32423339e-04 1.69998633e+00 2.34753181e+02]]

 [[3.06059986e-04 2.24586545e+00 1.90849008e+02]
  [3.12562221e-04 2.21032156e+00 1.91211233e+02]
  [2.96612976e-04 2.18662541e+00 1.91409444e+02]
  [2.34684956e-04 1.64761601e+00 2.31298338e+02]]

 [[3.01977509e-04 2.22277372e+00 1.92023388e+02]
  [3.02895974e-04 2.23307601e+00 1.92093930e+02]
  [3.01747977e-04 2.21890697e+00 1.91274479e+02]
  [2.25899902e-04 1.68371763e+00 2.13537160e+02]]

 [[2.97153895e-04 2.18972133e+00 1.93356870e+02]
  [2.93893000e-04 2.12585977e+00 1.97724152e+02]
  [2.95811585e-04 2.18245177e+00 1.92780339e+02]
  [3.04581441e-05 1.89229088e-01 2.66439110e+02]]]

Ref Max Pull Table:
[[[3.09694160e-04 2.18874870e+00 1.91914675e+02]
  [3.29092383e-05 2.15515170e-01 2.72134948e+02]
  [3.03056497e-04 2.22698105e+00 1.91621337e+02]
  [2.95074335e-04 2.16902116e+00 1.92329562e+02]]

 [[3.30347840e-05 2.15949505e-01 2.72081922e+02]
  [2.06299967e-04 1.48609575e+00 2.26074107e+02]
  [2.97925249e-04 2.18104403e+00 1.92297713e+02]
  [2.98493586e-04 2.18930771e+00 1.91974197e+02]]

 [[2.94894367e-04 2.16733386e+00 1.91142262e+02]
  [1.61824264e-04 1.14663214e+00 2.42907973e+02]
  [3.03387222e-04 2.21715715e+00 1.91487057e+02]
  [2.99863234e-04 2.19913711e+00 1.90880188e+02]]

 [[2.97303967e-04 2.17792360e+00 1.92278690e+02]
  [3.01512520e-04 2.19181869e+00 1.93103625e+02]
  [2.97179581e-04 2.18118394e+00 1.92368144e+02]
  [3.05332603e-04 2.24824093e+00 1.92007937e+02]]]

Max Activate Table:
[[[6.59321657e-04 2.49119531e+01 1.39594141e+02 2.82956514e-03
   8.80411097e-03 7.82258078e-03 7.82258078e-03]
  [6.60641641e-04 2.49200154e+01 1.40090283e+02 2.82921425e-03
   8.80297024e-03 7.82160149e-03 7.82160149e-03]
  [6.59095231e-04 2.48242732e+01 1.40157971e+02 2.83344407e-03
   8.81313372e-03 7.83059278e-03 7.83059278e-03]
  [6.58301254e-04 2.47999952e+01 1.39694646e+02 2.83452145e-03
   8.81607605e-03 7.83325054e-03 7.83325054e-03]
  [6.91550599e-04 2.55184320e+01 1.39113269e+02 2.80270843e-03
   8.73933940e-03 7.76494219e-03 7.76494219e-03]
  [6.64621152e-04 2.50641628e+01 1.40200910e+02 2.82282164e-03
   8.78777651e-03 7.80806152e-03 7.80806152e-03]
  [9.50039575e-05 2.88501613e+00 2.69984172e+02 4.10059515e-03
   7.25498777e-03 6.92497188e-03 6.92497188e-03]
  [6.47308503e-04 2.44044262e+01 1.41699185e+02 2.85200938e-03
   8.85697778e-03 7.86948853e-03 7.86948853e-03]]

 [[6.72931190e-04 2.53624862e+01 1.38491785e+02 2.80962456e-03
   8.75631641e-03 7.78013049e-03 7.78013049e-03]
  [6.75884672e-04 2.55440724e+01 1.38901863e+02 2.80158622e-03
   8.73705010e-03 7.76299801e-03 7.76299801e-03]
  [6.56775433e-04 2.48018993e+01 1.40697631e+02 2.83439517e-03
   8.81553929e-03 7.83268114e-03 7.83268114e-03]
  [6.56955674e-04 2.48023391e+01 1.42191702e+02 2.83441482e-03
   8.81559151e-03 7.83278634e-03 7.83278634e-03]
  [6.48270562e-04 2.43652161e+01 1.41124806e+02 2.85374323e-03
   8.86179374e-03 7.87381808e-03 7.87381808e-03]
  [6.63303767e-04 2.49428704e+01 1.40152882e+02 2.82819224e-03
   8.80084083e-03 7.81968341e-03 7.81968341e-03]
  [6.61270749e-04 2.49316582e+01 1.40723317e+02 2.82867615e-03
   8.80174641e-03 7.82044591e-03 7.82044591e-03]
  [6.58637963e-04 2.48275407e+01 1.40317914e+02 2.83327485e-03
   8.81255411e-03 7.83002357e-03 7.83002357e-03]]

 [[6.58770496e-04 2.47346442e+01 1.40664147e+02 2.83742241e-03
   8.82299178e-03 7.83940611e-03 7.83940611e-03]
  [6.67870841e-04 2.51808648e+01 1.38935602e+02 2.81764084e-03
   8.77557373e-03 7.79719840e-03 7.79719840e-03]
  [6.51842188e-04 2.44297608e+01 1.41485256e+02 2.85089405e-03
   8.85459671e-03 7.86739898e-03 7.86739898e-03]
  [6.75065263e-04 2.55445886e+01 1.39428132e+02 2.80154067e-03
   8.73686052e-03 7.76276722e-03 7.76276722e-03]
  [6.62683932e-04 2.49677404e+01 1.39883255e+02 2.82710297e-03
   8.79791059e-03 7.81708658e-03 7.81708658e-03]
  [6.51776226e-04 2.45910557e+01 1.41404429e+02 2.84374845e-03
   8.83806094e-03 7.85274271e-03 7.85274271e-03]
  [5.90756447e-04 2.22631675e+01 1.59425283e+02 2.94686662e-03
   9.08663858e-03 8.07401856e-03 8.07401856e-03]
  [6.54523497e-04 2.46268343e+01 1.40964691e+02 2.84216799e-03
   8.83383437e-03 7.84895501e-03 7.84895501e-03]]

 [[6.57486910e-04 2.47397310e+01 1.40008503e+02 2.83718848e-03
   8.82164457e-03 7.83813580e-03 7.83813580e-03]
  [6.57968802e-04 2.47387782e+01 1.39634567e+02 2.83725166e-03
   8.82263745e-03 7.83914498e-03 7.83914498e-03]
  [6.63758597e-04 2.49312101e+01 1.40513239e+02 2.82869947e-03
   8.80194106e-03 7.82065082e-03 7.82065082e-03]
  [6.65634660e-04 2.51700150e+01 1.39368179e+02 2.81814925e-03
   8.77694433e-03 7.79848149e-03 7.79848149e-03]
  [6.60316559e-04 2.49048227e+01 1.40579207e+02 2.82989260e-03
   8.80541488e-03 7.82386705e-03 7.82386705e-03]
  [6.63478011e-04 2.50029081e+01 1.40165090e+02 2.82554689e-03
   8.79416564e-03 7.81374067e-03 7.81374067e-03]
  [3.26620446e-04 1.18115833e+01 2.17827318e+02 3.59759336e-03
   7.98586674e-03 7.35949136e-03 7.35949136e-03]
  [6.57029739e-04 2.48176385e+01 1.40273578e+02 2.83370022e-03
   8.81392903e-03 7.83124768e-03 7.83124768e-03]]

 [[6.61724338e-04 2.49074037e+01 1.40543436e+02 2.82976924e-03
   8.80458593e-03 7.82304281e-03 7.82304281e-03]
  [6.75139645e-04 2.55214474e+01 1.38107779e+02 2.80258586e-03
   8.73965383e-03 7.76532621e-03 7.76532621e-03]
  [6.49044000e-04 2.44551148e+01 1.43356187e+02 2.84978774e-03
   8.85176017e-03 7.86491304e-03 7.86491304e-03]
  [6.62350755e-04 2.49760855e+01 1.38801395e+02 2.82672083e-03
   8.79727715e-03 7.81657072e-03 7.81657072e-03]
  [6.64917990e-04 2.49339923e+01 1.39786544e+02 2.82857262e-03
   8.80144002e-03 7.82014555e-03 7.82014555e-03]
  [6.58074484e-04 2.48062596e+01 1.40101873e+02 2.83425648e-03
   8.81509558e-03 7.83237890e-03 7.83237890e-03]
  [6.60057606e-04 2.48007726e+01 1.40882947e+02 2.83446700e-03
   8.81577866e-03 7.83293127e-03 7.83293127e-03]
  [6.60990291e-04 2.47846718e+01 1.41068306e+02 2.83519369e-03
   8.81769351e-03 7.83467772e-03 7.83467772e-03]]

 [[6.69955923e-04 2.53041184e+01 1.39295272e+02 2.81220233e-03
   8.76265663e-03 7.78579029e-03 7.78579029e-03]
  [6.57846182e-04 2.48343572e+01 1.40895780e+02 2.83298683e-03
   8.81247906e-03 7.83005670e-03 7.83005670e-03]
  [6.63678435e-04 2.50461972e+01 1.39227838e+02 2.82360171e-03
   8.79013234e-03 7.81018517e-03 7.81018517e-03]
  [6.57775009e-04 2.48279209e+01 1.40561234e+02 2.83325407e-03
   8.81310941e-03 7.83054877e-03 7.83054877e-03]
  [6.52234660e-04 2.46163439e+01 1.40525349e+02 2.84263617e-03
   8.83497655e-03 7.84999344e-03 7.84999344e-03]
  [6.62463136e-04 2.49937151e+01 1.40073037e+02 2.82593497e-03
   8.79502755e-03 7.81447793e-03 7.81447793e-03]
  [6.54292153e-04 2.46710828e+01 1.42485169e+02 2.84022708e-03
   8.82901367e-03 7.84470102e-03 7.84470102e-03]
  [6.56957079e-04 2.47298100e+01 1.40883186e+02 2.83760899e-03
   8.82296010e-03 7.83927449e-03 7.83927449e-03]]

 [[9.46131554e-05 2.87315698e+00 2.70046177e+02 4.09669267e-03
   7.41799558e-03 6.90641650e-03 7.08568403e-03]
  [6.57854204e-04 2.46417262e+01 1.40713630e+02 2.84149759e-03
   8.83228399e-03 7.84755980e-03 7.84755980e-03]
  [6.72436721e-04 2.52687854e+01 1.38502493e+02 2.81374944e-03
   8.76657895e-03 7.78923183e-03 7.78923183e-03]
  [6.48182093e-04 2.44100971e+01 1.42178131e+02 2.85275853e-03
   8.82707565e-03 7.84725144e-03 7.84725144e-03]
  [6.54147170e-04 2.46422174e+01 1.41909048e+02 2.84149692e-03
   8.83233366e-03 7.84765601e-03 7.84765601e-03]
  [6.85021209e-04 2.47285769e+01 1.40824303e+02 2.83767172e-03
   8.82341262e-03 7.83975950e-03 7.83975950e-03]
  [4.23173467e-04 1.56966898e+01 1.93350202e+02 3.35911167e-03
   8.13792284e-03 7.43311073e-03 7.43311073e-03]
  [6.72715770e-04 2.50774789e+01 1.40580580e+02 2.82221519e-03
   8.78628676e-03 7.80672926e-03 7.80672926e-03]]

 [[6.61164634e-04 2.49679528e+01 1.39808015e+02 2.82704942e-03
   8.79806236e-03 7.81716190e-03 7.81716190e-03]
  [6.60500596e-04 2.48724192e+01 1.40353401e+02 2.83130086e-03
   8.80819584e-03 7.82621387e-03 7.82621387e-03]
  [6.64998899e-04 2.51239491e+01 1.39986786e+02 2.82018405e-03
   8.78192372e-03 7.80291034e-03 7.80291034e-03]
  [6.54527013e-04 2.46830116e+01 1.40402368e+02 2.83968893e-03
   8.82792224e-03 7.84373971e-03 7.84373971e-03]
  [6.54739238e-04 2.46807831e+01 1.39809794e+02 2.83978870e-03
   8.82854897e-03 7.84431551e-03 7.84431551e-03]
  [6.59381384e-04 2.48948986e+01 1.40325937e+02 2.83029777e-03
   8.80532721e-03 7.82356021e-03 7.82356021e-03]
  [6.58441211e-04 2.48667630e+01 1.39699735e+02 2.83153665e-03
   8.80854546e-03 7.82646487e-03 7.82646487e-03]
  [6.69104462e-04 2.52851915e+01 1.38583890e+02 2.81302435e-03
   8.76447852e-03 7.78733009e-03 7.78733009e-03]]]

Cumulative Reward: 13344.93992852197
