Scheduler Table:
[[[1.63527812e-05 3.96490355e-02 3.08197513e+01 1.57675454e-03
   9.50037314e-04 7.81235356e-04 7.81235356e-04]
  [1.62198478e-05 3.92743729e-02 3.09289674e+01 1.57643005e-03
   9.50178994e-04 7.81432794e-04 7.81432794e-04]
  [1.72131421e-05 3.95414151e-02 3.08684629e+01 1.57573041e-03
   9.50477471e-04 7.81398208e-04 7.81398208e-04]]

 [[1.65573135e-05 3.98509660e-02 3.06748714e+01 1.57639656e-03
   9.50304603e-04 7.81277749e-04 7.81277749e-04]
  [1.64521383e-05 3.93918342e-02 3.08986072e+01 1.57553251e-03
   9.50550404e-04 7.81451440e-04 7.81451440e-04]
  [1.56568359e-05 3.79588418e-02 3.17723211e+01 1.57657508e-03
   9.49859608e-04 7.81265699e-04 7.81265699e-04]]

 [[1.81521998e-05 3.93854359e-02 3.07927790e+01 1.57517567e-03
   9.50582670e-04 7.81390393e-04 7.81390393e-04]
  [1.64010281e-05 3.93440605e-02 3.09295421e+01 1.57491056e-03
   9.50761898e-04 7.81516542e-04 7.81516542e-04]
  [1.59412880e-05 2.96112286e-01 3.93491662e+01 1.57423427e-03
   9.67779150e-04 7.81526389e-04 7.84523890e-04]]]

Buffer Table:
[[[1.60125631e-05 3.91209285e-02 3.07953933e+01 1.57630980e-03
   9.50162516e-04 7.81307815e-04 7.81307815e-04]
  [3.13424389e-06 2.53268345e-02 3.92398740e+01 1.57729354e-03
   9.55018472e-04 7.81340777e-04 7.84353341e-04]
  [1.61376269e-05 3.89890441e-02 3.09218804e+01 1.57616180e-03
   9.50252237e-04 7.81424134e-04 7.81424134e-04]]

 [[1.70430510e-05 2.96449522e-01 3.93780725e+01 1.57628404e-03
   9.62120288e-04 7.81802653e-04 7.82088846e-04]
  [1.66774978e-05 3.95120975e-02 3.09325242e+01 1.57621121e-03
   9.50078745e-04 7.81242196e-04 7.81242196e-04]
  [1.67973447e-05 3.92135930e-02 3.08930781e+01 1.57622485e-03
   9.50491663e-04 7.81295834e-04 7.81295834e-04]]

 [[1.46478939e-05 3.73260211e-02 3.21752131e+01 1.57543316e-03
   9.50942477e-04 7.81408350e-04 7.81408350e-04]
  [1.61804676e-05 3.93054251e-02 3.09364987e+01 1.57518964e-03
   9.50684161e-04 7.81493802e-04 7.81493802e-04]
  [1.84349063e-05 3.92281799e-02 3.07565055e+01 1.57496994e-03
   9.50743288e-04 7.81427370e-04 7.81427370e-04]]]

Arbiter Table:
[[[1.59524096e-05 2.96128425e-01 3.93399280e+01 1.57424114e-03
   9.67775469e-04 7.81525619e-04 7.84523120e-04]
  [1.61884479e-05 3.92309385e-02 3.09792876e+01 1.57477533e-03
   9.50647946e-04 7.81447812e-04 7.81447812e-04]
  [1.68231161e-05 3.93467738e-02 3.08194802e+01 1.57606809e-03
   9.50342319e-04 7.81399660e-04 7.81399660e-04]]

 [[1.43382634e-05 3.71438626e-02 3.23932255e+01 1.57558393e-03
   9.50623815e-04 7.81344489e-04 7.81344489e-04]
  [1.72545229e-05 4.00096445e-02 3.07040304e+01 1.57580888e-03
   9.50234252e-04 7.81298861e-04 7.81298861e-04]
  [1.74273774e-05 3.97887293e-02 3.06825068e+01 1.57636506e-03
   9.50226607e-04 7.81365025e-04 7.81365025e-04]]

 [[1.46051828e-05 3.74712360e-02 3.21930122e+01 1.57748898e-03
   9.49696484e-04 7.81409535e-04 7.81409535e-04]
  [1.70537665e-05 3.97916111e-02 3.07952647e+01 1.57609369e-03
   9.50295806e-04 7.81352078e-04 7.81352078e-04]
  [1.98984333e-05 3.98465968e-02 3.07328528e+01 1.57571220e-03
   9.50287066e-04 7.81182332e-04 7.81182332e-04]]]

Page Table:
[[[8.49275830e-05 1.42413072e-01 3.05460919e+01 1.55405795e-03
   9.37450710e-04 7.70717400e-04 7.70717400e-04]
  [7.43992989e-05 1.30459131e-01 3.06231997e+01 1.55676597e-03
   9.38982683e-04 7.71855062e-04 7.71855062e-04]
  [8.81557109e-05 1.43676331e-01 3.02516391e+01 1.55352553e-03
   9.37756548e-04 7.70655342e-04 7.70655342e-04]
  [5.41286076e-05 1.00682954e-01 3.30934435e+01 1.56057038e-03
   9.43189872e-04 7.74624538e-04 7.74624538e-04]]

 [[7.70613813e-05 1.33608345e-01 3.05468523e+01 1.55608187e-03
   9.38643937e-04 7.71635465e-04 7.71635465e-04]
  [7.68866618e-05 1.34196775e-01 3.05021783e+01 1.55630283e-03
   9.38606097e-04 7.71654097e-04 7.71654097e-04]
  [7.84563745e-05 1.36525477e-01 3.02503530e+01 1.55469510e-03
   9.38622719e-04 7.71460207e-04 7.71460207e-04]
  [7.44387327e-05 1.30914772e-01 3.05368771e+01 1.55672697e-03
   9.38857144e-04 7.71743491e-04 7.71743491e-04]]

 [[7.67548865e-05 1.33884592e-01 3.08157197e+01 1.55586214e-03
   9.38513711e-04 7.71443695e-04 7.71443695e-04]
  [7.97145409e-05 1.36770613e-01 3.04725035e+01 1.55611558e-03
   9.37998120e-04 7.71250776e-04 7.71250776e-04]
  [8.02563714e-05 1.38868775e-01 3.02712068e+01 1.55496633e-03
   9.38011455e-04 7.71134824e-04 7.71134824e-04]
  [7.72702889e-05 1.35065844e-01 3.05743668e+01 1.55500224e-03
   9.38669491e-04 7.71508199e-04 7.71508199e-04]]

 [[7.34307337e-05 1.29449498e-01 3.09448537e+01 1.55690522e-03
   9.39018771e-04 7.71827594e-04 7.71827594e-04]
  [7.56311869e-05 1.32119827e-01 3.06498356e+01 1.55602748e-03
   9.38997041e-04 7.71878869e-04 7.71878869e-04]
  [7.77717652e-05 1.35476891e-01 3.03315182e+01 1.55540820e-03
   9.38562752e-04 7.71395244e-04 7.71395244e-04]
  [1.78084168e-05 2.98944093e-01 3.91239695e+01 1.57366465e-03
   9.67468975e-04 7.81265949e-04 7.84263450e-04]]]

Response Table:
[[[7.81720991e-06 3.01048028e-02 3.08309639e+01]
  [8.31860890e-06 3.01215959e-02 3.08391874e+01]]

 [[7.95601125e-06 3.01306725e-02 3.07925349e+01]
  [1.59395845e-05 2.96110538e-01 3.93503757e+01]]]

Refresh Table:
[[[1.59395847e-05 2.96110539e-01 3.93503757e+01]
  [8.49572531e-06 3.00704263e-02 3.08230305e+01]]

 [[8.65308441e-06 3.02251143e-02 3.07716819e+01]
  [8.11057369e-06 3.00352719e-02 3.07890282e+01]]]

Request Buffer Table:
[[[2.51131806e-04 6.28155337e-01 2.02858623e+01]
  [2.54709371e-04 6.37147625e-01 2.01795196e+01]
  [2.53689810e-04 6.33948649e-01 2.03528908e+01]
  [2.54781667e-04 6.37218249e-01 2.03862994e+01]
  [2.59366272e-04 6.48117544e-01 2.01839090e+01]
  [1.97700161e-04 4.94750051e-01 2.43645454e+01]
  [2.60582669e-04 6.50281415e-01 2.02911362e+01]
  [2.57310790e-04 6.41225835e-01 2.06197360e+01]]

 [[2.51371883e-04 6.28493554e-01 2.02149643e+01]
  [2.66870529e-04 6.65165205e-01 1.97413393e+01]
  [2.60519831e-04 6.50734480e-01 2.00119882e+01]
  [2.59728401e-04 6.49331762e-01 2.01504945e+01]
  [2.57622202e-04 6.42912434e-01 2.03190398e+01]
  [2.14383565e-04 5.37932841e-01 2.28287576e+01]
  [2.65241031e-04 6.58623707e-01 2.01606762e+01]
  [2.63204757e-04 6.57526419e-01 2.00769293e+01]]

 [[2.70546330e-04 6.61503498e-01 1.97672474e+01]
  [2.59437855e-04 6.47733222e-01 1.99618662e+01]
  [2.58068125e-04 6.45189457e-01 2.02589594e+01]
  [2.67081597e-04 6.67759593e-01 1.97872492e+01]
  [2.56223210e-04 6.39963362e-01 2.04534005e+01]
  [2.40548942e-04 6.01403955e-01 2.10615222e+01]
  [2.61189595e-04 6.51563034e-01 2.02193752e+01]
  [2.53563099e-04 6.33360628e-01 2.05921843e+01]]

 [[2.56216556e-04 6.40971227e-01 2.01002160e+01]
  [2.59585803e-04 6.47645770e-01 1.99591561e+01]
  [2.61493883e-04 6.53650360e-01 2.00648980e+01]
  [2.58600726e-04 6.46866688e-01 2.01152111e+01]
  [2.55498017e-04 6.37893525e-01 2.05818171e+01]
  [2.37967115e-04 5.94084047e-01 2.11506409e+01]
  [2.67608285e-04 6.67853490e-01 1.99631339e+01]
  [2.57834564e-04 6.42572772e-01 2.04489378e+01]]

 [[2.57897174e-04 6.44965241e-01 2.00213636e+01]
  [2.51930741e-04 6.29957656e-01 2.03720780e+01]
  [2.63329912e-04 6.46349499e-01 2.01008534e+01]
  [2.51955122e-04 6.29754189e-01 2.05910912e+01]
  [2.62041907e-04 6.49799063e-01 2.02966130e+01]
  [2.36618087e-04 5.91928508e-01 2.11856720e+01]
  [2.63366843e-04 6.56594476e-01 2.01696526e+01]
  [2.60712695e-04 6.49917183e-01 2.03652688e+01]]

 [[2.39683665e-04 5.99925894e-01 2.09074391e+01]
  [2.41083389e-04 6.03482598e-01 2.07357773e+01]
  [2.47596233e-04 6.19353297e-01 2.06531559e+01]
  [2.47511986e-04 6.19298389e-01 2.07465867e+01]
  [2.47918531e-04 6.16178281e-01 2.07210532e+01]
  [1.77291381e-05 3.00522971e-01 3.92131747e+01]
  [2.46629017e-04 6.10620163e-01 2.11513017e+01]
  [2.47903586e-04 6.18494100e-01 2.07529614e+01]]

 [[2.52786256e-04 6.32496304e-01 2.01842185e+01]
  [2.74213008e-04 6.82040881e-01 1.94080688e+01]
  [2.64581852e-04 6.61031783e-01 1.98009599e+01]
  [2.65241062e-04 6.63052590e-01 1.98783992e+01]
  [2.62002446e-04 6.51338443e-01 2.01031749e+01]
  [2.14701092e-04 5.37817187e-01 2.27845401e+01]
  [2.74791889e-04 6.81688921e-01 1.99674802e+01]
  [2.72413676e-04 6.80382005e-01 1.97208384e+01]]

 [[2.55443884e-04 6.39068269e-01 1.99937083e+01]
  [2.61069945e-04 6.52371415e-01 1.98171530e+01]
  [2.54784241e-04 6.36896947e-01 2.02687813e+01]
  [2.65383190e-04 6.63316777e-01 1.99129150e+01]
  [2.57976114e-04 6.44090673e-01 2.02006937e+01]
  [2.39410212e-04 5.96957179e-01 2.11400851e+01]
  [2.57454812e-04 6.42154587e-01 2.04620811e+01]
  [2.61244520e-04 6.46145566e-01 2.03911647e+01]]]

Ref Max Post Table:
[[[1.90938785e-05 3.00807591e-01 3.89531343e+01]
  [8.03854906e-05 1.31951000e-01 3.04601841e+01]
  [8.37004756e-05 1.37804386e-01 3.04827107e+01]
  [8.08543922e-05 1.33138248e-01 3.05079101e+01]]

 [[8.03459421e-05 1.31871556e-01 3.04892597e+01]
  [7.72915426e-05 1.28021799e-01 3.05187917e+01]
  [8.07605524e-05 1.33014972e-01 3.04680767e+01]
  [1.75637515e-05 3.95049208e-02 3.81196759e+01]]

 [[8.60308594e-05 1.35761489e-01 3.04178066e+01]
  [9.00158020e-06 2.96227830e-02 3.88434014e+01]
  [8.09471762e-05 1.33846925e-01 3.04834866e+01]
  [8.06361708e-05 1.32709270e-01 3.04887374e+01]]

 [[8.08642615e-05 1.32979526e-01 3.06400435e+01]
  [7.94050109e-05 1.30812479e-01 3.04780283e+01]
  [8.04441434e-06 2.96296611e-02 3.88330024e+01]
  [7.65349838e-05 1.26478343e-01 3.09717434e+01]]]

Ref Max Pull Table:
[[[2.18031635e-05 3.04819058e-01 3.86059259e+01]
  [7.56756349e-05 1.29672582e-01 3.05588405e+01]
  [7.95810589e-05 1.36013450e-01 3.04563075e+01]
  [7.41065001e-05 1.27853655e-01 3.04688352e+01]]

 [[7.61416330e-05 1.31269200e-01 3.05499792e+01]
  [7.55910209e-05 1.30048835e-01 3.05083984e+01]
  [7.80200819e-05 1.33511694e-01 3.04185824e+01]
  [1.25055495e-05 3.62006963e-02 3.86044494e+01]]

 [[7.89725654e-05 1.34358719e-01 3.05026076e+01]
  [7.68313904e-05 1.31876247e-01 3.05157437e+01]
  [7.92377204e-05 1.35689434e-01 3.04943018e+01]
  [7.64317195e-05 1.30832813e-01 3.05213560e+01]]

 [[7.47008211e-05 1.29286244e-01 3.05538375e+01]
  [5.96231097e-06 2.63896352e-02 3.91879136e+01]
  [8.04567934e-05 1.32404127e-01 3.05625165e+01]
  [7.62041318e-05 1.30352542e-01 3.04802549e+01]]]

Max Activate Table:
[[[2.90393510e-04 6.69345062e-01 1.96740466e+01 1.00800115e-03
   6.09151623e-04 5.00527421e-04 5.00527421e-04]
  [2.72940685e-04 6.29575359e-01 2.03423602e+01 1.04381446e-03
   6.30242665e-04 5.17889489e-04 5.17889489e-04]
  [2.91586244e-04 6.71120898e-01 1.98655446e+01 1.00716842e-03
   6.07909141e-04 4.99538764e-04 4.99538764e-04]
  [2.78518400e-04 6.43523555e-01 2.02193771e+01 1.03142981e-03
   6.22652920e-04 5.11771296e-04 5.11771296e-04]
  [2.86350152e-04 6.60726753e-01 1.99831961e+01 1.01569518e-03
   6.14111544e-04 5.04182019e-04 5.04182019e-04]
  [2.57389198e-04 5.92620812e-01 2.12075529e+01 1.07738353e-03
   6.49560195e-04 5.34014159e-04 5.34014159e-04]
  [2.80603205e-04 6.47465850e-01 2.03275513e+01 1.02850648e-03
   6.20449890e-04 5.10045798e-04 5.10045798e-04]
  [2.84529690e-04 6.55037970e-01 2.01211221e+01 1.02156425e-03
   6.16442023e-04 5.06617698e-04 5.06617698e-04]]

 [[2.85692406e-04 6.57724996e-01 1.97931287e+01 1.01974546e-03
   6.14886157e-04 5.05367305e-04 5.05367305e-04]
  [2.91432567e-04 6.70090349e-01 1.97044750e+01 1.00714362e-03
   6.08720478e-04 5.00051043e-04 5.00051043e-04]
  [2.93939203e-04 6.76147377e-01 1.97109858e+01 1.00256853e-03
   6.05075476e-04 4.97263716e-04 4.97263716e-04]
  [2.95304122e-04 6.73238161e-01 1.98029852e+01 1.00624866e-03
   6.06527628e-04 4.98504706e-04 4.98504706e-04]
  [2.70369724e-04 6.24709442e-01 2.05936492e+01 1.04811971e-03
   6.32683443e-04 5.19913056e-04 5.19913056e-04]
  [2.58377477e-04 5.95829783e-01 2.12457188e+01 1.07416156e-03
   6.48077299e-04 5.32631634e-04 5.32631634e-04]
  [2.77323615e-04 6.40827068e-01 2.05241930e+01 1.03457107e-03
   6.24189081e-04 5.12788867e-04 5.12788867e-04]
  [2.79359930e-04 6.44443380e-01 2.03411782e+01 1.03098084e-03
   6.22391971e-04 5.11242426e-04 5.11242426e-04]]

 [[2.84315495e-04 6.55156934e-01 2.00285736e+01 1.02208524e-03
   6.16141030e-04 5.06569181e-04 5.06569181e-04]
  [2.84445594e-04 6.55735218e-01 1.99050832e+01 1.01997745e-03
   6.16259588e-04 5.06259864e-04 5.06259864e-04]
  [2.78401994e-04 6.41941665e-01 2.02324335e+01 1.03327547e-03
   6.23355733e-04 5.12442900e-04 5.12442900e-04]
  [2.83971333e-04 6.56233197e-01 1.99753099e+01 1.02002586e-03
   6.15867939e-04 5.06181206e-04 5.06181206e-04]
  [2.79507679e-04 6.45629922e-01 2.02764629e+01 1.02996263e-03
   6.21403139e-04 5.10797767e-04 5.10797767e-04]
  [2.56378847e-04 5.89295448e-01 2.12341727e+01 1.07984620e-03
   6.51576624e-04 5.35539388e-04 5.35539388e-04]
  [2.77483085e-04 6.39816342e-01 2.03496003e+01 1.03505134e-03
   6.24828727e-04 5.13425332e-04 5.13425332e-04]
  [2.90320088e-04 6.70002186e-01 1.98352490e+01 1.00906451e-03
   6.08007478e-04 4.99964667e-04 4.99964667e-04]]

 [[2.80953729e-04 6.47813775e-01 1.99630261e+01 1.02804109e-03
   6.20368783e-04 5.09838533e-04 5.09838533e-04]
  [2.78044901e-04 6.42271346e-01 2.01150600e+01 1.03279444e-03
   6.23367843e-04 5.12239767e-04 5.12239767e-04]
  [2.73398068e-04 6.30455648e-01 2.04885571e+01 1.04226752e-03
   6.30034085e-04 5.17651918e-04 5.17651918e-04]
  [2.84521380e-04 6.57555163e-01 1.99060907e+01 1.01955105e-03
   6.15109997e-04 5.05555065e-04 5.05555065e-04]
  [2.72440724e-04 6.29315839e-01 2.06516048e+01 1.04479146e-03
   6.30132379e-04 5.17900436e-04 5.17900436e-04]
  [2.58911400e-04 5.95739236e-01 2.11932482e+01 1.07368773e-03
   6.48315302e-04 5.32703311e-04 5.32703311e-04]
  [2.84090190e-04 6.56082490e-01 2.01152866e+01 1.01991690e-03
   6.16106038e-04 5.06306538e-04 5.06306538e-04]
  [2.81780451e-04 6.49582838e-01 2.02590398e+01 1.02703845e-03
   6.19272965e-04 5.08934471e-04 5.08934471e-04]]

 [[2.81695072e-04 6.49285345e-01 2.00504648e+01 1.02681531e-03
   6.19514919e-04 5.09247823e-04 5.09247823e-04]
  [2.83672781e-04 6.54095091e-01 1.99372755e+01 1.02157937e-03
   6.17221380e-04 5.07034235e-04 5.07034235e-04]
  [2.77781777e-04 6.39962776e-01 2.02424131e+01 1.03502991e-03
   6.24520487e-04 5.13281377e-04 5.13281377e-04]
  [2.76504096e-04 6.39185112e-01 2.03167030e+01 1.03620184e-03
   6.24656105e-04 5.13519677e-04 5.13519677e-04]
  [2.85240035e-04 6.58516353e-01 2.00404443e+01 1.01846554e-03
   6.14463182e-04 5.05135331e-04 5.05135331e-04]
  [2.51972969e-04 5.80220712e-01 2.15929873e+01 1.08793414e-03
   6.56293457e-04 5.39454177e-04 5.39454177e-04]
  [2.71071643e-04 6.26502703e-01 2.05346265e+01 1.04714142e-03
   6.31611457e-04 5.19121395e-04 5.19121395e-04]
  [2.84039280e-04 6.55476751e-01 2.02202039e+01 1.02124555e-03
   6.16389632e-04 5.06591611e-04 5.06591611e-04]]

 [[2.63177967e-04 6.08117397e-01 2.06597868e+01 1.06315629e-03
   6.41514135e-04 5.27237081e-04 5.27237081e-04]
  [2.69545051e-04 6.18469196e-01 2.07499551e+01 1.05319174e-03
   6.36171973e-04 5.22784597e-04 5.22784597e-04]
  [2.69964963e-04 6.23336643e-01 2.04469572e+01 1.05021129e-03
   6.32998977e-04 5.20440644e-04 5.20440644e-04]
  [2.68067549e-04 6.18871818e-01 2.06786168e+01 1.05378024e-03
   6.35708429e-04 5.22470175e-04 5.22470175e-04]
  [2.66334255e-04 6.15537079e-01 2.08558604e+01 1.05713645e-03
   6.37445153e-04 5.23949326e-04 5.23949326e-04]
  [1.59399613e-05 2.96111381e-01 3.93503607e+01 1.57423437e-03
   9.67778200e-04 7.81526045e-04 7.84523546e-04]
  [2.65813982e-04 6.14415829e-01 2.08070721e+01 1.05648823e-03
   6.38487406e-04 5.24494245e-04 5.24494245e-04]
  [2.67650442e-04 6.18264179e-01 2.09070256e+01 1.05465637e-03
   6.35863092e-04 5.22811007e-04 5.22811007e-04]]

 [[2.76208342e-04 6.37214688e-01 2.00900906e+01 1.03734645e-03
   6.25994283e-04 5.14486448e-04 5.14486448e-04]
  [2.72672552e-04 6.29876491e-01 2.04305629e+01 1.04458070e-03
   6.29861613e-04 5.17495375e-04 5.17495375e-04]
  [2.82890585e-04 6.51879899e-01 2.00925055e+01 1.02450161e-03
   6.17937314e-04 5.08090881e-04 5.08090881e-04]
  [2.75277337e-04 6.36339554e-01 2.03766442e+01 1.03880746e-03
   6.26310125e-04 5.14693819e-04 5.14693819e-04]
  [2.96742675e-04 6.85176732e-01 1.94068312e+01 9.94993787e-04
   6.00401935e-04 4.93366210e-04 4.93366210e-04]
  [2.57455284e-04 5.92860260e-01 2.11043539e+01 1.07685247e-03
   6.49566803e-04 5.33958822e-04 5.33958822e-04]
  [2.81170226e-04 6.49134101e-01 2.03321778e+01 1.02733293e-03
   6.19728310e-04 5.09196949e-04 5.09196949e-04]
  [2.80716762e-04 6.46926611e-01 2.03727783e+01 1.02871546e-03
   6.20762735e-04 5.10265041e-04 5.10265041e-04]]

 [[2.76331684e-04 6.37508755e-01 2.02619938e+01 1.03746847e-03
   6.25828498e-04 5.14350606e-04 5.14350606e-04]
  [2.86327980e-04 6.59022750e-01 1.98628360e+01 1.01795348e-03
   6.14554862e-04 5.04869221e-04 5.04869221e-04]
  [2.83665140e-04 6.50711930e-01 2.01530086e+01 1.02543220e-03
   6.18627844e-04 5.08539266e-04 5.08539266e-04]
  [2.78330094e-04 6.42574723e-01 2.02694020e+01 1.03275923e-03
   6.22968513e-04 5.12157332e-04 5.12157332e-04]
  [2.78219204e-04 6.43218316e-01 2.04838394e+01 1.03201802e-03
   6.22713743e-04 5.11841363e-04 5.11841363e-04]
  [2.58945718e-04 5.96049547e-01 2.10809478e+01 1.07454939e-03
   6.47813732e-04 5.32551249e-04 5.32551249e-04]
  [2.75876024e-04 6.34465133e-01 2.04517288e+01 1.03968254e-03
   6.27828608e-04 5.15787453e-04 5.15787453e-04]
  [2.82037233e-04 6.49733567e-01 2.02282936e+01 1.02541309e-03
   6.19938169e-04 5.09127641e-04 5.09127641e-04]]]

Cumulative Reward: 5252.886684725939
