Scheduler Table:
[[[1.03846155e-05 2.88074206e-02 2.78205035e+01 9.71216603e-04
   9.02569380e-03 1.47877393e-03 1.47877393e-03]
  [9.90133344e-06 2.88511771e-02 2.77080731e+01 9.63043649e-04
   1.17051564e-02 1.47431998e-03 1.47431998e-03]
  [1.10261041e-05 2.88359168e-02 2.80496668e+01 9.65584052e-04
   8.60712205e-03 1.47962576e-03 1.47962576e-03]]

 [[9.55380483e-06 2.88246530e-02 2.77519484e+01 9.63040610e-04
   1.10686209e-02 1.47694474e-03 1.47694474e-03]
  [9.84177941e-06 2.88491246e-02 2.77206115e+01 9.54678485e-04
   1.02021816e-02 1.47042947e-03 1.47042947e-03]
  [6.57482703e-06 2.64922798e-02 2.91338323e+01 9.54035879e-04
   7.91933678e-03 1.47181770e-03 1.47181770e-03]]

 [[9.85938637e-06 2.88058194e-02 2.77546924e+01 9.54820650e-04
   1.16000428e-02 1.47518901e-03 1.47518901e-03]
  [8.20085937e-06 2.79653738e-02 2.87284701e+01 9.57793053e-04
   8.27302403e-03 1.48168855e-03 1.48168855e-03]
  [3.24845673e-06 2.12873185e-02 2.99256088e+01 9.68742635e-04
   1.02957417e-01 1.37286256e-03 1.50226166e-03]]]

Buffer Table:
[[[1.10990351e-05 2.88459006e-02 2.76785018e+01 9.63692675e-04
   1.14879528e-02 1.47889831e-03 1.47889831e-03]
  [4.74147759e-06 2.13033818e-02 3.00314858e+01 9.70470182e-04
   1.03537155e-01 1.38305572e-03 1.51245482e-03]
  [8.74428511e-06 2.83169972e-02 2.85974967e+01 9.65308623e-04
   1.15798057e-02 1.48424205e-03 1.48424205e-03]]

 [[4.82843589e-06 2.13043492e-02 3.01106435e+01 9.77838964e-04
   3.64619384e-03 1.39905035e-03 1.39905035e-03]
  [1.03089274e-05 2.88000988e-02 2.79047404e+01 9.65122025e-04
   1.01097636e-02 1.48067660e-03 1.48067660e-03]
  [1.05600913e-05 2.89369044e-02 2.75353795e+01 9.59014067e-04
   1.20993339e-02 1.47588819e-03 1.47588819e-03]]

 [[8.46385233e-06 2.88897892e-02 2.74727852e+01 9.58299221e-04
   9.13868910e-03 1.47055305e-03 1.47055305e-03]
  [1.03975865e-05 2.73116192e-02 2.91213492e+01 9.63913507e-04
   1.17640752e-02 1.48215134e-03 1.48215134e-03]
  [9.76120615e-06 2.87432839e-02 2.78283588e+01 9.64747152e-04
   1.08034653e-02 1.47757050e-03 1.47757050e-03]]]

Arbiter Table:
[[[3.24845668e-06 2.12873184e-02 2.99256088e+01 9.68742635e-04
   1.02957417e-01 1.37286256e-03 1.50226166e-03]
  [5.02136438e-06 2.68592057e-02 2.93893331e+01 9.63978889e-04
   9.12630709e-03 1.47961244e-03 1.47961244e-03]
  [6.21600731e-06 2.73413212e-02 2.89608536e+01 9.61985210e-04
   1.03200173e-02 1.47775682e-03 1.47775682e-03]]

 [[4.24750415e-06 2.61753002e-02 2.98089965e+01 9.59730743e-04
   9.21195398e-03 1.48321937e-03 1.48321937e-03]
  [8.95696057e-06 2.89750304e-02 2.73396852e+01 9.74567212e-04
   9.72793161e-03 1.46752870e-03 1.46752870e-03]
  [8.81619214e-06 2.87397659e-02 2.79577363e+01 9.66469233e-04
   1.09200746e-02 1.47651109e-03 1.47651109e-03]]

 [[8.83172499e-06 2.89076828e-02 2.79415707e+01 9.52719400e-04
   1.25511555e-02 1.48139462e-03 1.48139462e-03]
  [3.43053893e-06 2.60994514e-02 3.01130884e+01 9.70636971e-04
   8.71903924e-03 1.47737633e-03 1.47737633e-03]
  [1.02323780e-05 2.88649327e-02 2.77882518e+01 9.61577677e-04
   1.05329520e-02 1.47780058e-03 1.47780058e-03]]]

Page Table:
[[[3.24845668e-06 2.12873184e-02 2.99256088e+01 9.68742635e-04
   1.02957417e-01 1.37286256e-03 1.50226166e-03]
  [1.15825638e-05 2.93781974e-02 2.78903493e+01 9.61312980e-04
   9.63525923e-03 1.47182974e-03 1.47182974e-03]
  [1.05189607e-05 2.91275821e-02 2.79819854e+01 9.69814679e-04
   9.12740211e-03 1.48076380e-03 1.48076380e-03]
  [1.23039810e-05 2.91313276e-02 2.82338110e+01 9.68617135e-04
   1.01583650e-02 1.47716997e-03 1.47716997e-03]]

 [[7.36510523e-06 2.75703196e-02 2.91505893e+01 9.72239559e-04
   8.67117986e-03 1.47804803e-03 1.47804803e-03]
  [1.36294309e-05 2.93556557e-02 2.77404677e+01 9.68041935e-04
   1.04035042e-02 1.47782995e-03 1.47782995e-03]
  [1.04426275e-05 2.94170864e-02 2.76896472e+01 9.63924908e-04
   9.53233657e-03 1.47071615e-03 1.47071615e-03]
  [1.31833530e-05 2.92768675e-02 2.77701919e+01 9.55253341e-04
   1.32670018e-02 1.48005362e-03 1.48005362e-03]]

 [[1.35019885e-05 2.94681482e-02 2.77401570e+01 9.70884117e-04
   1.13023337e-02 1.46366748e-03 1.46366748e-03]
  [9.30654914e-06 2.85098651e-02 2.87428094e+01 9.68920002e-04
   8.30463875e-03 1.47427503e-03 1.47427503e-03]
  [1.07762615e-05 2.94481795e-02 2.77006213e+01 9.66390640e-04
   1.07021252e-02 1.47585265e-03 1.47585265e-03]
  [1.11199386e-05 2.94686160e-02 2.77215445e+01 9.66342888e-04
   9.36655523e-03 1.47584084e-03 1.47584084e-03]]

 [[9.29665619e-06 2.75264039e-02 2.89587116e+01 9.66683405e-04
   1.00946460e-02 1.48107559e-03 1.48107559e-03]
  [1.11763819e-05 2.94797220e-02 2.80865243e+01 9.61685054e-04
   1.03454244e-02 1.47892409e-03 1.47892409e-03]
  [1.04161330e-05 2.95126369e-02 2.77889412e+01 9.70696556e-04
   9.70257546e-03 1.47557113e-03 1.47557113e-03]
  [1.23664141e-05 2.94446609e-02 2.75957704e+01 9.56644937e-04
   1.30029164e-02 1.47551888e-03 1.47551888e-03]]]

Response Table:
[[[8.63531263e-06 2.83760703e-02 2.75146672e+01]
  [7.64452267e-06 2.83572318e-02 2.79853995e+01]]

 [[7.69317810e-06 2.83318940e-02 2.79941742e+01]
  [3.24845668e-06 2.12873184e-02 2.99256088e+01]]]

Refresh Table:
[[[1.07744055e-05 2.84893476e-02 2.78630346e+01]
  [7.07625417e-06 2.66161880e-02 2.92238295e+01]]

 [[9.10207181e-06 2.77275718e-02 2.85210056e+01]
  [3.24845668e-06 2.12873184e-02 2.99256088e+01]]]

Request Buffer Table:
[[[1.30908628e-04 3.87493416e-02 2.75173241e+01]
  [1.20351831e-04 3.79496885e-02 2.78291967e+01]
  [1.26799233e-04 3.84838519e-02 2.80477738e+01]
  [1.22866045e-04 3.82388140e-02 2.78508658e+01]
  [1.27474624e-04 3.86328583e-02 2.81061414e+01]
  [7.93887214e-05 3.33338750e-02 2.92191216e+01]
  [1.24516123e-04 3.82238584e-02 2.80392766e+01]
  [1.38109831e-04 3.93158101e-02 2.80294574e+01]]

 [[1.24636131e-04 3.83326198e-02 2.76895654e+01]
  [1.22968438e-04 3.81693621e-02 2.76930834e+01]
  [1.36534562e-04 3.93279832e-02 2.76009990e+01]
  [6.75105773e-06 2.14236631e-02 3.05544263e+01]
  [1.31187570e-04 3.88357717e-02 2.78920720e+01]
  [1.25161736e-04 3.84165851e-02 2.77269924e+01]
  [1.30767364e-04 3.88463489e-02 2.78568156e+01]
  [1.28933580e-04 3.86402062e-02 2.79543833e+01]]

 [[1.18200394e-04 3.76041020e-02 2.80723159e+01]
  [1.29223997e-04 3.87875077e-02 2.78727866e+01]
  [1.34687060e-04 3.90998264e-02 2.79140670e+01]
  [1.48212994e-04 4.01293313e-02 2.79471217e+01]
  [6.60888016e-06 2.14213352e-02 3.02820381e+01]
  [1.39641943e-04 3.95650959e-02 2.80620569e+01]
  [1.24737416e-04 3.82128544e-02 2.78579486e+01]
  [1.29205354e-04 3.88075148e-02 2.78632473e+01]]

 [[1.46492230e-04 4.01404846e-02 2.74809675e+01]
  [9.62728617e-05 3.48002056e-02 2.85491845e+01]
  [6.70198613e-06 2.14222805e-02 3.03075062e+01]
  [1.56255389e-04 3.94492475e-02 2.76730387e+01]
  [1.28192368e-04 3.85822125e-02 2.79355058e+01]
  [1.50914368e-04 3.95940286e-02 2.79732171e+01]
  [1.31772022e-04 3.87618267e-02 2.77594791e+01]
  [1.23452253e-04 3.81961804e-02 2.77789708e+01]]

 [[1.31610756e-04 3.78889016e-02 2.79535701e+01]
  [1.23138776e-04 3.82091020e-02 2.81631493e+01]
  [1.28642280e-04 3.85062370e-02 2.78254014e+01]
  [1.29257467e-04 3.85457082e-02 2.80798887e+01]
  [1.38697467e-04 3.87247759e-02 2.77045982e+01]
  [1.30345717e-04 3.88236378e-02 2.78344881e+01]
  [6.74933544e-06 2.14259996e-02 3.04415202e+01]
  [1.33616283e-04 3.90016913e-02 2.78445170e+01]]

 [[1.31712621e-04 3.89732862e-02 2.78340224e+01]
  [1.24275391e-04 3.83722996e-02 2.77718256e+01]
  [1.36087772e-04 3.93554052e-02 2.78914782e+01]
  [1.36382379e-04 3.92995240e-02 2.78701804e+01]
  [1.24972829e-04 3.83835738e-02 2.78609129e+01]
  [7.40146452e-05 3.26181655e-02 2.96624552e+01]
  [2.75369696e-05 2.69482159e-02 3.02565122e+01]
  [1.21720429e-04 3.81466504e-02 2.81455117e+01]]

 [[1.28008309e-04 3.84649478e-02 2.77703722e+01]
  [6.73495281e-06 2.14248841e-02 3.05159388e+01]
  [1.35421674e-04 3.91899453e-02 2.78799686e+01]
  [1.38817721e-04 3.90757171e-02 2.76927269e+01]
  [1.24853552e-04 3.81972688e-02 2.78231749e+01]
  [1.22362654e-04 3.82307568e-02 2.79190540e+01]
  [1.40411007e-04 3.95966726e-02 2.79208726e+01]
  [1.65450257e-04 4.12686185e-02 2.79136531e+01]]

 [[1.19192817e-04 3.78551225e-02 2.75997578e+01]
  [1.35843090e-04 3.92104224e-02 2.76902085e+01]
  [1.32585517e-04 3.87845522e-02 2.81950845e+01]
  [1.29789797e-04 3.87517992e-02 2.77411450e+01]
  [1.25031790e-04 3.83993944e-02 2.81532298e+01]
  [1.62315534e-04 4.11303481e-02 2.78461101e+01]
  [1.26022147e-04 3.83955373e-02 2.79345057e+01]
  [1.32674568e-04 3.89218213e-02 2.81321269e+01]]]

Ref Max Post Table:
[[[1.33390391e-05 2.94351839e-02 2.78685128e+01]
  [1.46097882e-05 2.93619176e-02 2.79660019e+01]
  [1.26311647e-05 2.94534198e-02 2.77398516e+01]
  [9.62222829e-06 2.78785411e-02 2.86457782e+01]]

 [[1.13436381e-05 2.95449311e-02 2.76530480e+01]
  [1.36568045e-05 2.94311558e-02 2.77786734e+01]
  [1.26099938e-05 2.89291558e-02 2.86159529e+01]
  [1.53184001e-05 2.95782103e-02 2.77143140e+01]]

 [[1.39528711e-05 2.94144673e-02 2.80365535e+01]
  [1.30497551e-05 2.94875434e-02 2.79196286e+01]
  [1.13519007e-05 2.94077001e-02 2.77627439e+01]
  [1.05158713e-05 2.67038465e-02 2.94007307e+01]]

 [[1.26637597e-05 2.92792226e-02 2.80990971e+01]
  [1.40049876e-05 2.91208870e-02 2.81781879e+01]
  [1.11923625e-05 2.83273708e-02 2.88143630e+01]
  [3.24848246e-06 2.12873764e-02 2.99255837e+01]]]

Ref Max Pull Table:
[[[1.12265764e-05 2.94467541e-02 2.79901417e+01]
  [9.93015761e-06 2.55328699e-02 2.95748353e+01]
  [1.13734976e-05 2.95456287e-02 2.77770941e+01]
  [1.58701314e-05 2.93432151e-02 2.78640418e+01]]

 [[9.50534834e-06 2.65220284e-02 2.92065326e+01]
  [1.11166998e-05 2.55329456e-02 2.92801946e+01]
  [1.18259500e-05 2.92252082e-02 2.80792632e+01]
  [4.82416378e-06 2.13652503e-02 3.00080824e+01]]

 [[1.14364345e-05 2.94188912e-02 2.77489859e+01]
  [5.61606176e-06 2.47130781e-02 2.96475238e+01]
  [1.48254333e-05 2.95234927e-02 2.77055483e+01]
  [1.66809109e-05 2.94732218e-02 2.76339568e+01]]

 [[1.23494097e-05 2.92185189e-02 2.81318958e+01]
  [4.91292129e-06 2.13675639e-02 3.00867309e+01]
  [1.33204151e-05 2.93404792e-02 2.80874276e+01]
  [1.17213789e-05 2.96700311e-02 2.78206751e+01]]]

Max Activate Table:
[[[1.36165152e-04 3.90145332e-02 2.78422462e+01 9.57907765e-04
   1.25479803e-02 1.46374170e-03 1.46374170e-03]
  [1.32152877e-04 3.87128618e-02 2.79137081e+01 9.67941836e-04
   1.05867224e-02 1.47158573e-03 1.47158573e-03]
  [1.31324578e-04 3.87124197e-02 2.80025837e+01 9.70123136e-04
   1.12925843e-02 1.47468875e-03 1.47468875e-03]
  [1.29695374e-04 3.85485016e-02 2.78158369e+01 9.61004813e-04
   1.17736929e-02 1.46187737e-03 1.46187737e-03]
  [1.39926402e-04 3.94509675e-02 2.77496545e+01 9.58234248e-04
   1.24327735e-02 1.46631215e-03 1.46631215e-03]
  [1.39911506e-04 3.90054391e-02 2.79225072e+01 9.69994425e-04
   1.06468272e-02 1.46928850e-03 1.46928850e-03]
  [1.23589987e-04 3.79444562e-02 2.80422833e+01 9.52483186e-04
   1.37127396e-02 1.46685454e-03 1.46685454e-03]
  [1.26418782e-04 3.80645074e-02 2.79374513e+01 9.55402012e-04
   1.37755516e-02 1.47225764e-03 1.47225764e-03]]

 [[1.45091797e-04 3.97815078e-02 2.75836769e+01 9.61393142e-04
   1.14297260e-02 1.47126998e-03 1.47126998e-03]
  [1.51128731e-04 4.01754405e-02 2.80713769e+01 9.78674150e-04
   1.13528228e-02 1.47162059e-03 1.47162059e-03]
  [1.38397246e-04 3.89603858e-02 2.79568536e+01 9.56972880e-04
   1.11415190e-02 1.47439847e-03 1.47439847e-03]
  [1.37212574e-04 3.85872392e-02 2.81015200e+01 9.61687745e-04
   1.14988751e-02 1.47266411e-03 1.47266411e-03]
  [1.28591001e-04 3.84816144e-02 2.78353575e+01 9.73090373e-04
   1.12209453e-02 1.47008031e-03 1.47008031e-03]
  [1.29934243e-04 3.85106818e-02 2.79707100e+01 9.53495036e-04
   1.17694404e-02 1.47237655e-03 1.47237655e-03]
  [1.27124412e-04 3.83248307e-02 2.79635085e+01 9.53136581e-04
   1.15083294e-02 1.46628727e-03 1.46628727e-03]
  [1.29859382e-04 3.84557068e-02 2.77181248e+01 9.56578734e-04
   1.40060926e-02 1.47390218e-03 1.47390218e-03]]

 [[1.28089146e-04 3.82092154e-02 2.79479833e+01 9.66442814e-04
   1.12553541e-02 1.47483532e-03 1.47483532e-03]
  [1.39917663e-04 3.92615895e-02 2.78517551e+01 9.72689655e-04
   1.17968561e-02 1.47235010e-03 1.47235010e-03]
  [1.32876418e-04 3.82014035e-02 2.78996864e+01 9.64254985e-04
   1.07258946e-02 1.47154646e-03 1.47154646e-03]
  [1.40703640e-04 3.94539387e-02 2.79008310e+01 9.74522883e-04
   1.08917623e-02 1.47191286e-03 1.47191286e-03]
  [1.35673787e-04 3.90136503e-02 2.79016453e+01 9.61367600e-04
   1.10477608e-02 1.47028407e-03 1.47028407e-03]
  [1.33881368e-04 3.84100811e-02 2.76990237e+01 9.64688148e-04
   1.07175571e-02 1.46096714e-03 1.46096714e-03]
  [9.92466854e-05 3.57633971e-02 2.88176504e+01 9.62453299e-04
   1.26137411e-02 1.48166218e-03 1.48166218e-03]
  [1.36931517e-04 3.85135900e-02 2.79411245e+01 9.56820866e-04
   1.39479005e-02 1.46104630e-03 1.46104630e-03]]

 [[1.30018328e-04 3.84796279e-02 2.78358900e+01 9.55599467e-04
   1.13882080e-02 1.46879345e-03 1.46879345e-03]
  [1.22599701e-04 3.78632676e-02 2.79794834e+01 9.64149537e-04
   1.11779133e-02 1.46970960e-03 1.46970960e-03]
  [1.41970632e-04 3.86723049e-02 2.76967645e+01 9.60821631e-04
   1.13340132e-02 1.47391861e-03 1.47391861e-03]
  [1.46897409e-04 3.98482286e-02 2.76942044e+01 9.76809783e-04
   1.11675397e-02 1.47158459e-03 1.47158459e-03]
  [1.28370232e-04 3.82648116e-02 2.81559724e+01 9.59709634e-04
   1.05540293e-02 1.47122556e-03 1.47122556e-03]
  [1.35429997e-04 3.88609568e-02 2.79618670e+01 9.65050840e-04
   1.04764489e-02 1.47261368e-03 1.47261368e-03]
  [1.42784229e-04 3.90454931e-02 2.80116290e+01 9.64495957e-04
   1.06334693e-02 1.47543294e-03 1.47543294e-03]
  [1.36274998e-04 3.87389513e-02 2.78875247e+01 9.69721617e-04
   1.30119023e-02 1.46799127e-03 1.46799127e-03]]

 [[1.34740240e-04 3.89351842e-02 2.79823183e+01 9.68707894e-04
   1.11154560e-02 1.46377988e-03 1.46377988e-03]
  [1.49912903e-04 4.00485971e-02 2.77038544e+01 9.64101845e-04
   1.15867121e-02 1.47012939e-03 1.47012939e-03]
  [1.24068406e-04 3.79851224e-02 2.82304690e+01 9.64369905e-04
   1.16325472e-02 1.47484452e-03 1.47484452e-03]
  [1.26010296e-04 3.81303296e-02 2.79062576e+01 9.62211707e-04
   1.08074907e-02 1.47264855e-03 1.47264855e-03]
  [1.29388247e-04 3.84890554e-02 2.76653336e+01 9.69741060e-04
   1.02449339e-02 1.46328151e-03 1.46328151e-03]
  [1.36858277e-04 3.89800057e-02 2.77867272e+01 9.54262528e-04
   1.26841974e-02 1.47237544e-03 1.47237544e-03]
  [1.28896774e-04 3.83549176e-02 2.80395093e+01 9.61528170e-04
   1.32166974e-02 1.47114284e-03 1.47114284e-03]
  [1.33056561e-04 3.87598236e-02 2.79855061e+01 9.63359912e-04
   1.12510360e-02 1.46966308e-03 1.46966308e-03]]

 [[1.40595891e-04 3.94171141e-02 2.77248839e+01 9.77551333e-04
   1.08294759e-02 1.47259471e-03 1.47259471e-03]
  [1.38472269e-04 3.92677689e-02 2.77210063e+01 9.59925653e-04
   1.29638713e-02 1.46652386e-03 1.46652386e-03]
  [1.37308708e-04 3.91364644e-02 2.78066129e+01 9.58483396e-04
   1.18201809e-02 1.47076303e-03 1.47076303e-03]
  [1.33758871e-04 3.87446831e-02 2.80322173e+01 9.62630585e-04
   1.06509947e-02 1.47140656e-03 1.47140656e-03]
  [1.25471573e-04 3.80427393e-02 2.78581925e+01 9.57214262e-04
   1.12158123e-02 1.46483458e-03 1.46483458e-03]
  [1.37409280e-04 3.91615747e-02 2.77875074e+01 9.75182419e-04
   1.14855938e-02 1.47113248e-03 1.47113248e-03]
  [2.03332709e-05 2.33643138e-02 3.00666392e+01 9.80133576e-04
   5.33450276e-03 1.42327163e-03 1.42327163e-03]
  [1.31954801e-04 3.85216156e-02 2.77916285e+01 9.56417000e-04
   1.33152594e-02 1.47009795e-03 1.47009795e-03]]

 [[1.33185840e-04 3.86043162e-02 2.78996529e+01 9.66354726e-04
   1.19969679e-02 1.47269703e-03 1.47269703e-03]
  [1.25812057e-04 3.81776821e-02 2.79546006e+01 9.58432528e-04
   1.31557790e-02 1.46554692e-03 1.46554692e-03]
  [1.31564749e-04 3.86436482e-02 2.77871525e+01 9.48960593e-04
   1.33500645e-02 1.46809194e-03 1.46809194e-03]
  [1.36058986e-04 3.90336902e-02 2.78293606e+01 9.61700987e-04
   1.14520387e-02 1.46729592e-03 1.46729592e-03]
  [1.30046925e-04 3.83879895e-02 2.79613671e+01 9.68472380e-04
   1.19259028e-02 1.46646606e-03 1.46646606e-03]
  [1.25455597e-04 3.80391576e-02 2.79821973e+01 9.63042223e-04
   1.16428172e-02 1.47281726e-03 1.47281726e-03]
  [5.84472383e-05 2.81750953e-02 2.94328366e+01 9.69466346e-04
   9.44851963e-03 1.45797338e-03 1.45797338e-03]
  [2.00876528e-05 2.33377023e-02 2.98879956e+01 9.73908868e-04
   5.32957251e-03 1.41426106e-03 1.41426106e-03]]

 [[1.35535260e-04 3.89754553e-02 2.78662524e+01 9.53837061e-04
   1.26007722e-02 1.47215780e-03 1.47215780e-03]
  [1.31404396e-04 3.86378746e-02 2.79081081e+01 9.71560387e-04
   1.08208324e-02 1.47188357e-03 1.47188357e-03]
  [1.52159119e-04 4.03121174e-02 2.79895463e+01 9.63309121e-04
   1.25405537e-02 1.47131523e-03 1.47131523e-03]
  [1.39638922e-04 3.87726524e-02 2.79208645e+01 9.68021652e-04
   1.31902847e-02 1.46141632e-03 1.46141632e-03]
  [1.35411795e-04 3.89640821e-02 2.75704966e+01 9.65865032e-04
   1.19316195e-02 1.47011989e-03 1.47011989e-03]
  [1.98451196e-05 2.33117710e-02 2.99082974e+01 9.69951799e-04
   1.05192835e-01 1.40299422e-03 1.53239332e-03]
  [1.35578054e-04 3.87075635e-02 2.76047714e+01 9.60842566e-04
   1.18811317e-02 1.47409208e-03 1.47409208e-03]
  [1.47965630e-04 3.99156073e-02 2.78205307e+01 9.66595586e-04
   1.19084732e-02 1.46824259e-03 1.46824259e-03]]]

Cumulative Reward: 6012.139066186325
