Scheduler Table:
[[[8.61289600e-07 1.41725042e-02 1.80211233e+01 3.35277138e-04
   8.27396770e-02 3.84381206e-03 3.84381206e-03]
  [8.49582281e-07 1.42598438e-02 1.86369192e+01 3.35308228e-04
   8.40355409e-02 3.82290953e-03 3.82290953e-03]
  [8.50341851e-07 1.41489670e-02 1.86431897e+01 3.35347227e-04
   8.11626246e-02 3.80759078e-03 3.80759078e-03]]

 [[8.50462801e-07 1.42905841e-02 1.82086754e+01 3.35225116e-04
   8.44107606e-02 3.82987910e-03 3.82987910e-03]
  [2.99338515e-06 1.31273575e-02 2.16144697e+01 3.35054673e-04
   8.60086350e-02 3.74244325e-03 3.74244325e-03]
  [1.35707227e-05 1.06585435e-02 2.42586878e+01 3.34658231e-04
   1.03519357e-01 3.70274629e-03 3.70274629e-03]]

 [[9.31620157e-07 1.42699863e-02 1.85267001e+01 3.35143944e-04
   8.11534263e-02 3.79237378e-03 3.79237378e-03]
  [1.36931313e-05 1.06580982e-02 2.43772327e+01 3.34596375e-04
   3.97049338e-01 3.50021019e-03 5.25293157e-03]
  [8.67307445e-07 1.42537399e-02 1.88347700e+01 3.35237975e-04
   8.02947540e-02 3.81516996e-03 3.81516996e-03]]]

Buffer Table:
[[[8.63957280e-07 1.43264234e-02 1.81290289e+01 3.35536921e-04
   7.33257393e-02 3.77467126e-03 3.77467126e-03]
  [1.35707227e-05 1.06585435e-02 2.42586878e+01 3.34658231e-04
   1.03519357e-01 3.70274629e-03 3.70274629e-03]
  [7.57667012e-07 1.39242678e-02 2.01020381e+01 3.35225892e-04
   8.06795847e-02 3.79920718e-03 3.79920718e-03]]

 [[1.36931313e-05 1.06580982e-02 2.43772327e+01 3.34596375e-04
   3.97049338e-01 3.50021019e-03 5.25293157e-03]
  [8.64736604e-07 1.42138226e-02 1.84793458e+01 3.35351091e-04
   8.14270919e-02 3.86168110e-03 3.86168110e-03]
  [9.27856012e-07 1.42829156e-02 1.75439101e+01 3.35480200e-04
   7.17082141e-02 3.75021218e-03 3.75021218e-03]]

 [[9.06247580e-07 1.42602379e-02 1.74430107e+01 3.35463109e-04
   7.37411466e-02 3.80836158e-03 3.80836158e-03]
  [9.10828232e-07 1.34471489e-02 2.10076182e+01 3.35067663e-04
   8.78873911e-02 3.78121777e-03 3.78121777e-03]
  [8.61645133e-07 1.41507348e-02 1.87215062e+01 3.35192936e-04
   8.17897369e-02 3.85148869e-03 3.85148869e-03]]]

Arbiter Table:
[[[1.78429696e-05 1.06541033e-02 2.43475141e+01 3.34541264e-04
   3.98102728e-01 3.47335603e-03 5.22607740e-03]
  [7.23073891e-07 1.32930902e-02 2.02982065e+01 3.35127141e-04
   9.04416111e-02 3.71255394e-03 3.71255394e-03]
  [7.61702250e-07 1.38142748e-02 1.99683132e+01 3.35298789e-04
   7.49758037e-02 3.82786793e-03 3.82786793e-03]]

 [[5.78393493e-07 1.28599670e-02 2.19723622e+01 3.34972782e-04
   9.64991907e-02 3.74639577e-03 3.74639577e-03]
  [6.50905739e-07 1.29721776e-02 2.10749993e+01 3.34914520e-04
   1.00812494e-01 3.68424160e-03 3.68424160e-03]
  [8.80314008e-07 1.41232654e-02 1.89465345e+01 3.35182787e-04
   8.05758627e-02 3.83201612e-03 3.83201612e-03]]

 [[1.48234811e-05 1.34047195e-02 2.09761195e+01 3.35115822e-04
   8.05566062e-02 3.79626544e-03 3.79626544e-03]
  [9.19636250e-07 1.42709480e-02 1.84601587e+01 3.35365224e-04
   9.50842400e-02 3.82140086e-03 3.82140086e-03]
  [9.20291201e-07 1.42357652e-02 1.84260257e+01 3.35447870e-04
   9.12601461e-02 3.80369483e-03 3.80369483e-03]]]

Page Table:
[[[1.78429696e-05 1.06541033e-02 2.43475141e+01 3.34541264e-04
   3.98102728e-01 3.47335603e-03 5.22607740e-03]
  [1.69570175e-06 1.43867661e-02 1.84548809e+01 3.35552341e-04
   8.11550803e-02 3.79517792e-03 3.79517792e-03]
  [1.62479233e-06 1.41452980e-02 1.84968655e+01 3.35240277e-04
   9.96254859e-02 3.71913653e-03 3.71913653e-03]
  [1.60472714e-06 1.41656605e-02 1.92562951e+01 3.35318930e-04
   9.24698892e-02 3.77814817e-03 3.77814817e-03]]

 [[3.52162489e-06 1.34627447e-02 2.07015307e+01 3.35136485e-04
   9.96799974e-02 3.70912997e-03 3.70912997e-03]
  [1.85882738e-06 1.43096953e-02 1.81050808e+01 3.35274498e-04
   9.29805207e-02 3.79946499e-03 3.79946499e-03]
  [1.76851265e-06 1.44015612e-02 1.78436733e+01 3.35566275e-04
   7.40106120e-02 3.75386082e-03 3.75386082e-03]
  [1.68917629e-06 1.43166049e-02 1.80989635e+01 3.35560627e-04
   7.64544450e-02 3.81206425e-03 3.81206425e-03]]

 [[1.90094532e-06 1.44319806e-02 1.84565670e+01 3.35495201e-04
   8.29403501e-02 3.80085397e-03 3.80085397e-03]
  [4.50478254e-06 1.38859387e-02 2.01756382e+01 3.35133085e-04
   9.61738424e-02 3.74691566e-03 3.74691566e-03]
  [1.82462383e-06 1.44199544e-02 1.80457936e+01 3.35515014e-04
   7.66052909e-02 3.70816352e-03 3.70816352e-03]
  [1.90793208e-06 1.43986065e-02 1.79842331e+01 3.35372214e-04
   8.02089909e-02 3.85833853e-03 3.85833853e-03]]

 [[1.28619578e-06 1.34295371e-02 2.06819917e+01 3.35092426e-04
   1.07585835e-01 3.76525278e-03 3.76525278e-03]
  [1.80188508e-06 1.44521084e-02 1.85851826e+01 3.35253407e-04
   8.72271570e-02 3.74356493e-03 3.74356493e-03]
  [1.73750155e-06 1.44250112e-02 1.83016433e+01 3.35434855e-04
   8.37454732e-02 3.70633779e-03 3.70633779e-03]
  [1.82937424e-06 1.44669921e-02 1.77513702e+01 3.35315909e-04
   8.15635042e-02 3.80072625e-03 3.80072625e-03]]]

Response Table:
[[[5.03620923e-07 1.41254962e-02 1.83134896e+01]
  [4.95618757e-07 1.40976839e-02 1.91317338e+01]]

 [[4.95829772e-07 1.40724443e-02 1.89854719e+01]
  [1.78429696e-05 1.06541033e-02 2.43475141e+01]]]

Refresh Table:
[[[4.92606446e-07 1.41819604e-02 1.85905559e+01]
  [4.96854338e-07 1.31376629e-02 2.12835890e+01]]

 [[5.16286796e-07 1.37182149e-02 2.01734156e+01]
  [1.78429696e-05 1.06541033e-02 2.43475141e+01]]]

Request Buffer Table:
[[[4.05506990e-06 1.54187610e-02 1.74111126e+01]
  [4.46019526e-06 1.53337213e-02 1.82809902e+01]
  [4.42770437e-06 1.54215976e-02 1.86283795e+01]
  [7.43912533e-06 1.54924438e-02 1.80571694e+01]
  [1.09946264e-05 1.30109030e-02 2.27704675e+01]
  [3.85029825e-06 1.53908185e-02 1.88036223e+01]
  [4.61058289e-06 1.54693417e-02 1.87541982e+01]
  [5.27383971e-06 1.54337878e-02 1.82900226e+01]]

 [[4.78047016e-06 1.54144940e-02 1.76114676e+01]
  [4.84122792e-06 1.55652157e-02 1.81622454e+01]
  [4.74241072e-06 1.54788567e-02 1.77448872e+01]
  [4.99442323e-06 1.56276009e-02 1.79350167e+01]
  [4.91496869e-06 1.53777949e-02 1.83646695e+01]
  [4.22508307e-06 1.54063264e-02 1.81411417e+01]
  [2.30640047e-06 1.32983261e-02 2.21090303e+01]
  [4.93867963e-06 1.53123527e-02 1.75328345e+01]]

 [[4.37346274e-06 1.53260494e-02 1.80826917e+01]
  [5.59868352e-06 1.55711386e-02 1.80726191e+01]
  [4.87872796e-06 1.54904757e-02 1.87252872e+01]
  [5.96472234e-06 1.56619263e-02 1.83758402e+01]
  [4.18479240e-06 1.53092077e-02 1.89387142e+01]
  [3.99657192e-06 1.56997688e-02 1.83370059e+01]
  [3.98939189e-06 1.53246272e-02 1.78674375e+01]
  [4.31378418e-06 1.55418585e-02 1.84108710e+01]]

 [[4.68774143e-06 1.57892309e-02 1.81704903e+01]
  [5.00438895e-06 1.54280714e-02 1.82101798e+01]
  [9.35702009e-06 1.56990250e-02 1.90886910e+01]
  [4.29623299e-06 1.55316383e-02 1.80988290e+01]
  [5.05639598e-06 1.54361417e-02 1.90650397e+01]
  [4.99146079e-06 1.56846067e-02 1.88593411e+01]
  [5.28781565e-06 1.57877017e-02 1.76566296e+01]
  [6.40006433e-06 1.53600275e-02 1.80720647e+01]]

 [[3.36599384e-06 1.47511529e-02 1.95500686e+01]
  [4.13413656e-06 1.52508713e-02 1.87897704e+01]
  [4.16852472e-06 1.53425178e-02 1.81962098e+01]
  [5.25870111e-06 1.54782073e-02 1.84825428e+01]
  [4.32488775e-06 1.55153550e-02 1.82560634e+01]
  [4.68588269e-06 1.54590849e-02 1.85660549e+01]
  [1.36931313e-05 1.06580982e-02 2.43772327e+01]
  [4.36362172e-06 1.54208249e-02 1.80502144e+01]]

 [[4.09775553e-06 1.54789295e-02 1.82188462e+01]
  [4.17769795e-06 1.53936658e-02 1.80461198e+01]
  [6.30624112e-06 1.55772527e-02 1.80113264e+01]
  [4.77392243e-06 1.54830602e-02 1.86609305e+01]
  [4.30522593e-06 1.52375372e-02 1.83388002e+01]
  [3.91247001e-06 1.53778563e-02 1.91028511e+01]
  [3.99244420e-06 1.53254717e-02 1.83024585e+01]
  [3.99891448e-06 1.54546917e-02 1.88167185e+01]]

 [[3.84864099e-06 1.52895165e-02 1.88161212e+01]
  [4.45357395e-06 1.53198764e-02 1.87096973e+01]
  [4.59914959e-06 1.53997786e-02 1.81639273e+01]
  [5.40286668e-06 1.55935688e-02 1.80466931e+01]
  [1.35707227e-05 1.06585435e-02 2.42586878e+01]
  [3.93634515e-06 1.55166490e-02 1.84268802e+01]
  [3.90309264e-06 1.56929407e-02 1.82237474e+01]
  [3.55706902e-06 1.52708919e-02 1.82808531e+01]]

 [[4.61778475e-06 1.54801688e-02 1.84460031e+01]
  [4.82622987e-06 1.53368429e-02 1.82251068e+01]
  [4.61453568e-06 1.54100869e-02 1.89075344e+01]
  [4.67237734e-06 1.56253337e-02 1.80598470e+01]
  [6.02867554e-06 1.56042178e-02 1.80172789e+01]
  [4.26049587e-06 1.56535840e-02 1.85070542e+01]
  [4.05145234e-06 1.52801167e-02 1.90505205e+01]
  [4.31268542e-06 1.53994964e-02 1.86508936e+01]]]

Ref Max Post Table:
[[[1.55682535e-06 1.44395312e-02 1.84359254e+01]
  [3.18134012e-06 1.38620402e-02 2.00025514e+01]
  [1.55665220e-06 1.43361977e-02 1.81335033e+01]
  [1.76962064e-06 1.44441573e-02 1.80508995e+01]]

 [[1.79892153e-06 1.43960624e-02 1.75944014e+01]
  [1.63172910e-06 1.44477314e-02 1.79691134e+01]
  [1.42430053e-06 1.43007330e-02 1.82457312e+01]
  [2.80241464e-06 1.33116183e-02 2.12518145e+01]]

 [[1.78111434e-06 1.44047801e-02 1.84118031e+01]
  [1.64086882e-06 1.43718480e-02 1.87207484e+01]
  [1.58926600e-06 1.44026674e-02 1.83948646e+01]
  [1.17024625e-06 1.32953965e-02 2.06879844e+01]]

 [[1.55266498e-06 1.42849079e-02 1.88166507e+01]
  [1.26827372e-06 1.41120382e-02 1.98491498e+01]
  [1.45421737e-06 1.41705402e-02 1.91927081e+01]
  [1.78429696e-05 1.06541033e-02 2.43475141e+01]]]

Ref Max Pull Table:
[[[1.49710645e-06 1.43824277e-02 1.90634454e+01]
  [2.10711347e-06 1.44975117e-02 1.85161566e+01]
  [1.80978319e-06 1.44228918e-02 1.82988012e+01]
  [4.87984210e-06 1.11621336e-02 2.38633273e+01]]

 [[2.98397501e-06 1.36677387e-02 2.02992774e+01]
  [1.85508005e-06 1.43699291e-02 1.84089333e+01]
  [1.70032094e-06 1.43531559e-02 1.79844686e+01]
  [1.35690849e-05 1.06606009e-02 2.42555655e+01]]

 [[2.45339175e-06 1.27598247e-02 2.14548792e+01]
  [1.76058894e-06 1.43875145e-02 1.82245932e+01]
  [1.85807721e-06 1.44210073e-02 1.77727963e+01]
  [1.90868911e-06 1.44218419e-02 1.80940989e+01]]

 [[1.93312925e-06 1.34191731e-02 2.05988052e+01]
  [1.36915628e-05 1.06600685e-02 2.43742425e+01]
  [1.56877819e-06 1.41474048e-02 1.88570000e+01]
  [2.16132009e-06 1.45383612e-02 1.80976641e+01]]]

Max Activate Table:
[[[4.39686146e-06 1.55739792e-02 1.79311104e+01 3.35395038e-04
   9.11053991e-02 3.67934698e-03 3.67934698e-03]
  [5.15859004e-06 1.54598362e-02 1.82215679e+01 3.35607468e-04
   9.03795507e-02 3.73726816e-03 3.73726816e-03]
  [4.40413204e-06 1.55321702e-02 1.83190776e+01 3.35364219e-04
   9.20303284e-02 3.65207464e-03 3.65207464e-03]
  [4.26114196e-06 1.55664643e-02 1.78695534e+01 3.35389434e-04
   8.96305794e-02 3.72172144e-03 3.72172144e-03]
  [4.65323818e-06 1.55371091e-02 1.83346813e+01 3.35470527e-04
   8.69104166e-02 3.68698010e-03 3.68698010e-03]
  [4.65308097e-06 1.54763583e-02 1.89849234e+01 3.35467754e-04
   9.00286582e-02 3.72727518e-03 3.72727518e-03]
  [4.30240400e-06 1.53947031e-02 1.93300334e+01 3.35556692e-04
   8.73618403e-02 3.78042214e-03 3.78042214e-03]
  [3.87937187e-06 1.52420812e-02 1.83973559e+01 3.35485812e-04
   8.60692281e-02 3.75247803e-03 3.75247803e-03]]

 [[4.33809153e-06 1.57461654e-02 1.74130230e+01 3.35413714e-04
   9.23443438e-02 3.70618525e-03 3.70618525e-03]
  [4.45155205e-06 1.55884395e-02 1.85495776e+01 3.35646181e-04
   9.20704795e-02 3.62267984e-03 3.62267984e-03]
  [4.47621118e-06 1.54623186e-02 1.88852289e+01 3.35360918e-04
   1.17032045e-01 3.81476543e-03 3.81476543e-03]
  [4.66924836e-06 1.53817533e-02 1.87486636e+01 3.35389904e-04
   9.11202083e-02 3.72109382e-03 3.72109382e-03]
  [4.33803383e-06 1.53946283e-02 1.81118032e+01 3.35405627e-04
   1.00411861e-01 3.68139743e-03 3.68139743e-03]
  [4.93437477e-06 1.53927396e-02 1.86223611e+01 3.35390805e-04
   8.81263003e-02 3.73324154e-03 3.73324154e-03]
  [4.46191870e-06 1.54732537e-02 1.87968599e+01 3.35418297e-04
   9.06538264e-02 3.65585076e-03 3.65585076e-03]
  [4.44680738e-06 1.53793765e-02 1.80585326e+01 3.35693933e-04
   9.19598859e-02 3.67087721e-03 3.67087721e-03]]

 [[3.89005321e-06 1.53585619e-02 1.84348480e+01 3.35298788e-04
   9.12073496e-02 3.75310515e-03 3.75310515e-03]
  [5.65229927e-06 1.56068448e-02 1.79630334e+01 3.35890573e-04
   9.09987790e-02 3.69207718e-03 3.69207718e-03]
  [4.14838029e-06 1.52948015e-02 1.85439276e+01 3.35347523e-04
   8.91174791e-02 3.69177813e-03 3.69177813e-03]
  [4.18073456e-06 1.56723624e-02 1.82892562e+01 3.35283359e-04
   9.68176564e-02 3.65219345e-03 3.65219345e-03]
  [4.07432277e-06 1.54666794e-02 1.83170149e+01 3.35443574e-04
   8.85157926e-02 3.76486291e-03 3.76486291e-03]
  [3.30047910e-06 1.49252893e-02 1.99684898e+01 3.35216563e-04
   1.14962505e-01 3.80311975e-03 3.80311975e-03]
  [4.28148731e-06 1.54285340e-02 1.88028098e+01 3.35449077e-04
   9.14187569e-02 3.68959372e-03 3.68959372e-03]
  [4.18270593e-06 1.52558772e-02 1.86025267e+01 3.35493115e-04
   8.68533602e-02 3.64356378e-03 3.64356378e-03]]

 [[4.16187861e-06 1.53650362e-02 1.79695091e+01 3.35285085e-04
   8.89694766e-02 3.70691930e-03 3.70691930e-03]
  [4.21474149e-06 1.54864283e-02 1.77919502e+01 3.35379482e-04
   9.65036031e-02 3.67352907e-03 3.67352907e-03]
  [4.29605118e-06 1.53801509e-02 1.80294859e+01 3.35333388e-04
   9.69138573e-02 3.77562717e-03 3.77562717e-03]
  [4.67153395e-06 1.56380290e-02 1.79440248e+01 3.35264058e-04
   9.78938343e-02 3.66451869e-03 3.66451869e-03]
  [4.25592350e-06 1.54661812e-02 1.82935853e+01 3.35321895e-04
   9.00332817e-02 3.69504789e-03 3.69504789e-03]
  [4.50176043e-06 1.57609595e-02 1.86422894e+01 3.35280638e-04
   9.47488715e-02 3.69142007e-03 3.69142007e-03]
  [3.99669211e-06 1.52028278e-02 1.90437073e+01 3.35479190e-04
   9.37020161e-02 3.71339468e-03 3.71339468e-03]
  [5.38700873e-06 1.55275277e-02 1.84528620e+01 3.35517604e-04
   8.74842459e-02 3.76774599e-03 3.76774599e-03]]

 [[4.06082536e-06 1.54596185e-02 1.84304770e+01 3.35377301e-04
   9.05224390e-02 3.72489636e-03 3.72489636e-03]
  [4.27149732e-06 1.54872532e-02 1.88804126e+01 3.35344621e-04
   8.73940012e-02 3.72140118e-03 3.72140118e-03]
  [4.02819400e-06 1.52204294e-02 1.91389364e+01 3.35505901e-04
   1.05216186e-01 3.81013127e-03 3.81013127e-03]
  [4.47936547e-06 1.55352567e-02 1.74628395e+01 3.35523207e-04
   9.07491420e-02 3.67040609e-03 3.67040609e-03]
  [5.23102639e-06 1.56643137e-02 1.79985375e+01 3.35292118e-04
   8.93633597e-02 3.65952116e-03 3.65952116e-03]
  [4.34458800e-06 1.53982677e-02 1.79779810e+01 3.35244882e-04
   9.23092670e-02 3.76255266e-03 3.76255266e-03]
  [4.03830467e-06 1.52383672e-02 1.84697797e+01 3.35331576e-04
   8.72458306e-02 3.73290135e-03 3.73290135e-03]
  [4.92967929e-06 1.55148917e-02 1.87776851e+01 3.35301843e-04
   9.15413848e-02 3.72481097e-03 3.72481097e-03]]

 [[4.79117440e-06 1.55742609e-02 1.75594571e+01 3.35397704e-04
   9.37721208e-02 3.67044702e-03 3.67044702e-03]
  [6.10640738e-06 1.57403258e-02 1.79660555e+01 3.35721596e-04
   9.18494951e-02 3.67801225e-03 3.67801225e-03]
  [4.56420029e-06 1.55853971e-02 1.76998489e+01 3.35461554e-04
   8.82683275e-02 3.76198662e-03 3.76198662e-03]
  [4.36878643e-06 1.55492104e-02 1.86915866e+01 3.35323027e-04
   1.03968005e-01 3.70962350e-03 3.70962350e-03]
  [4.45154958e-06 1.53073573e-02 1.80008146e+01 3.35193718e-04
   1.01400923e-01 3.70880470e-03 3.70880470e-03]
  [4.98612084e-06 1.54682645e-02 1.81555247e+01 3.35496716e-04
   8.94518669e-02 3.67786585e-03 3.67786585e-03]
  [1.35707227e-05 1.06585435e-02 2.42586878e+01 3.34658231e-04
   1.03519357e-01 3.70274629e-03 3.70274629e-03]
  [4.70973330e-06 1.54017460e-02 1.85312517e+01 3.35859068e-04
   8.23384520e-02 3.76891951e-03 3.76891951e-03]]

 [[3.98129224e-06 1.53737162e-02 1.81559808e+01 3.35317034e-04
   9.09622832e-02 3.73155897e-03 3.73155897e-03]
  [4.01722749e-06 1.53253884e-02 1.85417907e+01 3.35442463e-04
   9.49612021e-02 3.73260849e-03 3.73260849e-03]
  [4.88972275e-06 1.55844751e-02 1.83388468e+01 3.35536816e-04
   9.01528013e-02 3.64672899e-03 3.64672899e-03]
  [4.39143963e-06 1.54168135e-02 1.86650647e+01 3.35308338e-04
   9.16092319e-02 3.72523560e-03 3.72523560e-03]
  [4.05620115e-06 1.53456964e-02 1.88884397e+01 3.35564510e-04
   8.61071514e-02 3.73098073e-03 3.73098073e-03]
  [1.36931313e-05 1.06580982e-02 2.43772327e+01 3.34596375e-04
   3.97049338e-01 3.50021019e-03 5.25293157e-03]
  [4.04026491e-06 1.53445943e-02 1.83082753e+01 3.35284693e-04
   9.69577071e-02 3.74936771e-03 3.74936771e-03]
  [5.07905292e-06 1.55717542e-02 1.86363068e+01 3.35317518e-04
   9.83559661e-02 3.69877294e-03 3.69877294e-03]]

 [[4.26564368e-06 1.55758231e-02 1.81096902e+01 3.35282783e-04
   9.27306865e-02 3.72571806e-03 3.72571806e-03]
  [4.77923200e-06 1.55123113e-02 1.83206521e+01 3.35420666e-04
   9.05788772e-02 3.73562771e-03 3.73562771e-03]
  [4.10410368e-06 1.54629515e-02 1.85732732e+01 3.35927007e-04
   8.65996718e-02 3.65225858e-03 3.65225858e-03]
  [4.86312706e-06 1.53831255e-02 1.87966375e+01 3.35414738e-04
   8.71871402e-02 3.68651038e-03 3.68651038e-03]
  [4.78842719e-06 1.53144639e-02 1.75404039e+01 3.35562921e-04
   8.65321039e-02 3.68169527e-03 3.68169527e-03]
  [4.27521811e-06 1.53580806e-02 1.93255176e+01 3.36209839e-04
   8.63321796e-02 3.65458761e-03 3.65458761e-03]
  [4.52903234e-06 1.54953048e-02 1.76804630e+01 3.35403535e-04
   9.13755758e-02 3.79990088e-03 3.79990088e-03]
  [4.80057507e-06 1.58931426e-02 1.80642436e+01 3.35272227e-04
   9.75568928e-02 3.66517550e-03 3.66517550e-03]]]

Cumulative Reward: 9364.688169987066
