Scheduler Table:
[[[4.95694705e-05 1.58447236e-01 1.82397984e+02 3.35426334e-03
   9.29154474e-01 3.72143209e-02 3.72143209e-02]
  [4.87640460e-05 1.58223153e-01 1.83594854e+02 3.35416294e-03
   9.41505620e-01 3.71291677e-02 3.71291677e-02]
  [4.92864783e-05 1.58387827e-01 1.82543534e+02 3.35414733e-03
   9.38310182e-01 3.72010958e-02 3.72010958e-02]]

 [[4.89196028e-05 1.58290949e-01 1.82392918e+02 3.35407971e-03
   9.42910974e-01 3.71583960e-02 3.71583960e-02]
  [1.51067513e-04 1.16221706e-01 2.28925257e+02 3.34863985e-03
   1.33748446e+00 3.72832220e-02 3.93280636e-02]
  [5.92161035e-05 1.43730845e-01 2.08378029e+02 3.35231410e-03
   9.48022387e-01 3.74004622e-02 3.74004622e-02]]

 [[4.99622248e-05 1.58700786e-01 1.82526619e+02 3.35393962e-03
   9.46411150e-01 3.72295920e-02 3.72295920e-02]
  [6.04007866e-05 1.42044399e-01 2.11595974e+02 3.35195679e-03
   9.52593639e-01 3.74533349e-02 3.74533349e-02]
  [4.87986254e-05 1.58312077e-01 1.83305763e+02 3.35402336e-03
   9.40070889e-01 3.71335832e-02 3.71335832e-02]]]

Buffer Table:
[[[6.53756154e-04 1.24005046e-01 2.20346578e+02 3.35020995e-03
   1.32221512e+00 3.71573197e-02 3.92021613e-02]
  [4.65434622e-05 1.58344407e-01 1.83092902e+02 3.35434305e-03
   9.30201003e-01 3.70085923e-02 3.70085923e-02]
  [1.05896790e-03 1.31502371e-01 2.15070570e+02 3.35232768e-03
   9.34995902e-01 3.73542828e-02 3.73542828e-02]]

 [[1.15937782e-03 1.28973137e-01 2.18091597e+02 3.35222819e-03
   9.50856878e-01 3.73897417e-02 3.73897417e-02]
  [4.67780378e-05 1.58426940e-01 1.82197963e+02 3.35436492e-03
   9.32980749e-01 3.70986615e-02 3.70986615e-02]
  [4.71193177e-05 1.58825198e-01 1.81876814e+02 3.35464097e-03
   9.20814862e-01 3.69125278e-02 3.69125278e-02]]

 [[4.76914224e-05 1.58709788e-01 1.81727041e+02 3.35447263e-03
   9.37888121e-01 3.70373832e-02 3.70373832e-02]
  [1.12387610e-03 1.29686693e-01 2.17336984e+02 3.35220436e-03
   9.33689261e-01 3.73691418e-02 3.73691418e-02]
  [4.69283248e-05 1.58428355e-01 1.82766815e+02 3.35411822e-03
   9.45411258e-01 3.71596423e-02 3.71596423e-02]]]

Arbiter Table:
[[[1.51067508e-04 1.16221713e-01 2.28925241e+02 3.34863985e-03
   1.33748441e+00 3.72832221e-02 3.93280637e-02]
  [4.85234893e-05 1.49779421e-01 1.97941074e+02 3.35301828e-03
   9.22927923e-01 3.72296607e-02 3.72296607e-02]
  [4.96726323e-05 1.58587609e-01 1.83602653e+02 3.35380842e-03
   9.36933629e-01 3.70127269e-02 3.70127269e-02]]

 [[5.04880802e-05 1.47220811e-01 2.04167211e+02 3.35208431e-03
   9.50779682e-01 3.71516967e-02 3.71516967e-02]
  [4.99333189e-05 1.58738926e-01 1.82542396e+02 3.35399492e-03
   9.61984134e-01 3.72881923e-02 3.72881923e-02]
  [4.70617973e-05 1.50555389e-01 1.98681775e+02 3.35324043e-03
   9.02342497e-01 3.72547799e-02 3.72547799e-02]]

 [[4.98900978e-05 1.58818821e-01 1.83079008e+02 3.35367905e-03
   9.34472223e-01 3.69941437e-02 3.69941437e-02]
  [4.32127055e-05 1.43767748e-01 2.10661598e+02 3.35259250e-03
   8.66055715e-01 3.74629617e-02 3.74629617e-02]
  [4.98688697e-05 1.58645999e-01 1.83149626e+02 3.35367536e-03
   9.43235459e-01 3.71324917e-02 3.71324917e-02]]]

Page Table:
[[[1.51076657e-04 1.16239416e-01 2.28913876e+02 3.34863952e-03
   1.33738711e+00 3.72830481e-02 3.93278897e-02]
  [5.94077476e-05 1.99565335e-01 1.83197378e+02 3.34669284e-03
   9.57935669e-01 3.70428780e-02 3.70428780e-02]
  [5.99312743e-05 1.99615200e-01 1.82636133e+02 3.34648573e-03
   9.59462160e-01 3.69207377e-02 3.69207377e-02]
  [5.92220635e-05 1.99221591e-01 1.83293463e+02 3.34663044e-03
   9.63132745e-01 3.70693899e-02 3.70693899e-02]]

 [[5.48321186e-05 1.82047524e-01 1.96221669e+02 3.34702307e-03
   1.01494757e+00 3.71244392e-02 3.71244392e-02]
  [6.06408620e-05 1.99739634e-01 1.81660439e+02 3.34684197e-03
   9.35434665e-01 3.70607220e-02 3.70607220e-02]
  [6.16355968e-05 2.00595636e-01 1.81513812e+02 3.34675121e-03
   9.34886802e-01 3.69430797e-02 3.69430797e-02]
  [5.95114876e-05 1.99913709e-01 1.81482725e+02 3.34681113e-03
   9.38340430e-01 3.70749029e-02 3.70749029e-02]]

 [[6.03048280e-05 2.00483935e-01 1.82165178e+02 3.34672126e-03
   9.43243415e-01 3.70401431e-02 3.70401431e-02]
  [6.15210762e-05 1.89687105e-01 1.91183057e+02 3.34706483e-03
   9.67174385e-01 3.71475051e-02 3.71475051e-02]
  [6.10521325e-05 2.00344402e-01 1.82144904e+02 3.34677236e-03
   9.35492411e-01 3.68943749e-02 3.68943749e-02]
  [6.30954998e-05 2.00637302e-01 1.81609750e+02 3.34643498e-03
   9.43734035e-01 3.71004425e-02 3.71004425e-02]]

 [[5.06614363e-05 1.83210029e-01 1.93436279e+02 3.34685395e-03
   1.04554397e+00 3.71671360e-02 3.71671360e-02]
  [6.00176867e-05 2.00109504e-01 1.82552962e+02 3.34641331e-03
   9.54993866e-01 3.69992683e-02 3.69992683e-02]
  [6.08482295e-05 2.00004077e-01 1.82586657e+02 3.34679418e-03
   9.42910341e-01 3.68937419e-02 3.68937419e-02]
  [6.06762470e-05 2.00668509e-01 1.81373566e+02 3.34634757e-03
   9.45955480e-01 3.70227904e-02 3.70227904e-02]]]

Response Table:
[[[3.11141142e-05 1.21122375e-01 2.21995047e+02]
  [3.78940248e-04 1.39554619e-01 2.00805613e+02]]

 [[2.12739179e-04 1.36816719e-01 2.04613095e+02]
  [3.65024369e-05 1.47288676e-01 1.84632251e+02]]]

Refresh Table:
[[[1.51067513e-04 1.16221706e-01 2.28925256e+02]
  [3.47326247e-05 1.38174866e-01 2.09695618e+02]]

 [[3.50556965e-05 1.37054326e-01 2.12922863e+02]
  [3.20267015e-05 1.47852359e-01 1.84049950e+02]]]

Request Buffer Table:
[[[1.46072658e-04 7.09400973e-01 1.41893324e+02]
  [1.46820098e-04 7.08401039e-01 1.43230528e+02]
  [1.46617337e-04 7.11895406e-01 1.42842163e+02]
  [1.52114566e-04 7.15046273e-01 1.42692582e+02]
  [1.45481233e-04 7.02638866e-01 1.43474012e+02]
  [1.47703276e-04 7.08656921e-01 1.43399480e+02]
  [1.42069074e-04 6.92137190e-01 1.46224916e+02]
  [1.45013794e-04 7.06191795e-01 1.42950557e+02]]

 [[1.45464842e-04 7.09223549e-01 1.42247914e+02]
  [1.51068003e-04 1.16224066e-01 2.28924874e+02]
  [1.46445507e-04 7.09998972e-01 1.42048044e+02]
  [1.47626996e-04 7.15749194e-01 1.42891109e+02]
  [1.47846203e-04 7.15988905e-01 1.42589576e+02]
  [1.51138540e-04 7.21090424e-01 1.42446269e+02]
  [1.47341469e-04 7.15132879e-01 1.42426242e+02]
  [1.43836391e-04 6.99678892e-01 1.42671504e+02]]

 [[1.42573679e-04 6.94067710e-01 1.45149583e+02]
  [1.45899753e-04 7.04888905e-01 1.43693912e+02]
  [1.18624938e-04 5.72975901e-01 1.65079193e+02]
  [1.49585793e-04 7.30705811e-01 1.42026890e+02]
  [1.46469165e-04 7.11169444e-01 1.42909744e+02]
  [1.53015638e-04 7.25540096e-01 1.41543296e+02]
  [1.43449829e-04 6.97271334e-01 1.44910023e+02]
  [1.50208605e-04 7.16033264e-01 1.42986048e+02]]

 [[1.46229749e-04 7.12034752e-01 1.42279970e+02]
  [1.48163782e-04 7.21373224e-01 1.41296250e+02]
  [1.09370821e-04 5.36530379e-01 1.69876954e+02]
  [1.46139841e-04 7.06873496e-01 1.43085893e+02]
  [1.49849285e-04 7.13553585e-01 1.43015484e+02]
  [1.46207149e-04 7.11727342e-01 1.43304946e+02]
  [1.47066288e-04 7.10894552e-01 1.42398948e+02]
  [1.48252312e-04 7.09196523e-01 1.43142579e+02]]

 [[1.45206765e-04 7.04293758e-01 1.42334689e+02]
  [1.48277935e-04 7.09036979e-01 1.43265724e+02]
  [1.46080559e-04 7.06979154e-01 1.42652069e+02]
  [1.14379198e-04 5.61427963e-01 1.66078565e+02]
  [1.46602537e-04 7.09770423e-01 1.43080983e+02]
  [1.47251499e-04 7.14345583e-01 1.42818319e+02]
  [1.53577487e-04 7.21969188e-01 1.42358055e+02]
  [1.46851757e-04 7.09541784e-01 1.43405202e+02]]

 [[1.45381306e-04 7.04802879e-01 1.43374133e+02]
  [1.45377961e-04 7.04565461e-01 1.43331495e+02]
  [1.48989513e-04 7.16262064e-01 1.42460301e+02]
  [1.51996501e-04 7.25916743e-01 1.42173989e+02]
  [1.45925276e-04 7.08491726e-01 1.42945214e+02]
  [1.43783292e-04 6.97635627e-01 1.44288000e+02]
  [1.44109247e-04 6.99308294e-01 1.43215551e+02]
  [1.50397427e-04 7.14120050e-01 1.42829665e+02]]

 [[1.48119564e-04 7.18620281e-01 1.42070385e+02]
  [1.49231706e-04 7.13994345e-01 1.42353099e+02]
  [1.48091274e-04 7.20378827e-01 1.41945722e+02]
  [1.52418012e-04 7.19123586e-01 1.42293564e+02]
  [1.30368920e-04 6.34665615e-01 1.55272378e+02]
  [1.45247190e-04 7.04336918e-01 1.43328850e+02]
  [1.49589714e-04 7.30751317e-01 1.41932110e+02]
  [1.46916290e-04 7.15334911e-01 1.43134139e+02]]

 [[1.45858041e-04 7.03389270e-01 1.42800617e+02]
  [1.47881709e-04 7.18773813e-01 1.41702135e+02]
  [1.47097991e-04 7.09172818e-01 1.43874003e+02]
  [1.48954889e-04 7.23318703e-01 1.41963255e+02]
  [1.50486500e-04 7.23829220e-01 1.42402168e+02]
  [1.53065016e-04 7.46127930e-01 1.40196735e+02]
  [1.45836399e-04 7.10910618e-01 1.43095535e+02]
  [1.49180477e-04 7.12403133e-01 1.43245836e+02]]]

Ref Max Post Table:
[[[6.03056256e-05 2.00390604e-01 1.82399881e+02]
  [6.16586097e-05 2.00772580e-01 1.82823639e+02]
  [6.30482202e-05 2.04080717e-01 1.82070625e+02]
  [5.47934206e-05 1.85371373e-01 1.94517981e+02]]

 [[6.07174233e-05 2.00229204e-01 1.81937121e+02]
  [6.18897948e-05 2.00939918e-01 1.82054453e+02]
  [5.83685339e-05 1.97587320e-01 1.85265076e+02]
  [6.17517086e-05 2.01188074e-01 1.82228575e+02]]

 [[6.20767384e-05 2.01079894e-01 1.83017515e+02]
  [6.24329185e-05 2.01758787e-01 1.81848188e+02]
  [6.20312765e-05 2.01258644e-01 1.82306372e+02]
  [3.64862333e-04 1.77839321e-01 1.97453659e+02]]

 [[6.04078703e-05 2.00017176e-01 1.83473811e+02]
  [5.99923707e-05 1.99589674e-01 1.83970294e+02]
  [5.85633066e-05 1.88640851e-01 1.91276060e+02]
  [5.85333792e-05 1.21558293e-01 2.25689446e+02]]]

Ref Max Pull Table:
[[[6.31337417e-05 1.36784313e-01 2.16917879e+02]
  [5.77236018e-05 1.99287602e-01 1.84224290e+02]
  [5.85865842e-05 1.99953109e-01 1.82927846e+02]
  [5.76777744e-05 1.99199242e-01 1.83313070e+02]]

 [[1.36032361e-04 1.77994324e-01 1.95968799e+02]
  [5.88331309e-05 2.00588604e-01 1.82899662e+02]
  [5.81885052e-05 1.99942110e-01 1.83232301e+02]
  [5.88674828e-05 2.00262569e-01 1.82739097e+02]]

 [[5.74487318e-05 1.99091763e-01 1.82772342e+02]
  [5.09430000e-05 1.87265048e-01 1.90280021e+02]
  [5.92182592e-05 2.01704374e-01 1.81941216e+02]
  [5.90792000e-05 2.01005999e-01 1.81880510e+02]]

 [[5.75380956e-05 1.99162008e-01 1.83732947e+02]
  [5.94959915e-05 2.01533746e-01 1.82378003e+02]
  [5.80024941e-05 1.99637558e-01 1.82985511e+02]
  [6.02752122e-05 2.02578250e-01 1.82623192e+02]]]

Max Activate Table:
[[[1.35702377e-04 6.73774612e-01 1.42332300e+02 2.62421502e-03
   7.53355801e-01 2.89029906e-02 2.89029906e-02]
  [1.35580730e-04 6.77539559e-01 1.42606243e+02 2.61883858e-03
   7.49262853e-01 2.89853978e-02 2.89853978e-02]
  [1.39333562e-04 6.79961826e-01 1.42491893e+02 2.61516923e-03
   7.54568184e-01 2.88530684e-02 2.88530684e-02]
  [1.39866557e-04 6.83765203e-01 1.41563544e+02 2.61013166e-03
   7.46756592e-01 2.88497203e-02 2.88497203e-02]
  [1.39978775e-04 6.90746746e-01 1.41980273e+02 2.60065416e-03
   7.48233209e-01 2.87218212e-02 2.87218212e-02]
  [1.38391980e-04 6.89215565e-01 1.41180109e+02 2.60253941e-03
   7.49021909e-01 2.87747732e-02 2.87747732e-02]
  [1.35935275e-04 6.76154725e-01 1.44214762e+02 2.62109657e-03
   7.42029817e-01 2.90980377e-02 2.90980377e-02]
  [1.74217620e-03 1.30715735e-01 2.28634673e+02 3.33536502e-03
   9.38726676e-01 3.72248124e-02 3.72248124e-02]]

 [[1.38017165e-04 6.82595854e-01 1.41490328e+02 2.61194785e-03
   7.54119358e-01 2.88691167e-02 2.88691167e-02]
  [1.38223777e-04 6.80403905e-01 1.42009119e+02 2.61502268e-03
   7.59491733e-01 2.88105266e-02 2.88105266e-02]
  [1.37085049e-04 6.76624192e-01 1.43369270e+02 2.62012392e-03
   7.79121967e-01 2.90212622e-02 2.90212622e-02]
  [1.35469307e-04 6.70551944e-01 1.43592455e+02 2.62803770e-03
   7.55901655e-01 2.90742738e-02 2.90742738e-02]
  [1.37374904e-04 6.74049528e-01 1.42654415e+02 2.62359135e-03
   7.59012178e-01 2.89427834e-02 2.89427834e-02]
  [1.39047243e-04 6.78900716e-01 1.41996138e+02 2.61765232e-03
   7.50028426e-01 2.88553618e-02 2.88553618e-02]
  [1.36530480e-04 6.77912780e-01 1.42853992e+02 2.61850346e-03
   7.48282213e-01 2.88611450e-02 2.88611450e-02]
  [1.36472500e-04 6.71683826e-01 1.42480310e+02 2.62705346e-03
   7.51190099e-01 2.89611818e-02 2.89611818e-02]]

 [[1.39611443e-04 6.91747950e-01 1.41999222e+02 2.59913843e-03
   7.67071384e-01 2.86584215e-02 2.86584215e-02]
  [1.37960467e-04 6.83146355e-01 1.41625591e+02 2.61155030e-03
   7.50950176e-01 2.87988005e-02 2.87988005e-02]
  [1.36731230e-04 6.70000192e-01 1.43031207e+02 2.62902956e-03
   7.47846147e-01 2.89967069e-02 2.89967069e-02]
  [1.39284253e-04 6.91343515e-01 1.41898489e+02 2.59969623e-03
   7.71539862e-01 2.86527119e-02 2.86527119e-02]
  [1.34883750e-04 6.65762278e-01 1.44055426e+02 2.63546345e-03
   7.42784744e-01 2.92451309e-02 2.92451309e-02]
  [1.37291480e-04 6.79471037e-01 1.42606585e+02 2.61603155e-03
   7.61348170e-01 2.89828633e-02 2.89828633e-02]
  [1.73479600e-03 1.30650252e-01 2.28551212e+02 3.33520699e-03
   9.46725993e-01 3.72335427e-02 3.72335427e-02]
  [1.37916066e-04 6.82309472e-01 1.42856541e+02 2.61373951e-03
   7.50462973e-01 2.87097471e-02 2.87097471e-02]]

 [[1.42560090e-04 6.76258953e-01 1.42409704e+02 2.62035091e-03
   7.49684882e-01 2.89617549e-02 2.89617549e-02]
  [1.39941159e-04 6.76334665e-01 1.42154882e+02 2.62018238e-03
   7.62575224e-01 2.89303091e-02 2.89303091e-02]
  [1.34627439e-04 6.68762428e-01 1.44001047e+02 2.63089893e-03
   7.45600228e-01 2.90744961e-02 2.90744961e-02]
  [1.38148026e-04 6.87900993e-01 1.41464708e+02 2.60616823e-03
   7.45635322e-01 2.86408206e-02 2.86408206e-02]
  [1.35412030e-04 6.69059217e-01 1.42854227e+02 2.63055273e-03
   7.56132164e-01 2.91675225e-02 2.91675225e-02]
  [1.38697439e-04 6.87008360e-01 1.41974777e+02 2.60563316e-03
   7.52121077e-01 2.87739872e-02 2.87739872e-02]
  [1.35490674e-04 6.71011029e-01 1.43281270e+02 2.62768233e-03
   7.65473012e-01 2.90473557e-02 2.90473557e-02]
  [1.35187590e-04 6.70526056e-01 1.42861366e+02 2.62858087e-03
   7.50441216e-01 2.90785484e-02 2.90785484e-02]]

 [[1.26507517e-04 6.32932314e-01 1.49668043e+02 2.67993488e-03
   7.96464069e-01 2.97768410e-02 2.97768410e-02]
  [1.39927303e-04 6.91072872e-01 1.41127084e+02 2.59989397e-03
   7.48665680e-01 2.86939519e-02 2.86939519e-02]
  [1.36242302e-04 6.76805118e-01 1.43664917e+02 2.61948416e-03
   7.77310827e-01 2.91019898e-02 2.91019898e-02]
  [1.38889898e-04 6.85279938e-01 1.40803376e+02 2.60815926e-03
   7.50943592e-01 2.87760068e-02 2.87760068e-02]
  [1.37148420e-04 6.70293175e-01 1.42624057e+02 2.62869803e-03
   7.46129132e-01 2.90601444e-02 2.90601444e-02]
  [1.44487792e-04 6.74805654e-01 1.42205908e+02 2.62257349e-03
   7.56852760e-01 2.89955410e-02 2.89955410e-02]
  [1.39095575e-04 6.81542063e-01 1.42334703e+02 2.61331038e-03
   7.54159010e-01 2.89627508e-02 2.89627508e-02]
  [1.35781542e-04 6.71341224e-01 1.42769942e+02 2.62805696e-03
   7.47592936e-01 2.89602259e-02 2.89602259e-02]]

 [[1.36699045e-04 6.77872483e-01 1.42047108e+02 2.61820015e-03
   7.48077889e-01 2.89097919e-02 2.89097919e-02]
  [1.35697108e-04 6.73490951e-01 1.44282884e+02 2.62436924e-03
   7.49871357e-01 2.89691570e-02 2.89691570e-02]
  [1.36783465e-04 6.77812669e-01 1.42233300e+02 2.61859122e-03
   7.45330530e-01 2.88806848e-02 2.88806848e-02]
  [1.34249650e-04 6.69509000e-01 1.43483428e+02 2.62969202e-03
   7.56336334e-01 2.90219354e-02 2.90219354e-02]
  [1.43075976e-04 6.77636969e-01 1.43548503e+02 2.61876581e-03
   7.44972350e-01 2.90755706e-02 2.90755706e-02]
  [1.38457915e-04 6.79445859e-01 1.42186241e+02 2.61603121e-03
   7.53517594e-01 2.89341659e-02 2.89341659e-02]
  [1.38264751e-04 6.74670993e-01 1.42874325e+02 2.62291984e-03
   7.54799968e-01 2.88971190e-02 2.88971190e-02]
  [1.34346060e-04 6.69470440e-01 1.42766187e+02 2.63050103e-03
   7.46069518e-01 2.90921026e-02 2.90921026e-02]]

 [[1.73111766e-03 1.30617810e-01 2.28563137e+02 3.33530649e-03
   1.28385495e+00 3.69925481e-02 3.90373897e-02]
  [1.43305884e-04 6.73231654e-01 1.43129074e+02 2.62446166e-03
   7.57611402e-01 2.90498703e-02 2.90498703e-02]
  [1.38589663e-04 6.82498245e-01 1.42151294e+02 2.61226203e-03
   7.53365828e-01 2.87477047e-02 2.87477047e-02]
  [1.33985275e-04 6.64544206e-01 1.44059528e+02 2.63683010e-03
   7.45250391e-01 2.90809554e-02 2.90809554e-02]
  [1.37193694e-04 6.80248555e-01 1.42318848e+02 2.61487365e-03
   7.52506106e-01 2.88300917e-02 2.88300917e-02]
  [1.35108964e-04 6.70914433e-01 1.43826039e+02 2.62765016e-03
   7.51124743e-01 2.90515726e-02 2.90515726e-02]
  [1.37722910e-04 6.72922639e-01 1.42578453e+02 2.62494373e-03
   7.59793050e-01 2.90140272e-02 2.90140272e-02]
  [1.38208010e-04 6.75900273e-01 1.43029826e+02 2.62072519e-03
   7.58975251e-01 2.89958853e-02 2.89958853e-02]]

 [[1.36192130e-04 6.75688005e-01 1.42016932e+02 2.62145412e-03
   7.52812048e-01 2.88954391e-02 2.88954391e-02]
  [1.35401989e-04 6.73235442e-01 1.43091201e+02 2.62487129e-03
   7.50876407e-01 2.91408970e-02 2.91408970e-02]
  [1.73848218e-03 1.30682963e-01 2.28558594e+02 3.33523568e-03
   9.44941910e-01 3.72164377e-02 3.72164377e-02]
  [1.36266196e-04 6.74197928e-01 1.42771452e+02 2.62334880e-03
   7.50704100e-01 2.89572225e-02 2.89572225e-02]
  [1.39511132e-04 6.87086354e-01 1.41003952e+02 2.60551654e-03
   7.49278107e-01 2.87434462e-02 2.87434462e-02]
  [1.37305020e-04 6.79162200e-01 1.42502962e+02 2.61668140e-03
   7.56244044e-01 2.88886525e-02 2.88886525e-02]
  [6.03305790e-05 2.92078912e-01 2.05165404e+02 3.12998584e-03
   9.89587267e-01 3.48886605e-02 3.48886605e-02]
  [1.41769903e-04 6.94211108e-01 1.41441795e+02 2.59547737e-03
   7.76197986e-01 2.86277932e-02 2.86277932e-02]]]

Cumulative Reward: 9040.761432949961
