Scheduler Table:
[[[3.71775625e-04 6.56247170e-01 1.37819956e+02 7.80230078e-03
   2.09937472e-01 2.69204083e-03 2.69204083e-03]
  [3.68325712e-04 6.53615063e-01 1.38334583e+02 7.81030705e-03
   1.89706534e-01 2.69571292e-03 2.69571292e-03]
  [3.65435062e-04 6.50486711e-01 1.38619613e+02 7.81869112e-03
   1.84453018e-01 2.70045012e-03 2.70045012e-03]]

 [[3.71606468e-04 6.57932597e-01 1.37560902e+02 7.81384281e-03
   2.03449128e-01 2.68946020e-03 2.68946020e-03]
  [3.68420560e-04 6.53987916e-01 1.38429897e+02 7.81146330e-03
   1.88783777e-01 2.69526506e-03 2.69526506e-03]
  [3.16770523e-04 5.72749285e-01 1.84641480e+02 8.24637442e-03
   1.86232600e-01 2.80787423e-03 2.80787423e-03]]

 [[3.67433206e-04 6.52784386e-01 1.37910555e+02 7.81369581e-03
   1.90335175e-01 2.69722958e-03 2.69722958e-03]
  [3.63708304e-04 6.47648953e-01 1.41207760e+02 7.84856535e-03
   1.85601924e-01 2.70402013e-03 2.70402013e-03]
  [6.78292843e-05 1.80858128e-01 4.29884180e+02 1.09071935e-02
   1.64712652e-01 3.33234561e-03 3.34200294e-03]]]

Buffer Table:
[[[3.71301732e-04 6.52489279e-01 1.38350249e+02 7.80758863e-03
   1.89810753e-01 2.69843084e-03 2.69843084e-03]
  [3.76465046e-04 6.55504738e-01 1.38295041e+02 7.82429461e-03
   1.87583104e-01 2.69370342e-03 2.69370342e-03]
  [9.20495760e-05 2.12969711e-01 3.95325377e+02 1.01984326e-02
   1.94875771e-01 3.29818004e-03 3.30783737e-03]]

 [[3.71312029e-04 6.53830303e-01 1.38585909e+02 7.81839105e-03
   1.90231362e-01 2.69644707e-03 2.69644707e-03]
  [3.73358313e-04 6.56674857e-01 1.38100595e+02 7.83216656e-03
   1.85982195e-01 2.69191517e-03 2.69191517e-03]
  [3.70104137e-04 6.49690801e-01 1.38514576e+02 7.80587587e-03
   1.94599815e-01 2.70234291e-03 2.70234291e-03]]

 [[9.20960381e-05 2.13020036e-01 3.95636112e+02 1.02145845e-02
   1.94942046e-01 3.29815840e-03 3.29815840e-03]
  [3.70877890e-04 6.52328688e-01 1.38367207e+02 7.81768087e-03
   1.91116759e-01 2.69845383e-03 2.69845383e-03]
  [3.50015872e-04 6.18521328e-01 1.56626934e+02 7.97541767e-03
   1.94646721e-01 2.74590334e-03 2.74590334e-03]]]

Arbiter Table:
[[[5.22376055e-05 1.55544908e-01 4.44230662e+02 1.10408839e-02
   1.67688101e-01 3.36645733e-03 3.37611466e-03]
  [3.67716679e-04 6.45227176e-01 1.40548910e+02 7.83617233e-03
   1.89315761e-01 2.70360745e-03 2.70360745e-03]
  [3.66595726e-04 6.45945912e-01 1.40874323e+02 7.83315604e-03
   1.95649823e-01 2.70214891e-03 2.70214891e-03]]

 [[3.30111852e-04 5.85514548e-01 1.75414569e+02 8.15112330e-03
   1.89353935e-01 2.78759665e-03 2.78759665e-03]
  [3.73043220e-04 6.54104641e-01 1.37862521e+02 7.82262059e-03
   1.88329765e-01 2.69105209e-03 2.69105209e-03]
  [3.70426278e-04 6.52057579e-01 1.37993779e+02 7.80107635e-03
   1.91827563e-01 2.69403622e-03 2.69403622e-03]]

 [[3.32004487e-04 5.91559727e-01 1.74211411e+02 8.15255894e-03
   1.95884245e-01 2.77905773e-03 2.77905773e-03]
  [3.70736295e-04 6.52197388e-01 1.38031470e+02 7.81339362e-03
   1.89045822e-01 2.69359364e-03 2.69359364e-03]
  [3.72341425e-04 6.52642508e-01 1.38056629e+02 7.81251623e-03
   1.92350269e-01 2.69281762e-03 2.69281762e-03]]]

Page Table:
[[[3.78546002e-04 6.61113812e-01 1.00578896e+02 5.66016667e-03
   1.40870186e-01 1.96297939e-03 1.96297939e-03]
  [3.35410839e-04 5.91307190e-01 1.37306721e+02 6.22651834e-03
   1.48281979e-01 2.15712343e-03 2.15712343e-03]
  [3.76407620e-04 6.57802818e-01 1.00542826e+02 5.69814405e-03
   1.39513295e-01 1.97249913e-03 1.97249913e-03]
  [3.71277938e-04 6.50085363e-01 1.02246363e+02 5.77559236e-03
   1.65672876e-01 1.99395057e-03 1.99395057e-03]]

 [[3.72933628e-04 6.51731309e-01 1.02125424e+02 5.74419090e-03
   1.41344298e-01 1.98914088e-03 1.98914088e-03]
  [3.71041127e-04 6.49709109e-01 1.02025337e+02 5.76047619e-03
   1.40783893e-01 1.99533698e-03 1.99533698e-03]
  [3.72116546e-04 6.50423335e-01 1.01450833e+02 5.75791643e-03
   1.40063000e-01 1.99367752e-03 1.99367752e-03]
  [1.03029604e-04 2.29669337e-01 3.79112600e+02 9.74134087e-03
   1.84777398e-01 3.13507411e-03 3.13507411e-03]]

 [[3.74339319e-04 6.54121046e-01 1.01759206e+02 5.71976168e-03
   1.45721225e-01 1.98287619e-03 1.98287619e-03]
  [3.75878688e-04 6.50879125e-01 1.01666625e+02 5.74232261e-03
   1.41104015e-01 1.99195939e-03 1.99195939e-03]
  [3.74226809e-04 6.53461387e-01 1.01070939e+02 5.71659740e-03
   1.40689401e-01 1.98501857e-03 1.98501857e-03]
  [3.38024321e-04 5.97707293e-01 1.35858997e+02 6.25607572e-03
   1.46700181e-01 2.14049389e-03 2.14049389e-03]]

 [[3.70604711e-04 6.45785577e-01 1.04466710e+02 5.80299752e-03
   1.45091637e-01 2.00595183e-03 2.00595183e-03]
  [1.02977389e-04 2.29610252e-01 3.78810559e+02 9.72543798e-03
   1.84716471e-01 3.13518156e-03 3.14483889e-03]
  [3.71702706e-04 6.47741631e-01 1.03078435e+02 5.77005644e-03
   1.40628786e-01 2.00095198e-03 2.00095198e-03]
  [3.69991528e-04 6.46577913e-01 1.02695216e+02 5.76961094e-03
   1.43185897e-01 2.00426362e-03 2.00426362e-03]]]

Response Table:
[[[1.68141972e-04 3.52019323e-01 1.71216371e+02]
  [1.67395622e-04 3.49878175e-01 1.71312048e+02]]

 [[1.67881991e-04 3.50223042e-01 1.71259101e+02]
  [3.58233866e-05 1.30261368e-01 4.55348634e+02]]]

Refresh Table:
[[[3.56853067e-05 1.30388567e-01 4.55353305e+02]
  [1.63663169e-04 3.54456556e-01 1.71006066e+02]]

 [[1.63226436e-04 3.54886195e-01 1.71143564e+02]
  [1.63184283e-04 3.53021104e-01 1.71368465e+02]]]

Request Buffer Table:
[[[1.78409132e-04 2.92421076e-01 3.35101164e+01]
  [1.78757833e-04 2.92526270e-01 3.34989941e+01]
  [1.78614361e-04 2.92225021e-01 3.39683743e+01]
  [1.78758324e-04 2.92284773e-01 3.38363482e+01]
  [1.78809281e-04 2.92536321e-01 3.36896819e+01]
  [1.78804875e-04 2.92295036e-01 3.45184231e+01]
  [1.59355549e-04 2.70743022e-01 8.45141957e+01]
  [1.79528473e-04 2.92705483e-01 3.43615477e+01]]

 [[1.78092999e-04 2.92073790e-01 3.38349843e+01]
  [1.79817040e-04 2.93185617e-01 3.29381312e+01]
  [1.79095330e-04 2.92975750e-01 3.30552337e+01]
  [1.78771637e-04 2.92556960e-01 3.37256162e+01]
  [1.83007921e-04 2.92708391e-01 3.36314588e+01]
  [1.78645931e-04 2.92587819e-01 3.43505898e+01]
  [1.70006660e-04 2.79000801e-01 6.30735620e+01]
  [1.79389986e-04 2.92889255e-01 3.36427627e+01]]

 [[1.79327536e-04 2.93577495e-01 3.24746544e+01]
  [1.79669433e-04 2.92626835e-01 3.33191205e+01]
  [1.78937524e-04 2.92814272e-01 3.33899409e+01]
  [1.79734470e-04 2.93849462e-01 3.23598648e+01]
  [1.78994710e-04 2.92196652e-01 3.46629671e+01]
  [1.81094874e-04 2.93452371e-01 3.27154142e+01]
  [1.76563035e-04 2.90432393e-01 3.63981247e+01]
  [1.77928459e-04 2.92059277e-01 3.48959177e+01]]

 [[1.78412863e-04 2.92457205e-01 3.35259979e+01]
  [1.78689591e-04 2.92818882e-01 3.31041413e+01]
  [1.79082373e-04 2.93284155e-01 3.27612158e+01]
  [1.79451531e-04 2.93212690e-01 3.27517837e+01]
  [1.78755626e-04 2.92379179e-01 3.44076307e+01]
  [1.82584051e-04 2.93164614e-01 3.33524194e+01]
  [1.77514875e-04 2.90289764e-01 3.63897676e+01]
  [1.78376967e-04 2.92731186e-01 3.43267125e+01]]

 [[1.78687250e-04 2.92282619e-01 3.37095295e+01]
  [1.79299738e-04 2.91954950e-01 3.43480637e+01]
  [1.78647859e-04 2.92643321e-01 3.32840864e+01]
  [1.78742140e-04 2.92088425e-01 3.44267096e+01]
  [1.79507341e-04 2.92641164e-01 3.41916853e+01]
  [1.78595339e-04 2.93059037e-01 3.34651731e+01]
  [1.76298684e-04 2.89894428e-01 3.71537522e+01]
  [1.78446009e-04 2.92564973e-01 3.46311622e+01]]

 [[1.78487560e-04 2.92569688e-01 3.33606732e+01]
  [1.78846380e-04 2.92636989e-01 3.31615933e+01]
  [1.78979615e-04 2.92837051e-01 3.32622532e+01]
  [1.78765439e-04 2.92616163e-01 3.36754420e+01]
  [1.78950441e-04 2.92919248e-01 3.36002363e+01]
  [1.78995330e-04 2.92777322e-01 3.43396780e+01]
  [1.80731002e-04 2.90361451e-01 3.63139557e+01]
  [1.78521770e-04 2.92710647e-01 3.44236032e+01]]

 [[1.80133680e-04 2.89840001e-01 3.73308524e+01]
  [1.77209521e-04 2.90402334e-01 3.59009690e+01]
  [1.77884365e-04 2.91533278e-01 3.46978543e+01]
  [1.81730673e-04 2.91598876e-01 3.45043764e+01]
  [1.77676193e-04 2.91248835e-01 3.47944722e+01]
  [1.78019340e-04 2.91607656e-01 3.47501839e+01]
  [4.01099037e-05 1.34649497e-01 4.36812352e+02]
  [1.77704425e-04 2.91563140e-01 3.47706633e+01]]

 [[1.78125924e-04 2.92231342e-01 3.35696091e+01]
  [1.79020396e-04 2.93086985e-01 3.25915715e+01]
  [1.78863124e-04 2.92555801e-01 3.33891035e+01]
  [1.79538557e-04 2.93475896e-01 3.28935655e+01]
  [1.79099898e-04 2.92415355e-01 3.42376112e+01]
  [1.79381082e-04 2.93062125e-01 3.37777739e+01]
  [1.76577310e-04 2.90246096e-01 3.68657546e+01]
  [1.78330080e-04 2.92590218e-01 3.44518472e+01]]]

Ref Max Post Table:
[[[3.84487527e-04 6.49966843e-01 1.02291484e+02]
  [3.87703369e-04 6.54145136e-01 1.01873652e+02]
  [3.90090819e-04 6.57236889e-01 1.01556800e+02]
  [3.13885525e-04 5.40878592e-01 1.74471762e+02]]

 [[3.84132565e-04 6.49285232e-01 1.03336655e+02]
  [3.90075963e-04 6.54150383e-01 1.01799623e+02]
  [3.90046400e-04 6.58036220e-01 1.01404611e+02]
  [3.89553545e-04 6.55462377e-01 1.01743112e+02]]

 [[3.82215157e-04 6.46001266e-01 1.06881991e+02]
  [3.91214346e-04 6.56998437e-01 1.01474792e+02]
  [3.90292062e-04 6.57752803e-01 1.01765214e+02]
  [3.89144537e-04 6.56256261e-01 1.01711416e+02]]

 [[3.84540198e-04 6.45759689e-01 1.05135423e+02]
  [3.86844597e-04 6.52783701e-01 1.02661166e+02]
  [3.90428250e-04 6.57909969e-01 1.01822309e+02]
  [8.36431141e-05 2.01290029e-01 4.12369648e+02]]]

Ref Max Pull Table:
[[[3.86903661e-04 6.54116140e-01 1.01947451e+02]
  [3.88866412e-04 6.56210480e-01 1.01899107e+02]
  [3.14636323e-04 5.43125294e-01 1.69897020e+02]
  [3.91874567e-04 6.56791450e-01 1.01685462e+02]]

 [[3.88882153e-04 6.56786157e-01 1.01784991e+02]
  [3.88993525e-04 6.56233796e-01 1.01842264e+02]
  [3.57884155e-04 6.07672360e-01 1.29176707e+02]
  [3.89327676e-04 6.55479414e-01 1.01804820e+02]]

 [[3.77562994e-04 6.39859266e-01 1.09917974e+02]
  [3.87565224e-04 6.53844174e-01 1.02387039e+02]
  [1.09480051e-04 2.42112361e-01 3.88255190e+02]
  [3.88007090e-04 6.54151903e-01 1.02050766e+02]]

 [[3.94022816e-04 6.54938348e-01 1.01936024e+02]
  [3.90717043e-04 6.58734086e-01 1.01961576e+02]
  [3.84490540e-04 6.50879899e-01 1.02622865e+02]
  [3.90563576e-04 6.58542671e-01 1.01590555e+02]]]

Max Activate Table:
[[[1.80959857e-04 2.93153556e-01 3.24672456e+01 1.82467527e-03
   4.62880581e-02 6.39178509e-04 6.39178509e-04]
  [1.78224344e-04 2.91491278e-01 3.41530365e+01 1.93709096e-03
   4.64998396e-02 6.72458189e-04 6.72458189e-04]
  [1.79938706e-04 2.93042151e-01 3.30756837e+01 1.85453892e-03
   4.56608573e-02 6.43433847e-04 6.43433847e-04]
  [1.78546530e-04 2.92172697e-01 3.34551647e+01 1.88148444e-03
   5.16450459e-02 6.59179442e-04 6.59179442e-04]
  [1.79856976e-04 2.92943525e-01 3.27269990e+01 1.84189760e-03
   4.61960436e-02 6.45330498e-04 6.45330498e-04]
  [1.78286231e-04 2.91320099e-01 3.50631701e+01 1.98114718e-03
   4.60704193e-02 6.76681171e-04 6.76681171e-04]
  [1.78994512e-04 2.92238848e-01 3.36613457e+01 1.90368973e-03
   4.64782704e-02 6.56304008e-04 6.56304008e-04]
  [1.79698813e-04 2.89484856e-01 3.63775729e+01 2.04053611e-03
   4.92137975e-02 7.10619549e-04 7.10619549e-04]]

 [[1.79140192e-04 2.92572873e-01 3.27951291e+01 1.91009550e-03
   4.64456882e-02 6.51586797e-04 6.51586797e-04]
  [1.79812581e-04 2.93113720e-01 3.28503425e+01 1.84722760e-03
   4.55251558e-02 6.40745410e-04 6.40745410e-04]
  [1.80112487e-04 2.93670106e-01 3.18371056e+01 1.79311276e-03
   4.51189006e-02 6.29550601e-04 6.29550601e-04]
  [1.80992138e-04 2.92784762e-01 3.30893697e+01 1.85146388e-03
   4.42670878e-02 6.48260570e-04 6.48260570e-04]
  [1.77882034e-04 2.91364100e-01 3.40271830e+01 1.91361429e-03
   6.39785484e-02 6.74589192e-04 6.74589192e-04]
  [1.78295381e-04 2.91510486e-01 3.39669031e+01 1.92040657e-03
   5.03266580e-02 6.72500281e-04 6.72500281e-04]
  [1.78754130e-04 2.91555541e-01 3.53351988e+01 1.95091264e-03
   4.87610669e-02 6.71617755e-04 6.71617755e-04]
  [1.76998201e-04 2.89738141e-01 3.64528489e+01 2.05062872e-03
   4.66737769e-02 7.06087302e-04 7.06087302e-04]]

 [[1.79389105e-04 2.92477782e-01 3.33401545e+01 1.85957179e-03
   4.62613316e-02 6.53220775e-04 6.53220775e-04]
  [1.78854015e-04 2.92423598e-01 3.30445312e+01 1.89992841e-03
   4.53237780e-02 6.54571834e-04 6.54571834e-04]
  [1.83195351e-04 2.91861572e-01 3.35662110e+01 1.90772357e-03
   4.78566505e-02 6.66055570e-04 6.66055570e-04]
  [1.78896066e-04 2.92430713e-01 3.29276632e+01 1.87738749e-03
   5.01201172e-02 6.55561995e-04 6.55561995e-04]
  [1.79185765e-04 2.92078515e-01 3.34809641e+01 1.89226261e-03
   4.68540221e-02 6.60824350e-04 6.60824350e-04]
  [1.79273172e-04 2.92044991e-01 3.37050038e+01 1.92149680e-03
   6.30897154e-02 6.63022502e-04 6.63022502e-04]
  [1.78818346e-04 2.92198003e-01 3.39303647e+01 1.88865502e-03
   4.57609131e-02 6.58179811e-04 6.58179811e-04]
  [1.76901468e-04 2.89571132e-01 3.64568025e+01 2.03479696e-03
   4.92544684e-02 7.08777461e-04 7.08777461e-04]]

 [[1.80744798e-04 2.91545318e-01 3.38492537e+01 1.91823532e-03
   4.72545951e-02 6.72345897e-04 6.72345897e-04]
  [1.78413983e-04 2.91711027e-01 3.38653421e+01 1.92921993e-03
   4.81758117e-02 6.67453839e-04 6.67453839e-04]
  [1.78727417e-04 2.91522536e-01 3.42770471e+01 1.93973175e-03
   8.45528090e-02 6.72154872e-04 6.72154872e-04]
  [1.79451124e-04 2.92223234e-01 3.30912797e+01 1.86677703e-03
   4.61452965e-02 6.58730893e-04 6.58730893e-04]
  [1.79025158e-04 2.91282009e-01 3.47428638e+01 1.93318902e-03
   4.68994296e-02 6.77332461e-04 6.77332461e-04]
  [1.78257379e-04 2.91754003e-01 3.42248482e+01 1.91461114e-03
   4.72824847e-02 6.68790641e-04 6.68790641e-04]
  [1.78999026e-04 2.92181553e-01 3.35095845e+01 1.88196833e-03
   6.17243337e-02 6.58995130e-04 6.58995130e-04]
  [1.76938151e-04 2.89727794e-01 3.64142839e+01 2.03186986e-03
   4.70697323e-02 7.06542064e-04 7.06542064e-04]]

 [[1.79392146e-04 2.92500019e-01 3.27767694e+01 1.86411772e-03
   4.71679701e-02 6.52823241e-04 6.52823241e-04]
  [1.78845226e-04 2.92459322e-01 3.33706954e+01 1.86855555e-03
   4.55209415e-02 6.54288558e-04 6.54288558e-04]
  [1.78373382e-04 2.91853690e-01 3.35970388e+01 1.94289813e-03
   4.71801009e-02 6.66700065e-04 6.66700065e-04]
  [1.78506798e-04 2.91811700e-01 3.37841478e+01 1.89686032e-03
   4.62473235e-02 6.66546390e-04 6.66546390e-04]
  [1.81808949e-04 2.92779218e-01 3.29269355e+01 1.87605916e-03
   4.57571815e-02 6.47878824e-04 6.47878824e-04]
  [1.78146469e-04 2.91665101e-01 3.41443879e+01 1.89457954e-03
   5.34632328e-02 6.69148374e-04 6.69148374e-04]
  [1.78138874e-04 2.91180360e-01 3.44795480e+01 1.93683653e-03
   4.71908562e-02 6.78397041e-04 6.78397041e-04]
  [1.79435135e-04 2.89051600e-01 3.77003868e+01 2.06473789e-03
   4.90672635e-02 7.19524395e-04 7.19524395e-04]]

 [[1.79068413e-04 2.92149857e-01 3.35151405e+01 1.92931483e-03
   4.76595500e-02 6.60260964e-04 6.60260964e-04]
  [1.79003603e-04 2.92304953e-01 3.30489208e+01 1.90629540e-03
   4.47352648e-02 6.57228804e-04 6.57228804e-04]
  [1.79342216e-04 2.92101112e-01 3.35963850e+01 1.91268361e-03
   4.83336230e-02 6.61542583e-04 6.61542583e-04]
  [1.78050238e-04 2.91483176e-01 3.45596713e+01 1.93717114e-03
   4.71108665e-02 6.73709799e-04 6.73709799e-04]
  [1.78594814e-04 2.92153062e-01 3.35986464e+01 1.90723978e-03
   4.60546434e-02 6.60325309e-04 6.60325309e-04]
  [1.78583226e-04 2.92020219e-01 3.37751123e+01 1.89676303e-03
   4.57500401e-02 6.63024702e-04 6.63024702e-04]
  [1.78596537e-04 2.91992223e-01 3.40009474e+01 1.89640977e-03
   8.27104749e-02 6.62893726e-04 6.62893726e-04]
  [1.80370856e-04 2.89366811e-01 3.66888235e+01 2.04298836e-03
   4.73598743e-02 7.12740419e-04 7.12740419e-04]]

 [[1.78129979e-04 2.91090496e-01 3.43974905e+01 1.95045802e-03
   4.70370207e-02 6.80289237e-04 6.80289237e-04]
  [1.77965884e-04 2.91144796e-01 3.44991584e+01 1.98270197e-03
   4.83761434e-02 6.79028989e-04 6.79028989e-04]
  [1.80137381e-04 2.92559568e-01 3.31260229e+01 1.86386193e-03
   4.44936085e-02 6.52119358e-04 6.52119358e-04]
  [1.78544884e-04 2.91503217e-01 3.39504456e+01 1.90216137e-03
   5.05967103e-02 6.73407023e-04 6.73407023e-04]
  [1.80312210e-04 2.93986612e-01 3.13152850e+01 1.78288132e-03
   4.26097283e-02 6.22564624e-04 6.22564624e-04]
  [1.77981124e-04 2.90918419e-01 3.51772566e+01 1.95082717e-03
   4.62459080e-02 6.83382125e-04 6.83382125e-04]
  [1.79021035e-04 2.92353986e-01 3.36346837e+01 1.86768377e-03
   4.58002838e-02 6.55239165e-04 6.55239165e-04]
  [1.66280512e-04 2.76027286e-01 6.64852966e+01 2.62861969e-03
   7.64331745e-02 9.39393987e-04 9.39393987e-04]]

 [[1.78260641e-04 2.90599921e-01 3.49749764e+01 1.97269702e-03
   4.68602506e-02 6.88784624e-04 6.88784624e-04]
  [1.77573577e-04 2.90795060e-01 3.53487832e+01 1.97552116e-03
   4.53229195e-02 6.85669469e-04 6.85669469e-04]
  [1.78262216e-04 2.90948615e-01 3.46213410e+01 1.95668570e-03
   5.33746398e-02 6.82488862e-04 6.82488862e-04]
  [1.78616593e-04 2.90328940e-01 3.52458172e+01 1.97949682e-03
   5.14953390e-02 6.95177063e-04 6.95177063e-04]
  [1.78170209e-04 2.90234649e-01 3.58407136e+01 2.00267868e-03
   4.63034889e-02 6.96575667e-04 6.96575667e-04]
  [1.77776671e-04 2.90428870e-01 3.51538664e+01 1.99694533e-03
   4.68456978e-02 6.93546913e-04 6.93546913e-04]
  [1.77142785e-04 2.90327956e-01 3.59465379e+01 1.99397083e-03
   4.68090968e-02 6.94184710e-04 6.94184710e-04]
  [4.17058105e-05 1.35608329e-01 4.35812537e+02 1.06651102e-02
   1.49257209e-01 3.21349031e-03 3.22314765e-03]]]

Cumulative Reward: 15241.940716191435
