Scheduler Table:
[[[5.17456766e-06 1.24257448e-02 1.56370211e+01 2.31322157e+00
   3.27876300e+00 3.33323226e-04 3.33323226e-04]
  [6.46566443e-06 1.25309166e-02 1.59546991e+01 2.34475720e+00
   3.71663366e+00 3.33323223e-04 3.33323223e-04]
  [5.08133510e-06 1.20818410e-02 2.18722089e+01 1.70024744e+00
   3.71939806e+00 3.33322957e-04 3.33322957e-04]]

 [[6.51830156e-06 1.24323541e-02 1.56520582e+01 2.51153903e+00
   3.27522828e+00 3.33323297e-04 3.33323297e-04]
  [4.41036016e-04 9.03744153e-01 6.37888089e+01 4.88891763e-04
   4.34974190e-04 3.71672694e-04 3.95114519e-04]
  [4.19185568e-06 1.25302112e-02 1.64650795e+01 2.17235528e+00
   3.81078943e+00 3.33323183e-04 3.33323183e-04]]

 [[2.38035123e-05 1.24841905e-02 1.65005150e+01 2.55135474e+00
   3.60342469e+00 3.33323341e-04 3.33323341e-04]
  [5.21025044e-06 1.19121954e-02 3.02877326e+01 1.80788791e+00
   2.49533097e+00 3.33323063e-04 3.33323063e-04]
  [3.42349143e-06 1.16880584e-02 3.53502721e+01 1.63949497e+00
   2.25291563e+00 3.33322906e-04 3.33322906e-04]]]

Buffer Table:
[[[1.44584787e-06 1.17618939e-02 2.95322602e+01 1.00381144e+00
   2.66847756e+00 3.33322471e-04 3.33322471e-04]
  [2.66102829e-06 1.15303760e-02 4.17201051e+01 8.74817111e-01
   1.54406176e+00 3.33322623e-04 3.33322623e-04]
  [6.86162546e-07 1.02857745e-02 6.33656374e+01 6.11605052e-02
   1.00981041e-01 3.34474637e-04 3.59680900e-04]]

 [[4.14957730e-06 1.05629313e-02 6.05914653e+01 1.49990789e-01
   2.92852684e-01 3.33322290e-04 3.33322290e-04]
  [1.00245556e-05 1.25188237e-02 1.59372096e+01 2.42749726e+00
   3.67411635e+00 3.33323380e-04 3.33323380e-04]
  [4.40865018e-06 1.25261483e-02 1.60959694e+01 2.47347149e+00
   3.64952803e+00 3.33323347e-04 3.33323347e-04]]

 [[4.41264595e-04 9.03809636e-01 6.25952695e+01 5.79335803e-02
   9.56992885e-02 3.71327005e-04 3.87206951e-04]
  [5.02308153e-06 1.25990095e-02 1.79251397e+01 2.21875638e+00
   3.43885182e+00 3.33323217e-04 3.33323217e-04]
  [4.57582649e-06 1.25107873e-02 1.62387734e+01 2.47179807e+00
   3.65033492e+00 3.33323362e-04 3.33323362e-04]]]

Arbiter Table:
[[[4.41036016e-04 9.03744153e-01 6.37888089e+01 4.88891763e-04
   4.34974190e-04 3.71672694e-04 3.95114519e-04]
  [8.70651919e-06 1.25209044e-02 1.60764862e+01 2.62469511e+00
   3.56959707e+00 3.33322607e-04 3.33322607e-04]
  [4.65713844e-06 1.23275200e-02 1.92278185e+01 2.18846540e+00
   3.13188201e+00 3.33322545e-04 3.33322545e-04]]

 [[3.07683144e-06 1.17889645e-02 2.59496962e+01 1.42381295e+00
   2.11546762e+00 3.33322805e-04 3.33322805e-04]
  [4.66276734e-06 1.25158764e-02 1.68080109e+01 2.21250861e+00
   3.79428726e+00 3.33322549e-04 3.33322549e-04]
  [5.97715849e-06 1.25774335e-02 1.56692963e+01 2.42494047e+00
   3.67899213e+00 3.33322576e-04 3.33322576e-04]]

 [[4.35104769e-06 1.25280002e-02 1.58191607e+01 2.35577478e+00
   3.71655808e+00 3.33322566e-04 3.33322566e-04]
  [3.74172518e-06 1.20986378e-02 2.39167379e+01 1.75369768e+00
   2.63477317e+00 3.33322481e-04 3.33322481e-04]
  [7.16731898e-06 1.25839989e-02 1.62887077e+01 2.50940726e+00
   3.63285093e+00 3.33322588e-04 3.33322588e-04]]]

Page Table:
[[[3.26599657e-06 1.20258833e-02 2.19296672e+01 2.31364583e+00
   3.46483096e+00 3.33322491e-04 3.33322491e-04]
  [6.73254176e-06 1.25189273e-02 1.74177039e+01 3.51989115e+00
   2.65129152e+00 3.33322638e-04 3.33322638e-04]
  [4.97325761e-06 1.23888249e-02 1.77190447e+01 3.47099233e+00
   2.69000410e+00 3.33322681e-04 3.33322681e-04]
  [5.25424892e-06 1.26243696e-02 1.75953739e+01 3.52097994e+00
   2.65954731e+00 3.33322729e-04 3.33322729e-04]]

 [[5.16594566e-06 1.26273799e-02 1.78932073e+01 3.58182413e+00
   2.61736472e+00 3.33322779e-04 3.33322779e-04]
  [5.99861221e-06 1.26094718e-02 1.80203514e+01 3.47388922e+00
   2.68236032e+00 3.33322651e-04 3.33322651e-04]
  [5.31147400e-06 1.25990121e-02 1.80706706e+01 3.86975343e+00
   2.41590313e+00 3.33322695e-04 3.33322695e-04]
  [2.40014488e-05 1.26380727e-02 1.84203479e+01 3.37361356e+00
   2.75362685e+00 3.33322743e-04 3.33322743e-04]]

 [[5.70985285e-06 1.26236167e-02 1.74271089e+01 3.42554035e+00
   2.72282190e+00 3.33322692e-04 3.33322692e-04]
  [6.15082166e-06 1.25832171e-02 1.66221447e+01 3.26077572e+00
   2.82397189e+00 3.33322659e-04 3.33322659e-04]
  [4.68556211e-06 1.26020928e-02 1.73735173e+01 3.55866081e+00
   2.64151533e+00 3.33322620e-04 3.33322620e-04]
  [5.35146974e-06 1.25046731e-02 1.97387034e+01 3.11109636e+00
   2.92988896e+00 3.33322666e-04 3.33322666e-04]]

 [[5.73333050e-06 1.25222212e-02 1.91764127e+01 3.27665528e+00
   2.82254953e+00 3.33322709e-04 3.33322709e-04]
  [1.44012651e-05 1.26328964e-02 1.82648857e+01 3.23305808e+00
   2.84874360e+00 3.33322706e-04 3.33322706e-04]
  [7.88559509e-06 1.26464751e-02 1.74211476e+01 3.87021846e+00
   2.41558997e+00 3.33322708e-04 3.33322708e-04]
  [4.41036016e-04 9.03744153e-01 6.37888089e+01 4.88891763e-04
   4.34974190e-04 3.71672694e-04 3.95114519e-04]]]

Response Table:
[[[8.68374182e-06 1.25201723e-02 1.39331981e+01]
  [5.97561967e-06 1.18918663e-02 2.25745705e+01]]

 [[7.18052405e-06 1.23680404e-02 1.58044894e+01]
  [4.41036016e-04 9.03744153e-01 6.37888089e+01]]]

Refresh Table:
[[[4.41036016e-04 9.03744153e-01 6.37888089e+01]
  [3.64596534e-06 1.11555301e-02 4.55427914e+01]]

 [[3.55691062e-06 1.11749481e-02 4.66170677e+01]
  [1.49677597e-06 1.24133745e-02 1.39213905e+01]]]

Request Buffer Table:
[[[3.42461410e-06 1.32837051e-02 1.82975959e+01]
  [7.20044805e-06 1.33254399e-02 1.94742200e+01]
  [1.89713176e-06 1.31682239e-02 1.87954598e+01]
  [1.74221675e-06 1.33618225e-02 1.90093186e+01]
  [2.16788237e-06 1.31848620e-02 1.96646765e+01]
  [3.43895953e-06 1.32581284e-02 1.87654514e+01]
  [4.99450661e-06 1.33366192e-02 1.75502359e+01]
  [2.13070964e-06 1.32067681e-02 1.93870139e+01]]

 [[2.53485468e-06 1.31527638e-02 1.81236476e+01]
  [7.83509654e-06 1.31084089e-02 1.95418657e+01]
  [6.72111672e-06 1.30632516e-02 1.77337301e+01]
  [1.65720656e-06 1.33050404e-02 1.88668096e+01]
  [4.47739500e-06 1.31580346e-02 1.83146302e+01]
  [3.39678125e-05 1.33120014e-02 1.85627683e+01]
  [1.85069722e-06 1.23149635e-02 3.15101753e+01]
  [1.44942484e-06 1.33746723e-02 1.78358460e+01]]

 [[5.53350919e-06 1.31353932e-02 1.87675304e+01]
  [8.18522690e-06 1.30569400e-02 1.82973416e+01]
  [3.53341134e-06 1.31994463e-02 1.82283133e+01]
  [1.67241888e-06 1.32343104e-02 1.85842642e+01]
  [4.09641301e-06 1.32282005e-02 1.87586301e+01]
  [2.10355571e-06 1.31607355e-02 1.84247825e+01]
  [2.01673743e-06 1.32110819e-02 2.09940540e+01]
  [1.62100959e-06 1.32282580e-02 1.92626893e+01]]

 [[6.18735644e-06 1.31292696e-02 1.89053767e+01]
  [1.49352582e-05 1.32691745e-02 1.83704999e+01]
  [3.99570630e-06 1.31306306e-02 1.79591608e+01]
  [2.21093776e-06 1.33605908e-02 1.84338870e+01]
  [4.55133645e-06 1.31996189e-02 1.87406220e+01]
  [1.79440539e-05 1.32189787e-02 1.81975789e+01]
  [2.49622483e-06 1.30275911e-02 1.87642767e+01]
  [3.93340818e-06 1.30006683e-02 2.29183912e+01]]

 [[2.90679911e-06 1.32105252e-02 1.82933403e+01]
  [7.71946345e-06 1.30434704e-02 1.90219582e+01]
  [2.13880364e-06 1.32355627e-02 1.80217399e+01]
  [2.15025911e-06 1.30861226e-02 1.91431752e+01]
  [1.83194302e-06 1.31736786e-02 1.83074357e+01]
  [2.45447318e-06 1.32613844e-02 1.87626124e+01]
  [3.20464756e-06 1.31693210e-02 1.81389383e+01]
  [2.78869126e-06 1.32378290e-02 1.92321412e+01]]

 [[2.44556359e-06 1.32135983e-02 1.84699055e+01]
  [5.86288595e-06 1.32609416e-02 1.82003798e+01]
  [2.62805609e-06 1.32009122e-02 1.76434920e+01]
  [6.30691997e-06 1.30320976e-02 2.19799856e+01]
  [1.45393307e-05 1.29343400e-02 2.01802136e+01]
  [5.26701138e-06 1.11648885e-02 2.82109681e+01]
  [4.41233459e-04 9.03746304e-01 6.39588669e+01]
  [2.15095588e-06 1.31097691e-02 1.78624269e+01]]

 [[2.43405123e-06 1.31388588e-02 1.89201712e+01]
  [4.39328040e-06 1.31557355e-02 1.73824022e+01]
  [2.26004150e-06 1.31041432e-02 1.81512613e+01]
  [2.84847113e-06 1.31479805e-02 1.88630335e+01]
  [1.98091129e-06 1.32132052e-02 1.88463476e+01]
  [6.53278232e-07 1.02188873e-02 6.48057896e+01]
  [2.22080438e-06 1.30822662e-02 1.77573344e+01]
  [4.74460304e-06 1.31997473e-02 1.91782342e+01]]

 [[3.23693305e-06 1.32909432e-02 1.80443886e+01]
  [1.49486024e-05 1.32176216e-02 1.87084488e+01]
  [2.01967607e-06 1.30270198e-02 1.82824754e+01]
  [1.07372964e-05 1.30578464e-02 1.91889897e+01]
  [2.27398336e-06 1.34350230e-02 1.91547232e+01]
  [1.73820814e-06 1.13551631e-02 5.22950398e+01]
  [1.45604971e-06 1.33165375e-02 1.91241520e+01]
  [3.55290851e-06 1.32439993e-02 1.88599362e+01]]]

Ref Max Post Table:
[[[4.63135626e-06 1.26028149e-02 1.89551379e+01]
  [6.53278232e-07 1.02188873e-02 6.48057896e+01]
  [8.01450100e-06 1.24731879e-02 2.12857636e+01]
  [7.09489360e-06 1.19293112e-02 3.40089477e+01]]

 [[4.41233459e-04 9.03746304e-01 6.39588669e+01]
  [6.13478817e-06 1.25090851e-02 1.75978853e+01]
  [1.70500978e-05 1.25557887e-02 1.77223683e+01]
  [5.98926293e-06 1.26056050e-02 1.83926529e+01]]

 [[8.10371708e-06 1.25619558e-02 1.78587532e+01]
  [7.30905016e-06 1.26092500e-02 1.77203401e+01]
  [3.11018458e-06 1.18457737e-02 3.52516342e+01]
  [3.82227863e-06 1.21442014e-02 2.94314516e+01]]

 [[4.71838700e-06 1.26012809e-02 1.80529753e+01]
  [6.41288474e-06 1.16656154e-02 3.94315909e+01]
  [5.80548165e-06 1.25955867e-02 1.72712309e+01]
  [4.74440025e-06 1.26163975e-02 1.81473425e+01]]]

Ref Max Pull Table:
[[[2.60365997e-06 1.20589182e-02 2.22312028e+01]
  [3.62890721e-06 1.24655781e-02 2.16362227e+01]
  [4.33696905e-06 1.23760262e-02 2.29934306e+01]
  [1.39360404e-06 1.02260728e-02 6.53851721e+01]]

 [[4.93983217e-06 1.25927052e-02 1.77210575e+01]
  [5.77282340e-06 1.25138889e-02 1.75074888e+01]
  [5.41237138e-06 1.25458424e-02 1.83703462e+01]
  [6.48060960e-06 1.20480249e-02 2.54806915e+01]]

 [[4.41926633e-04 9.03753013e-01 6.43181117e+01]
  [7.94629576e-06 1.24750061e-02 2.18380034e+01]
  [4.97481484e-06 1.24534497e-02 2.32599676e+01]
  [4.74120855e-06 1.25347253e-02 1.81591681e+01]]

 [[5.21002691e-06 1.25818137e-02 1.80265860e+01]
  [5.89317973e-06 1.25098521e-02 1.72809034e+01]
  [1.36094862e-06 1.02256511e-02 6.47945141e+01]
  [3.77860741e-06 1.25299395e-02 1.81816836e+01]]]

Max Activate Table:
[[[2.51580839e-06 1.12203359e-02 5.06491434e+01 9.41276288e-01
   4.52325009e-01 3.33326537e-04 3.33326537e-04]
  [1.87229336e-06 1.02360704e-02 6.53254092e+01 3.42709658e-03
   1.74153142e-03 3.33322237e-04 3.33322237e-04]
  [3.44716558e-06 1.30639964e-02 1.76493562e+01 2.68048819e+00
   1.67709204e+00 3.33334239e-04 3.33334239e-04]
  [3.47883110e-06 1.31431108e-02 1.82758093e+01 2.63303838e+00
   1.49185422e+00 3.33335548e-04 3.33335548e-04]
  [7.03618841e-06 1.32415710e-02 1.91128464e+01 2.90897875e+00
   1.15361366e+00 3.33336785e-04 3.33336785e-04]
  [2.07409557e-06 1.31539114e-02 1.83839784e+01 3.09019702e+00
   1.39716650e+00 3.33334998e-04 3.33334998e-04]
  [2.60298618e-06 1.31657105e-02 1.83064407e+01 2.76816201e+00
   1.27895822e+00 3.33336778e-04 3.33336778e-04]
  [2.26676782e-06 1.33643058e-02 1.97762039e+01 2.48283563e+00
   7.14406336e-01 3.33339458e-04 3.33339458e-04]]

 [[4.45822301e-06 1.32331107e-02 1.89235675e+01 3.15584453e+00
   1.07855728e+00 3.33336859e-04 3.33336859e-04]
  [2.95566085e-06 1.33321581e-02 1.77462376e+01 1.71568781e+00
   1.32889654e+00 3.33338472e-04 3.33338472e-04]
  [3.72312846e-06 1.32020359e-02 1.90497067e+01 3.22721679e+00
   6.98723654e-01 3.33338626e-04 3.33338626e-04]
  [2.78960432e-06 1.31369889e-02 2.09220622e+01 2.22575636e+00
   7.51043089e-01 3.33357133e-04 3.33357133e-04]
  [1.56008476e-06 1.33772678e-02 1.82609677e+01 3.09165724e+00
   6.80936333e-01 3.33338146e-04 3.33338146e-04]
  [3.17622698e-05 1.31738480e-02 1.88348951e+01 2.87493431e+00
   1.29820849e+00 3.33335588e-04 3.33335588e-04]
  [3.89496908e-06 1.30236505e-02 1.86323911e+01 2.88322758e+00
   1.59747038e+00 3.33333885e-04 3.33333885e-04]
  [1.83919951e-06 1.02355033e-02 6.53357263e+01 3.36390101e-03
   1.71112889e-03 3.33322236e-04 3.33322236e-04]]

 [[2.37214328e-06 1.31773992e-02 1.83355494e+01 3.29271428e+00
   9.35783029e-01 3.33336744e-04 3.33336744e-04]
  [2.06501970e-06 1.34150079e-02 1.75078267e+01 1.24593127e+00
   1.09721808e+00 3.33340658e-04 3.33340658e-04]
  [1.76221932e-06 1.33285652e-02 1.90400404e+01 2.98851428e+00
   6.99177995e-01 3.33338653e-04 3.33338653e-04]
  [1.91127335e-06 1.32935219e-02 1.90783138e+01 3.62870653e+00
   6.79659892e-01 3.33337980e-04 3.33337980e-04]
  [2.29642729e-06 1.32244149e-02 1.81839654e+01 4.30122248e+00
   3.15176400e-01 3.33337313e-04 3.33337313e-04]
  [9.08374349e-06 1.31609609e-02 1.88284618e+01 2.75340561e+00
   1.28753997e+00 3.33336860e-04 3.33336860e-04]
  [4.07429222e-06 1.30149170e-02 2.03547067e+01 3.07777895e+00
   1.43152898e+00 3.33334161e-04 3.33334161e-04]
  [2.81101850e-06 1.31492698e-02 1.92292998e+01 3.13592497e+00
   1.10324440e+00 3.33336782e-04 3.33336782e-04]]

 [[2.19125943e-06 1.28052281e-02 2.53339038e+01 1.69075480e+00
   7.93006834e-01 3.33342063e-04 3.33342063e-04]
  [2.59248330e-06 1.31950814e-02 1.88808082e+01 3.01590923e+00
   1.07002311e+00 3.33336497e-04 3.33336497e-04]
  [1.55040258e-06 1.31589895e-02 1.80032069e+01 2.71051505e+00
   1.40074204e+00 3.33336119e-04 3.33336119e-04]
  [1.50133797e-05 1.32570583e-02 1.86445974e+01 2.38765136e+00
   8.16043460e-01 3.33339983e-04 3.33339983e-04]
  [1.96165181e-06 1.34329931e-02 1.87395556e+01 3.29441160e+00
   3.49048943e-01 3.33341132e-04 3.33341132e-04]
  [1.99619297e-06 1.32011118e-02 1.79410301e+01 2.29932566e+00
   1.70942598e+00 3.33335395e-04 3.33335395e-04]
  [5.12833908e-06 1.32866967e-02 1.85859403e+01 2.81169879e+00
   1.11523547e+00 3.33336798e-04 3.33336798e-04]
  [5.19413012e-06 1.31919729e-02 1.85372560e+01 2.70608642e+00
   1.18249183e+00 3.33338159e-04 3.33338159e-04]]

 [[2.59303700e-06 1.32509488e-02 1.76281887e+01 3.07925593e+00
   1.08917704e+00 3.33337129e-04 3.33337129e-04]
  [4.98415558e-06 1.31847224e-02 1.91823293e+01 3.32863084e+00
   1.01997969e+00 3.33335384e-04 3.33335384e-04]
  [1.46019221e-06 1.33107561e-02 1.74288706e+01 3.19710168e+00
   6.73184210e-01 3.33337620e-04 3.33337620e-04]
  [2.03071596e-05 1.32775266e-02 1.80282576e+01 2.17711188e+00
   1.03470566e+00 3.33339246e-04 3.33339246e-04]
  [1.78147533e-06 1.33417324e-02 1.96685712e+01 2.71566317e+00
   6.86332282e-01 3.33338332e-04 3.33338332e-04]
  [6.29412384e-06 1.30565992e-02 1.87134157e+01 2.83421013e+00
   1.51873441e+00 3.33334669e-04 3.33334669e-04]
  [3.96261751e-06 1.30629689e-02 1.86062268e+01 2.61065384e+00
   1.86034726e+00 3.33333039e-04 3.33333039e-04]
  [3.23578280e-06 1.30901654e-02 1.86602713e+01 3.79535790e+00
   9.86564888e-01 3.33334809e-04 3.33334809e-04]]

 [[6.54908034e-06 1.31254341e-02 1.88819716e+01 2.60223422e+00
   1.53287305e+00 3.33336188e-04 3.33336188e-04]
  [2.41742460e-06 1.31323766e-02 1.82400624e+01 3.04761823e+00
   1.22023408e+00 3.33336026e-04 3.33336026e-04]
  [1.63891228e-06 1.32165945e-02 1.81240585e+01 2.41251984e+00
   1.08087087e+00 3.33337887e-04 3.33337887e-04]
  [3.57127652e-06 1.32663360e-02 1.90198579e+01 2.88958502e+00
   9.51745747e-01 3.33337581e-04 3.33337581e-04]
  [6.35497919e-06 1.31934396e-02 1.92228831e+01 3.23179550e+00
   1.11155870e+00 3.33335782e-04 3.33335782e-04]
  [1.63681327e-06 1.34816025e-02 1.88777625e+01 2.55068000e+00
   4.04423548e-01 3.33341354e-04 3.33341354e-04]
  [5.15307166e-06 1.30992282e-02 1.82217249e+01 3.25273126e+00
   1.36158712e+00 3.33334158e-04 3.33334158e-04]
  [2.22475278e-06 1.31327561e-02 1.77508417e+01 2.53680607e+00
   1.60873242e+00 3.33335366e-04 3.33335366e-04]]

 [[4.42371963e-04 9.03762329e-01 6.42688616e+01 3.23699035e-03
   1.72914664e-03 3.70600989e-04 3.70600989e-04]
  [3.82988560e-06 1.30693107e-02 1.82161703e+01 3.11868487e+00
   1.48840083e+00 3.33333865e-04 3.33333865e-04]
  [3.29098908e-06 1.30654034e-02 1.84248349e+01 2.91166274e+00
   1.53704120e+00 3.33334342e-04 3.33334342e-04]
  [2.25445438e-06 1.32390713e-02 1.81185990e+01 2.95103853e+00
   1.02817409e+00 3.33337307e-04 3.33337307e-04]
  [4.50777836e-06 1.30600564e-02 1.76751952e+01 2.51350505e+00
   1.82381075e+00 3.33333602e-04 3.33333602e-04]
  [3.00463988e-06 1.31143863e-02 1.81194287e+01 3.00484504e+00
   1.48195801e+00 3.33334585e-04 3.33334585e-04]
  [1.83167042e-05 1.14374050e-02 2.96537238e+01 3.49697054e-01
   3.75822764e+00 3.33323328e-04 3.33323328e-04]
  [2.53941163e-06 1.34271513e-02 1.85703060e+01 2.30349508e+00
   9.09193576e-01 3.33340037e-04 3.33340037e-04]]

 [[3.07922115e-06 1.32074947e-02 1.81462329e+01 3.20353709e+00
   1.16867210e+00 3.33336853e-04 3.33336853e-04]
  [4.24255796e-06 1.24213004e-02 3.27159119e+01 1.74481163e+00
   8.72688261e-01 3.33332949e-04 3.33332949e-04]
  [6.49404983e-06 1.34237060e-02 1.89674619e+01 3.65946824e+00
   4.08536528e-01 3.33341741e-04 3.33341741e-04]
  [1.77245242e-06 1.32924400e-02 1.88060499e+01 3.22801355e+00
   6.84654065e-01 3.33338141e-04 3.33338141e-04]
  [2.95897006e-06 1.33833372e-02 1.92239062e+01 1.99357308e+00
   1.06054431e+00 3.33340682e-04 3.33340682e-04]
  [1.76081606e-06 1.33855690e-02 1.80437994e+01 1.88376480e+00
   8.28737448e-01 3.33339769e-04 3.33339769e-04]
  [1.80663833e-06 1.02350244e-02 6.47524780e+01 3.29506625e-03
   1.70803233e-03 3.34474622e-04 3.59680885e-04]
  [3.13644032e-06 1.32561190e-02 1.88861311e+01 3.10701982e+00
   1.14013145e+00 3.33336343e-04 3.33336343e-04]]]

Cumulative Reward: 20205.45728604039
