Scheduler Table:
[[[1.05559734e-03 3.01769441e-01 1.17784386e+02 3.56222167e-03
   4.20484938e-02 5.65223882e-03 5.65223882e-03]
  [1.06162290e-03 3.02034254e-01 1.17866093e+02 3.56232599e-03
   4.20549388e-02 5.65225383e-03 5.65225383e-03]
  [1.05934841e-03 3.02339303e-01 1.17826877e+02 3.56245890e-03
   4.20164893e-02 5.65270979e-03 5.65270979e-03]]

 [[1.05550753e-03 3.01805519e-01 1.17785365e+02 3.56253184e-03
   4.19934727e-02 5.65209481e-03 5.65209481e-03]
  [7.80199318e-04 2.53665550e-01 1.19737894e+02 3.57310807e-03
   4.20249321e-02 5.66678717e-03 5.66678717e-03]
  [6.42858062e-05 1.25376243e-01 1.24323867e+02 3.58990522e-03
   4.30576930e-02 5.70149961e-03 5.72837545e-03]]

 [[1.06097673e-03 3.02579830e-01 1.17820077e+02 3.56262092e-03
   4.19833990e-02 5.65194409e-03 5.65194409e-03]
  [6.43922292e-05 1.25393994e-01 1.24320426e+02 3.59074635e-03
   4.27351565e-02 5.70664394e-03 5.70664394e-03]
  [1.05838445e-03 3.02074823e-01 1.17871500e+02 3.56292522e-03
   4.19410206e-02 5.65193878e-03 5.65193878e-03]]]

Buffer Table:
[[[1.05074246e-03 3.00538389e-01 1.17836330e+02 3.56264424e-03
   4.20392387e-02 5.65261468e-03 5.65261468e-03]
  [1.05350514e-03 3.00911815e-01 1.17866643e+02 3.56299369e-03
   4.20141416e-02 5.65318235e-03 5.65318235e-03]
  [9.65031708e-05 1.32007597e-01 1.24169545e+02 3.59104870e-03
   4.26916318e-02 5.70536568e-03 5.70536568e-03]]

 [[9.62977896e-05 1.31970488e-01 1.24161442e+02 3.59090820e-03
   4.29396606e-02 5.69984494e-03 5.72672078e-03]
  [1.05481064e-03 3.01074153e-01 1.17856485e+02 3.56255885e-03
   4.20505571e-02 5.65279617e-03 5.65279617e-03]
  [1.05432969e-03 3.01108318e-01 1.17799647e+02 3.56294652e-03
   4.20162355e-02 5.65336599e-03 5.65336599e-03]]

 [[1.06057185e-03 3.00474133e-01 1.17839361e+02 3.56277680e-03
   4.20297602e-02 5.65299481e-03 5.65299481e-03]
  [9.64004221e-05 1.31988952e-01 1.24159354e+02 3.59164877e-03
   4.26088580e-02 5.70447936e-03 5.70447936e-03]
  [1.04762581e-03 3.00046726e-01 1.17889129e+02 3.56380817e-03
   4.19430060e-02 5.65358321e-03 5.65358321e-03]]]

Arbiter Table:
[[[5.93016581e-05 1.26595519e-01 1.24166870e+02 3.58682083e-03
   4.31712000e-02 5.70052853e-03 5.72740437e-03]
  [6.85664780e-04 2.81290373e-01 1.18570996e+02 3.56709545e-03
   4.20397735e-02 5.65878087e-03 5.65878087e-03]
  [7.51287204e-04 2.96796222e-01 1.17969032e+02 3.56416290e-03
   4.19553310e-02 5.65366549e-03 5.65366549e-03]]

 [[4.64048657e-04 2.26579355e-01 1.20753489e+02 3.57935557e-03
   4.21169864e-02 5.67600043e-03 5.67600043e-03]
  [7.77752493e-04 3.02843459e-01 1.17770170e+02 3.56274120e-03
   4.19730300e-02 5.65194069e-03 5.65194069e-03]
  [7.84054610e-04 3.01094013e-01 1.17814239e+02 3.56300461e-03
   4.20008697e-02 5.65319231e-03 5.65319231e-03]]

 [[7.68394848e-04 3.00846597e-01 1.17856435e+02 3.56323027e-03
   4.19776711e-02 5.65314804e-03 5.65314804e-03]
  [6.64432860e-04 2.76176856e-01 1.18820049e+02 3.56833791e-03
   4.19821611e-02 5.65937292e-03 5.65937292e-03]
  [7.74676540e-04 3.02122536e-01 1.17861723e+02 3.56345593e-03
   4.19324872e-02 5.65282414e-03 5.65282414e-03]]]

Page Table:
[[[5.55685545e-04 4.57307954e-01 1.15967584e+02 3.43430449e-03
   4.06912910e-02 5.45229729e-03 5.45229729e-03]
  [2.10990173e-04 2.36229821e-01 1.21583574e+02 3.53853952e-03
   4.19568616e-02 5.61955141e-03 5.61955141e-03]
  [8.27701821e-04 6.35571381e-01 1.11133616e+02 3.35075833e-03
   3.94387972e-02 5.31555532e-03 5.31555532e-03]
  [8.77043336e-04 6.66827033e-01 1.10399922e+02 3.33486178e-03
   3.93867335e-02 5.29182459e-03 5.29182459e-03]]

 [[8.81994278e-04 6.70285403e-01 1.10323423e+02 3.33368890e-03
   3.92702557e-02 5.28890466e-03 5.28890466e-03]
  [8.90934130e-04 6.66896145e-01 1.10358060e+02 3.33503492e-03
   3.93596790e-02 5.29180252e-03 5.29180252e-03]
  [8.75698433e-04 6.66437633e-01 1.10276277e+02 3.33566721e-03
   3.93005401e-02 5.29181829e-03 5.29181829e-03]
  [2.10760473e-04 2.36095693e-01 1.21588520e+02 3.53785789e-03
   4.22883877e-02 5.61501123e-03 5.64188707e-03]]

 [[8.88821132e-04 6.74406844e-01 1.10284125e+02 3.33213211e-03
   3.92353910e-02 5.28565779e-03 5.28565779e-03]
  [5.56003253e-04 4.57759619e-01 1.15927448e+02 3.43746256e-03
   4.04621267e-02 5.45254193e-03 5.45254193e-03]
  [8.85223748e-04 6.72359878e-01 1.10182451e+02 3.33186961e-03
   3.93594059e-02 5.28744537e-03 5.28744537e-03]
  [8.82139058e-04 6.70226538e-01 1.10260159e+02 3.33357585e-03
   3.93114167e-02 5.28894264e-03 5.28894264e-03]]

 [[2.11220314e-04 2.36364376e-01 1.21590901e+02 3.53788039e-03
   4.20389106e-02 5.62034330e-03 5.62034330e-03]
  [8.71212201e-04 6.63442563e-01 1.10393637e+02 3.33680458e-03
   3.93621494e-02 5.29442841e-03 5.29442841e-03]
  [8.82782695e-04 6.70360390e-01 1.10222009e+02 3.33346666e-03
   3.93305593e-02 5.28934892e-03 5.28934892e-03]
  [8.77510583e-04 6.67351959e-01 1.10277384e+02 3.33457284e-03
   3.93892899e-02 5.29119365e-03 5.29119365e-03]]]

Response Table:
[[[1.01085472e-03 1.59662912e-01 1.18949964e+02]
  [9.97400899e-04 1.59339580e-01 1.18957262e+02]]

 [[9.98756053e-04 1.59291594e-01 1.18975454e+02]
  [2.37782826e-05 1.17699322e-01 1.24508400e+02]]]

Refresh Table:
[[[1.00977093e-03 1.59730917e-01 1.18979679e+02]
  [6.65451702e-04 1.46167795e-01 1.21041944e+02]]

 [[9.42949630e-04 1.57336727e-01 1.19369592e+02]
  [1.88300197e-04 1.24430414e-01 1.23544604e+02]]]

Request Buffer Table:
[[[3.60802727e-04 9.27973145e-01 5.70300448e+01]
  [3.61406920e-04 9.23637969e-01 5.73648930e+01]
  [2.23573326e-04 5.78627212e-01 8.64278413e+01]
  [3.63614175e-04 9.25867958e-01 5.72430121e+01]
  [3.56283590e-04 9.28418124e-01 5.70682231e+01]
  [3.62445367e-04 9.27598096e-01 5.71554792e+01]
  [3.55999452e-04 9.27060146e-01 5.71847909e+01]
  [3.68171740e-04 9.29743045e-01 5.69582124e+01]]

 [[3.59666367e-04 9.25561076e-01 5.71716956e+01]
  [3.68572340e-04 9.27603820e-01 5.70740388e+01]
  [3.12589681e-04 7.87596104e-01 6.87522781e+01]
  [3.59735713e-04 9.30049156e-01 5.69268449e+01]
  [3.73406043e-04 9.27889286e-01 5.70617115e+01]
  [3.66324142e-04 9.29889707e-01 5.69255040e+01]
  [3.54093092e-04 9.31581029e-01 5.68418130e+01]
  [3.65219581e-04 9.25125185e-01 5.73035378e+01]]

 [[3.33927924e-04 8.60097503e-01 6.27525948e+01]
  [3.63128734e-04 9.21274167e-01 5.75364045e+01]
  [3.66736368e-04 9.24354970e-01 5.73639342e+01]
  [3.69104028e-04 9.30791958e-01 5.68592816e+01]
  [7.95653911e-05 2.46175690e-01 1.13903491e+02]
  [3.68087424e-04 9.27114402e-01 5.71233058e+01]
  [3.60818954e-04 9.22810289e-01 5.75005969e+01]
  [3.60973273e-04 9.26875953e-01 5.72056788e+01]]

 [[3.58170113e-04 9.31713433e-01 5.67569161e+01]
  [3.66763759e-04 9.33016084e-01 5.65830357e+01]
  [3.62218170e-04 9.20136584e-01 5.76850694e+01]
  [3.62555736e-04 9.29620691e-01 5.69030487e+01]
  [3.70752645e-04 9.28831201e-01 5.70786715e+01]
  [3.64947881e-04 9.30125990e-01 5.69128258e+01]
  [3.52754240e-04 9.35759198e-01 5.64709313e+01]
  [3.67528504e-04 9.30700351e-01 5.68728502e+01]]

 [[3.56410743e-04 9.26773981e-01 5.70968189e+01]
  [3.64107773e-04 9.18582649e-01 5.77672077e+01]
  [7.96988060e-05 2.46406837e-01 1.13881641e+02]
  [3.60382504e-04 9.24331720e-01 5.73538045e+01]
  [3.65357017e-04 9.21686058e-01 5.75351694e+01]
  [3.66694671e-04 9.28779416e-01 5.69993965e+01]
  [3.61383080e-04 9.36800485e-01 5.64133428e+01]
  [3.62196150e-04 9.24579526e-01 5.73412105e+01]]

 [[3.56943385e-04 9.28952042e-01 5.69716437e+01]
  [3.66141970e-04 9.22673661e-01 5.74268721e+01]
  [3.60023077e-04 9.19052705e-01 5.77806957e+01]
  [3.73207599e-04 9.31606810e-01 5.68289379e+01]
  [3.62746474e-04 9.28456667e-01 5.70112992e+01]
  [3.63854592e-04 9.25783164e-01 5.73122426e+01]
  [3.58560496e-04 9.30080106e-01 5.69950861e+01]
  [3.66337513e-04 9.25853839e-01 5.73090630e+01]]

 [[3.62370962e-04 9.28872046e-01 5.69479670e+01]
  [3.82048742e-04 9.37734816e-01 5.62693118e+01]
  [2.79554105e-04 7.06034431e-01 7.57291073e+01]
  [3.72521717e-04 9.30432167e-01 5.68382567e+01]
  [3.58754324e-04 9.28147989e-01 5.70182923e+01]
  [3.68028910e-04 9.25803766e-01 5.72068659e+01]
  [3.47249368e-04 9.38082708e-01 5.64138812e+01]
  [3.54542226e-04 9.43960072e-01 5.58228666e+01]]

 [[3.56430359e-04 9.23918487e-01 5.73034081e+01]
  [3.72849537e-04 9.30779556e-01 5.67849709e+01]
  [3.60580290e-04 9.17054642e-01 5.79435797e+01]
  [3.65281161e-04 9.39274115e-01 5.61277734e+01]
  [3.64406675e-04 9.31694732e-01 5.67357600e+01]
  [3.65199543e-04 9.35465381e-01 5.65115472e+01]
  [3.62772103e-04 9.26181124e-01 5.72703341e+01]
  [3.60550743e-04 9.24590105e-01 5.74365680e+01]]]

Ref Max Post Table:
[[[8.63356807e-04 6.76106873e-01 1.10177815e+02]
  [7.90990473e-04 6.27196700e-01 1.11440671e+02]
  [8.76147112e-04 6.83489777e-01 1.10089830e+02]
  [8.64684167e-04 6.76255232e-01 1.10256262e+02]]

 [[8.51536763e-04 6.68013455e-01 1.10324365e+02]
  [8.47565188e-04 6.65666006e-01 1.10394281e+02]
  [8.66392007e-04 6.68456594e-01 1.10366915e+02]
  [5.58001716e-04 4.70980350e-01 1.15540497e+02]]

 [[8.62414923e-04 6.75237747e-01 1.10237987e+02]
  [8.56358386e-04 6.70873543e-01 1.10329229e+02]
  [8.56922820e-04 6.71383242e-01 1.10269952e+02]
  [8.45740588e-04 6.64515954e-01 1.10468476e+02]]

 [[8.53828036e-04 6.69664063e-01 1.10336382e+02]
  [8.37076611e-04 6.59086140e-01 1.10600463e+02]
  [8.52823609e-04 6.68940820e-01 1.10345726e+02]
  [9.81755906e-05 1.67646735e-01 1.23211261e+02]]]

Ref Max Pull Table:
[[[8.42942959e-04 6.61910956e-01 1.10485016e+02]
  [8.56620317e-04 6.70486380e-01 1.10383984e+02]
  [8.64336204e-04 6.75786910e-01 1.10260687e+02]
  [3.88441784e-05 1.25917523e-01 1.24386155e+02]]

 [[8.52053344e-04 6.67589887e-01 1.10394058e+02]
  [8.61832829e-04 6.74062632e-01 1.10299973e+02]
  [8.69880142e-04 6.70003807e-01 1.10345483e+02]
  [8.50319094e-04 6.66330242e-01 1.10430783e+02]]

 [[8.59680976e-04 6.72743188e-01 1.10325714e+02]
  [8.59356220e-04 6.72426799e-01 1.10315999e+02]
  [8.63819347e-04 6.75337271e-01 1.10268313e+02]
  [8.50231896e-04 6.65999347e-01 1.10424450e+02]]

 [[3.89056578e-05 1.25936230e-01 1.24382823e+02]
  [8.71801161e-04 6.77799244e-01 1.10333763e+02]
  [8.61136399e-04 6.73574062e-01 1.10323199e+02]
  [8.60864338e-04 6.71989618e-01 1.10329993e+02]]]

Max Activate Table:
[[[3.61909046e-04 9.36712932e-01 5.63894176e+01 1.70458499e-03
   2.01370028e-02 2.70496207e-03 2.70496207e-03]
  [3.66628896e-04 9.27633701e-01 5.71037322e+01 1.72681871e-03
   2.03299229e-02 2.73926112e-03 2.73926112e-03]
  [2.79033269e-04 9.40665079e-01 5.61009762e+01 1.69558481e-03
   1.99373781e-02 2.68948565e-03 2.68948565e-03]
  [3.78133831e-04 9.25382017e-01 5.72700776e+01 1.73162266e-03
   2.04503762e-02 2.74779947e-03 2.74779947e-03]
  [3.28620924e-04 9.37223143e-01 5.64025889e+01 1.70429196e-03
   2.00235048e-02 2.70275430e-03 2.70275430e-03]
  [3.84863874e-04 9.25097587e-01 5.73281405e+01 1.73250587e-03
   2.04581642e-02 2.74895950e-03 2.74895950e-03]
  [3.68694826e-04 9.23386039e-01 5.75162863e+01 1.73729158e-03
   2.04164866e-02 2.75572460e-03 2.75572460e-03]
  [3.74993616e-04 9.18036990e-01 5.78837216e+01 1.74908051e-03
   2.06895319e-02 2.77578026e-03 2.77578026e-03]]

 [[3.16293875e-04 9.37028852e-01 5.63002932e+01 1.70369417e-03
   2.01448740e-02 2.70403502e-03 2.70403502e-03]
  [3.35158101e-04 9.42758740e-01 5.59031244e+01 1.69035067e-03
   1.99452930e-02 2.68218239e-03 2.68218239e-03]
  [3.35489341e-04 9.34719697e-01 5.65898267e+01 1.70962559e-03
   2.01419233e-02 2.71261915e-03 2.71261915e-03]
  [3.63968482e-04 9.41999923e-01 5.60356030e+01 1.69346845e-03
   1.98664087e-02 2.68494006e-03 2.68494006e-03]
  [5.41730261e-05 1.70845674e-01 1.20391631e+02 3.47701849e-03
   4.15976474e-02 5.51915384e-03 5.54602968e-03]
  [3.77002653e-04 9.26312317e-01 5.72353323e+01 1.72929768e-03
   2.04372959e-02 2.74416018e-03 2.74416018e-03]
  [3.84271303e-04 9.35276339e-01 5.65927250e+01 1.70865482e-03
   2.01110959e-02 2.71042799e-03 2.71042799e-03]
  [3.79151782e-04 9.31139977e-01 5.68432772e+01 1.71748389e-03
   2.03224873e-02 2.72625943e-03 2.72625943e-03]]

 [[3.84979177e-04 9.35261144e-01 5.65243906e+01 1.70774271e-03
   2.02258869e-02 2.71058438e-03 2.71058438e-03]
  [3.74165182e-04 9.34678221e-01 5.65002949e+01 1.70949732e-03
   2.02165116e-02 2.71270905e-03 2.71270905e-03]
  [3.85568145e-04 9.23155149e-01 5.74626557e+01 1.73709383e-03
   2.05074951e-02 2.75630866e-03 2.75630866e-03]
  [3.67055716e-04 9.29826691e-01 5.69976632e+01 1.72115156e-03
   2.02994169e-02 2.73105639e-03 2.73105639e-03]
  [3.46435848e-04 9.24599652e-01 5.73455531e+01 1.73365203e-03
   2.04345072e-02 2.75029944e-03 2.75029944e-03]
  [3.60155199e-04 9.26339450e-01 5.72432451e+01 1.72928530e-03
   2.04121917e-02 2.74419625e-03 2.74419625e-03]
  [3.68013300e-04 9.30799669e-01 5.68730569e+01 1.71841436e-03
   2.03520884e-02 2.72750250e-03 2.72750250e-03]
  [4.96142810e-04 9.30986096e-01 5.69257879e+01 1.71872970e-03
   2.02406905e-02 2.72662976e-03 2.72662976e-03]]

 [[3.64273038e-04 9.23357067e-01 5.74341830e+01 1.73631496e-03
   2.05347654e-02 2.75573320e-03 2.75573320e-03]
  [5.42287955e-05 1.70907387e-01 1.20385348e+02 3.47763236e-03
   4.12653519e-02 5.52358726e-03 5.52358726e-03]
  [3.79710441e-04 9.22902038e-01 5.75100435e+01 1.73836580e-03
   2.04411522e-02 2.75708142e-03 2.75708142e-03]
  [3.67550072e-04 9.23492160e-01 5.74541274e+01 1.73676810e-03
   2.04441916e-02 2.75545593e-03 2.75545593e-03]
  [3.64925979e-04 9.19868977e-01 5.77516960e+01 1.74498750e-03
   2.05828420e-02 2.76887591e-03 2.76887591e-03]
  [3.86272749e-04 9.24664959e-01 5.73717556e+01 1.73357218e-03
   2.04790871e-02 2.75092744e-03 2.75092744e-03]
  [3.95272134e-04 9.28914209e-01 5.70949214e+01 1.72316713e-03
   2.03537552e-02 2.73422962e-03 2.73422962e-03]
  [3.72775744e-04 9.27189344e-01 5.71714123e+01 1.72747456e-03
   2.03878968e-02 2.74116220e-03 2.74116220e-03]]

 [[3.53187801e-04 9.26338031e-01 5.72255712e+01 1.72986294e-03
   2.03741848e-02 2.74439260e-03 2.74439260e-03]
  [3.37273123e-04 9.30100316e-01 5.68525153e+01 1.72060591e-03
   2.02827329e-02 2.72952707e-03 2.72952707e-03]
  [3.74296610e-04 9.21618122e-01 5.76274912e+01 1.74077282e-03
   2.05398626e-02 2.76215723e-03 2.76215723e-03]
  [5.42846290e-05 1.70969327e-01 1.20391341e+02 3.47690545e-03
   4.13466311e-02 5.52427234e-03 5.52427234e-03]
  [3.65527537e-04 9.11344351e-01 5.85135351e+01 1.76525758e-03
   2.08028962e-02 2.80065111e-03 2.80065111e-03]
  [3.85760928e-04 9.25945464e-01 5.72624578e+01 1.73007413e-03
   2.04462627e-02 2.74545430e-03 2.74545430e-03]
  [3.72817887e-04 9.20146367e-01 5.77299256e+01 1.74470428e-03
   2.05398353e-02 2.76784661e-03 2.76784661e-03]
  [3.79524314e-04 9.26067952e-01 5.73328784e+01 1.73001233e-03
   2.04347346e-02 2.74535015e-03 2.74535015e-03]]

 [[3.84704961e-04 9.23994933e-01 5.73084474e+01 1.73521115e-03
   2.04772052e-02 2.75340262e-03 2.75340262e-03]
  [3.39695446e-04 9.34026058e-01 5.65562872e+01 1.71170313e-03
   2.01103712e-02 2.71492901e-03 2.71492901e-03]
  [3.90490288e-04 9.32100820e-01 5.66992131e+01 1.71611003e-03
   2.02269139e-02 2.72206433e-03 2.72206433e-03]
  [3.78398582e-04 9.24853741e-01 5.73574946e+01 1.73290034e-03
   2.04650651e-02 2.74976217e-03 2.74976217e-03]
  [3.77400188e-04 9.29213887e-01 5.70561746e+01 1.72246805e-03
   2.03388383e-02 2.73316809e-03 2.73316809e-03]
  [3.80303082e-04 9.28312602e-01 5.70346078e+01 1.72452862e-03
   2.03954701e-02 2.73703899e-03 2.73703899e-03]
  [3.89189521e-04 9.29681500e-01 5.69997151e+01 1.72155402e-03
   2.02980748e-02 2.73170248e-03 2.73170248e-03]
  [3.69761153e-04 9.19354680e-01 5.78415970e+01 1.74649325e-03
   2.05780475e-02 2.77056437e-03 2.77056437e-03]]

 [[3.91268800e-04 9.22761299e-01 5.74621556e+01 1.73825609e-03
   2.05097398e-02 2.75818100e-03 2.75818100e-03]
  [3.72366759e-04 9.21836262e-01 5.76165956e+01 1.74086986e-03
   2.04722112e-02 2.76155716e-03 2.76155716e-03]
  [3.51256396e-04 9.31496445e-01 5.68351814e+01 1.71739481e-03
   2.02402868e-02 2.72464528e-03 2.72464528e-03]
  [3.67229575e-04 9.21571837e-01 5.75999780e+01 1.74138405e-03
   2.04716386e-02 2.76191981e-03 2.76191981e-03]
  [3.38095974e-04 9.41310216e-01 5.60098802e+01 1.69323624e-03
   2.00179781e-02 2.68729990e-03 2.68729990e-03]
  [3.75011579e-04 9.21039496e-01 5.76391363e+01 1.74228766e-03
   2.05297875e-02 2.76459536e-03 2.76459536e-03]
  [3.80682679e-04 9.28314468e-01 5.70930080e+01 1.72485120e-03
   2.03337332e-02 2.73664715e-03 2.73664715e-03]
  [4.16156227e-04 9.31607614e-01 5.68153354e+01 1.71658680e-03
   2.03093596e-02 2.72447690e-03 2.72447690e-03]]

 [[3.58432566e-04 9.27808872e-01 5.70621188e+01 1.72551149e-03
   2.04350947e-02 2.73884757e-03 2.73884757e-03]
  [3.61368230e-04 9.28848863e-01 5.70108003e+01 1.72375535e-03
   2.03235908e-02 2.73479435e-03 2.73479435e-03]
  [3.80515577e-04 9.36692602e-01 5.64161637e+01 1.70419438e-03
   2.01901183e-02 2.70518347e-03 2.70518347e-03]
  [3.78890443e-04 9.21602086e-01 5.76225511e+01 1.74107724e-03
   2.05225640e-02 2.76235968e-03 2.76235968e-03]
  [3.67640040e-04 9.25987898e-01 5.71992440e+01 1.73045568e-03
   2.03852099e-02 2.74499369e-03 2.74499369e-03]
  [3.65105239e-04 9.28263377e-01 5.71055221e+01 1.72512901e-03
   2.03351156e-02 2.73673281e-03 2.73673281e-03]
  [3.89836429e-04 9.26747861e-01 5.71654136e+01 1.72852579e-03
   2.04189847e-02 2.74292126e-03 2.74292126e-03]
  [4.49627512e-04 9.38097276e-01 5.63421531e+01 1.70127532e-03
   2.00933571e-02 2.69968442e-03 2.69968442e-03]]]

Cumulative Reward: 3112.0736671067143
