Scheduler Table:
[[[4.25502265e-05 1.36262519e-01 1.84042351e+02 2.61923676e+01
   1.02299346e+01 3.34448243e-03 3.34448243e-03]
  [4.31026004e-05 1.36142806e-01 1.83927366e+02 2.56528213e+01
   1.14828532e+01 3.34425576e-03 3.34425576e-03]
  [4.34956830e-05 1.36047763e-01 1.84821196e+02 2.55985598e+01
   1.12145890e+01 3.34423210e-03 3.34423210e-03]]

 [[4.31375825e-05 1.36449148e-01 1.84388413e+02 2.64301320e+01
   9.99127207e+00 3.34457931e-03 3.34457931e-03]
  [3.50660488e-04 1.04666867e+00 4.63285453e+02 9.42124190e-02
   5.20324766e-02 3.37170874e-03 3.39673856e-03]
  [4.28838834e-05 1.35885337e-01 1.83927199e+02 2.52040953e+01
   1.21565888e+01 3.34406264e-03 3.34406264e-03]]

 [[4.27675289e-05 1.35799970e-01 1.83740804e+02 2.51252256e+01
   1.22750296e+01 3.34402871e-03 3.34402871e-03]
  [4.01385478e-05 1.30454028e-01 2.02387123e+02 2.08576256e+01
   1.03027853e+01 3.34203446e-03 3.34203446e-03]
  [3.33176528e-05 1.24818543e-01 2.94928409e+02 1.81785295e+01
   7.36680826e+00 3.34197410e-03 3.34197410e-03]]]

Buffer Table:
[[[4.10834416e-05 1.36314227e-01 1.84336984e+02 2.61781560e+01
   1.04738515e+01 3.34416767e-03 3.34416767e-03]
  [4.28158989e-05 1.25506754e-01 2.87180908e+02 2.27762723e+01
   7.87236798e+00 3.34070961e-03 3.34070961e-03]
  [4.45070290e-05 1.36397604e-01 1.84259587e+02 2.61509624e+01
   1.05290252e+01 3.34415003e-03 3.34415003e-03]]

 [[4.36267718e-05 1.31621535e-01 2.08471157e+02 3.20690577e+01
   8.99998300e+00 3.34172687e-03 3.34172687e-03]
  [3.50504817e-04 1.04915699e+00 4.37335511e+02 1.70020489e+00
   7.61252525e-01 3.37236631e-03 3.39739613e-03]
  [4.70238956e-05 1.36055451e-01 1.85560419e+02 2.63415196e+01
   1.09498133e+01 3.34393616e-03 3.34393616e-03]]

 [[3.78487691e-05 1.33423995e-01 1.98913880e+02 2.20387995e+01
   1.00047276e+01 3.34214034e-03 3.34214034e-03]
  [4.18497934e-05 1.36118813e-01 1.83952465e+02 2.58200313e+01
   1.10248588e+01 3.34401318e-03 3.34401318e-03]
  [4.20335082e-05 1.36400679e-01 1.84573333e+02 2.64398913e+01
   1.01110901e+01 3.34426254e-03 3.34426254e-03]]]

Arbiter Table:
[[[4.49422683e-05 1.26517212e-01 2.12554014e+02 1.77106202e+01
   7.74476475e+00 3.34060052e-03 3.34060052e-03]
  [4.45997660e-05 1.36444499e-01 1.84616470e+02 2.63382052e+01
   1.01848938e+01 3.34418923e-03 3.34418923e-03]
  [4.19903703e-05 1.35729022e-01 1.85210457e+02 2.55297832e+01
   1.07152978e+01 3.34385021e-03 3.34385021e-03]]

 [[3.41195104e-05 1.31485809e-01 2.03195757e+02 1.99585263e+01
   9.20506230e+00 3.34153058e-03 3.34153058e-03]
  [3.50521315e-04 1.04652986e+00 4.64883296e+02 6.37736407e-03
   4.11495216e-03 3.37168646e-03 3.39671628e-03]
  [4.38926439e-05 1.36305729e-01 1.83775830e+02 2.59992685e+01
   1.06968958e+01 3.34404828e-03 3.34404828e-03]]

 [[4.06726511e-05 1.36379238e-01 1.84007737e+02 2.61445668e+01
   1.04658861e+01 3.34411331e-03 3.34411331e-03]
  [3.99342152e-05 1.30643922e-01 1.92340530e+02 2.51445533e+01
   1.66463306e+01 3.34153219e-03 3.34153219e-03]
  [4.22209829e-05 1.36475555e-01 1.84438769e+02 2.62202759e+01
   1.03506379e+01 3.34414531e-03 3.34414531e-03]]]

Page Table:
[[[4.53093270e-05 1.84372677e-01 1.83065759e+02 2.26734669e+01
   9.44880211e+00 4.43100668e-03 4.43100668e-03]
  [4.80772477e-05 1.83752767e-01 1.82813482e+02 2.23713855e+01
   9.90416921e+00 4.41952917e-03 4.41952917e-03]
  [4.35644368e-05 1.84344027e-01 1.82932081e+02 2.26916204e+01
   9.44991362e+00 4.43048181e-03 4.43048181e-03]
  [5.33841415e-05 1.81553250e-01 1.82963242e+02 2.15347263e+01
   1.14184636e+01 4.37839544e-03 4.37839544e-03]]

 [[4.79414834e-05 1.79987499e-01 1.81997675e+02 2.09464206e+01
   1.24498950e+01 4.35072478e-03 4.35072478e-03]
  [4.40678144e-05 1.84719469e-01 1.83803555e+02 2.27223593e+01
   9.29701427e+00 4.43554053e-03 4.43554053e-03]
  [4.44029937e-05 1.84570455e-01 1.82785757e+02 2.28509183e+01
   9.29060522e+00 4.43352969e-03 4.43352969e-03]
  [4.83354538e-05 1.84262167e-01 1.83612875e+02 2.26414332e+01
   9.49278693e+00 4.42988016e-03 4.42988016e-03]]

 [[4.93614654e-05 1.83461607e-01 1.82802378e+02 2.22525975e+01
   1.01543667e+01 4.41240930e-03 4.41240930e-03]
  [4.36899173e-05 1.83925230e-01 1.82276652e+02 2.24627367e+01
   9.80484360e+00 4.42147466e-03 4.42147466e-03]
  [4.28770117e-05 1.83576119e-01 1.82680142e+02 2.23243675e+01
   1.00608339e+01 4.41449706e-03 4.41449706e-03]
  [4.38422058e-05 1.68451388e-01 1.92378883e+02 2.36760868e+01
   1.50300766e+01 4.18957814e-03 4.18957814e-03]]

 [[4.56135963e-05 1.83777938e-01 1.82967551e+02 2.23959250e+01
   9.91045929e+00 4.41888930e-03 4.41888930e-03]
  [4.80753417e-05 1.80162773e-01 1.82211014e+02 2.10104109e+01
   1.23351628e+01 4.35383370e-03 4.35383370e-03]
  [4.41723085e-05 1.83824685e-01 1.83066711e+02 2.25319433e+01
   9.78023798e+00 4.42119434e-03 4.42119434e-03]
  [3.50521836e-04 1.04652905e+00 4.64886100e+02 5.50276688e-03
   3.44807348e-03 3.37168626e-03 3.39671608e-03]]]

Response Table:
[[[4.13129151e-05 1.27414173e-01 1.82269171e+02]
  [1.92281308e-05 9.51439148e-02 4.77806324e+02]]

 [[3.53759180e-04 1.04673772e+00 4.76653140e+02]
  [6.12929166e-05 1.27420178e-01 1.81989322e+02]]]

Refresh Table:
[[[4.78564837e-05 1.27508541e-01 1.82504031e+02]
  [3.51753801e-05 1.12719119e-01 2.80015851e+02]]

 [[3.94349060e-05 1.15947238e-01 2.37073338e+02]
  [3.50546613e-04 1.04655078e+00 4.64617040e+02]]]

Request Buffer Table:
[[[9.04440859e-05 1.67676877e+00 1.48306030e+02]
  [9.92801513e-05 1.63997196e+00 1.51017570e+02]
  [8.62508814e-05 1.65558321e+00 1.49199155e+02]
  [8.68225851e-05 1.68165359e+00 1.49578807e+02]
  [8.83755064e-05 1.65302951e+00 1.50163843e+02]
  [8.64077929e-05 1.65373030e+00 1.50977823e+02]
  [8.67409082e-05 1.66275222e+00 1.48066699e+02]
  [1.20746139e-04 1.66338574e+00 1.48983261e+02]]

 [[8.53860609e-05 1.64293069e+00 1.49721458e+02]
  [9.30119256e-05 1.63676845e+00 1.50332064e+02]
  [8.49159313e-05 1.62974099e+00 1.49419357e+02]
  [8.70977278e-05 1.61608087e+00 1.54191284e+02]
  [3.61483375e-04 1.10349343e+00 4.83871237e+02]
  [7.56333986e-05 1.30811663e+00 1.76383758e+02]
  [8.45528842e-05 1.62371379e+00 1.50808865e+02]
  [8.58708072e-05 1.62959481e+00 1.50701061e+02]]

 [[9.38493181e-05 1.67852770e+00 1.48570497e+02]
  [8.47479594e-05 1.63577002e+00 1.50280226e+02]
  [8.63148756e-05 1.63861996e+00 1.49890187e+02]
  [8.69730512e-05 1.65697837e+00 1.49611376e+02]
  [8.55793969e-05 1.61188299e+00 1.50545726e+02]
  [9.06747242e-05 1.60501171e+00 1.50302132e+02]
  [8.68615354e-05 1.64998231e+00 1.49967382e+02]
  [8.69198105e-05 1.67567228e+00 1.48983897e+02]]

 [[8.86614459e-05 1.65319551e+00 1.49170180e+02]
  [8.69402768e-05 1.68136599e+00 1.49340814e+02]
  [8.69096660e-05 1.61692217e+00 1.50159354e+02]
  [8.75193688e-05 1.61050415e+00 1.50744003e+02]
  [3.79125967e-05 5.57242374e-01 3.81086846e+02]
  [1.03298006e-04 1.63253761e+00 1.49989271e+02]
  [8.55925578e-05 1.64463696e+00 1.50602414e+02]
  [8.86405284e-05 1.69057398e+00 1.49482370e+02]]

 [[8.59859484e-05 1.63696541e+00 1.49879334e+02]
  [8.76971266e-05 1.66383425e+00 1.50682070e+02]
  [8.70636133e-05 1.63709127e+00 1.49123591e+02]
  [8.69696785e-05 1.65044728e+00 1.50428023e+02]
  [8.58628209e-05 1.62937869e+00 1.50369440e+02]
  [2.70109029e-05 1.52247612e-01 4.86169066e+02]
  [8.72964385e-05 1.66571016e+00 1.50043953e+02]
  [8.71715808e-05 1.63810399e+00 1.50793815e+02]]

 [[8.91345718e-05 1.65014922e+00 1.49776367e+02]
  [2.69386884e-05 1.52071015e-01 4.83516430e+02]
  [8.55465335e-05 1.62057460e+00 1.49767573e+02]
  [8.68689632e-05 1.61672113e+00 1.50315207e+02]
  [8.59117969e-05 1.62264869e+00 1.50118815e+02]
  [8.46147884e-05 1.62438670e+00 1.50162786e+02]
  [8.60449263e-05 1.63236438e+00 1.50502079e+02]
  [8.62098818e-05 1.66481230e+00 1.50257090e+02]]

 [[8.66683988e-05 1.62663013e+00 1.50722614e+02]
  [8.56183009e-05 1.65198721e+00 1.49793387e+02]
  [8.54797486e-05 1.64588838e+00 1.49523071e+02]
  [8.57762113e-05 1.65445216e+00 1.50908899e+02]
  [8.53128043e-05 1.62682503e+00 1.51098454e+02]
  [1.16480828e-04 1.67821847e+00 1.48775528e+02]
  [8.58888374e-05 1.62844508e+00 1.49785648e+02]
  [8.86777263e-05 1.63977096e+00 1.50128108e+02]]

 [[8.58848346e-05 1.63142548e+00 1.50868093e+02]
  [1.05570182e-04 1.65716192e+00 1.49679186e+02]
  [8.52111777e-05 1.61175332e+00 1.50150480e+02]
  [9.53301356e-05 1.66134792e+00 1.49603787e+02]
  [8.81355180e-05 1.68028716e+00 1.49518261e+02]
  [8.78303662e-05 1.64329748e+00 1.49962987e+02]
  [8.58703833e-05 1.64356814e+00 1.50331865e+02]
  [8.63517126e-05 1.66515748e+00 1.49296358e+02]]]

Ref Max Post Table:
[[[4.66729971e-05 1.79605601e-01 1.82497347e+02]
  [4.92203725e-05 1.35150335e-01 3.96807034e+02]
  [4.51932644e-05 1.79261848e-01 1.85506689e+02]
  [4.57662718e-05 1.79978380e-01 1.83171111e+02]]

 [[4.89077318e-05 1.40055849e-01 3.73136873e+02]
  [3.49999412e-04 1.05037026e+00 4.45876588e+02]
  [4.60256740e-05 1.79619676e-01 1.82438363e+02]
  [3.66264798e-05 1.50252363e-01 2.49546094e+02]]

 [[2.29439456e-05 1.32706604e-01 4.00919006e+02]
  [4.52805550e-05 1.80244382e-01 1.82449854e+02]
  [5.41246635e-05 1.79389221e-01 1.82437773e+02]
  [4.36067318e-05 1.84103935e-01 1.82386843e+02]]

 [[3.72060082e-05 1.41452071e-01 2.93293855e+02]
  [4.60191604e-05 1.79882854e-01 1.82435909e+02]
  [4.50131566e-05 1.84395488e-01 1.82429550e+02]
  [4.07500744e-05 1.55731283e-01 2.29019888e+02]]]

Ref Max Pull Table:
[[[4.51727596e-05 1.80863326e-01 1.83025357e+02]
  [2.36482983e-05 1.19878512e-01 2.38933821e+02]
  [4.30740523e-05 1.80120895e-01 1.82973908e+02]
  [4.53643729e-05 1.78484668e-01 1.83006968e+02]]

 [[4.04529922e-05 1.37393051e-01 2.01022023e+02]
  [4.58465383e-05 1.83056912e-01 1.82659632e+02]
  [2.36141361e-05 1.30970348e-01 2.23523331e+02]
  [4.42548409e-05 1.79065235e-01 1.82953348e+02]]

 [[4.41557772e-05 1.80931570e-01 1.82964669e+02]
  [3.48190736e-05 1.49023709e-01 2.09203256e+02]
  [3.50521856e-04 1.04652908e+00 4.64886043e+02]
  [4.66845287e-05 1.78281000e-01 1.82997367e+02]]

 [[4.42977995e-05 1.78630024e-01 1.82989005e+02]
  [4.53491462e-05 1.74496016e-01 1.91539518e+02]
  [4.40148710e-05 1.78658565e-01 1.82960630e+02]
  [7.52572528e-05 1.77988037e-01 1.83003140e+02]]]

Max Activate Table:
[[[8.55546553e-05 1.66569710e+00 1.49724506e+02 1.65985002e+01
   7.92705868e+00 4.36877836e-02 4.36877836e-02]
  [8.53488357e-05 1.65912096e+00 1.51291348e+02 1.58740000e+01
   8.07573750e+00 4.35130045e-02 4.35130045e-02]
  [8.46374128e-05 1.64051738e+00 1.49413823e+02 1.64844538e+01
   8.24661730e+00 4.30268178e-02 4.30268178e-02]
  [8.58326269e-05 1.70748929e+00 1.51134069e+02 1.54384002e+01
   7.14681706e+00 4.47787160e-02 4.47787160e-02]
  [7.90146878e-05 1.44669839e+00 2.04128042e+02 1.44419775e+01
   6.99938680e+00 3.80493679e-02 3.80493679e-02]
  [8.82143856e-05 1.65245843e+00 1.50468106e+02 1.67704408e+01
   7.91301721e+00 4.33365888e-02 4.33365888e-02]
  [8.51640751e-05 1.66018730e+00 1.49799659e+02 1.60121192e+01
   7.91283225e+00 4.35422781e-02 4.35422781e-02]
  [8.57777579e-05 1.69083842e+00 1.48271299e+02 1.54000775e+01
   7.67865876e+00 4.43442058e-02 4.43442058e-02]]

 [[8.52249732e-05 1.64565331e+00 1.50739229e+02 1.62600152e+01
   8.30881811e+00 4.31624139e-02 4.31624139e-02]
  [8.61715875e-05 1.68709770e+00 1.47912345e+02 1.50250568e+01
   8.07205790e+00 4.42457453e-02 4.42457453e-02]
  [8.65998199e-05 1.67663721e+00 1.49427725e+02 1.72316400e+01
   7.36638808e+00 4.39724961e-02 4.39724961e-02]
  [8.41619624e-05 1.64341120e+00 1.50588352e+02 1.63726067e+01
   8.19851333e+00 4.31005983e-02 4.31005983e-02]
  [8.45240827e-05 1.67253035e+00 1.49832816e+02 1.64686495e+01
   7.55759240e+00 4.38624298e-02 4.38624298e-02]
  [1.13596723e-04 1.64717146e+00 1.50680326e+02 1.61218561e+01
   8.30973713e+00 4.31988651e-02 4.31988651e-02]
  [5.96475233e-05 5.61967957e-01 4.55554294e+02 4.83470894e+00
   2.49463022e+00 1.53001904e-02 1.53001904e-02]
  [8.50287949e-05 1.65995469e+00 1.51147578e+02 1.65707699e+01
   7.69170481e+00 4.35344101e-02 4.35344101e-02]]

 [[8.82984418e-05 1.66649085e+00 1.49465162e+02 1.62513859e+01
   7.62648365e+00 4.37058341e-02 4.37058341e-02]
  [8.79066674e-05 1.72158619e+00 1.46675687e+02 1.42085389e+01
   7.92757825e+00 4.51488803e-02 4.51488803e-02]
  [8.70199926e-05 1.71587560e+00 1.48021620e+02 1.56801595e+01
   7.17537952e+00 4.50030605e-02 4.50030605e-02]
  [8.89274894e-05 1.64654591e+00 1.49636426e+02 1.74997233e+01
   7.70741104e+00 4.31845441e-02 4.31845441e-02]
  [8.69327559e-05 1.70539228e+00 1.47259595e+02 1.52754343e+01
   7.50769427e+00 4.47249261e-02 4.47249261e-02]
  [8.74307089e-05 1.64024351e+00 1.49922771e+02 1.61408249e+01
   8.38161510e+00 4.30200216e-02 4.30200216e-02]
  [9.47107073e-05 1.65079698e+00 1.52965851e+02 1.68523374e+01
   7.69925725e+00 4.32971626e-02 4.32971626e-02]
  [8.52358802e-05 1.63899791e+00 1.51082510e+02 1.68556052e+01
   8.11587238e+00 4.29868706e-02 4.29868706e-02]]

 [[8.63190559e-05 1.70777198e+00 1.49851626e+02 1.54377274e+01
   7.16094793e+00 4.47891337e-02 4.47891337e-02]
  [8.58679056e-05 1.71285383e+00 1.48452258e+02 1.56369581e+01
   7.17971942e+00 4.49196424e-02 4.49196424e-02]
  [8.62962677e-05 1.69611375e+00 1.48905843e+02 1.62080240e+01
   7.09481522e+00 4.44814726e-02 4.44814726e-02]
  [9.48709015e-05 1.68814182e+00 1.49025048e+02 1.53398463e+01
   7.51345981e+00 4.42746600e-02 4.42746600e-02]
  [6.09681167e-05 1.00353855e+00 2.01437438e+02 9.52103988e+00
   5.40739156e+00 2.64261253e-02 2.64261253e-02]
  [8.47940356e-05 1.64346368e+00 1.50126918e+02 1.61235507e+01
   8.24395348e+00 4.31010467e-02 4.31010467e-02]
  [8.67515885e-05 1.68921664e+00 1.48232322e+02 1.45092731e+01
   7.93021952e+00 4.42999332e-02 4.42999332e-02]
  [8.65981907e-05 1.65748690e+00 1.49316495e+02 1.55253562e+01
   8.25837256e+00 4.34725170e-02 4.34725170e-02]]

 [[8.82357175e-05 1.65426839e+00 1.49623398e+02 1.63160998e+01
   7.95434931e+00 4.33836694e-02 4.33836694e-02]
  [8.56630992e-05 1.69486169e+00 1.51134140e+02 1.52134307e+01
   7.69434828e+00 4.44478443e-02 4.44478443e-02]
  [1.05316505e-04 1.67058989e+00 1.50338708e+02 1.62511233e+01
   7.43648738e+00 4.38133079e-02 4.38133079e-02]
  [8.77191635e-05 1.75569267e+00 1.48837816e+02 1.43720318e+01
   7.72120239e+00 4.60464246e-02 4.60464246e-02]
  [8.55645894e-05 1.68222705e+00 1.50423761e+02 1.58245372e+01
   7.38643996e+00 4.41155120e-02 4.41155120e-02]
  [8.49285151e-05 1.63379535e+00 1.50617556e+02 1.66730199e+01
   8.44315574e+00 4.28497827e-02 4.28497827e-02]
  [3.59335387e-04 1.25996858e+00 4.19079690e+02 2.23640941e+00
   1.11044215e+00 8.85422375e-03 8.87169169e-03]
  [8.58417713e-05 1.65236424e+00 1.50216270e+02 1.61883199e+01
   8.09138255e+00 4.33360666e-02 4.33360666e-02]]

 [[1.14535932e-04 1.64773827e+00 1.50598006e+02 1.71882888e+01
   7.64789505e+00 4.32145731e-02 4.32145731e-02]
  [8.57529085e-05 1.62306593e+00 1.50551197e+02 1.67301587e+01
   8.54198934e+00 4.25703976e-02 4.25703976e-02]
  [8.71636738e-05 1.67171329e+00 1.49550487e+02 1.66112540e+01
   7.58545872e+00 4.38447912e-02 4.38447912e-02]
  [8.76903547e-05 1.62012696e+00 1.50342492e+02 1.66951333e+01
   8.62807942e+00 4.24918813e-02 4.24918813e-02]
  [8.82186911e-05 1.63621102e+00 1.50692050e+02 1.70692292e+01
   8.04960335e+00 4.29119237e-02 4.29119237e-02]
  [8.60643175e-05 1.70951010e+00 1.49257204e+02 1.51373266e+01
   7.15706771e+00 4.48319821e-02 4.48319821e-02]
  [8.74889679e-05 1.66424945e+00 1.50034709e+02 1.71713244e+01
   7.40606999e+00 4.36492394e-02 4.36492394e-02]
  [8.50199639e-05 1.65814750e+00 1.49997989e+02 1.59952382e+01
   8.18412627e+00 4.34875061e-02 4.34875061e-02]]

 [[8.61581210e-05 1.63142958e+00 1.50686749e+02 1.65552233e+01
   8.10908064e+00 4.27947316e-02 4.27947316e-02]
  [8.42131897e-05 1.64040233e+00 1.50773447e+02 1.60168222e+01
   8.22049344e+00 4.30303677e-02 4.30303677e-02]
  [8.51320127e-05 1.65065576e+00 1.50036871e+02 1.65262821e+01
   7.94847525e+00 4.32907902e-02 4.32907902e-02]
  [9.09285813e-05 1.61682882e+00 1.51072198e+02 1.60468820e+01
   8.69340010e+00 4.24075299e-02 4.24075299e-02]
  [2.48344875e-05 3.09527704e-01 4.19921576e+02 2.24847709e+00
   1.11635906e+00 8.84694486e-03 8.87215112e-03]
  [8.67954046e-05 1.68473692e+00 1.51263151e+02 1.66370064e+01
   7.39920932e+00 4.41844307e-02 4.41844307e-02]
  [7.99806458e-05 1.26082684e+00 1.82715464e+02 1.17942856e+01
   5.73527871e+00 3.31439744e-02 3.31439744e-02]
  [8.68065047e-05 1.67435502e+00 1.50387436e+02 1.62293470e+01
   7.77511437e+00 4.39133824e-02 4.39133824e-02]]

 [[8.64994999e-05 1.69036994e+00 1.48918840e+02 1.55075870e+01
   8.12281797e+00 4.43337869e-02 4.43337869e-02]
  [8.52291748e-05 1.67820779e+00 1.49586674e+02 1.58785173e+01
   7.71050594e+00 4.40130792e-02 4.40130792e-02]
  [8.69575743e-05 1.69209438e+00 1.48158300e+02 1.49442911e+01
   7.67261077e+00 4.43753668e-02 4.43753668e-02]
  [8.70248445e-05 1.68196170e+00 1.50358798e+02 1.64252660e+01
   7.38691032e+00 4.41118015e-02 4.41118015e-02]
  [8.48255495e-05 1.66527734e+00 1.48986675e+02 1.63049103e+01
   7.85719528e+00 4.36753740e-02 4.36753740e-02]
  [8.73080619e-05 1.69355888e+00 1.48972871e+02 1.56422979e+01
   7.54726322e+00 4.44143588e-02 4.44143588e-02]
  [8.56033716e-05 1.66153504e+00 1.51107669e+02 1.58062718e+01
   8.32535464e+00 4.35757547e-02 4.35757547e-02]
  [8.65486646e-05 1.66146048e+00 1.51045122e+02 1.59766630e+01
   8.04254100e+00 4.35736756e-02 4.35736756e-02]]]

Cumulative Reward: 14625.962691184417
