Scheduler Table:
[[[4.94536623e-06 2.88034294e-02 3.64529441e+01 6.70767636e-04
   1.62973817e-01 7.59670865e-03 7.59670865e-03]
  [4.67753438e-06 2.88363813e-02 3.74004284e+01 6.70798458e-04
   1.71260220e-01 7.51865490e-03 7.51865490e-03]
  [4.91499733e-06 2.88169895e-02 3.62008037e+01 6.70809413e-04
   1.64524779e-01 7.57746377e-03 7.57746377e-03]]

 [[4.67343454e-06 2.88759751e-02 3.65246096e+01 6.70668563e-04
   1.72864581e-01 7.54801209e-03 7.54801209e-03]
  [3.32485763e-05 2.88521322e-02 3.70980461e+01 6.70913162e-04
   1.72915826e-01 7.50503268e-03 7.50503268e-03]
  [8.88445019e-06 2.68997043e-02 4.14824993e+01 6.70336444e-04
   1.67855420e-01 7.38806758e-03 7.38806758e-03]]

 [[5.00711892e-06 2.88741474e-02 3.69361223e+01 6.70586424e-04
   1.76609223e-01 7.61752477e-03 7.61752477e-03]
  [1.09525558e-05 2.81250864e-02 3.94051530e+01 6.70627922e-04
   1.66765579e-01 7.48199271e-03 7.48199271e-03]
  [5.00029880e-06 2.22006465e-02 4.74248601e+01 6.69347554e-04
   4.98643835e-01 7.23722183e-03 8.98994321e-03]]]

Buffer Table:
[[[4.81643374e-06 2.88748991e-02 3.64696293e+01 6.71040878e-04
   1.59725665e-01 7.46648347e-03 7.46648347e-03]
  [4.94987822e-06 2.88917331e-02 3.68631759e+01 6.70959293e-04
   1.61229726e-01 7.49512851e-03 7.49512851e-03]
  [4.02051094e-06 2.80715629e-02 3.98777782e+01 6.70632896e-04
   1.70443818e-01 7.48178514e-03 7.48178514e-03]]

 [[4.42881444e-06 2.85974050e-02 3.71776930e+01 6.70685164e-04
   2.05447091e-01 7.49220335e-03 7.49220335e-03]
  [5.08169941e-06 2.25074590e-02 4.69024553e+01 6.69401821e-04
   4.96228130e-01 7.23963448e-03 8.99235586e-03]
  [4.24647134e-06 2.85478424e-02 3.90637320e+01 6.70700101e-04
   1.64151565e-01 7.49050168e-03 7.49050168e-03]]

 [[3.35434599e-05 2.89035126e-02 3.60410895e+01 6.70965815e-04
   1.61155925e-01 7.49385129e-03 7.49385129e-03]
  [3.76925087e-06 2.65969078e-02 4.13359476e+01 6.70281053e-04
   1.83456484e-01 7.46949821e-03 7.46949821e-03]
  [4.79013984e-06 2.87601207e-02 3.69518507e+01 6.70652454e-04
   1.68968019e-01 7.55984562e-03 7.55984562e-03]]]

Arbiter Table:
[[[5.10445949e-06 2.89176986e-02 3.64168333e+01 6.70546958e-04
   1.64199395e-01 7.47102772e-03 7.47102772e-03]
  [1.55044729e-05 2.86991176e-02 3.72573675e+01 6.70769905e-04
   1.67758721e-01 7.53970585e-03 7.53970585e-03]
  [6.13901291e-06 2.22081516e-02 4.74574361e+01 6.69424480e-04
   4.96877380e-01 7.25534315e-03 9.00806453e-03]]

 [[4.48242365e-06 2.89275767e-02 3.66395646e+01 6.70880120e-04
   1.63475734e-01 7.46704221e-03 7.46704221e-03]
  [4.60644266e-06 2.88813875e-02 3.63524047e+01 6.70898424e-04
   1.65636554e-01 7.45516941e-03 7.45516941e-03]
  [5.85997253e-06 2.63282438e-02 4.43699242e+01 6.69920821e-04
   2.01855343e-01 7.40209317e-03 7.40209317e-03]]

 [[6.25635295e-06 2.22546109e-02 4.74817989e+01 6.69490103e-04
   2.03268192e-01 7.45893110e-03 7.45893110e-03]
  [8.92639408e-06 2.83756333e-02 3.90774402e+01 6.70726113e-04
   1.67053338e-01 7.53581118e-03 7.53581118e-03]
  [4.59731590e-06 2.88446027e-02 3.64840559e+01 6.70842558e-04
   1.80908815e-01 7.53107999e-03 7.53107999e-03]]]

Page Table:
[[[5.00029879e-06 2.22006464e-02 4.74248603e+01 6.69347554e-04
   4.98643835e-01 7.23722182e-03 8.98994320e-03]
  [6.65886040e-06 2.93027690e-02 3.73180008e+01 6.70807950e-04
   1.88493692e-01 7.48627484e-03 7.48627484e-03]
  [6.56405669e-06 2.92721156e-02 3.68227689e+01 6.70765985e-04
   1.89853889e-01 7.44485399e-03 7.44485399e-03]
  [6.51477262e-06 2.91404572e-02 3.76079155e+01 6.70767103e-04
   1.84905140e-01 7.46680681e-03 7.46680681e-03]]

 [[9.74235561e-06 2.79754989e-02 4.09162539e+01 6.70424138e-04
   2.03712689e-01 7.45773176e-03 7.45773176e-03]
  [6.86291321e-06 2.94142142e-02 3.64751325e+01 6.70971847e-04
   1.72313811e-01 7.43100757e-03 7.43100757e-03]
  [3.55421558e-05 2.94703989e-02 3.61987486e+01 6.71081773e-04
   1.68486690e-01 7.39663059e-03 7.39663059e-03]
  [6.65249749e-06 2.93012772e-02 3.64222211e+01 6.71024478e-04
   1.70220576e-01 7.51821687e-03 7.51821687e-03]]

 [[7.51329844e-06 2.95088676e-02 3.67841236e+01 6.70840562e-04
   1.90762381e-01 7.48967840e-03 7.48967840e-03]
  [7.21039182e-06 2.87310204e-02 3.92702362e+01 6.70569826e-04
   1.91393585e-01 7.48928944e-03 7.48928944e-03]
  [7.25744487e-06 2.94980260e-02 3.66430333e+01 6.71079186e-04
   1.70651483e-01 7.37505950e-03 7.37505950e-03]
  [7.34664481e-06 2.95378792e-02 3.64331099e+01 6.70927303e-04
   1.73077264e-01 7.53523248e-03 7.53523248e-03]]

 [[5.07355454e-06 2.78362919e-02 4.01766814e+01 6.70352569e-04
   2.19482078e-01 7.47566056e-03 7.47566056e-03]
  [6.86525215e-06 2.94092107e-02 3.70181038e+01 6.70707278e-04
   1.82402840e-01 7.43856062e-03 7.43856062e-03]
  [7.06497748e-06 2.95591947e-02 3.68709485e+01 6.71023485e-04
   1.76779487e-01 7.37381735e-03 7.37381735e-03]
  [7.15390879e-06 2.94668860e-02 3.61906404e+01 6.70814793e-04
   1.75282163e-01 7.47806038e-03 7.47806038e-03]]]

Response Table:
[[[3.02693671e-05 2.84133653e-02 3.65785960e+01]
  [6.25579605e-06 2.22549882e-02 4.74810637e+01]]

 [[6.13846787e-06 2.22085208e-02 4.74567165e+01]
  [6.74950471e-06 2.50620471e-02 4.39193386e+01]]]

Refresh Table:
[[[9.25594776e-06 2.40718087e-02 4.51147122e+01]
  [6.13901292e-06 2.22081516e-02 4.74574361e+01]]

 [[6.25635296e-06 2.22546109e-02 4.74817990e+01]
  [1.94385337e-06 2.84651625e-02 3.66686674e+01]]]

Request Buffer Table:
[[[1.02840603e-05 3.81476456e-02 3.58607419e+01]
  [1.15164451e-05 3.78166703e-02 3.67156052e+01]
  [1.06271708e-05 3.80287986e-02 3.70314929e+01]
  [1.07024363e-05 3.76907539e-02 3.68340317e+01]
  [7.83311911e-06 2.88876532e-02 4.41239166e+01]
  [1.07133507e-05 3.77496622e-02 3.68338510e+01]
  [1.16517626e-05 3.77901259e-02 3.71992276e+01]
  [1.12270843e-05 3.78655445e-02 3.71285323e+01]]

 [[1.10747705e-05 3.79400224e-02 3.61025343e+01]
  [1.31453115e-05 3.86989474e-02 3.66578006e+01]
  [1.05742753e-05 3.86383704e-02 3.60588148e+01]
  [1.15476828e-05 3.83960430e-02 3.61593077e+01]
  [1.00665006e-05 3.81281792e-02 3.69106922e+01]
  [3.94162863e-05 3.76429052e-02 3.65320870e+01]
  [1.06526842e-05 3.77190395e-02 3.68731706e+01]
  [1.12904231e-05 3.72434609e-02 3.74575474e+01]]

 [[1.16137695e-05 3.82436927e-02 3.66442197e+01]
  [1.14340758e-05 3.83320545e-02 3.64723799e+01]
  [1.05995008e-05 3.83312110e-02 3.69703480e+01]
  [1.22253735e-05 3.87449188e-02 3.70121586e+01]
  [1.04942356e-05 3.80326473e-02 3.71001895e+01]
  [1.21793165e-05 3.91873438e-02 3.68148707e+01]
  [1.09133534e-05 3.76860444e-02 3.60583450e+01]
  [1.27034474e-05 3.81771813e-02 3.70544961e+01]]

 [[1.13871918e-05 3.95316058e-02 3.65061551e+01]
  [1.23400094e-05 3.79784045e-02 3.67101259e+01]
  [1.09809390e-05 3.82754962e-02 3.77738166e+01]
  [1.12765772e-05 3.83125228e-02 3.65771750e+01]
  [1.10635998e-05 3.86657908e-02 3.71911550e+01]
  [1.07873719e-05 3.85147105e-02 3.70394958e+01]
  [1.12880897e-05 3.93582079e-02 3.61835753e+01]
  [1.05431051e-05 3.75236723e-02 3.68644255e+01]]

 [[9.59478729e-06 3.56216934e-02 3.84015312e+01]
  [1.06332345e-05 3.74001999e-02 3.72229199e+01]
  [1.09357859e-05 3.77977495e-02 3.65123304e+01]
  [1.24590527e-05 3.82871428e-02 3.61190729e+01]
  [1.20608118e-05 3.77020418e-02 3.70485863e+01]
  [1.26852534e-05 3.84244650e-02 3.65519908e+01]
  [6.25635295e-06 2.22546109e-02 4.74817989e+01]
  [1.03561806e-05 3.79961958e-02 3.69508262e+01]]

 [[1.11385959e-05 3.82144330e-02 3.71216513e+01]
  [1.10906766e-05 3.73906105e-02 3.69165667e+01]
  [1.18141992e-05 3.86834302e-02 3.65287412e+01]
  [1.12974422e-05 3.80976671e-02 3.70749651e+01]
  [1.06198417e-05 3.77515964e-02 3.65191784e+01]
  [1.04545931e-05 3.75713180e-02 3.72742672e+01]
  [1.02658219e-05 3.74332767e-02 3.65596856e+01]
  [1.10617246e-05 3.79057899e-02 3.69236318e+01]]

 [[1.05037630e-05 3.77108001e-02 3.71731436e+01]
  [1.12417150e-05 3.77398788e-02 3.72800438e+01]
  [1.02599480e-05 3.87043740e-02 3.68053566e+01]
  [1.14963892e-05 3.88040604e-02 3.67206123e+01]
  [6.13901291e-06 2.22081516e-02 4.74574361e+01]
  [1.10075269e-05 3.76278361e-02 3.68609671e+01]
  [1.04546501e-05 3.92497866e-02 3.65421036e+01]
  [1.03495649e-05 4.00944272e-02 3.67787068e+01]]

 [[1.03107137e-05 3.74596946e-02 3.60437275e+01]
  [1.09263574e-05 3.87783681e-02 3.61589071e+01]
  [1.04583409e-05 3.82067100e-02 3.71150407e+01]
  [1.12982037e-05 3.91017084e-02 3.66420694e+01]
  [1.15482731e-05 3.86147255e-02 3.64285830e+01]
  [1.16470685e-05 3.93464152e-02 3.64352864e+01]
  [8.13838578e-06 3.00348143e-02 4.34342997e+01]
  [1.08724226e-05 3.81355796e-02 3.66873461e+01]]]

Ref Max Post Table:
[[[3.52931789e-05 2.94418800e-02 3.62274218e+01]
  [7.09805072e-06 2.94321326e-02 3.67719213e+01]
  [6.91445503e-06 2.95214648e-02 3.68043654e+01]
  [7.63985740e-06 2.81647132e-02 4.01843288e+01]]

 [[7.50679396e-06 2.95635757e-02 3.61663022e+01]
  [7.06124823e-06 2.94684689e-02 3.63526924e+01]
  [5.90520340e-06 2.91093653e-02 3.86082144e+01]
  [6.98411471e-06 2.94928049e-02 3.68185822e+01]]

 [[7.50183211e-06 2.94903315e-02 3.70381869e+01]
  [6.86235756e-06 2.94472312e-02 3.73193279e+01]
  [6.86481764e-06 2.94403166e-02 3.68344046e+01]
  [1.34418011e-05 2.70923206e-02 4.14368875e+01]]

 [[6.63786837e-06 2.92472275e-02 3.75905848e+01]
  [6.40442294e-06 2.92584424e-02 3.78005024e+01]
  [7.41212655e-06 2.86363767e-02 3.94434814e+01]
  [4.99983018e-06 2.22007777e-02 4.74246488e+01]]]

Ref Max Pull Table:
[[[3.59509559e-05 2.94946404e-02 3.68189184e+01]
  [5.98892707e-06 2.23142378e-02 4.72993661e+01]
  [8.22536957e-06 2.95339407e-02 3.63039189e+01]
  [6.99250406e-06 2.93765631e-02 3.73068137e+01]]

 [[6.10300131e-06 2.23630055e-02 4.73202894e+01]
  [5.59363268e-06 2.57144969e-02 4.24004022e+01]
  [7.04247013e-06 2.92305479e-02 3.74365478e+01]
  [7.34237122e-06 2.94046800e-02 3.68521272e+01]]

 [[6.92432563e-06 2.93882779e-02 3.69730189e+01]
  [1.37343229e-05 2.52108841e-02 4.32715431e+01]
  [7.87548473e-06 2.94983028e-02 3.64488883e+01]
  [7.72366665e-06 2.94054822e-02 3.64741491e+01]]

 [[6.95786220e-06 2.92927280e-02 3.71270476e+01]
  [7.96823567e-06 2.96549825e-02 3.74704330e+01]
  [7.21695679e-06 2.93680588e-02 3.70792039e+01]
  [8.18034995e-06 2.96306877e-02 3.60386563e+01]]]

Max Activate Table:
[[[1.06217906e-05 3.83335577e-02 3.65353818e+01 6.69821599e-04
   1.85757497e-01 7.36068659e-03 7.36068659e-03]
  [1.06299845e-05 3.81628091e-02 3.66486377e+01 6.70047705e-04
   1.85417658e-01 7.41708961e-03 7.41708961e-03]
  [1.04932719e-05 3.84558995e-02 3.72286633e+01 6.70015419e-04
   1.85259112e-01 7.38366105e-03 7.38366105e-03]
  [3.93048949e-05 3.79625217e-02 3.62874172e+01 6.69821162e-04
   1.83368420e-01 7.42079438e-03 7.42079438e-03]
  [1.15210669e-05 3.98000026e-02 3.68988558e+01 6.69637530e-04
   1.95137324e-01 7.37708497e-03 7.37708497e-03]
  [1.25627653e-05 3.83493278e-02 3.64379085e+01 6.69853017e-04
   1.85622267e-01 7.37280421e-03 7.37280421e-03]
  [1.02609021e-05 3.71719786e-02 3.77097962e+01 6.69883774e-04
   1.85025215e-01 7.43111277e-03 7.43111277e-03]
  [9.79926879e-06 3.75341191e-02 3.67159924e+01 6.69984043e-04
   1.82166423e-01 7.43693315e-03 7.43693315e-03]]

 [[1.06517488e-05 3.90864369e-02 3.58188140e+01 6.69690156e-04
   1.86488042e-01 7.39128109e-03 7.39128109e-03]
  [9.96594324e-06 3.89193611e-02 3.71874127e+01 6.69510146e-04
   1.87317361e-01 7.36490700e-03 7.36490700e-03]
  [1.12838546e-05 3.83015079e-02 3.69582328e+01 6.69731088e-04
   2.13151901e-01 7.47903117e-03 7.47903117e-03]
  [1.14050595e-05 3.81956813e-02 3.70707811e+01 6.69666268e-04
   1.89788613e-01 7.41742402e-03 7.41742402e-03]
  [1.05508003e-05 3.78533578e-02 3.67340768e+01 6.69604929e-04
   1.96245073e-01 7.38736375e-03 7.38736375e-03]
  [1.04181473e-05 3.82183985e-02 3.68166099e+01 6.69907918e-04
   1.84973194e-01 7.42598823e-03 7.42598823e-03]
  [1.04025202e-05 3.81582584e-02 3.70078843e+01 6.69593940e-04
   1.87443950e-01 7.35520729e-03 7.35520729e-03]
  [1.16319720e-05 3.79367955e-02 3.64537318e+01 6.70066427e-04
   1.86218424e-01 7.33480142e-03 7.33480142e-03]]

 [[1.01401594e-05 3.88619218e-02 3.65592330e+01 6.69550577e-04
   1.91642621e-01 7.37060525e-03 7.37060525e-03]
  [1.11511649e-05 3.86600926e-02 3.66411854e+01 6.69744291e-04
   1.86675562e-01 7.41460530e-03 7.41460530e-03]
  [1.03209138e-05 3.79728793e-02 3.67493759e+01 6.69960664e-04
   1.84456749e-01 7.33625939e-03 7.33625939e-03]
  [1.09002165e-05 3.95916855e-02 3.70282543e+01 6.69556405e-04
   2.02259467e-01 7.34879078e-03 7.34879078e-03]
  [1.06064605e-05 3.87913656e-02 3.69308805e+01 6.69682536e-04
   1.83753478e-01 7.45211846e-03 7.45211846e-03]
  [1.08576370e-05 3.78612932e-02 3.69014862e+01 6.70077880e-04
   1.96625531e-01 7.46585612e-03 7.46585612e-03]
  [1.04665728e-05 3.80074998e-02 3.69580835e+01 6.69744247e-04
   1.88409336e-01 7.38632073e-03 7.38632073e-03]
  [1.05615822e-05 3.77209000e-02 3.74884486e+01 6.70054292e-04
   1.85300242e-01 7.35505292e-03 7.35505292e-03]]

 [[1.00219527e-05 3.81103172e-02 3.63209224e+01 6.69721492e-04
   1.86131422e-01 7.40326076e-03 7.40326076e-03]
  [1.01393876e-05 3.74125254e-02 3.64654542e+01 6.69815272e-04
   1.89255878e-01 7.41279987e-03 7.41279987e-03]
  [1.01685779e-05 3.78366321e-02 3.72497483e+01 6.70264153e-04
   1.80391742e-01 7.35390081e-03 7.35390081e-03]
  [1.34039128e-05 3.88304538e-02 3.64128595e+01 6.69625741e-04
   1.92259469e-01 7.36875860e-03 7.36875860e-03]
  [1.11175275e-05 3.81053409e-02 3.63780611e+01 6.69640417e-04
   1.93294293e-01 7.50399497e-03 7.50399497e-03]
  [1.13479066e-05 3.82667148e-02 3.66019403e+01 6.69603278e-04
   1.92653770e-01 7.39563698e-03 7.39563698e-03]
  [1.08268009e-05 3.85188746e-02 3.68905884e+01 6.69537147e-04
   1.91264047e-01 7.46857083e-03 7.46857083e-03]
  [1.09357425e-05 3.84772299e-02 3.65295725e+01 6.69839704e-04
   1.87100127e-01 7.40155334e-03 7.40155334e-03]]

 [[1.02113480e-05 3.70792845e-02 3.73947869e+01 6.69931468e-04
   1.81094884e-01 7.48090964e-03 7.48090964e-03]
  [1.03029756e-05 3.94459409e-02 3.59552655e+01 6.69453168e-04
   1.86054624e-01 7.38805233e-03 7.38805233e-03]
  [1.09956641e-05 3.75827676e-02 3.72676977e+01 6.69877519e-04
   2.02681921e-01 7.48071700e-03 7.48071700e-03]
  [1.03446285e-05 3.77280818e-02 3.61386810e+01 6.69926169e-04
   1.82749812e-01 7.41659619e-03 7.41659619e-03]
  [1.09030723e-05 3.85930561e-02 3.63035195e+01 6.69745377e-04
   1.86466360e-01 7.33925174e-03 7.33925174e-03]
  [1.14510779e-05 3.78877336e-02 3.65521384e+01 6.69787893e-04
   1.87675123e-01 7.46385850e-03 7.46385850e-03]
  [1.09570883e-05 3.75238686e-02 3.70592185e+01 6.69818312e-04
   1.83038153e-01 7.40592803e-03 7.40592803e-03]
  [1.12089350e-05 3.82031068e-02 3.71444749e+01 6.69716288e-04
   1.88724259e-01 7.41194931e-03 7.41194931e-03]]

 [[1.10572848e-05 3.86988497e-02 3.61939500e+01 6.69578064e-04
   1.90349083e-01 7.35717688e-03 7.35717688e-03]
  [1.22191824e-05 3.92154925e-02 3.59682771e+01 6.69972933e-04
   1.93328601e-01 7.37081702e-03 7.37081702e-03]
  [1.10658944e-05 3.83540208e-02 3.63517794e+01 6.69949364e-04
   1.84034540e-01 7.35041544e-03 7.35041544e-03]
  [1.06599226e-05 3.79001687e-02 3.67965451e+01 6.69846666e-04
   1.92257558e-01 7.36127814e-03 7.36127814e-03]
  [1.04078731e-05 3.74638028e-02 3.75503109e+01 6.69941435e-04
   1.83774215e-01 7.48171643e-03 7.48171643e-03]
  [1.22367034e-05 3.87441421e-02 3.66561931e+01 6.69952156e-04
   1.91238645e-01 7.39344118e-03 7.39344118e-03]
  [1.13340632e-05 3.43819697e-02 3.97448146e+01 6.69740898e-04
   2.10871590e-01 7.53077043e-03 7.53077043e-03]
  [6.69680344e-06 2.60514127e-02 4.48505658e+01 6.69538094e-04
   2.03304583e-01 7.39166640e-03 7.39166640e-03]]

 [[1.02598980e-05 3.79626399e-02 3.63665511e+01 6.69816138e-04
   1.86849963e-01 7.40811597e-03 7.40811597e-03]
  [1.09320493e-05 3.74081058e-02 3.70119530e+01 6.69859071e-04
   1.89332008e-01 7.43914140e-03 7.43914140e-03]
  [1.04050900e-05 3.88889204e-02 3.65132814e+01 6.69724380e-04
   1.89589427e-01 7.33445757e-03 7.33445757e-03]
  [1.14302408e-05 3.83276190e-02 3.64245511e+01 6.69918007e-04
   1.89610255e-01 7.34548211e-03 7.34548211e-03]
  [1.15568529e-05 3.98953100e-02 3.69893591e+01 6.69760533e-04
   1.87394181e-01 7.35743001e-03 7.35743001e-03]
  [1.07390781e-05 2.63817684e-02 4.50227799e+01 6.69698648e-04
   2.09111880e-01 7.55777890e-03 7.55777890e-03]
  [1.05383252e-05 3.76775521e-02 3.64986551e+01 6.69610643e-04
   1.93019707e-01 7.42468258e-03 7.42468258e-03]
  [1.15744280e-05 3.85266309e-02 3.70692483e+01 6.69599383e-04
   1.93303284e-01 7.37528985e-03 7.37528985e-03]]

 [[1.04831362e-05 3.83796377e-02 3.59117376e+01 6.69660129e-04
   1.88568790e-01 7.40550756e-03 7.40550756e-03]
  [1.06416283e-05 3.82855829e-02 3.67666709e+01 6.69756491e-04
   1.88347132e-01 7.46080755e-03 7.46080755e-03]
  [1.05104397e-05 3.80861661e-02 3.70204608e+01 6.70054123e-04
   1.83300865e-01 7.37564297e-03 7.37564297e-03]
  [1.07062556e-05 3.82110209e-02 3.70728155e+01 6.69644817e-04
   1.87810074e-01 7.37203018e-03 7.37203018e-03]
  [1.01134232e-05 3.78490192e-02 3.60270069e+01 6.69690060e-04
   1.85495400e-01 7.38717431e-03 7.38717431e-03]
  [6.57008349e-06 2.59240960e-02 4.48822381e+01 6.69471448e-04
   4.96912996e-01 7.18951093e-03 8.94223231e-03]
  [8.60429277e-06 3.54034112e-02 3.90993480e+01 6.69714662e-04
   2.16096239e-01 7.56418374e-03 7.56418374e-03]
  [1.08553302e-05 3.81062158e-02 3.68277605e+01 6.69665475e-04
   1.84782734e-01 7.40059785e-03 7.40059785e-03]]]

Cumulative Reward: 9219.130347950122
