Scheduler Table:
[[[1.32602861e-03 3.04285533e+00 1.21506818e+02 6.19879010e-03
   3.73974114e-03 3.07370804e-03 3.07370804e-03]
  [1.32215199e-03 3.03369501e+00 1.21777848e+02 6.20400455e-03
   3.74302104e-03 3.07652352e-03 3.07652352e-03]
  [1.31286491e-03 3.01101307e+00 1.21937700e+02 6.21657040e-03
   3.75116622e-03 3.08308399e-03 3.08308399e-03]]

 [[1.33591043e-03 3.06499942e+00 1.21174339e+02 6.18578002e-03
   3.73225703e-03 3.06740055e-03 3.06740055e-03]
  [1.32585577e-03 3.04201069e+00 1.21676982e+02 6.19834224e-03
   3.74041440e-03 3.07412709e-03 3.07412709e-03]
  [1.22081311e-03 2.80561318e+00 1.28247020e+02 6.33660482e-03
   3.82217875e-03 3.14190625e-03 3.14190625e-03]]

 [[1.31834244e-03 3.02238804e+00 1.21703905e+02 6.20938497e-03
   3.74736188e-03 3.07973508e-03 3.07973508e-03]
  [1.31873774e-03 3.02510545e+00 1.21874441e+02 6.20735850e-03
   3.74660911e-03 3.07915250e-03 3.07915250e-03]
  [1.64772733e-04 6.59426209e-01 2.03384956e+02 7.73720540e-03
   4.67905769e-03 3.83502663e-03 3.83803618e-03]]]

Buffer Table:
[[[1.31582233e-03 3.03037030e+00 1.21625994e+02 6.20293574e-03
   3.74278734e-03 3.07613807e-03 3.07613807e-03]
  [1.32126215e-03 3.04167019e+00 1.21561021e+02 6.19596814e-03
   3.73902098e-03 3.07294985e-03 3.07294985e-03]
  [3.72059363e-04 8.94898168e-01 1.87406639e+02 7.44220338e-03
   4.49144030e-03 3.68901430e-03 3.69202687e-03]]

 [[1.31985385e-03 3.03995576e+00 1.21642886e+02 6.19783363e-03
   3.73927423e-03 3.07330645e-03 3.07330645e-03]
  [1.32495950e-03 3.05000216e+00 1.21532518e+02 6.19140559e-03
   3.73575404e-03 3.07037952e-03 3.07037952e-03]
  [1.30520141e-03 3.00466611e+00 1.21867124e+02 6.21772421e-03
   3.75188708e-03 3.08350810e-03 3.08350810e-03]]

 [[3.85810464e-04 1.16857621e+00 1.87406124e+02 7.44142302e-03
   4.49870429e-03 3.68959012e-03 3.68988836e-03]
  [1.31264479e-03 3.02315826e+00 1.21826021e+02 6.20621623e-03
   3.74566707e-03 3.07836063e-03 3.07836063e-03]
  [1.20350231e-03 2.77597643e+00 1.28737379e+02 6.34904752e-03
   3.83280632e-03 3.14941956e-03 3.14941956e-03]]]

Arbiter Table:
[[[2.41112408e-04 8.27963951e-01 1.98193941e+02 7.63819605e-03
   4.61915683e-03 3.78585083e-03 3.78886038e-03]
  [1.30527481e-03 2.98157649e+00 1.22428046e+02 6.22201149e-03
   3.75547901e-03 3.08637904e-03 3.08637904e-03]
  [1.30807309e-03 2.98563718e+00 1.22219508e+02 6.22101142e-03
   3.75370456e-03 3.08516196e-03 3.08516196e-03]]

 [[1.15493011e-03 2.64695490e+00 1.32742775e+02 6.41752979e-03
   3.87326538e-03 3.18295587e-03 3.18295587e-03]
  [1.32785566e-03 3.03154147e+00 1.21299234e+02 6.19388348e-03
   3.73752573e-03 3.07180480e-03 3.07180480e-03]
  [1.32310258e-03 3.02000223e+00 1.21406852e+02 6.20123780e-03
   3.74153913e-03 3.07519705e-03 3.07519705e-03]]

 [[1.17011626e-03 2.68020491e+00 1.31859509e+02 6.40092477e-03
   3.86016559e-03 3.17346709e-03 3.17346709e-03]
  [1.32307212e-03 3.02081149e+00 1.21495619e+02 6.20043940e-03
   3.74134293e-03 3.07495396e-03 3.07495396e-03]
  [1.32719229e-03 3.02334791e+00 1.21426177e+02 6.19863302e-03
   3.74042316e-03 3.07404579e-03 3.07404579e-03]]]

Page Table:
[[[1.31872364e-03 3.33507167e+00 8.85566530e+01 4.51098772e-03
   2.72256923e-03 2.23749513e-03 2.23749513e-03]
  [1.11255430e-03 2.83242482e+00 1.06300910e+02 5.04037861e-03
   3.04214998e-03 2.50002892e-03 2.50002892e-03]
  [1.30909953e-03 3.30876954e+00 8.88381640e+01 4.53861929e-03
   2.73981532e-03 2.25135475e-03 2.25135475e-03]
  [1.28820036e-03 3.26857358e+00 9.00479057e+01 4.58138440e-03
   2.76517521e-03 2.27229198e-03 2.27229198e-03]]

 [[1.27324553e-03 3.23025521e+00 9.12038014e+01 4.62233204e-03
   2.78934742e-03 2.29235722e-03 2.29235722e-03]
  [2.97630468e-04 1.01724737e+00 1.87688036e+02 7.24014575e-03
   4.37858099e-03 3.58834429e-03 3.59135384e-03]
  [1.27176852e-03 3.22805495e+00 9.08429738e+01 4.62349332e-03
   2.79128097e-03 2.29371296e-03 2.29371296e-03]
  [1.28372759e-03 3.25580181e+00 9.01953986e+01 4.59499067e-03
   2.77315831e-03 2.27891613e-03 2.27891613e-03]]

 [[1.29487817e-03 3.28549986e+00 8.96519858e+01 4.56398087e-03
   2.75414766e-03 2.26338336e-03 2.26338336e-03]
  [1.11897890e-03 2.85001691e+00 1.05419855e+02 5.02267112e-03
   3.03138443e-03 2.49105267e-03 2.49105267e-03]
  [1.28888748e-03 3.27058363e+00 8.96261019e+01 4.57952025e-03
   2.76378341e-03 2.27138526e-03 2.27138526e-03]
  [1.29332348e-03 3.28022656e+00 8.96891790e+01 4.56865913e-03
   2.75789639e-03 2.26629468e-03 2.26629468e-03]]

 [[1.29076135e-03 3.27527950e+00 8.97747956e+01 4.57460831e-03
   2.76059256e-03 2.26876738e-03 2.26876738e-03]
  [1.27298333e-03 3.23061311e+00 9.08152322e+01 4.62167842e-03
   2.78938650e-03 2.29231635e-03 2.29231635e-03]
  [1.29333128e-03 3.28171905e+00 8.93894790e+01 4.56829140e-03
   2.75646660e-03 2.26534715e-03 2.26534715e-03]
  [1.29079328e-03 3.27152628e+00 8.99577097e+01 4.57884041e-03
   2.76294035e-03 2.27065475e-03 2.27065475e-03]]]

Response Table:
[[[6.26175449e-04 1.11283368e+00 1.49764432e+02]
  [6.27475521e-04 1.11418595e+00 1.49782064e+02]]

 [[6.27652355e-04 1.11504857e+00 1.49728308e+02]
  [9.17476509e-05 4.71362714e-01 2.07111374e+02]]]

Refresh Table:
[[[9.20339447e-05 4.72747156e-01 2.07113111e+02]
  [6.31343722e-04 1.13336267e+00 1.49739197e+02]]

 [[6.33015610e-04 1.13631972e+00 1.49689226e+02]
  [6.28758636e-04 1.12963827e+00 1.49718288e+02]]]

Request Buffer Table:
[[[5.45343652e-04 1.53017564e+00 3.04046017e+01]
  [5.45931745e-04 1.53400337e+00 3.01187105e+01]
  [5.46179114e-04 1.53305880e+00 3.03234567e+01]
  [5.46233358e-04 1.53450941e+00 3.02594773e+01]
  [5.48178281e-04 1.53923662e+00 2.98559669e+01]
  [4.77096716e-04 1.34630531e+00 5.38587782e+01]
  [5.48760969e-04 1.54001480e+00 2.99275902e+01]
  [5.47597893e-04 1.53607949e+00 3.04158310e+01]]

 [[5.44896438e-04 1.53032580e+00 3.03351745e+01]
  [5.50756824e-04 1.54658094e+00 2.90404581e+01]
  [5.48384547e-04 1.54036435e+00 2.96011007e+01]
  [5.48324765e-04 1.53968723e+00 2.97864559e+01]
  [5.47679274e-04 1.53673068e+00 3.01201899e+01]
  [5.03270481e-04 1.41834344e+00 4.43911577e+01]
  [5.50070205e-04 1.54392607e+00 2.95894399e+01]
  [5.49438785e-04 1.54321363e+00 2.95447003e+01]]

 [[5.50556592e-04 1.54544444e+00 2.90764039e+01]
  [5.48030984e-04 1.53900308e+00 2.96382074e+01]
  [5.47528211e-04 1.53815962e+00 2.99690563e+01]
  [5.51175548e-04 1.54809492e+00 2.89900891e+01]
  [5.47346068e-04 1.53546582e+00 3.03138195e+01]
  [5.40533533e-04 1.51818227e+00 3.17865677e+01]
  [5.49163754e-04 1.54106462e+00 2.97894478e+01]
  [5.45632580e-04 1.53223524e+00 3.06505572e+01]]

 [[5.47132853e-04 1.53627770e+00 2.98825530e+01]
  [5.48218455e-04 1.53898537e+00 2.96291096e+01]
  [5.48720330e-04 1.54190693e+00 2.95346532e+01]
  [5.47748098e-04 1.53870865e+00 2.98002584e+01]
  [5.46899175e-04 1.53450725e+00 3.04790817e+01]
  [5.39726924e-04 1.51467274e+00 3.20929042e+01]
  [5.51727427e-04 1.54827465e+00 2.91597842e+01]
  [5.47690046e-04 1.53673259e+00 3.02530220e+01]]

 [[5.47641637e-04 1.53792272e+00 2.97591186e+01]
  [5.44742715e-04 1.53070386e+00 3.04732789e+01]
  [5.51930423e-04 1.53867636e+00 2.97819291e+01]
  [5.45178745e-04 1.53088075e+00 3.06690068e+01]
  [5.54857356e-04 1.53959005e+00 2.99628254e+01]
  [5.38786427e-04 1.51358467e+00 3.22003134e+01]
  [5.50000056e-04 1.54300249e+00 2.96794779e+01]
  [5.49383228e-04 1.54004015e+00 2.99895854e+01]]

 [[5.38015149e-04 1.51176618e+00 3.23759958e+01]
  [5.40242176e-04 1.51873929e+00 3.14492316e+01]
  [5.43197788e-04 1.52629344e+00 3.09425581e+01]
  [5.43258878e-04 1.52639076e+00 3.10497702e+01]
  [5.44410576e-04 1.52477316e+00 3.11207981e+01]
  [1.45377333e-04 6.59007120e-01 1.78491334e+02]
  [5.44253736e-04 1.52194778e+00 3.17566840e+01]
  [5.43873292e-04 1.52592447e+00 3.10782680e+01]]

 [[5.45538016e-04 1.53229267e+00 3.01948400e+01]
  [5.53748757e-04 1.55406389e+00 2.83300592e+01]
  [5.50171190e-04 1.54515771e+00 2.91527024e+01]
  [5.50408245e-04 1.54575886e+00 2.92037111e+01]
  [5.50061949e-04 1.54062076e+00 2.96910340e+01]
  [5.02446447e-04 1.41677488e+00 4.45711639e+01]
  [5.54836339e-04 1.55283167e+00 2.89641491e+01]
  [5.53228687e-04 1.55324330e+00 2.86990429e+01]]

 [[5.46660201e-04 1.53526825e+00 2.98511817e+01]
  [5.48734430e-04 1.54104031e+00 2.93862233e+01]
  [5.46044504e-04 1.53405220e+00 3.02023380e+01]
  [5.50649105e-04 1.54631161e+00 2.92257210e+01]
  [5.48183926e-04 1.53729447e+00 2.99835481e+01]
  [5.40409391e-04 1.51605218e+00 3.20201576e+01]
  [5.47472729e-04 1.53603216e+00 3.03201375e+01]
  [5.50655051e-04 1.53846062e+00 3.00921298e+01]]]

Ref Max Post Table:
[[[1.68355499e-04 6.93374925e-01 2.00029885e+02]
  [1.29090728e-03 3.23912223e+00 9.04290286e+01]
  [1.30364894e-03 3.27167266e+00 8.97106194e+01]
  [1.29313637e-03 3.24566065e+00 9.02899875e+01]]

 [[1.19659389e-03 3.00838929e+00 9.91382245e+01]
  [1.29755940e-03 3.25566651e+00 8.99213016e+01]
  [1.30874227e-03 3.28193279e+00 8.93717672e+01]
  [1.30682673e-03 3.27642341e+00 8.95407423e+01]]

 [[1.30021162e-03 3.24938138e+00 9.00349208e+01]
  [1.30433499e-03 3.27255448e+00 8.96924084e+01]
  [1.30805064e-03 3.28115506e+00 8.94109909e+01]
  [1.30704958e-03 3.27997169e+00 8.94473774e+01]]

 [[1.25062845e-03 3.14028689e+00 9.39118951e+01]
  [1.30236822e-03 3.26754687e+00 8.97104233e+01]
  [1.31298004e-03 3.29265377e+00 8.92189741e+01]
  [1.29202264e-03 3.24302283e+00 9.02752124e+01]]]

Ref Max Pull Table:
[[[1.28111926e-03 3.24628336e+00 9.00279690e+01]
  [1.28669678e-03 3.25834777e+00 8.97467934e+01]
  [1.17350755e-03 2.97839034e+00 1.00057041e+02]
  [1.28638135e-03 3.25937719e+00 8.96834144e+01]]

 [[1.28750687e-03 3.26271805e+00 8.97225631e+01]
  [1.28646146e-03 3.25935196e+00 8.96750814e+01]
  [1.27649795e-03 3.23298445e+00 9.01849919e+01]
  [1.28500141e-03 3.25181496e+00 8.98759295e+01]]

 [[1.27831001e-03 3.23927955e+00 9.01756578e+01]
  [1.28379417e-03 3.25227096e+00 8.99474632e+01]
  [2.03143517e-04 7.82218529e-01 1.96565092e+02]
  [1.27602821e-03 3.23265429e+00 9.02470495e+01]]

 [[1.28166033e-03 3.24837010e+00 8.99199999e+01]
  [1.29131522e-03 3.26844382e+00 8.96646296e+01]
  [1.27442942e-03 3.22757586e+00 9.05018357e+01]
  [1.29118300e-03 3.26407031e+00 8.96531607e+01]]]

Max Activate Table:
[[[5.60458447e-04 1.54811188e+00 2.88493282e+01 1.47817644e-03
   8.93086514e-04 7.33780051e-04 7.33780051e-04]
  [5.53707251e-04 1.53036835e+00 3.04540030e+01 1.55962334e-03
   9.41726042e-04 7.73775003e-04 7.73775003e-04]
  [5.61393543e-04 1.54929649e+00 2.90052016e+01 1.47346106e-03
   8.89489597e-04 7.30858815e-04 7.30858815e-04]
  [5.55728786e-04 1.53688318e+00 2.99894534e+01 1.52981083e-03
   9.23607952e-04 7.59010185e-04 7.59010185e-04]
  [5.59395076e-04 1.54460681e+00 2.93622005e+01 1.49420991e-03
   9.03076460e-04 7.41568731e-04 7.41568731e-04]
  [5.48203863e-04 1.51358550e+00 3.21747650e+01 1.63715097e-03
   9.87564942e-04 8.11699880e-04 8.11699880e-04]
  [5.56624179e-04 1.53822087e+00 3.00146465e+01 1.52429658e-03
   9.19841428e-04 7.55998490e-04 7.55998490e-04]
  [5.58577905e-04 1.54164650e+00 2.96577157e+01 1.50810739e-03
   9.10255046e-04 7.47985017e-04 7.47985017e-04]]

 [[5.58946276e-04 1.54319228e+00 2.92513927e+01 1.50187452e-03
   9.06031642e-04 7.44545768e-04 7.44545768e-04]
  [5.60019175e-04 1.54833511e+00 2.89045248e+01 1.47649031e-03
   8.92174493e-04 7.32897354e-04 7.32897354e-04]
  [5.62339047e-04 1.55083999e+00 2.87901339e+01 1.46577413e-03
   8.84802693e-04 7.27057804e-04 7.27057804e-04]
  [5.64254109e-04 1.54999002e+00 2.89030804e+01 1.47089103e-03
   8.87120051e-04 7.29006253e-04 7.29006253e-04]
  [5.52718732e-04 1.52809594e+00 3.08242445e+01 1.56986548e-03
   9.47732950e-04 7.78735783e-04 7.78735783e-04]
  [5.48095339e-04 1.51520284e+00 3.21302051e+01 1.62938907e-03
   9.83349767e-04 8.08069182e-04 8.08069182e-04]
  [5.55251026e-04 1.53570364e+00 3.03285827e+01 1.53607959e-03
   9.27043160e-04 7.61580799e-04 7.61580799e-04]
  [5.56163063e-04 1.53724688e+00 3.01165266e+01 1.52863150e-03
   9.22915234e-04 7.58123830e-04 7.58123830e-04]]

 [[5.58321738e-04 1.54212943e+00 2.95313611e+01 1.50701752e-03
   9.08990130e-04 7.47142596e-04 7.47142596e-04]
  [5.58058625e-04 1.54206356e+00 2.93971025e+01 1.50537861e-03
   9.09393856e-04 7.47066375e-04 7.47066375e-04]
  [5.56547823e-04 1.53596257e+00 3.00620362e+01 1.53459157e-03
   9.26072406e-04 7.61133983e-04 7.61133983e-04]
  [5.57830670e-04 1.54280490e+00 2.94380435e+01 1.50258235e-03
   9.07276577e-04 7.45574045e-04 7.45574045e-04]
  [5.56147090e-04 1.53729328e+00 3.00335919e+01 1.52823768e-03
   9.22297083e-04 7.57985563e-04 7.57985563e-04]
  [5.49801773e-04 1.51194936e+00 3.22672196e+01 1.64409392e-03
   9.92277834e-04 8.15444101e-04 8.15444101e-04]
  [5.55684374e-04 1.53508537e+00 3.02714843e+01 1.53850049e-03
   9.28850979e-04 7.63178582e-04 7.63178582e-04]
  [5.60379815e-04 1.54845140e+00 2.90245090e+01 1.47786567e-03
   8.91110868e-04 7.32533143e-04 7.32533143e-04]]

 [[5.56902250e-04 1.53850086e+00 2.96563354e+01 1.52287597e-03
   9.19189221e-04 7.55319740e-04 7.55319740e-04]
  [5.55382184e-04 1.53621970e+00 2.99118304e+01 1.53287258e-03
   9.25359290e-04 7.60323238e-04 7.60323238e-04]
  [5.54747750e-04 1.53086150e+00 3.05748547e+01 1.55671486e-03
   9.40683967e-04 7.72860044e-04 7.72860044e-04]
  [5.57896796e-04 1.54308042e+00 2.93622697e+01 1.50198452e-03
   9.06438830e-04 7.44879959e-04 7.44879959e-04]
  [5.53645499e-04 1.53038744e+00 3.07627093e+01 1.56042513e-03
   9.41500650e-04 7.73695959e-04 7.73695959e-04]
  [5.48771877e-04 1.51516983e+00 3.21165883e+01 1.62913445e-03
   9.83716721e-04 8.08247402e-04 8.08247402e-04]
  [5.57851464e-04 1.54232807e+00 2.96127715e+01 1.50450559e-03
   9.08745453e-04 7.46706782e-04 7.46706782e-04]
  [5.57570780e-04 1.53957715e+00 2.98912161e+01 1.51845815e-03
   9.16036871e-04 7.52724322e-04 7.52724322e-04]]

 [[5.57665434e-04 1.53952909e+00 2.96414487e+01 1.51840896e-03
   9.16381352e-04 7.53126079e-04 7.53126079e-04]
  [5.57694877e-04 1.54133513e+00 2.94927014e+01 1.50893206e-03
   9.11524426e-04 7.48803328e-04 7.48803328e-04]
  [5.56423057e-04 1.53501199e+00 3.01401617e+01 1.53895865e-03
   9.28824024e-04 7.63273741e-04 7.63273741e-04]
  [5.54829957e-04 1.53474280e+00 3.01916839e+01 1.54037408e-03
   9.29113110e-04 7.63632604e-04 7.63632604e-04]
  [5.58716781e-04 1.54343678e+00 2.94774479e+01 1.50034440e-03
   9.05458738e-04 7.44188592e-04 7.44188592e-04]
  [5.45909802e-04 1.50701802e+00 3.30508724e+01 1.66667593e-03
   1.00575543e-03 8.26554473e-04 8.26554473e-04]
  [5.53220687e-04 1.52909072e+00 3.07070661e+01 1.56613039e-03
   9.45012024e-04 7.76582947e-04 7.76582947e-04]
  [5.58049834e-04 1.54233797e+00 2.97248606e+01 1.50539095e-03
   9.08763482e-04 7.46774473e-04 7.46774473e-04]]

 [[5.49915620e-04 1.52074217e+00 3.12653442e+01 1.60412043e-03
   9.68166145e-04 7.95594061e-04 7.95594061e-04]
  [5.53252957e-04 1.52549632e+00 3.10884251e+01 1.58140852e-03
   9.55137325e-04 7.84821882e-04 7.84821882e-04]
  [5.52984986e-04 1.52773550e+00 3.06846469e+01 1.57247859e-03
   9.48366557e-04 7.79526162e-04 7.79526162e-04]
  [5.51901440e-04 1.52579316e+00 3.10104765e+01 1.58102669e-03
   9.54089711e-04 7.84024939e-04 7.84024939e-04]
  [5.51098240e-04 1.52415367e+00 3.12804351e+01 1.58885632e-03
   9.58532021e-04 7.87729076e-04 7.87729076e-04]
  [8.65856805e-05 4.99102946e-01 1.98992104e+02 7.45575539e-03
   4.50897935e-03 3.69536974e-03 3.69837929e-03]
  [5.50928260e-04 1.52369029e+00 3.12553447e+01 1.58938706e-03
   9.60273619e-04 7.88849451e-04 7.88849451e-04]
  [5.51785228e-04 1.52547429e+00 3.12572923e+01 1.58277718e-03
   9.54770998e-04 7.84803098e-04 7.84803098e-04]]

 [[5.55104015e-04 1.53397103e+00 3.00161966e+01 1.54343691e-03
   9.31610511e-04 7.65553104e-04 7.65553104e-04]
  [5.53417893e-04 1.53059347e+00 3.05041959e+01 1.55957859e-03
   9.40854946e-04 7.72978348e-04 7.72978348e-04]
  [5.57884468e-04 1.54056147e+00 2.96831929e+01 1.51367295e-03
   9.13328131e-04 7.50760585e-04 7.50760585e-04]
  [5.54646159e-04 1.53375397e+00 3.03054768e+01 1.54536477e-03
   9.32195217e-04 7.65985757e-04 7.65985757e-04]
  [5.62546991e-04 1.55481665e+00 2.82905009e+01 1.44816939e-03
   8.74080683e-04 7.18187053e-04 7.18187053e-04]
  [5.48096422e-04 1.51371188e+00 3.20716586e+01 1.63618309e-03
   9.87302886e-04 8.11424597e-04 8.11424597e-04]
  [5.56791870e-04 1.53929909e+00 2.99760736e+01 1.51961235e-03
   9.17010483e-04 7.53412102e-04 7.53412102e-04]
  [5.57268903e-04 1.53854821e+00 3.00664663e+01 1.52252667e-03
   9.18968257e-04 7.55241341e-04 7.55241341e-04]]

 [[5.55157058e-04 1.53378029e+00 3.01934416e+01 1.54460240e-03
   9.32079749e-04 7.65938174e-04 7.65938174e-04]
  [5.59436390e-04 1.54366669e+00 2.92877799e+01 1.49899933e-03
   9.05060881e-04 7.43511920e-04 7.43511920e-04]
  [5.59521642e-04 1.53995870e+00 2.97878227e+01 1.51613261e-03
   9.14946265e-04 7.51969037e-04 7.51969037e-04]
  [5.55791994e-04 1.53631827e+00 3.00828569e+01 1.53291046e-03
   9.24993994e-04 7.60274708e-04 7.60274708e-04]
  [5.55750350e-04 1.53685163e+00 3.02531454e+01 1.53034628e-03
   9.23642286e-04 7.59057085e-04 7.59057085e-04]
  [5.48734467e-04 1.51528389e+00 3.19623711e+01 1.62969450e-03
   9.83030630e-04 8.07945634e-04 8.07945634e-04]
  [5.55593972e-04 1.53287979e+00 3.04271507e+01 1.54861273e-03
   9.35162822e-04 7.68264082e-04 7.68264082e-04]
  [5.57657623e-04 1.53990228e+00 2.98380299e+01 1.51580938e-03
   9.16074355e-04 7.52405631e-04 7.52405631e-04]]]

Cumulative Reward: 5654.042388162795
