Scheduler Table:
[[[1.31813635e-04 4.22040342e-01 1.92843125e+02 3.92093685e-03
   1.14245196e-02 1.01462835e-02 1.01462835e-02]
  [1.30716045e-04 4.19603808e-01 1.93572256e+02 3.92096562e-03
   1.14246349e-02 1.01463935e-02 1.01463935e-02]
  [1.32143933e-04 4.22758303e-01 1.93278276e+02 3.92089698e-03
   1.14246786e-02 1.01463682e-02 1.01463682e-02]]

 [[1.30403904e-04 4.18994502e-01 1.92992028e+02 3.92098759e-03
   1.14249293e-02 1.01467290e-02 1.01467290e-02]
  [1.30616591e-04 4.19397619e-01 1.93599886e+02 3.92098047e-03
   1.14245641e-02 1.01463493e-02 1.01463493e-02]
  [8.92782103e-05 3.04287198e-01 2.09442073e+02 3.99030541e-03
   1.07872396e-02 9.63764449e-03 9.63764449e-03]]

 [[1.32865918e-04 4.24415870e-01 1.93377561e+02 3.92088766e-03
   1.14245512e-02 1.01462230e-02 1.01462230e-02]
  [1.17055321e-04 3.81710689e-01 1.96937639e+02 3.92434917e-03
   1.13943105e-02 1.01231534e-02 1.01231534e-02]
  [1.76969990e-05 1.11311890e-01 2.05161472e+02 4.26278687e-03
   6.36067700e-03 6.17805117e-03 6.32744078e-03]]]

Buffer Table:
[[[9.41333711e-05 4.16473415e-01 1.93618562e+02 3.92101695e-03
   1.14248359e-02 1.01465986e-02 1.01465986e-02]
  [1.88873899e-05 1.07510001e-01 2.09809745e+02 4.30620595e-03
   6.35477764e-03 6.26647461e-03 6.26647461e-03]
  [8.70156726e-05 3.85406226e-01 1.99578969e+02 3.92153784e-03
   1.14263018e-02 1.01485862e-02 1.01485862e-02]]

 [[1.88368377e-05 1.07503969e-01 2.09891539e+02 4.30226031e-03
   6.49387482e-03 6.25338598e-03 6.40277558e-03]
  [9.41711396e-05 4.16494171e-01 1.93578115e+02 3.92101238e-03
   1.14248077e-02 1.01465827e-02 1.01465827e-02]
  [9.49309302e-05 4.18891781e-01 1.93177066e+02 3.92097121e-03
   1.14241907e-02 1.01459194e-02 1.01459194e-02]]

 [[9.43527756e-05 4.17072497e-01 1.92872012e+02 3.92100615e-03
   1.14250518e-02 1.01468019e-02 1.01468019e-02]
  [7.37723144e-05 3.12938676e-01 2.07865812e+02 3.92274369e-03
   1.14294749e-02 1.01530157e-02 1.01530157e-02]
  [9.38610230e-05 4.15498974e-01 1.93553723e+02 3.92100415e-03
   1.14246082e-02 1.01463441e-02 1.01463441e-02]]]

Arbiter Table:
[[[1.60967882e-05 1.06859539e-01 2.05900364e+02 4.26662813e-03
   6.32498698e-03 6.14950517e-03 6.29889477e-03]
  [8.34377625e-05 3.72355293e-01 1.96541749e+02 3.92175219e-03
   1.14274567e-02 1.01499994e-02 1.01499994e-02]
  [8.93034500e-05 3.95738447e-01 1.94900284e+02 3.92133215e-03
   1.14255905e-02 1.01476838e-02 1.01476838e-02]]

 [[7.37983858e-05 3.06196949e-01 2.03206212e+02 3.92288886e-03
   1.14312479e-02 1.01549948e-02 1.01549948e-02]
  [9.60422658e-05 4.22780362e-01 1.92237978e+02 3.92088652e-03
   1.14246909e-02 1.01463276e-02 1.01463276e-02]
  [9.42587786e-05 4.17149346e-01 1.92606519e+02 3.92097511e-03
   1.14247165e-02 1.01464238e-02 1.01464238e-02]]

 [[9.42156721e-05 4.17090305e-01 1.93187266e+02 3.92096370e-03
   1.14247808e-02 1.01464759e-02 1.01464759e-02]
  [7.86439475e-05 3.48402124e-01 1.98079955e+02 3.92213459e-03
   1.14283965e-02 1.01513216e-02 1.01513216e-02]
  [9.46788678e-05 4.18433258e-01 1.93008534e+02 3.92094116e-03
   1.14245078e-02 1.01461831e-02 1.01461831e-02]]]

Page Table:
[[[1.64060749e-05 1.10332582e-01 2.05849404e+02 4.26657497e-03
   6.32497940e-03 6.14949293e-03 6.29888254e-03]
  [3.88374260e-04 4.20723108e+00 1.91110520e+02 3.86354110e-03
   1.14359872e-02 1.01577186e-02 1.01577186e-02]
  [3.46561706e-04 3.71187050e+00 1.93831090e+02 3.87110648e-03
   1.14360250e-02 1.01584054e-02 1.01584054e-02]
  [3.84794984e-04 4.16911020e+00 1.92253442e+02 3.86410692e-03
   1.14358241e-02 1.01575762e-02 1.01575762e-02]]

 [[3.88914952e-04 4.21260719e+00 1.91730965e+02 3.86345891e-03
   1.14356739e-02 1.01574063e-02 1.01574063e-02]
  [3.90483845e-04 4.22956519e+00 1.90703318e+02 3.86320547e-03
   1.14361173e-02 1.01578389e-02 1.01578389e-02]
  [3.92545182e-04 4.25142789e+00 1.90335837e+02 3.86286933e-03
   1.14359304e-02 1.01576387e-02 1.01576387e-02]
  [3.86579411e-04 4.18802283e+00 1.90959461e+02 3.86381863e-03
   1.14359559e-02 1.01577311e-02 1.01577311e-02]]

 [[2.65215052e-04 2.79226891e+00 1.99668993e+02 3.88516871e-03
   1.14366619e-02 1.01601944e-02 1.01601944e-02]
  [3.89984701e-04 4.22435146e+00 1.91190640e+02 3.86326843e-03
   1.14357521e-02 1.01574663e-02 1.01574663e-02]
  [3.91922497e-04 4.24477387e+00 1.90943843e+02 3.86297322e-03
   1.14356547e-02 1.01573726e-02 1.01573726e-02]
  [3.91373548e-04 4.23902835e+00 1.90962372e+02 3.86305286e-03
   1.14359003e-02 1.01575917e-02 1.01575917e-02]]

 [[2.94156827e-04 3.15140414e+00 2.07408585e+02 3.87969077e-03
   1.14379921e-02 1.01611355e-02 1.01611355e-02]
  [3.89395470e-04 4.21787503e+00 1.91352741e+02 3.86336652e-03
   1.14360577e-02 1.01577524e-02 1.01577524e-02]
  [3.89055010e-04 4.21438133e+00 1.91143807e+02 3.86342050e-03
   1.14357827e-02 1.01574921e-02 1.01574921e-02]
  [3.89356758e-04 4.21748956e+00 1.90800789e+02 3.86340140e-03
   1.14362035e-02 1.01579708e-02 1.01579708e-02]]]

Response Table:
[[[4.62619378e-05 1.50514463e-01 1.92423460e+02]
  [4.55300641e-05 1.50400696e-01 1.93086816e+02]]

 [[4.53103106e-05 1.50322842e-01 1.93252683e+02]
  [1.60963747e-05 1.06856968e-01 2.05900624e+02]]]

Refresh Table:
[[[4.28862242e-05 1.50755297e-01 1.93326874e+02]
  [3.65920011e-05 1.39101990e-01 2.09716424e+02]]

 [[4.17218506e-05 1.47217842e-01 1.96527769e+02]
  [1.60983177e-05 1.06860009e-01 2.05895617e+02]]]

Request Buffer Table:
[[[6.35793155e-04 2.56591335e+01 1.28030389e+02]
  [6.30649200e-04 2.54136847e+01 1.28779927e+02]
  [6.35598845e-04 2.55565041e+01 1.29031585e+02]
  [6.38949148e-04 2.57694506e+01 1.28321939e+02]
  [6.31580808e-04 2.53940859e+01 1.29590605e+02]
  [6.31689000e-04 2.54711943e+01 1.29179946e+02]
  [5.17384043e-04 2.05733836e+01 1.46044885e+02]
  [6.34870227e-04 2.55694177e+01 1.28968674e+02]]

 [[6.29436675e-04 2.53727309e+01 1.29397061e+02]
  [6.43414286e-04 2.59282905e+01 1.27409530e+02]
  [6.44463212e-04 2.58292870e+01 1.27687522e+02]
  [6.37466013e-04 2.56808494e+01 1.28575290e+02]
  [3.26938849e-04 1.27435095e+01 1.70174014e+02]
  [6.35099245e-04 2.55939693e+01 1.28950507e+02]
  [5.61404480e-04 2.24233332e+01 1.40193310e+02]
  [6.28447171e-04 2.53297680e+01 1.28835509e+02]]

 [[6.39547195e-04 2.57861425e+01 1.27943933e+02]
  [6.36607416e-04 2.55894217e+01 1.28346230e+02]
  [6.38884906e-04 2.57056015e+01 1.28491623e+02]
  [6.50177932e-04 2.61716034e+01 1.27201403e+02]
  [6.31155806e-04 2.53966120e+01 1.29630036e+02]
  [6.47922296e-04 2.60948804e+01 1.27091246e+02]
  [6.35704597e-04 2.55108355e+01 1.29015533e+02]
  [6.35370171e-04 2.56070347e+01 1.29156505e+02]]

 [[6.38736504e-04 2.57464241e+01 1.27835412e+02]
  [6.33512231e-04 2.55407952e+01 1.28691911e+02]
  [6.38253535e-04 2.57174313e+01 1.28878754e+02]
  [6.38539730e-04 2.56925279e+01 1.28608149e+02]
  [6.31546638e-04 2.53905589e+01 1.28963068e+02]
  [6.29963781e-04 2.53945323e+01 1.29015270e+02]
  [6.35065590e-04 2.56099242e+01 1.28785355e+02]
  [6.37998360e-04 2.57257808e+01 1.28838565e+02]]

 [[6.25743249e-04 2.52209006e+01 1.29274638e+02]
  [2.21501607e-05 1.19866069e-01 2.11116320e+02]
  [6.43251811e-04 2.57758759e+01 1.27874189e+02]
  [6.31574906e-04 2.54617341e+01 1.29285091e+02]
  [6.38067821e-04 2.56391269e+01 1.27775261e+02]
  [6.31628873e-04 2.54164485e+01 1.29459307e+02]
  [6.47260035e-04 2.58332632e+01 1.28391020e+02]
  [6.35194055e-04 2.55941108e+01 1.29051066e+02]]

 [[6.31661122e-04 2.54376159e+01 1.28865926e+02]
  [6.34007284e-04 2.54432374e+01 1.28496702e+02]
  [6.39556068e-04 2.58085740e+01 1.28387041e+02]
  [6.36615849e-04 2.55964556e+01 1.28715904e+02]
  [6.28682656e-04 2.53164675e+01 1.29019680e+02]
  [4.85054762e-04 1.95479969e+01 1.46907949e+02]
  [6.30215983e-04 2.53958689e+01 1.29404229e+02]
  [6.31632774e-04 2.54561583e+01 1.29449308e+02]]

 [[6.39536012e-04 2.58095994e+01 1.27537146e+02]
  [6.43178762e-04 2.58778288e+01 1.27993721e+02]
  [6.36575060e-04 2.56421733e+01 1.28236811e+02]
  [6.45478050e-04 2.60348891e+01 1.27591709e+02]
  [2.55537905e-04 8.89686011e+00 1.87521120e+02]
  [6.36874620e-04 2.55676649e+01 1.28771007e+02]
  [6.38300567e-04 2.56625612e+01 1.28289799e+02]
  [6.48911761e-04 2.59221265e+01 1.27889055e+02]]

 [[6.33430678e-04 2.54792409e+01 1.29076584e+02]
  [6.32373553e-04 2.54616379e+01 1.28472529e+02]
  [6.33744044e-04 2.55118138e+01 1.29016325e+02]
  [6.42773558e-04 2.59314541e+01 1.27989948e+02]
  [6.29343301e-04 2.53582357e+01 1.29671478e+02]
  [6.51945518e-04 2.63164795e+01 1.26557504e+02]
  [6.30746078e-04 2.54267436e+01 1.29399072e+02]
  [6.34030139e-04 2.55667403e+01 1.28770264e+02]]]

Ref Max Post Table:
[[[3.94796328e-04 4.24988976e+00 1.91476802e+02]
  [3.90911452e-04 4.20937752e+00 1.91396472e+02]
  [4.05050009e-04 4.35794671e+00 1.91232256e+02]
  [3.10120308e-04 3.21006440e+00 2.02848947e+02]]

 [[3.93662810e-04 4.23888669e+00 1.91158999e+02]
  [3.91953617e-04 4.22136618e+00 1.91331229e+02]
  [3.78610393e-04 4.07946035e+00 1.93502930e+02]
  [3.92638558e-04 4.22813205e+00 1.91045829e+02]]

 [[3.97548386e-04 4.27892939e+00 1.91795134e+02]
  [3.99345110e-04 4.29934380e+00 1.91739934e+02]
  [3.95697478e-04 4.25967028e+00 1.91003537e+02]
  [2.47259706e-04 2.60215572e+00 2.05004860e+02]]

 [[3.93608434e-04 4.23740919e+00 1.92420695e+02]
  [3.85613619e-04 4.15346310e+00 1.92396674e+02]
  [3.39036504e-04 3.64089537e+00 1.95466329e+02]
  [3.32486526e-05 3.00900003e-01 2.04135065e+02]]]

Ref Max Pull Table:
[[[3.87061618e-04 4.14822259e+00 1.91677748e+02]
  [1.18388127e-04 1.18230971e+00 2.10595549e+02]
  [3.95200981e-04 4.23331400e+00 1.91649143e+02]
  [3.85339205e-04 4.12981237e+00 1.91280266e+02]]

 [[3.86815672e-04 4.14544185e+00 1.92523351e+02]
  [3.92935560e-04 4.21001996e+00 1.91450886e+02]
  [3.90379482e-04 4.18317378e+00 1.91333792e+02]
  [1.18158668e-04 1.18015555e+00 2.10582847e+02]]

 [[3.01860678e-04 3.15812965e+00 2.02075575e+02]
  [7.36660466e-05 6.40421013e-01 2.20788548e+02]
  [2.32990857e-04 2.42215297e+00 2.06096014e+02]
  [3.93370018e-04 4.21390428e+00 1.91175538e+02]]

 [[1.17929669e-04 1.17800582e+00 2.10666091e+02]
  [3.04566924e-04 3.22610865e+00 2.06503948e+02]
  [2.31468798e-04 2.40487854e+00 2.06259276e+02]
  [3.98898606e-04 4.27178576e+00 1.91628926e+02]]]

Max Activate Table:
[[[6.34490616e-04 2.59873689e+01 1.27631299e+02 2.56642378e-03
   8.02986713e-03 7.13481573e-03 7.13481573e-03]
  [6.29903498e-04 2.57750230e+01 1.28325587e+02 2.57758867e-03
   8.05744080e-03 7.15932047e-03 7.15932047e-03]
  [6.30770001e-04 2.57920770e+01 1.28433030e+02 2.57668086e-03
   8.05517186e-03 7.15726123e-03 7.15726123e-03]
  [6.30842997e-04 2.57563567e+01 1.28114339e+02 2.57857637e-03
   8.06034471e-03 7.16193041e-03 7.16193041e-03]
  [6.60060597e-04 2.65142633e+01 1.26968178e+02 2.53868299e-03
   7.96016742e-03 7.07278600e-03 7.07278600e-03]
  [6.34371484e-04 2.59620734e+01 1.27792515e+02 2.56775308e-03
   8.03325471e-03 7.13784973e-03 7.13784973e-03]
  [6.25423767e-04 2.55801412e+01 1.29818692e+02 2.58784643e-03
   8.08312848e-03 7.18217309e-03 7.18217309e-03]
  [6.26121276e-04 2.55811367e+01 1.28968052e+02 2.58778566e-03
   8.08293578e-03 7.18196269e-03 7.18196269e-03]]

 [[6.43130486e-04 2.63058610e+01 1.26583394e+02 2.54966874e-03
   7.98793152e-03 7.09756054e-03 7.09756054e-03]
  [6.42561277e-04 2.63609040e+01 1.28024248e+02 2.54676215e-03
   7.98051484e-03 7.09092569e-03 7.09092569e-03]
  [6.36807723e-04 2.60799864e+01 1.28158333e+02 2.56151518e-03
   8.01742913e-03 7.12369585e-03 7.12369585e-03]
  [6.33010694e-04 2.59365732e+01 1.28400412e+02 2.56909814e-03
   8.03727527e-03 7.14150543e-03 7.14150543e-03]
  [5.35322783e-04 2.17239756e+01 1.47735226e+02 2.79190564e-03
   8.56644233e-03 7.61552072e-03 7.61552072e-03]
  [6.28563249e-04 2.57114440e+01 1.28838035e+02 2.58092180e-03
   8.06603749e-03 7.16693316e-03 7.16693316e-03]
  [6.35283647e-04 2.59620463e+01 1.28587904e+02 2.56773742e-03
   8.03305209e-03 7.13762093e-03 7.13762093e-03]
  [6.30004471e-04 2.57511099e+01 1.28588803e+02 2.57883635e-03
   8.06066098e-03 7.16215107e-03 7.16215107e-03]]

 [[6.31923237e-04 2.57959834e+01 1.28912551e+02 2.57648800e-03
   8.05498516e-03 7.15714190e-03 7.15714190e-03]
  [6.43933873e-04 2.62886550e+01 1.26990985e+02 2.55056235e-03
   7.99018850e-03 7.09953042e-03 7.09953042e-03]
  [6.26440321e-04 2.56174191e+01 1.29093313e+02 2.58587391e-03
   8.07851273e-03 7.17804814e-03 7.17804814e-03]
  [6.43855588e-04 2.64012732e+01 1.27463312e+02 2.54462723e-03
   7.97513077e-03 7.08610486e-03 7.08610486e-03]
  [6.34437773e-04 2.59800413e+01 1.28087906e+02 2.56680391e-03
   8.03078619e-03 7.13565280e-03 7.13565280e-03]
  [6.28290106e-04 2.57144464e+01 1.29412040e+02 2.58076017e-03
   8.06579624e-03 7.16673090e-03 7.16673090e-03]
  [6.25399077e-04 2.55789854e+01 1.29643862e+02 2.58788493e-03
   8.08313238e-03 7.18209532e-03 7.18209532e-03]
  [6.32990154e-04 2.59302182e+01 1.28862723e+02 2.56940599e-03
   8.03696319e-03 7.14106432e-03 7.14106432e-03]]

 [[6.29771614e-04 2.57098086e+01 1.28547072e+02 2.58101803e-03
   8.06593121e-03 7.16683527e-03 7.16683527e-03]
  [6.33811976e-04 2.58058625e+01 1.27972593e+02 2.57599047e-03
   8.05394748e-03 7.15629753e-03 7.15629753e-03]
  [6.31476942e-04 2.57577182e+01 1.28809082e+02 2.57848279e-03
   8.05993413e-03 7.16150668e-03 7.16150668e-03]
  [6.38517616e-04 2.61809020e+01 1.27416824e+02 2.55623994e-03
   8.00471311e-03 7.11250274e-03 7.11250274e-03]
  [4.35754535e-04 1.74855743e+01 1.59112781e+02 3.13180171e-03
   7.88121043e-03 7.14678700e-03 7.14678700e-03]
  [6.32161847e-04 2.58214584e+01 1.28613188e+02 2.57514085e-03
   8.05134778e-03 7.15387548e-03 7.15387548e-03]
  [6.35162374e-04 2.60130777e+01 1.28347375e+02 2.56506376e-03
   8.02622008e-03 7.13155375e-03 7.13155375e-03]
  [6.30313947e-04 2.57815171e+01 1.28552476e+02 2.57723554e-03
   8.05696400e-03 7.15887505e-03 7.15887505e-03]]

 [[6.33376746e-04 2.59467921e+01 1.28705044e+02 2.56854852e-03
   8.03503258e-03 7.13940313e-03 7.13940313e-03]
  [6.40289629e-04 2.62126022e+01 1.26812819e+02 2.55457179e-03
   8.00032501e-03 7.10858345e-03 7.10858345e-03]
  [6.30815900e-04 2.57588349e+01 1.29178912e+02 2.57843191e-03
   8.05976400e-03 7.16136821e-03 7.16136821e-03]
  [6.36879807e-04 2.59199962e+01 1.27288028e+02 2.56995802e-03
   8.03869071e-03 7.14269954e-03 7.14269954e-03]
  [6.42964567e-04 2.60427577e+01 1.27667643e+02 2.56349031e-03
   8.02242974e-03 7.12815697e-03 7.12815697e-03]
  [6.24791597e-04 2.55881925e+01 1.29124036e+02 2.58741508e-03
   8.08217317e-03 7.18128613e-03 7.18128613e-03]
  [6.27881013e-04 2.56673799e+01 1.29158432e+02 2.58321724e-03
   8.07210558e-03 7.17232252e-03 7.17232252e-03]
  [3.17846567e-04 1.25342515e+01 1.74419400e+02 3.46833281e-03
   7.53563502e-03 6.96063299e-03 6.96063299e-03]]

 [[6.33632373e-04 2.59618015e+01 1.27993769e+02 2.56776972e-03
   8.03288351e-03 7.13748785e-03 7.13748785e-03]
  [6.46290338e-04 2.64211785e+01 1.26299686e+02 2.54358823e-03
   7.97222211e-03 7.08350565e-03 7.08350565e-03]
  [6.37521506e-04 2.60990234e+01 1.27240764e+02 2.56053062e-03
   8.01545123e-03 7.12202910e-03 7.12202910e-03]
  [6.25371349e-04 2.55983321e+01 1.29589261e+02 2.58770965e-03
   8.05599118e-03 7.16160105e-03 7.16160105e-03]
  [6.22801884e-04 2.54802536e+01 1.30002380e+02 2.59309163e-03
   8.09637234e-03 7.19391339e-03 7.19391339e-03]
  [6.33840892e-04 2.59867406e+01 1.27999311e+02 2.56644268e-03
   8.02962120e-03 7.13456472e-03 7.13456472e-03]
  [6.23001647e-04 2.53787216e+01 1.30331381e+02 2.59840682e-03
   8.10966293e-03 7.20569554e-03 7.20569554e-03]
  [2.08131181e-04 8.13571899e+00 1.83609146e+02 3.74475029e-03
   7.00788373e-03 6.52661593e-03 6.67600553e-03]]

 [[6.26711361e-04 2.56085998e+01 1.28928153e+02 2.58633660e-03
   8.07950845e-03 7.17891150e-03 7.17891150e-03]
  [6.15684588e-04 2.51050893e+01 1.31445427e+02 2.61431883e-03
   8.11993596e-03 7.21834034e-03 7.21834034e-03]
  [6.33992013e-04 2.58806459e+01 1.28316516e+02 2.57201848e-03
   8.04411165e-03 7.14747897e-03 7.14747897e-03]
  [6.25768334e-04 2.56224471e+01 1.29165152e+02 2.58559695e-03
   8.07788832e-03 7.17747835e-03 7.17747835e-03]
  [6.40187154e-04 2.61227944e+01 1.28324998e+02 2.55927943e-03
   8.01186814e-03 7.11878511e-03 7.11878511e-03]
  [6.26042171e-04 2.56205546e+01 1.29163770e+02 2.58569358e-03
   8.07791364e-03 7.17748744e-03 7.17748744e-03]
  [6.24714789e-04 2.55532456e+01 1.29560256e+02 2.58923314e-03
   8.08670050e-03 7.18527899e-03 7.18527899e-03]
  [6.28893862e-04 2.57500153e+01 1.28879038e+02 2.57890153e-03
   8.06104229e-03 7.16253016e-03 7.16253016e-03]]

 [[6.31863001e-04 2.58748436e+01 1.28202557e+02 2.57231681e-03
   8.04471751e-03 7.14800668e-03 7.14800668e-03]
  [6.31268894e-04 2.58060361e+01 1.28432400e+02 2.57595886e-03
   8.05359036e-03 7.15590404e-03 7.15590404e-03]
  [6.47185251e-04 2.64309627e+01 1.26362629e+02 2.54307587e-03
   7.97143307e-03 7.08285448e-03 7.08285448e-03]
  [6.26089473e-04 2.56277487e+01 1.29320820e+02 2.58533268e-03
   8.07674249e-03 7.17645371e-03 7.17645371e-03]
  [6.29996889e-04 2.57514126e+01 1.28331130e+02 2.57882326e-03
   8.06074493e-03 7.16224797e-03 7.16224797e-03]
  [2.08814118e-04 8.16254527e+00 1.83439549e+02 3.74683343e-03
   6.87050372e-03 6.54061735e-03 6.54061735e-03]
  [6.24185043e-04 2.54791724e+01 1.29440120e+02 2.59612473e-03
   8.06760519e-03 7.17144775e-03 7.17144775e-03]
  [6.37815407e-04 2.61201825e+01 1.27310745e+02 2.55941409e-03
   8.01195894e-03 7.11882902e-03 7.11882902e-03]]]

Cumulative Reward: 9246.55409746611
