Scheduler Table:
[[[4.78948295e-06 1.44299975e-02 1.18866669e+01 3.59746373e-04
   4.26769614e-03 5.70790949e-04 5.70790949e-04]
  [5.08254443e-06 1.44643550e-02 1.19499403e+01 3.59773144e-04
   4.28792698e-03 5.70853860e-04 5.70853860e-04]
  [4.92975192e-06 1.44292139e-02 1.19568201e+01 3.60186673e-04
   4.22878556e-03 5.71387737e-04 5.71387737e-04]]

 [[4.70891365e-06 1.44693933e-02 1.18787043e+01 3.60018419e-04
   4.21565432e-03 5.70688728e-04 5.70688728e-04]
  [3.65332248e-06 1.38085359e-02 1.23265326e+01 3.60633726e-04
   4.16817215e-03 5.70628006e-04 5.70628006e-04]
  [4.05609469e-07 1.15653839e-02 1.31695357e+01 3.58557119e-04
   4.56828483e-03 5.65132255e-04 5.92008097e-04]]

 [[5.17118561e-06 1.44671028e-02 1.19207979e+01 3.60307565e-04
   4.20721306e-03 5.70725278e-04 5.70725278e-04]
  [4.05634868e-07 1.15659816e-02 1.31913112e+01 3.59419985e-04
   4.24342822e-03 5.70264917e-04 5.70264917e-04]
  [5.29816758e-06 1.44490906e-02 1.19646156e+01 3.60347413e-04
   4.17979635e-03 5.70646941e-04 5.70646941e-04]]]

Buffer Table:
[[[5.04213797e-06 1.44708362e-02 1.19172954e+01 3.59835593e-04
   4.24467641e-03 5.70437898e-04 5.70437898e-04]
  [5.10230585e-06 1.44370831e-02 1.19496693e+01 3.60310900e-04
   4.21618182e-03 5.71101938e-04 5.71101938e-04]
  [4.11007749e-07 1.15903319e-02 1.31811592e+01 3.58512514e-04
   4.33932679e-03 5.70991932e-04 5.70991932e-04]]

 [[4.10857191e-07 1.15890485e-02 1.32036247e+01 3.58401597e-04
   4.58390125e-03 5.65446745e-04 5.92322587e-04]
  [5.20784269e-06 1.44288222e-02 1.19308755e+01 3.59904184e-04
   4.25330814e-03 5.70759608e-04 5.70759608e-04]
  [5.04014344e-06 1.44761943e-02 1.18845255e+01 3.60272520e-04
   4.22213834e-03 5.71369222e-04 5.71369222e-04]]

 [[5.03585820e-06 1.44325022e-02 1.19165574e+01 3.59968982e-04
   4.23260962e-03 5.70755634e-04 5.70755634e-04]
  [4.10930217e-07 1.15895633e-02 1.31473229e+01 3.59117719e-04
   4.25521173e-03 5.70077195e-04 5.70077195e-04]
  [4.87441894e-06 1.44334229e-02 1.19641023e+01 3.60861032e-04
   4.15046918e-03 5.71228194e-04 5.71228194e-04]]]

Arbiter Table:
[[[4.04908322e-07 1.15485285e-02 1.31770601e+01 3.59152679e-04
   4.50633192e-03 5.64761931e-04 5.91637773e-04]
  [6.63679570e-06 1.40569804e-02 1.21265352e+01 3.59905088e-04
   4.24727332e-03 5.70740412e-04 5.70740412e-04]
  [6.35893233e-06 1.42862385e-02 1.19609839e+01 3.60512481e-04
   4.17660793e-03 5.70604691e-04 5.70604691e-04]]

 [[8.53965474e-06 1.32353138e-02 1.26649066e+01 3.60590242e-04
   4.19864686e-03 5.71025309e-04 5.71025309e-04]
  [6.14767498e-06 1.45132126e-02 1.19001320e+01 3.60281926e-04
   4.20354685e-03 5.70545842e-04 5.70545842e-04]
  [5.49694056e-06 1.44107180e-02 1.18992349e+01 3.60209112e-04
   4.22325659e-03 5.71205834e-04 5.71205834e-04]]

 [[5.44977631e-06 1.44420332e-02 1.19431886e+01 3.60490813e-04
   4.18483276e-03 5.71069643e-04 5.71069643e-04]
  [1.09747447e-05 1.40316426e-02 1.21641833e+01 3.60428499e-04
   4.15333490e-03 5.69931630e-04 5.69931630e-04]
  [5.38194936e-06 1.43139679e-02 1.19559003e+01 3.60205869e-04
   4.23902010e-03 5.71021244e-04 5.71021244e-04]]]

Page Table:
[[[3.84846955e-06 1.38265005e-02 1.23442074e+01 3.58837383e-04
   4.33124474e-03 5.71004041e-04 5.71004041e-04]
  [5.13543162e-06 1.46509259e-02 1.20046019e+01 3.59893368e-04
   4.21343220e-03 5.70408995e-04 5.70408995e-04]
  [5.33592572e-06 1.44772359e-02 1.19676600e+01 3.60450039e-04
   4.16835821e-03 5.70645011e-04 5.70645011e-04]
  [6.17361502e-07 1.17020249e-02 1.31419229e+01 3.59516032e-04
   4.23797917e-03 5.70246218e-04 5.70246218e-04]]

 [[5.33972126e-06 1.46996511e-02 1.19633690e+01 3.60102558e-04
   4.20615967e-03 5.70532319e-04 5.70532319e-04]
  [5.11936016e-06 1.47357852e-02 1.19137644e+01 3.60179254e-04
   4.21494772e-03 5.70762569e-04 5.70762569e-04]
  [5.24574585e-06 1.47733203e-02 1.18527096e+01 3.60190431e-04
   4.19637070e-03 5.70350164e-04 5.70350164e-04]
  [5.22642354e-06 1.46594122e-02 1.19316045e+01 3.60233226e-04
   4.19974005e-03 5.70706149e-04 5.70706149e-04]]

 [[4.37050353e-06 1.35372716e-02 1.26059355e+01 3.60632236e-04
   4.16777025e-03 5.70514585e-04 5.70514585e-04]
  [5.66501065e-06 1.47193207e-02 1.20075696e+01 3.60509711e-04
   4.17783403e-03 5.70828400e-04 5.70828400e-04]
  [5.21271756e-06 1.47693561e-02 1.18830478e+01 3.59406430e-04
   4.28009354e-03 5.70729304e-04 5.70729304e-04]
  [6.31744224e-06 1.47613117e-02 1.19248548e+01 3.59982471e-04
   4.22804417e-03 5.70839204e-04 5.70839204e-04]]

 [[6.13626983e-07 1.16990439e-02 1.31210126e+01 3.58651484e-04
   4.56293124e-03 5.65113884e-04 5.91989726e-04]
  [5.22677935e-06 1.47275614e-02 1.19474129e+01 3.59922826e-04
   4.22039730e-03 5.70727305e-04 5.70727305e-04]
  [5.95857238e-06 1.47178017e-02 1.18820699e+01 3.60108339e-04
   4.22365926e-03 5.71024190e-04 5.71024190e-04]
  [5.50261418e-06 1.47324383e-02 1.18863057e+01 3.59651170e-04
   4.27101673e-03 5.70529043e-04 5.70529043e-04]]]

Response Table:
[[[4.24165163e-06 1.42600058e-02 1.19096402e+01]
  [3.60509891e-06 1.42399833e-02 1.19162474e+01]]

 [[3.57405386e-06 1.42118049e-02 1.19289480e+01]
  [4.04908321e-07 1.15485285e-02 1.31770601e+01]]]

Refresh Table:
[[[3.94558893e-06 1.43099174e-02 1.19406103e+01]
  [2.47505590e-06 1.33258758e-02 1.25031754e+01]]

 [[3.47117360e-06 1.40665744e-02 1.20974638e+01]
  [4.06425840e-07 1.15496303e-02 1.31765388e+01]]]

Request Buffer Table:
[[[6.29861930e-06 1.98553127e-02 1.18704222e+01]
  [6.06098565e-06 1.98329386e-02 1.18911299e+01]
  [6.49783028e-06 2.00316093e-02 1.19279795e+01]
  [5.29887484e-06 1.97548539e-02 1.19503328e+01]
  [5.36613356e-06 1.97533336e-02 1.19713881e+01]
  [6.87321816e-06 1.96591650e-02 1.19603235e+01]
  [7.93877977e-06 1.96055467e-02 1.19596541e+01]
  [8.27644299e-06 1.88785443e-02 1.21012595e+01]]

 [[5.41757066e-06 1.99176814e-02 1.18490895e+01]
  [9.15824942e-06 2.04761044e-02 1.18912012e+01]
  [5.33588720e-06 2.02168758e-02 1.19308207e+01]
  [6.68249255e-06 2.01929665e-02 1.19328984e+01]
  [6.16298176e-06 1.93140347e-02 1.19235750e+01]
  [8.39149810e-06 2.00338758e-02 1.19230306e+01]
  [5.87938694e-06 1.95095229e-02 1.19065578e+01]
  [9.23046123e-06 1.87492248e-02 1.20839290e+01]]

 [[1.06138368e-05 2.10656768e-02 1.19035839e+01]
  [5.50498830e-06 2.00967636e-02 1.18959112e+01]
  [5.86449063e-06 1.98864700e-02 1.19629311e+01]
  [6.03567082e-06 2.05559620e-02 1.19224258e+01]
  [5.42002745e-06 1.95194203e-02 1.19997648e+01]
  [5.41640579e-06 2.08955143e-02 1.19262276e+01]
  [5.43914111e-06 2.00361834e-02 1.19181246e+01]
  [5.43948723e-06 1.97017610e-02 1.19494494e+01]]

 [[5.60020799e-06 2.00298732e-02 1.19073102e+01]
  [6.10277067e-06 1.99897189e-02 1.18731745e+01]
  [5.66712740e-06 2.00463049e-02 1.19567061e+01]
  [5.40839981e-06 2.01908390e-02 1.18997902e+01]
  [5.61120792e-06 1.93891085e-02 1.19662500e+01]
  [5.75334852e-06 2.04508231e-02 1.19401099e+01]
  [8.63672505e-06 2.04432798e-02 1.19005764e+01]
  [5.54588728e-06 1.96154015e-02 1.19655694e+01]]

 [[6.02205108e-06 1.98411314e-02 1.18661768e+01]
  [6.80419495e-06 1.95202335e-02 1.19393596e+01]
  [6.21379725e-06 1.99328257e-02 1.18844677e+01]
  [5.77844750e-06 1.96776905e-02 1.19538823e+01]
  [5.55982839e-06 1.95788642e-02 1.18817074e+01]
  [5.88109097e-06 2.01375352e-02 1.18985296e+01]
  [6.29580884e-06 1.93947921e-02 1.20421528e+01]
  [6.90704489e-06 1.96072247e-02 1.19592072e+01]]

 [[6.88692711e-06 2.03843873e-02 1.18727376e+01]
  [7.12957334e-06 1.99369054e-02 1.18723812e+01]
  [6.51190723e-06 2.02418129e-02 1.18923239e+01]
  [5.80223344e-06 1.99233369e-02 1.19735540e+01]
  [5.92979748e-06 1.97531995e-02 1.19060889e+01]
  [7.88264678e-06 1.96884853e-02 1.20205098e+01]
  [6.66869762e-06 1.95742211e-02 1.19820252e+01]
  [9.81415561e-06 1.97933609e-02 1.19726158e+01]]

 [[7.14378241e-06 1.92824131e-02 1.19578390e+01]
  [6.85946141e-06 1.96574033e-02 1.19171664e+01]
  [5.38651561e-06 2.02189449e-02 1.19279706e+01]
  [1.02489502e-05 1.97819455e-02 1.19303104e+01]
  [5.84907465e-06 1.93875007e-02 1.19243154e+01]
  [6.88636523e-06 1.99267200e-02 1.19266660e+01]
  [4.04916426e-07 1.15485412e-02 1.31770584e+01]
  [5.95953209e-06 2.01180008e-02 1.19276607e+01]]

 [[5.41348452e-06 1.97125283e-02 1.18714801e+01]
  [6.61336532e-06 1.95839210e-02 1.18554489e+01]
  [5.24379879e-06 1.97631921e-02 1.19532133e+01]
  [5.40059533e-06 2.03455749e-02 1.19114934e+01]
  [5.27079077e-06 1.99290248e-02 1.19166008e+01]
  [5.71591158e-06 2.09081354e-02 1.19027853e+01]
  [4.66289100e-06 1.58732525e-02 1.25828926e+01]
  [6.10389431e-06 1.95696303e-02 1.19426890e+01]]]

Ref Max Post Table:
[[[7.14910554e-06 1.47759645e-02 1.19240179e+01]
  [5.97816549e-06 1.47656865e-02 1.19036186e+01]
  [6.65375556e-06 1.48607230e-02 1.19390104e+01]
  [3.92429485e-06 1.41293916e-02 1.23000093e+01]]

 [[5.12195149e-06 1.46045941e-02 1.19607947e+01]
  [1.78746329e-06 1.26260669e-02 1.28514310e+01]
  [5.30730500e-06 1.46624845e-02 1.19352253e+01]
  [6.95756809e-06 1.45551048e-02 1.21237100e+01]]

 [[7.89783326e-06 1.47427735e-02 1.19796599e+01]
  [5.34851654e-06 1.47693007e-02 1.19423307e+01]
  [5.58262841e-06 1.47257742e-02 1.19031684e+01]
  [5.11874414e-06 1.46574088e-02 1.19809215e+01]]

 [[6.95446442e-06 1.47450714e-02 1.19190923e+01]
  [4.02753786e-06 1.43039978e-02 1.22264755e+01]
  [5.80807244e-06 1.47128581e-02 1.19634691e+01]
  [4.04910588e-07 1.15485306e-02 1.31770595e+01]]]

Ref Max Pull Table:
[[[5.55357080e-06 1.46655489e-02 1.19141848e+01]
  [4.28161961e-06 1.38397081e-02 1.23905365e+01]
  [5.18248924e-06 1.47469636e-02 1.19362273e+01]
  [5.19491735e-06 1.47115688e-02 1.19432022e+01]]

 [[5.57261217e-06 1.46096516e-02 1.19880161e+01]
  [5.15703873e-06 1.47546350e-02 1.19516005e+01]
  [5.20059633e-06 1.47218528e-02 1.19260288e+01]
  [4.09230798e-07 1.15679865e-02 1.31903425e+01]]

 [[5.41416062e-06 1.47253756e-02 1.19482510e+01]
  [5.21748940e-06 1.47165802e-02 1.19379145e+01]
  [5.52263795e-06 1.47579295e-02 1.19208546e+01]
  [6.65237693e-06 1.47692649e-02 1.19389490e+01]]

 [[5.26263245e-06 1.46560513e-02 1.19499615e+01]
  [4.09142404e-07 1.15673537e-02 1.31685840e+01]
  [5.00704523e-06 1.47274537e-02 1.19651184e+01]
  [9.28496261e-06 1.47858623e-02 1.19498329e+01]]]

Max Activate Table:
[[[5.22827539e-06 2.06484888e-02 1.19054491e+01 3.58744455e-04
   4.26173611e-03 5.69561268e-04 5.69561268e-04]
  [6.68077170e-06 1.97383152e-02 1.19001344e+01 3.59775967e-04
   4.17109685e-03 5.69767985e-04 5.69767985e-04]
  [6.07703962e-06 2.09711995e-02 1.19259460e+01 3.59388699e-04
   4.17362356e-03 5.69364833e-04 5.69364833e-04]
  [5.56975697e-06 2.00028289e-02 1.19021793e+01 3.58987216e-04
   4.22705725e-03 5.69627353e-04 5.69627353e-04]
  [5.45028028e-06 2.05158956e-02 1.19213022e+01 3.59093339e-04
   4.24056267e-03 5.69572088e-04 5.69572088e-04]
  [5.75204653e-06 1.95962154e-02 1.19834981e+01 3.59224855e-04
   4.24824826e-03 5.70286249e-04 5.70286249e-04]
  [6.72083514e-06 1.95950036e-02 1.19831032e+01 3.59478273e-04
   4.19786469e-03 5.69811713e-04 5.69811713e-04]
  [6.86842494e-06 1.97100861e-02 1.19001510e+01 3.58756191e-04
   4.29705304e-03 5.69771480e-04 5.69771480e-04]]

 [[5.22479474e-06 2.05126570e-02 1.18307045e+01 3.58722350e-04
   4.28193672e-03 5.70060382e-04 5.70060382e-04]
  [7.84640196e-06 2.05895389e-02 1.19235579e+01 3.58830851e-04
   4.27222009e-03 5.69887807e-04 5.69887807e-04]
  [5.61722414e-06 2.01254325e-02 1.19269450e+01 3.59380114e-04
   4.19828435e-03 5.69761577e-04 5.69761577e-04]
  [5.52967991e-06 2.07226606e-02 1.19649928e+01 3.60495437e-04
   4.11996725e-03 5.69812759e-04 5.69812759e-04]
  [5.74915202e-06 1.95166876e-02 1.19255379e+01 3.59053841e-04
   4.22263175e-03 5.69639063e-04 5.69639063e-04]
  [8.74771683e-06 1.97358643e-02 1.19420039e+01 3.58998831e-04
   4.24705483e-03 5.69704228e-04 5.69704228e-04]
  [6.20861593e-06 1.95638486e-02 1.20140604e+01 3.59693212e-04
   4.17767215e-03 5.69694862e-04 5.69694862e-04]
  [5.55382290e-06 1.99615663e-02 1.19207727e+01 3.58796151e-04
   4.27328415e-03 5.70212718e-04 5.70212718e-04]]

 [[5.24964267e-06 2.06310385e-02 1.19211689e+01 3.58460189e-04
   4.29760237e-03 5.69843889e-04 5.69843889e-04]
  [5.49512506e-06 2.00916978e-02 1.19398826e+01 3.58614560e-04
   4.30658825e-03 5.69976742e-04 5.69976742e-04]
  [4.04908321e-07 1.15485285e-02 1.31770601e+01 3.59152679e-04
   4.50633192e-03 5.64761931e-04 5.91637773e-04]
  [5.79008635e-06 2.06357538e-02 1.19325188e+01 3.59225127e-04
   4.22207030e-03 5.69668724e-04 5.69668724e-04]
  [6.29126119e-06 1.94935881e-02 1.19931681e+01 3.59619912e-04
   4.18768544e-03 5.69962206e-04 5.69962206e-04]
  [5.77519508e-06 2.00252626e-02 1.19448467e+01 3.58957130e-04
   4.23638328e-03 5.69842007e-04 5.69842007e-04]
  [5.93449928e-06 1.96826069e-02 1.19286342e+01 3.58560337e-04
   4.31037569e-03 5.69903179e-04 5.69903179e-04]
  [6.34667933e-06 1.94862332e-02 1.19430984e+01 3.59279140e-04
   4.21791228e-03 5.69811349e-04 5.69811349e-04]]

 [[5.90800019e-06 1.99030038e-02 1.18899297e+01 3.58914517e-04
   4.25514090e-03 5.69621743e-04 5.69621743e-04]
  [5.31095044e-06 2.01002892e-02 1.18696762e+01 3.59245453e-04
   4.21671769e-03 5.69389301e-04 5.69389301e-04]
  [6.15282356e-06 1.95405889e-02 1.20656857e+01 3.60326478e-04
   4.13568309e-03 5.69922643e-04 5.69922643e-04]
  [5.43065653e-06 2.01925113e-02 1.18868830e+01 3.59274397e-04
   4.21647581e-03 5.69821120e-04 5.69821120e-04]
  [1.33553858e-05 1.97279006e-02 1.19557483e+01 3.59075046e-04
   4.23415873e-03 5.69811634e-04 5.69811634e-04]
  [5.48900437e-06 2.00955700e-02 1.19696360e+01 3.59295706e-04
   4.21379801e-03 5.70031331e-04 5.70031331e-04]
  [5.61743025e-06 2.02524930e-02 1.19580471e+01 3.59109337e-04
   4.22502924e-03 5.69857429e-04 5.69857429e-04]
  [5.76381270e-06 1.99763625e-02 1.19344185e+01 3.59324055e-04
   4.20678144e-03 5.69828957e-04 5.69828957e-04]]

 [[5.68558788e-06 1.99566618e-02 1.19461647e+01 3.59039762e-04
   4.23207886e-03 5.69639393e-04 5.69639393e-04]
  [7.12732678e-06 2.00874259e-02 1.18631405e+01 3.59430057e-04
   4.20080895e-03 5.69458008e-04 5.69458008e-04]
  [5.76154292e-06 2.00314074e-02 1.19461976e+01 3.58761926e-04
   4.27539455e-03 5.69754425e-04 5.69754425e-04]
  [5.17970339e-06 1.99493641e-02 1.18946022e+01 3.59141087e-04
   4.22963360e-03 5.69547202e-04 5.69547202e-04]
  [5.23231628e-06 2.00080269e-02 1.19233029e+01 3.59040111e-04
   4.19673086e-03 5.69151974e-04 5.69151974e-04]
  [8.33551901e-06 1.94091820e-02 1.19466047e+01 3.58904616e-04
   4.27014717e-03 5.69935950e-04 5.69935950e-04]
  [7.70357346e-06 1.96381462e-02 1.18795781e+01 3.59205112e-04
   4.21314908e-03 5.69793920e-04 5.69793920e-04]
  [6.29313332e-06 1.95181764e-02 1.20326593e+01 3.59165635e-04
   4.23175334e-03 5.69941403e-04 5.69941403e-04]]

 [[5.05414735e-06 2.00634311e-02 1.18680487e+01 3.59263754e-04
   4.22457141e-03 5.69784989e-04 5.69784989e-04]
  [5.70905234e-06 2.03812333e-02 1.19131012e+01 3.59575780e-04
   4.13612430e-03 5.68934267e-04 5.68934267e-04]
  [6.48577035e-06 1.86542375e-02 1.21679248e+01 3.59079498e-04
   4.24923354e-03 5.69602036e-04 5.69602036e-04]
  [5.74104387e-06 1.98709802e-02 1.19202818e+01 3.59311798e-04
   4.20724664e-03 5.69735479e-04 5.69735479e-04]
  [7.01388448e-06 1.95963840e-02 1.19110153e+01 3.59592895e-04
   4.18257559e-03 5.70099570e-04 5.70099570e-04]
  [1.02101267e-05 1.98772085e-02 1.18969069e+01 3.59017119e-04
   4.26935798e-03 5.69912151e-04 5.69912151e-04]
  [5.88465038e-06 1.95875992e-02 1.19218390e+01 3.59234225e-04
   4.21653341e-03 5.70038238e-04 5.70038238e-04]
  [5.62875492e-06 1.95454274e-02 1.19015569e+01 3.58801526e-04
   4.28175682e-03 5.70038039e-04 5.70038039e-04]]

 [[5.77551219e-06 1.98240584e-02 1.18555762e+01 3.59149898e-04
   4.24573031e-03 5.70048024e-04 5.70048024e-04]
  [6.12094476e-06 1.95312913e-02 1.19412656e+01 3.59694998e-04
   4.19085698e-03 5.70373540e-04 5.70373540e-04]
  [6.27334259e-06 2.02606895e-02 1.19229489e+01 3.59122892e-04
   4.23264941e-03 5.69858399e-04 5.69858399e-04]
  [1.09217727e-05 1.95885874e-02 1.19667094e+01 3.59465507e-04
   4.19107205e-03 5.69886971e-04 5.69886971e-04]
  [5.44757667e-06 2.08258640e-02 1.19060035e+01 3.58804048e-04
   4.23301222e-03 5.69458189e-04 5.69458189e-04]
  [6.70732399e-06 1.95535744e-02 1.19270849e+01 3.59445570e-04
   4.20796977e-03 5.70244139e-04 5.70244139e-04]
  [6.01189073e-06 1.93857146e-02 1.19312502e+01 3.59352519e-04
   4.20436365e-03 5.69794998e-04 5.69794998e-04]
  [6.96818111e-06 1.95785740e-02 1.19530027e+01 3.59402695e-04
   4.22471984e-03 5.70190327e-04 5.70190327e-04]]

 [[5.10706234e-06 1.99279009e-02 1.18862485e+01 3.58630448e-04
   4.31213753e-03 5.70136002e-04 5.70136002e-04]
  [6.19308735e-06 1.99604454e-02 1.19053217e+01 3.59838459e-04
   4.17063090e-03 5.69926235e-04 5.69926235e-04]
  [7.68973868e-06 1.98176371e-02 1.19243927e+01 3.58749484e-04
   4.29164371e-03 5.69920494e-04 5.69920494e-04]
  [5.67860407e-06 1.97551028e-02 1.19550194e+01 3.58592571e-04
   4.28556655e-03 5.69977805e-04 5.69977805e-04]
  [6.92061522e-06 1.97043309e-02 1.19075312e+01 3.59340861e-04
   4.19141325e-03 5.69154968e-04 5.69154968e-04]
  [6.14096380e-06 1.94389906e-02 1.20118879e+01 3.59767497e-04
   4.19110621e-03 5.69994602e-04 5.69994602e-04]
  [5.23208885e-06 1.96561795e-02 1.19477337e+01 3.58882170e-04
   4.27724604e-03 5.69818692e-04 5.69818692e-04]
  [7.24645592e-06 1.98639463e-02 1.19649968e+01 3.59598320e-04
   4.20672128e-03 5.69672949e-04 5.69672949e-04]]]

Cumulative Reward: 3290.0849331424506
