Scheduler Table:
[[[4.40310833e-06 1.52761960e-02 1.86611999e+01 3.35438636e-04
   9.21424267e-02 3.73424653e-03 3.73424653e-03]
  [5.19499913e-06 1.52095925e-02 1.89762425e+01 3.35450962e-04
   9.48646415e-02 3.73734012e-03 3.73734012e-03]
  [4.28183647e-06 1.52544597e-02 1.88697288e+01 3.35404258e-04
   9.11166689e-02 3.69484102e-03 3.69484102e-03]]

 [[6.88928900e-06 1.53041205e-02 1.86586435e+01 3.35512973e-04
   9.44403946e-02 3.73174150e-03 3.73174150e-03]
  [6.08571109e-06 1.52054727e-02 1.90777304e+01 3.35524554e-04
   9.01890170e-02 3.71319258e-03 3.71319258e-03]
  [3.84666861e-06 1.47502832e-02 2.03447042e+01 3.35333464e-04
   9.07115851e-02 3.69598008e-03 3.69598008e-03]]

 [[4.14232272e-06 1.52120703e-02 1.88089207e+01 3.35374578e-04
   9.41643219e-02 3.70845317e-03 3.70845317e-03]
  [4.88642570e-06 1.51428996e-02 1.91063687e+01 3.35453132e-04
   8.90608367e-02 3.70468986e-03 3.70468986e-03]
  [3.87715857e-07 1.15947417e-02 2.46647755e+01 3.34812252e-04
   1.49340550e-01 3.70958650e-03 4.00170673e-03]]]

Buffer Table:
[[[3.79070266e-06 1.48833785e-02 1.94804022e+01 3.35385661e-04
   9.91989413e-02 3.75471765e-03 3.75471765e-03]
  [4.45683140e-06 1.52213911e-02 1.89254183e+01 3.35426644e-04
   8.98079364e-02 3.72910430e-03 3.72910430e-03]
  [1.10598661e-06 1.18029444e-02 2.45902992e+01 3.35027138e-04
   9.54536642e-02 3.75038882e-03 3.75038882e-03]]

 [[1.09989746e-06 1.17998089e-02 2.46296911e+01 3.35041081e-04
   1.42790196e-01 3.72053599e-03 4.01265622e-03]
  [3.96183892e-06 1.51883377e-02 1.89870577e+01 3.35385925e-04
   9.28007464e-02 3.73625263e-03 3.73625263e-03]
  [8.49966092e-06 1.52180952e-02 1.86944231e+01 3.35490447e-04
   8.98270003e-02 3.67917795e-03 3.67917795e-03]]

 [[4.30877974e-06 1.52279026e-02 1.89107869e+01 3.35430524e-04
   9.03289210e-02 3.70524772e-03 3.70524772e-03]
  [1.10645402e-06 1.18056697e-02 2.45708322e+01 3.35032930e-04
   9.56316111e-02 3.75475237e-03 3.75475237e-03]
  [4.85926719e-06 1.52207266e-02 1.87424151e+01 3.35424299e-04
   9.31889452e-02 3.69693180e-03 3.69693180e-03]]]

Arbiter Table:
[[[3.87262476e-07 1.15938266e-02 2.46664588e+01 3.34812206e-04
   1.49336830e-01 3.70954353e-03 4.00166376e-03]
  [4.33733420e-06 1.51609631e-02 1.91346710e+01 3.35356283e-04
   9.05783444e-02 3.70570129e-03 3.70570129e-03]
  [4.32569329e-06 1.51903292e-02 1.90241555e+01 3.35525323e-04
   9.07922074e-02 3.73142943e-03 3.73142943e-03]]

 [[5.33711070e-06 1.48655730e-02 2.00396291e+01 3.35338495e-04
   8.98789942e-02 3.72352438e-03 3.72352438e-03]
  [4.42745008e-06 1.53068838e-02 1.86640733e+01 3.35391869e-04
   9.14007880e-02 3.71590805e-03 3.71590805e-03]
  [4.98959845e-06 1.52575970e-02 1.87770388e+01 3.35478010e-04
   9.16877822e-02 3.69719809e-03 3.69719809e-03]]

 [[4.63844580e-06 1.49286298e-02 2.00663900e+01 3.35415997e-04
   9.10394333e-02 3.73432367e-03 3.73432367e-03]
  [7.01829099e-06 1.52565474e-02 1.89105681e+01 3.35421737e-04
   9.70095690e-02 3.71338122e-03 3.71338122e-03]
  [4.43380826e-06 1.52604276e-02 1.87307430e+01 3.35406485e-04
   9.54416732e-02 3.72207360e-03 3.72207360e-03]]]

Page Table:
[[[5.15429812e-06 1.64098744e-02 1.98649683e+01 3.35402577e-04
   9.21682773e-02 3.70222056e-03 3.70222056e-03]
  [6.03375709e-07 1.16545152e-02 2.46535675e+01 3.34908117e-04
   1.47170760e-01 3.72193886e-03 4.01405909e-03]
  [5.28684405e-06 1.68023039e-02 1.81181417e+01 3.35315811e-04
   1.00467844e-01 3.69878542e-03 3.69878542e-03]
  [4.98767515e-06 1.66793992e-02 1.92466924e+01 3.35247934e-04
   9.77811759e-02 3.69565585e-03 3.69565585e-03]]

 [[6.04590446e-07 1.16551550e-02 2.47752019e+01 3.34931274e-04
   9.84078552e-02 3.75651104e-03 3.75651104e-03]
  [4.80519982e-06 1.65727266e-02 1.89186185e+01 3.35345370e-04
   9.21448224e-02 3.69097407e-03 3.69097407e-03]
  [5.02005939e-06 1.67157984e-02 1.80650994e+01 3.35369240e-04
   9.29346295e-02 3.72388439e-03 3.72388439e-03]
  [5.00233879e-06 1.65547924e-02 1.90447849e+01 3.35278849e-04
   9.34017112e-02 3.70355646e-03 3.70355646e-03]]

 [[5.45590674e-06 1.60494525e-02 2.03250174e+01 3.35315210e-04
   9.56154199e-02 3.72381618e-03 3.72381618e-03]
  [4.82776533e-06 1.66900328e-02 1.90343307e+01 3.35395531e-04
   9.28068380e-02 3.70237951e-03 3.70237951e-03]
  [5.20554408e-06 1.67819670e-02 1.81507569e+01 3.35374783e-04
   9.39096159e-02 3.70928532e-03 3.70928532e-03]
  [4.80155716e-06 1.68203200e-02 1.90218366e+01 3.35288237e-04
   9.39631387e-02 3.71150050e-03 3.71150050e-03]]

 [[8.24473132e-06 1.67049358e-02 1.91760419e+01 3.35344758e-04
   9.59301812e-02 3.73379738e-03 3.73379738e-03]
  [4.49741209e-06 1.61127171e-02 1.98187296e+01 3.35266595e-04
   9.65849615e-02 3.71327512e-03 3.71327512e-03]
  [5.14631213e-06 1.68198292e-02 1.80928492e+01 3.35278922e-04
   9.56759596e-02 3.69910580e-03 3.69910580e-03]
  [5.26754637e-06 1.67092730e-02 1.88790583e+01 3.35321973e-04
   9.34766871e-02 3.71062618e-03 3.71062618e-03]]]

Response Table:
[[[4.17251895e-06 1.45860439e-02 1.88147591e+01]
  [4.66997668e-06 1.45622390e-02 1.89437252e+01]]

 [[4.21082439e-06 1.45534587e-02 1.89730211e+01]
  [3.87262476e-07 1.15938266e-02 2.46664588e+01]]]

Refresh Table:
[[[3.87262476e-07 1.15938266e-02 2.46664588e+01]
  [3.74364430e-06 1.45156077e-02 1.90001843e+01]]

 [[4.35401249e-06 1.46373540e-02 1.89830517e+01]
  [3.91957019e-06 1.45138913e-02 1.89162320e+01]]]

Request Buffer Table:
[[[1.20230425e-05 6.19506994e-02 1.63707150e+01]
  [1.16526615e-05 6.29133210e-02 1.64941936e+01]
  [1.33034250e-05 6.10592766e-02 1.66925086e+01]
  [1.26664554e-05 6.11390583e-02 1.68211295e+01]
  [1.19889783e-05 6.43809102e-02 1.66683495e+01]
  [1.09791262e-05 5.99418114e-02 1.68698141e+01]
  [1.52159647e-05 6.39365448e-02 1.67325367e+01]
  [9.85151511e-06 5.19322566e-02 1.77603789e+01]]

 [[1.65281824e-05 6.09965512e-02 1.65113539e+01]
  [1.20543393e-05 6.56438332e-02 1.63669768e+01]
  [1.72799879e-05 6.32199593e-02 1.65032707e+01]
  [1.24963751e-05 6.46213951e-02 1.66529867e+01]
  [1.13293521e-05 6.17233775e-02 1.66331981e+01]
  [1.05996818e-05 5.63680080e-02 1.69105152e+01]
  [1.23940380e-05 6.39993278e-02 1.66491090e+01]
  [1.13667511e-05 5.99835817e-02 1.66093136e+01]]

 [[1.26309498e-05 6.66821186e-02 1.63884717e+01]
  [1.12762511e-05 6.06568917e-02 1.65638337e+01]
  [1.25653156e-05 6.23187758e-02 1.67713036e+01]
  [1.43076829e-05 6.52402002e-02 1.64673286e+01]
  [1.15533195e-05 6.04978971e-02 1.69343182e+01]
  [1.31091582e-05 6.45798395e-02 1.64645061e+01]
  [1.60319147e-05 6.33138772e-02 1.66710623e+01]
  [6.04029829e-07 1.16549158e-02 2.47759729e+01]]

 [[1.20989061e-05 6.18357321e-02 1.65254994e+01]
  [1.13652062e-05 6.21487373e-02 1.63815139e+01]
  [1.23680933e-05 6.04389388e-02 1.68734016e+01]
  [1.12596173e-05 6.09565620e-02 1.65666909e+01]
  [1.21477984e-05 5.78691675e-02 1.70267951e+01]
  [1.12469789e-05 6.11091828e-02 1.66438028e+01]
  [1.25110385e-05 6.57873929e-02 1.65658094e+01]
  [1.08329807e-05 5.71608318e-02 1.68873343e+01]]

 [[1.15520356e-05 5.94830884e-02 1.66231665e+01]
  [1.09519145e-05 5.93017373e-02 1.67261092e+01]
  [1.22313183e-05 6.09531626e-02 1.65803506e+01]
  [1.13515105e-05 5.97282104e-02 1.68936444e+01]
  [3.79169040e-06 1.74193941e-02 2.33496286e+01]
  [1.18373828e-05 6.16430645e-02 1.66503049e+01]
  [1.21766518e-05 6.34871092e-02 1.68291662e+01]
  [1.08344104e-05 5.61000537e-02 1.69465217e+01]]

 [[1.21267589e-05 6.03646174e-02 1.66493484e+01]
  [1.14844066e-05 6.20326115e-02 1.63671092e+01]
  [1.31577833e-05 6.23551283e-02 1.64173625e+01]
  [1.08901239e-05 5.86727543e-02 1.69506717e+01]
  [1.15307817e-05 6.17659295e-02 1.67361020e+01]
  [1.09807246e-05 5.95625597e-02 1.69664467e+01]
  [1.20289622e-05 6.32465976e-02 1.67951198e+01]
  [9.86287577e-06 5.27660078e-02 1.76850692e+01]]

 [[1.19007722e-05 6.28248880e-02 1.65104858e+01]
  [1.74828691e-05 6.84005049e-02 1.63855300e+01]
  [1.40110079e-05 6.38308427e-02 1.64346034e+01]
  [1.23480549e-05 6.48623023e-02 1.64651862e+01]
  [1.02910950e-05 5.43837507e-02 1.75712946e+01]
  [1.23053796e-05 6.19455713e-02 1.64721660e+01]
  [1.28328683e-05 7.12111110e-02 1.65602181e+01]
  [1.11123418e-05 5.87175404e-02 1.67866149e+01]]

 [[1.20598438e-05 5.97139740e-02 1.65683262e+01]
  [1.12315334e-05 6.06703288e-02 1.64501805e+01]
  [6.02818036e-07 1.16542772e-02 2.46543345e+01]
  [1.14176270e-05 5.88219359e-02 1.68504694e+01]
  [1.09752646e-05 5.92490314e-02 1.67265494e+01]
  [1.14200290e-05 5.95433786e-02 1.66099012e+01]
  [1.19063312e-05 6.04883641e-02 1.69216713e+01]
  [1.06801304e-05 5.63271665e-02 1.69742499e+01]]]

Ref Max Post Table:
[[[4.83919432e-06 1.63430078e-02 1.93776546e+01]
  [4.56821074e-06 1.65747141e-02 1.90326284e+01]
  [1.06435345e-06 1.17668153e-02 2.46984541e+01]
  [7.95980076e-06 1.66834607e-02 1.90158277e+01]]

 [[1.06674507e-06 1.17676084e-02 2.46475345e+01]
  [4.51946239e-06 1.62444484e-02 1.93821962e+01]
  [5.02667096e-06 1.65597087e-02 1.89070136e+01]
  [5.03849222e-06 1.66774810e-02 1.87660489e+01]]

 [[5.73872883e-06 1.67684310e-02 1.87404764e+01]
  [1.06914520e-06 1.17684341e-02 2.46627813e+01]
  [5.10849075e-06 1.61578250e-02 1.95091308e+01]
  [5.06315987e-06 1.66166428e-02 1.89912334e+01]]

 [[4.98512535e-06 1.66749645e-02 1.90159916e+01]
  [6.85997301e-06 1.63868254e-02 1.94272418e+01]
  [5.20147083e-06 1.67879666e-02 1.89507782e+01]
  [5.51413481e-06 1.65461255e-02 1.90445916e+01]]]

Ref Max Pull Table:
[[[5.58221095e-06 1.66155782e-02 1.89110264e+01]
  [4.66355042e-06 1.54417313e-02 2.05695566e+01]
  [4.68311693e-06 1.68584400e-02 1.89095058e+01]
  [8.81039388e-06 1.64676869e-02 1.89686693e+01]]

 [[4.97503779e-06 1.63710188e-02 1.93329337e+01]
  [4.97689419e-06 1.62007296e-02 1.94985665e+01]
  [4.67748843e-06 1.67162112e-02 1.88805889e+01]
  [6.93445797e-07 1.17833645e-02 2.46179254e+01]]

 [[4.87159873e-06 1.68180903e-02 1.86231896e+01]
  [4.59401905e-06 1.61646331e-02 1.95153155e+01]
  [4.81930885e-06 1.69541971e-02 1.88060154e+01]
  [5.49783075e-06 1.66021429e-02 1.88742419e+01]]

 [[7.08107540e-06 1.65148018e-02 1.90328854e+01]
  [6.91764651e-07 1.17820516e-02 2.44971166e+01]
  [4.66146202e-06 1.66866396e-02 1.88978281e+01]
  [5.22601503e-06 1.65916187e-02 1.88489533e+01]]]

Max Activate Table:
[[[1.25061188e-05 6.66464527e-02 1.61826815e+01 2.90244980e-04
   8.17429197e-02 3.19967238e-03 3.19967238e-03]
  [1.10247448e-05 6.07933885e-02 1.63901089e+01 2.95541349e-04
   8.47438627e-02 3.23859966e-03 3.23859966e-03]
  [1.35973371e-05 6.67398833e-02 1.62901100e+01 2.90158277e-04
   8.28479620e-02 3.19990322e-03 3.19990322e-03]
  [1.54975053e-05 6.23544923e-02 1.65664761e+01 2.93959321e-04
   8.44811181e-02 3.25248344e-03 3.25248344e-03]
  [1.25867972e-05 6.50606903e-02 1.66483797e+01 2.91743311e-04
   8.47221145e-02 3.20930532e-03 3.20930532e-03]
  [1.07459040e-05 5.60141838e-02 1.70050928e+01 2.99499701e-04
   8.38390909e-02 3.33824965e-03 3.33824965e-03]
  [1.15574567e-05 6.28238584e-02 1.67489733e+01 2.93641700e-04
   8.42426809e-02 3.26173931e-03 3.26173931e-03]
  [1.14943632e-05 6.42619388e-02 1.65206362e+01 2.92365846e-04
   8.34565972e-02 3.22647465e-03 3.22647465e-03]]

 [[1.22671055e-05 6.46737674e-02 1.59522750e+01 2.91907425e-04
   8.26972913e-02 3.22611645e-03 3.22611645e-03]
  [1.17877633e-05 6.68637321e-02 1.62045582e+01 2.90046984e-04
   8.52457237e-02 3.20609004e-03 3.20609004e-03]
  [1.22246753e-05 6.77897972e-02 1.65677265e+01 2.89121693e-04
   9.26977039e-02 3.21665244e-03 3.21665244e-03]
  [1.28428238e-05 6.69377300e-02 1.64730961e+01 2.89907851e-04
   8.31151500e-02 3.19317325e-03 3.19317325e-03]
  [1.10825510e-05 5.92567493e-02 1.69273752e+01 2.96696962e-04
   8.68682433e-02 3.27870945e-03 3.27870945e-03]
  [1.09327017e-05 5.68826337e-02 1.69425107e+01 2.98729498e-04
   8.48870225e-02 3.31317439e-03 3.31317439e-03]
  [1.09336946e-05 5.83752746e-02 1.68990216e+01 2.97532619e-04
   8.41526185e-02 3.26229220e-03 3.26229220e-03]
  [1.19525297e-05 6.30644608e-02 1.66892985e+01 2.93447155e-04
   8.50078227e-02 3.24020721e-03 3.24020721e-03]]

 [[1.18744826e-05 6.43481024e-02 1.63787870e+01 2.92268905e-04
   8.18798718e-02 3.24234530e-03 3.24234530e-03]
  [1.16646986e-05 6.51670885e-02 1.62802604e+01 2.91754185e-04
   8.98479547e-02 3.20840180e-03 3.20840180e-03]
  [1.18197308e-05 6.24096184e-02 1.66194821e+01 2.93924315e-04
   8.25929488e-02 3.25262979e-03 3.25262979e-03]
  [1.20635642e-05 6.41476623e-02 1.66250551e+01 2.92382561e-04
   8.44485558e-02 3.22738042e-03 3.22738042e-03]
  [1.17513829e-05 6.27019454e-02 1.66356020e+01 2.93609555e-04
   8.46508496e-02 3.25469336e-03 3.25469336e-03]
  [1.33766570e-05 5.56677224e-02 1.70958890e+01 2.99803165e-04
   8.83860616e-02 3.32802392e-03 3.32802392e-03]
  [1.14227889e-05 6.09880808e-02 1.68055935e+01 2.95165030e-04
   8.46449316e-02 3.25140628e-03 3.25140628e-03]
  [1.20893717e-05 6.65360941e-02 1.64342995e+01 2.90361890e-04
   8.40631126e-02 3.19365455e-03 3.19365455e-03]]

 [[1.13560660e-05 6.25642145e-02 1.61456556e+01 2.93791502e-04
   8.47232562e-02 3.24306941e-03 3.24306941e-03]
  [1.13008603e-05 6.20497620e-02 1.63743076e+01 2.94241961e-04
   8.24243165e-02 3.24306989e-03 3.24306989e-03]
  [1.19453275e-05 6.06446447e-02 1.67385583e+01 2.95450629e-04
   8.44254925e-02 3.26586743e-03 3.26586743e-03]
  [1.19467695e-05 6.36853725e-02 1.64691977e+01 2.92773522e-04
   8.71195313e-02 3.23548416e-03 3.23548416e-03]
  [1.19990918e-05 5.99490001e-02 1.70083076e+01 2.96041227e-04
   9.37969273e-02 3.30147712e-03 3.30147712e-03]
  [1.10484638e-05 5.64821073e-02 1.72009323e+01 2.99250784e-04
   8.41918838e-02 3.30310418e-03 3.30310418e-03]
  [1.18920490e-05 6.38324969e-02 1.65512079e+01 2.92687019e-04
   8.93313007e-02 3.21905725e-03 3.21905725e-03]
  [1.33253736e-05 6.33943119e-02 1.67076138e+01 2.93100711e-04
   8.36806402e-02 3.23410487e-03 3.23410487e-03]]

 [[1.24692755e-05 6.06423934e-02 1.65642551e+01 2.95455346e-04
   8.37453860e-02 3.30209127e-03 3.30209127e-03]
  [1.15306808e-05 6.35453133e-02 1.63365529e+01 2.92958255e-04
   8.27640556e-02 3.24216465e-03 3.24216465e-03]
  [1.15270660e-05 6.22534845e-02 1.66669539e+01 2.94016235e-04
   8.56834975e-02 3.24766590e-03 3.24766590e-03]
  [1.15882100e-05 6.17595633e-02 1.67341692e+01 2.94608548e-04
   8.35801393e-02 3.24786696e-03 3.24786696e-03]
  [1.18907615e-05 6.34618865e-02 1.63825485e+01 2.93028651e-04
   8.50939345e-02 3.24394512e-03 3.24394512e-03]
  [1.06037949e-06 1.37217254e-02 2.43033365e+01 3.33258340e-04
   1.46411838e-01 3.69652410e-03 3.98864433e-03]
  [1.08441965e-05 5.73817789e-02 1.66740314e+01 2.98256549e-04
   8.56033424e-02 3.30039393e-03 3.30039393e-03]
  [1.21545678e-05 6.28646586e-02 1.68476074e+01 2.93597001e-04
   8.41132373e-02 3.23684438e-03 3.23684438e-03]]

 [[1.11906211e-05 5.88645866e-02 1.61246331e+01 2.97068319e-04
   8.30242398e-02 3.27920734e-03 3.27920734e-03]
  [1.10877061e-05 6.11728425e-02 1.65278042e+01 2.95152174e-04
   8.42125990e-02 3.28056003e-03 3.28056003e-03]
  [1.10682206e-05 5.96801133e-02 1.66797343e+01 2.96279718e-04
   8.43425259e-02 3.26702962e-03 3.26702962e-03]
  [1.12198523e-05 5.94508310e-02 1.68554716e+01 2.96466342e-04
   8.63940437e-02 3.28658479e-03 3.28658479e-03]
  [9.82169891e-07 1.33620129e-02 2.44875906e+01 3.33569695e-04
   9.78255776e-02 3.73416066e-03 3.73416066e-03]
  [1.10230001e-05 5.66634804e-02 1.68063832e+01 2.98921198e-04
   8.53943927e-02 3.31340955e-03 3.31340955e-03]
  [1.04932437e-05 5.60627734e-02 1.71068146e+01 2.99422309e-04
   8.57485282e-02 3.31696579e-03 3.31696579e-03]
  [1.11999153e-05 5.83485351e-02 1.69099570e+01 2.97440048e-04
   8.51846203e-02 3.28143282e-03 3.28143282e-03]]

 [[1.20114317e-05 6.10107532e-02 1.62352548e+01 2.95173001e-04
   8.40096256e-02 3.27865364e-03 3.27865364e-03]
  [1.11134372e-05 5.92400002e-02 1.66234536e+01 2.96680064e-04
   8.46029342e-02 3.29123225e-03 3.29123225e-03]
  [1.14509966e-05 6.15496040e-02 1.67766806e+01 2.94810052e-04
   8.20748903e-02 3.24217628e-03 3.24217628e-03]
  [1.15463791e-05 6.07542483e-02 1.67478315e+01 2.95452514e-04
   8.84486356e-02 3.25904429e-03 3.25904429e-03]
  [1.25514854e-05 6.73078824e-02 1.62188432e+01 2.89667885e-04
   8.25725615e-02 3.19639687e-03 3.19639687e-03]
  [9.25870211e-06 4.74722540e-02 1.83896617e+01 3.06392044e-04
   8.97220444e-02 3.39039358e-03 3.39039358e-03]
  [1.12967020e-05 6.03503656e-02 1.67679840e+01 2.95736864e-04
   8.62061898e-02 3.25930064e-03 3.25930064e-03]
  [1.15949523e-05 6.14589099e-02 1.67062272e+01 2.94999100e-04
   8.27929353e-02 3.22408343e-03 3.22408343e-03]]

 [[1.11382269e-05 6.18121762e-02 1.63275208e+01 2.94467088e-04
   8.24458164e-02 3.23973477e-03 3.23973477e-03]
  [1.18431882e-05 6.45413046e-02 1.62514426e+01 2.92047158e-04
   8.46649670e-02 3.22365319e-03 3.22365319e-03]
  [1.14221275e-05 6.36780661e-02 1.66376307e+01 2.92989152e-04
   8.31738849e-02 3.21334499e-03 3.21334499e-03]
  [1.15869635e-05 6.17232076e-02 1.68266991e+01 2.94639703e-04
   8.42926570e-02 3.25295602e-03 3.25295602e-03]
  [1.32272864e-05 6.04153831e-02 1.66507927e+01 2.95650223e-04
   8.43241472e-02 3.25565191e-03 3.25565191e-03]
  [1.09432995e-05 5.68590294e-02 1.70078406e+01 2.98852682e-04
   8.45464750e-02 3.29329561e-03 3.29329561e-03]
  [1.18028635e-05 6.03123657e-02 1.68503486e+01 2.95996368e-04
   9.01299853e-02 3.28894386e-03 3.28894386e-03]
  [1.22443452e-05 6.39134081e-02 1.67245591e+01 2.92694425e-04
   8.25537857e-02 3.22767479e-03 3.22767479e-03]]]

Cumulative Reward: 9556.254808005204
