Scheduler Table:
[[[1.04888216e-06 1.41245383e-02 1.79189191e+01 3.92563098e-04
   1.14254646e-03 1.01521088e-03 1.01521088e-03]
  [9.47622186e-07 1.41751989e-02 1.97913125e+01 3.92559991e-04
   1.14266064e-03 1.01529179e-03 1.01529179e-03]
  [1.03491585e-06 1.41771510e-02 1.76103292e+01 3.92536193e-04
   1.14288399e-03 1.01548887e-03 1.01548887e-03]]

 [[9.46527695e-07 1.42262812e-02 1.82121954e+01 3.92549809e-04
   1.14289102e-03 1.01551582e-03 1.01551582e-03]
  [1.01219731e-06 1.42156197e-02 1.90975144e+01 3.92567172e-04
   1.14256337e-03 1.01521333e-03 1.01521333e-03]
  [6.44267405e-06 1.14559296e-02 2.25620022e+01 4.12818532e-04
   6.31984868e-04 6.31984868e-04 6.31984868e-04]]

 [[1.15295160e-06 1.42157623e-02 1.86057999e+01 3.92554727e-04
   1.14265031e-03 1.01526114e-03 1.01526114e-03]
  [6.11989168e-06 1.14555071e-02 2.27385563e+01 4.08126177e-04
   8.26798662e-04 6.13326890e-04 8.22472337e-04]
  [1.23658932e-05 1.41187672e-02 1.98522561e+01 3.92570494e-04
   1.14315874e-03 1.01580077e-03 1.01580077e-03]]]

Buffer Table:
[[[1.01818345e-06 1.43001153e-02 1.90313605e+01 3.92576991e-04
   1.14280398e-03 1.01546096e-03 1.01546096e-03]
  [1.04785539e-06 1.42255710e-02 1.89410303e+01 3.92574790e-04
   1.14216795e-03 1.01486094e-03 1.01486094e-03]
  [1.30152015e-06 1.37989838e-02 2.03728359e+01 3.95299985e-04
   1.10563488e-03 9.87177720e-04 9.87177720e-04]]

 [[8.84748969e-07 1.39867618e-02 1.94722418e+01 3.94176772e-04
   1.10700038e-03 9.88517715e-04 9.88517715e-04]
  [7.15509368e-07 1.32034414e-02 1.97870938e+01 4.02864985e-04
   9.51379714e-04 8.71114191e-04 8.71114191e-04]
  [6.44268023e-06 1.14559499e-02 2.25619862e+01 4.12818286e-04
   6.31989176e-04 6.31988122e-04 6.31988122e-04]]

 [[1.11747338e-06 1.42304438e-02 1.77927191e+01 3.92567247e-04
   1.14292368e-03 1.01557452e-03 1.01557452e-03]
  [6.11989753e-06 1.14555264e-02 2.27385412e+01 4.08125944e-04
   8.26802741e-04 6.13329971e-04 8.22475419e-04]
  [1.06055786e-06 1.41037171e-02 1.85040337e+01 3.92544871e-04
   1.14249736e-03 1.01512236e-03 1.01512236e-03]]]

Arbiter Table:
[[[4.59981152e-06 1.14527647e-02 2.27146709e+01 4.07705068e-04
   8.27562733e-04 6.14090960e-04 8.23236407e-04]
  [1.00072084e-06 1.37615349e-02 2.05001011e+01 3.92581305e-04
   1.14387027e-03 1.01655419e-03 1.01655419e-03]
  [7.94012043e-07 1.38822643e-02 2.00438842e+01 3.92578230e-04
   1.14293038e-03 1.01559640e-03 1.01559640e-03]]

 [[7.91765995e-07 1.35014130e-02 2.27378394e+01 3.92617542e-04
   1.14461679e-03 1.01734909e-03 1.01734909e-03]
  [9.50372575e-07 1.33909261e-02 2.25857949e+01 3.92597568e-04
   1.14414348e-03 1.01685659e-03 1.01685659e-03]
  [9.63267947e-07 1.41277684e-02 1.85777032e+01 3.92525170e-04
   1.14269430e-03 1.01527374e-03 1.01527374e-03]]

 [[7.47217042e-07 1.35150440e-02 2.16437940e+01 3.92576238e-04
   1.14341418e-03 1.01607945e-03 1.01607945e-03]
  [1.12498076e-06 1.42289508e-02 1.89435822e+01 3.92564341e-04
   1.14255030e-03 1.01518697e-03 1.01518697e-03]
  [1.07580975e-06 1.41607209e-02 1.81899649e+01 3.92544425e-04
   1.14256331e-03 1.01517871e-03 1.01517871e-03]]]

Page Table:
[[[4.59981152e-06 1.14527647e-02 2.27146709e+01 4.07705068e-04
   8.27562733e-04 6.14090960e-04 8.23236407e-04]
  [1.58904957e-06 1.43420669e-02 1.91867663e+01 3.92538421e-04
   1.14284512e-03 1.01541296e-03 1.01541296e-03]
  [1.49821194e-06 1.41577191e-02 1.92278913e+01 3.92549527e-04
   1.14274786e-03 1.01538190e-03 1.01538190e-03]
  [1.61419865e-06 1.41334575e-02 1.97612381e+01 3.92541911e-04
   1.14301532e-03 1.01560798e-03 1.01560798e-03]]

 [[2.95524221e-06 1.38541321e-02 2.11522505e+01 3.92594120e-04
   1.14272432e-03 1.01541895e-03 1.01541895e-03]
  [1.68879189e-06 1.43651922e-02 1.85660458e+01 3.92556717e-04
   1.14271543e-03 1.01534025e-03 1.01534025e-03]
  [1.66691940e-06 1.43957695e-02 1.88510411e+01 3.92567058e-04
   1.14275999e-03 1.01542274e-03 1.01542274e-03]
  [1.68077240e-06 1.42603386e-02 1.84906470e+01 3.92551076e-04
   1.14290755e-03 1.01558464e-03 1.01558464e-03]]

 [[2.00054992e-06 1.43582081e-02 1.80934970e+01 3.92547898e-04
   1.14237958e-03 1.01501197e-03 1.01501197e-03]
  [1.41815688e-06 1.39594118e-02 2.10287207e+01 3.92569359e-04
   1.14296386e-03 1.01559852e-03 1.01559852e-03]
  [1.86873753e-06 1.43596594e-02 1.85986267e+01 3.92569229e-04
   1.14227541e-03 1.01495412e-03 1.01495412e-03]
  [1.76049165e-06 1.42876272e-02 1.75055014e+01 3.92550838e-04
   1.14288461e-03 1.01548933e-03 1.01548933e-03]]

 [[6.22249189e-06 1.36840268e-02 2.21122536e+01 3.92573706e-04
   1.14337112e-03 1.01602015e-03 1.01602015e-03]
  [1.63273715e-06 1.43544988e-02 1.93230817e+01 3.92560358e-04
   1.14301723e-03 1.01564167e-03 1.01564167e-03]
  [1.75045679e-06 1.43652510e-02 1.92291941e+01 3.92542392e-04
   1.14257739e-03 1.01517829e-03 1.01517829e-03]
  [1.83993031e-06 1.44174215e-02 1.78513109e+01 3.92584450e-04
   1.14306489e-03 1.01575459e-03 1.01575459e-03]]]

Response Table:
[[[4.92893614e-07 1.40585976e-02 1.74835516e+01]
  [4.90031972e-07 1.41311342e-02 1.88075452e+01]]

 [[4.88666948e-07 1.41123857e-02 1.90870707e+01]
  [4.59981152e-06 1.14527647e-02 2.27146709e+01]]]

Refresh Table:
[[[4.59981152e-06 1.14527647e-02 2.27146709e+01]
  [4.48745268e-07 1.31783348e-02 2.17834384e+01]]

 [[4.31728916e-07 1.28566031e-02 2.20362795e+01]
  [4.93372490e-07 1.41349604e-02 1.83289800e+01]]]

Request Buffer Table:
[[[2.41376369e-06 1.52850303e-02 1.81758623e+01]
  [3.22829309e-06 1.51463829e-02 1.87360434e+01]
  [4.91262277e-06 1.51561292e-02 1.92418190e+01]
  [3.07459159e-06 1.54117916e-02 1.87327545e+01]
  [3.97427588e-06 1.52550508e-02 1.96257335e+01]
  [3.14353435e-06 1.52168397e-02 1.90186920e+01]
  [2.48592865e-06 1.42117191e-02 2.23151108e+01]
  [3.08543851e-06 1.52060311e-02 1.94346024e+01]]

 [[3.39022932e-06 1.45026508e-02 2.18863059e+01]
  [3.55701611e-06 1.53205424e-02 1.84959023e+01]
  [3.86515948e-06 1.54058919e-02 1.89438455e+01]
  [2.41466746e-06 1.53030872e-02 1.89247152e+01]
  [3.45735719e-06 1.51722574e-02 1.90919926e+01]
  [2.78801771e-06 1.51729589e-02 1.80764587e+01]
  [2.99629653e-06 1.51875550e-02 1.80590915e+01]
  [2.94776210e-06 1.50185072e-02 1.91099215e+01]]

 [[4.15301578e-06 1.52646765e-02 1.88051915e+01]
  [6.39175711e-06 1.53567906e-02 1.87968701e+01]
  [7.93307602e-06 1.52611669e-02 1.89489883e+01]
  [2.39377309e-06 1.54402758e-02 1.91062403e+01]
  [5.81763967e-06 1.51679234e-02 1.88505784e+01]
  [2.37795532e-06 1.50425215e-02 2.04886335e+01]
  [3.24302516e-06 1.50983574e-02 1.88347706e+01]
  [3.17453009e-06 1.53354159e-02 1.96951706e+01]]

 [[5.51954595e-06 1.56651976e-02 1.89697380e+01]
  [3.36483420e-06 1.53094496e-02 1.89497768e+01]
  [2.51102726e-06 1.53154409e-02 2.00037171e+01]
  [3.70718928e-06 1.53882457e-02 1.86085440e+01]
  [3.83642585e-06 1.52184037e-02 1.93393339e+01]
  [2.51234960e-06 1.52399320e-02 2.05487822e+01]
  [2.84883793e-06 1.54407114e-02 1.82507946e+01]
  [3.17152699e-06 1.52680327e-02 1.92347793e+01]]

 [[3.34335141e-06 1.51194879e-02 1.77394061e+01]
  [3.16813745e-06 1.50495309e-02 1.94679109e+01]
  [4.03237603e-06 1.51215901e-02 1.89677849e+01]
  [3.98467893e-06 1.53019405e-02 1.84065712e+01]
  [3.88278529e-06 1.53604632e-02 1.85517951e+01]
  [3.16171533e-06 1.53066732e-02 1.89423078e+01]
  [8.31006120e-06 1.53153348e-02 1.89341904e+01]
  [3.14039319e-06 1.50039855e-02 2.02145933e+01]]

 [[3.29821697e-05 1.48022832e-02 2.09560972e+01]
  [4.09149159e-06 1.49982042e-02 1.93835287e+01]
  [2.42999370e-06 1.53839737e-02 1.90239543e+01]
  [3.79295033e-06 1.51795832e-02 1.91514879e+01]
  [4.75307646e-06 1.50665698e-02 1.84560866e+01]
  [1.18521936e-06 1.23836485e-02 2.19563800e+01]
  [6.18849962e-06 1.15333313e-02 2.26933987e+01]
  [3.45307442e-06 1.52361540e-02 1.92398087e+01]]

 [[2.90112739e-06 1.53642570e-02 1.79538862e+01]
  [2.99388502e-06 1.50447370e-02 1.88603343e+01]
  [6.90970352e-06 1.53685891e-02 1.81959093e+01]
  [5.60557255e-06 1.55499471e-02 1.88860594e+01]
  [4.19938793e-06 1.51129462e-02 1.88076970e+01]
  [6.51513376e-06 1.15381229e-02 2.25143094e+01]
  [3.74940519e-06 1.50341778e-02 1.87851856e+01]
  [5.83346036e-06 1.52115345e-02 1.89977290e+01]]

 [[4.01319856e-06 1.51686219e-02 1.75671679e+01]
  [3.32754419e-06 1.53018418e-02 1.82616516e+01]
  [2.80221999e-06 1.51492506e-02 1.95199924e+01]
  [2.71468548e-06 1.54390433e-02 1.85745563e+01]
  [2.94500826e-06 1.50818491e-02 1.96399823e+01]
  [4.61821241e-06 1.53692473e-02 1.89073762e+01]
  [3.54035030e-06 1.51145739e-02 1.91786173e+01]
  [3.15690340e-06 1.52015428e-02 1.90682972e+01]]]

Ref Max Post Table:
[[[1.62692635e-06 1.43393301e-02 1.85554100e+01]
  [1.78580437e-06 1.43190610e-02 1.85296596e+01]
  [2.19897493e-06 1.43362381e-02 1.84022709e+01]
  [6.11989168e-06 1.14555071e-02 2.27385563e+01]]

 [[2.14323505e-06 1.43447371e-02 1.78865083e+01]
  [1.86980530e-06 1.44075262e-02 1.81235152e+01]
  [1.56361044e-06 1.42272402e-02 1.89110564e+01]
  [1.99425369e-06 1.37596020e-02 2.11343750e+01]]

 [[1.95828463e-06 1.43356457e-02 1.91198050e+01]
  [2.38217754e-06 1.44006607e-02 1.77636254e+01]
  [1.93437860e-06 1.43998495e-02 1.84074270e+01]
  [1.57343882e-06 1.40679636e-02 2.03773040e+01]]

 [[6.44267405e-06 1.14559296e-02 2.25620022e+01]
  [2.47978393e-06 1.41586569e-02 2.01484467e+01]
  [1.65701760e-06 1.41124239e-02 1.95669821e+01]
  [1.42100535e-06 1.34347220e-02 2.00386625e+01]]]

Ref Max Pull Table:
[[[2.20875891e-06 1.43502784e-02 1.88470545e+01]
  [1.35076717e-06 1.17973475e-02 2.22178187e+01]
  [2.59425024e-06 1.43567909e-02 1.79313476e+01]
  [1.80969262e-06 1.43110003e-02 1.82760800e+01]]

 [[1.39284611e-06 1.18032555e-02 2.20114799e+01]
  [9.87036520e-06 1.14691043e-02 2.29389260e+01]
  [9.76089207e-06 1.14688041e-02 2.28610126e+01]
  [1.65443359e-06 1.43054797e-02 1.91205732e+01]]

 [[1.76356346e-06 1.42177994e-02 1.96772019e+01]
  [9.33938157e-06 1.14679154e-02 2.30770387e+01]
  [2.24190563e-06 1.44292919e-02 1.84289200e+01]
  [2.28800698e-06 1.43440649e-02 1.77320570e+01]]

 [[1.81418805e-06 1.43105206e-02 2.03471205e+01]
  [2.17571214e-06 1.43941606e-02 1.92351695e+01]
  [1.63145931e-06 1.43992214e-02 1.86900579e+01]
  [2.32812186e-06 1.44641885e-02 1.91988718e+01]]]

Max Activate Table:
[[[3.41523101e-06 1.53396592e-02 1.88674777e+01 3.92503300e-04
   1.14096928e-03 1.01348774e-03 1.01348774e-03]
  [2.85893498e-06 1.51766116e-02 1.87005270e+01 3.92508602e-04
   1.14073582e-03 1.01331757e-03 1.01331757e-03]
  [6.93775197e-06 1.52797850e-02 1.84686311e+01 3.92504825e-04
   1.14129089e-03 1.01382788e-03 1.01382788e-03]
  [3.54652673e-06 1.53367993e-02 1.86198669e+01 3.92500458e-04
   1.14091199e-03 1.01345117e-03 1.01345117e-03]
  [2.42896850e-05 1.56129605e-02 1.90386111e+01 3.92462375e-04
   1.14003760e-03 1.01250695e-03 1.01250695e-03]
  [5.41983861e-06 1.53818455e-02 1.83047122e+01 3.92483378e-04
   1.14056852e-03 1.01307553e-03 1.01307553e-03]
  [2.77734307e-06 1.49960313e-02 1.95556723e+01 3.92494027e-04
   1.14073120e-03 1.01326087e-03 1.01326087e-03]
  [4.29590761e-06 1.50130490e-02 1.98157832e+01 3.92491137e-04
   1.14071959e-03 1.01324610e-03 1.01324610e-03]]

 [[3.67193164e-06 1.54258472e-02 1.81706867e+01 3.92485676e-04
   1.14041007e-03 1.01293886e-03 1.01293886e-03]
  [4.71407053e-06 1.49634593e-02 1.93557321e+01 3.92518573e-04
   1.14248299e-03 1.01504311e-03 1.01504311e-03]
  [3.51566284e-06 1.51761049e-02 1.94417868e+01 3.92467047e-04
   1.14052225e-03 1.01300797e-03 1.01300797e-03]
  [4.51158124e-06 1.52314430e-02 1.96592186e+01 3.92493210e-04
   1.14069523e-03 1.01324139e-03 1.01324139e-03]
  [7.53183107e-06 1.15752210e-02 2.22940876e+01 4.15166675e-04
   6.42374836e-04 6.39113154e-04 6.39113154e-04]
  [3.26982615e-06 1.53330953e-02 1.89844408e+01 3.92476642e-04
   1.14080666e-03 1.01329228e-03 1.01329228e-03]
  [2.86540723e-06 1.46662503e-02 2.05571541e+01 3.96717299e-04
   1.10092212e-03 9.82359819e-04 9.82359819e-04]
  [3.20533857e-06 1.50410405e-02 1.90677910e+01 3.92497073e-04
   1.14063410e-03 1.01316854e-03 1.01316854e-03]]

 [[3.00027111e-06 1.51092623e-02 1.92998154e+01 3.92502112e-04
   1.14128340e-03 1.01381651e-03 1.01381651e-03]
  [3.02464156e-06 1.54788611e-02 1.82749207e+01 3.92458466e-04
   1.14063613e-03 1.01310180e-03 1.01310180e-03]
  [3.90687897e-06 1.51666857e-02 1.88328618e+01 3.92525478e-04
   1.14096381e-03 1.01356891e-03 1.01356891e-03]
  [2.72528030e-06 1.55048351e-02 1.91806699e+01 3.92449494e-04
   1.14018968e-03 1.01263716e-03 1.01263716e-03]
  [3.91773841e-06 1.53006836e-02 1.84571384e+01 3.92497770e-04
   1.14086058e-03 1.01339544e-03 1.01339544e-03]
  [3.38874089e-06 1.50681017e-02 1.95349726e+01 3.92511700e-04
   1.14115891e-03 1.01371561e-03 1.01371561e-03]
  [2.62800497e-06 1.51656329e-02 1.95930475e+01 3.92481775e-04
   1.14063947e-03 1.01316130e-03 1.01316130e-03]
  [3.41439993e-06 1.50587366e-02 1.96247459e+01 3.92488090e-04
   1.14080911e-03 1.01332980e-03 1.01332980e-03]]

 [[3.35739956e-06 1.50797552e-02 1.84296447e+01 3.92516355e-04
   1.14048214e-03 1.01306116e-03 1.01306116e-03]
  [3.74083799e-06 1.51941616e-02 1.79987629e+01 3.92528433e-04
   1.14152674e-03 1.01412229e-03 1.01412229e-03]
  [3.65301072e-06 1.52614525e-02 1.84056942e+01 3.92475388e-04
   1.14076258e-03 1.01327329e-03 1.01327329e-03]
  [3.83416329e-06 1.51572678e-02 1.92565165e+01 3.92516614e-04
   1.14235852e-03 1.01492836e-03 1.01492836e-03]
  [4.37685282e-06 1.53331781e-02 1.88861944e+01 3.92504053e-04
   1.14047140e-03 1.01304317e-03 1.01304317e-03]
  [3.68014073e-06 1.53607477e-02 1.92038250e+01 3.92486611e-04
   1.14038184e-03 1.01291969e-03 1.01291969e-03]
  [1.15228962e-06 1.25664459e-02 2.15683905e+01 4.10070163e-04
   7.86656993e-04 7.46036429e-04 7.46036429e-04]
  [3.23895788e-06 1.53983752e-02 1.90130095e+01 3.92482287e-04
   1.14085120e-03 1.01335166e-03 1.01335166e-03]]

 [[3.47424113e-06 1.52330461e-02 1.85720852e+01 3.92493815e-04
   1.14094693e-03 1.01347539e-03 1.01347539e-03]
  [3.00900636e-06 1.55502049e-02 1.82573721e+01 3.92449883e-04
   1.13985246e-03 1.01229753e-03 1.01229753e-03]
  [3.90931322e-06 1.50771639e-02 1.93542243e+01 3.92487326e-04
   1.14123023e-03 1.01374369e-03 1.01374369e-03]
  [4.28933730e-06 1.53382988e-02 1.74057590e+01 3.92491942e-04
   1.14094696e-03 1.01352742e-03 1.01352742e-03]
  [6.28372060e-06 1.54296329e-02 1.88263867e+01 3.92504949e-04
   1.14097761e-03 1.01352762e-03 1.01352762e-03]
  [3.31380493e-06 1.52869319e-02 1.88698620e+01 3.92493920e-04
   1.14073223e-03 1.01326053e-03 1.01326053e-03]
  [3.15039800e-06 1.51803375e-02 1.90137467e+01 3.92504546e-04
   1.14126887e-03 1.01381114e-03 1.01381114e-03]
  [7.31184827e-06 1.15714133e-02 2.26506690e+01 4.10423392e-04
   8.37104213e-04 6.20470950e-04 8.29616398e-04]]

 [[4.67417806e-06 1.52787331e-02 1.88144942e+01 3.92499421e-04
   1.14023853e-03 1.01278476e-03 1.01278476e-03]
  [3.09376163e-06 1.54277649e-02 1.88136593e+01 3.92457214e-04
   1.14020176e-03 1.01269107e-03 1.01269107e-03]
  [2.92096982e-06 1.52467378e-02 1.79446495e+01 3.92474379e-04
   1.14078221e-03 1.01328380e-03 1.01328380e-03]
  [2.80795575e-06 1.53866284e-02 1.91122190e+01 3.92457804e-04
   1.14061626e-03 1.01307278e-03 1.01307278e-03]
  [2.86106442e-06 1.52318285e-02 1.93743485e+01 3.92482284e-04
   1.14041961e-03 1.01292511e-03 1.01292511e-03]
  [4.46338152e-06 1.53616692e-02 1.91843750e+01 3.92483141e-04
   1.14021907e-03 1.01272109e-03 1.01272109e-03]
  [3.07717213e-06 1.51752386e-02 1.94586751e+01 3.92483841e-04
   1.14090043e-03 1.01343906e-03 1.01343906e-03]
  [1.09651202e-05 1.29198949e-02 2.11505749e+01 4.09359987e-04
   8.30663328e-04 7.78950500e-04 7.78950500e-04]]

 [[2.78390209e-06 1.49346457e-02 1.90874106e+01 3.92532811e-04
   1.14085995e-03 1.01347043e-03 1.01347043e-03]
  [2.95882967e-06 1.50170406e-02 1.85730861e+01 3.92481270e-04
   1.14088861e-03 1.01338910e-03 1.01338910e-03]
  [4.42071834e-06 1.54784756e-02 1.80672723e+01 3.92461709e-04
   1.14079165e-03 1.01325656e-03 1.01325656e-03]
  [2.84786532e-06 1.47554706e-02 1.99613686e+01 3.93704417e-04
   1.10661556e-03 9.88087241e-04 9.88087241e-04]
  [4.09991028e-06 1.56805041e-02 1.91659398e+01 3.92447087e-04
   1.13979920e-03 1.01227141e-03 1.01227141e-03]
  [1.67938037e-05 1.15603982e-02 2.27960105e+01 4.17886521e-04
   6.34249909e-04 6.30803852e-04 6.30803852e-04]
  [3.28162560e-06 1.51409694e-02 1.88764741e+01 3.92488375e-04
   1.14073571e-03 1.01327346e-03 1.01327346e-03]
  [4.20794201e-06 1.52076003e-02 1.93042969e+01 3.92485428e-04
   1.14055111e-03 1.01309279e-03 1.01309279e-03]]

 [[4.30253928e-06 1.53325473e-02 1.79736541e+01 3.92459709e-04
   1.14095441e-03 1.01343280e-03 1.01343280e-03]
  [7.75878369e-06 1.15794101e-02 2.26430390e+01 4.15232694e-04
   6.43203597e-04 6.39838546e-04 6.39838546e-04]
  [3.58977940e-06 1.52805861e-02 1.85048514e+01 3.92479557e-04
   1.14082016e-03 1.01331322e-03 1.01331322e-03]
  [3.46733141e-06 1.52642337e-02 1.90031316e+01 3.92494017e-04
   1.14079183e-03 1.01335887e-03 1.01335887e-03]
  [2.82444813e-06 1.50387640e-02 1.81502574e+01 3.92508818e-04
   1.14117549e-03 1.01373451e-03 1.01373451e-03]
  [2.68245769e-06 1.53344010e-02 1.87645201e+01 3.92474738e-04
   1.14025545e-03 1.01273645e-03 1.01273645e-03]
  [2.33576389e-06 1.38404819e-02 2.03225563e+01 4.01879741e-04
   9.54075636e-04 8.72618028e-04 8.72618028e-04]
  [4.41504305e-06 1.54580454e-02 1.90103607e+01 3.92471630e-04
   1.14043010e-03 1.01292210e-03 1.01292210e-03]]]

Cumulative Reward: 10026.47249101782
