Scheduler Table:
[[[4.26262546e-05 1.69871724e-01 1.50160680e+02 7.88369212e-03
   4.75234513e-03 3.90793003e-03 3.90793003e-03]
  [4.27059897e-05 1.70019293e-01 1.50445254e+02 7.87963191e-03
   4.75382395e-03 3.90807984e-03 3.90807984e-03]
  [4.25041950e-05 1.69766027e-01 1.49898796e+02 7.88276897e-03
   4.75346181e-03 3.90835805e-03 3.90835805e-03]]

 [[4.25664302e-05 1.69888133e-01 1.50201058e+02 7.88309060e-03
   4.75246790e-03 3.90791829e-03 3.90791829e-03]
  [4.24756409e-05 1.69814741e-01 1.50281224e+02 7.87961300e-03
   4.75388961e-03 3.90825996e-03 3.90825996e-03]
  [4.20708318e-05 1.61387155e-01 1.55569006e+02 7.88916617e-03
   4.74866762e-03 3.90823233e-03 3.90823233e-03]]

 [[4.26464621e-05 1.69981272e-01 1.50120645e+02 7.88150298e-03
   4.75337600e-03 3.90828145e-03 3.90828145e-03]
  [4.25040841e-05 1.69771602e-01 1.50359121e+02 7.88041623e-03
   4.75386526e-03 3.90837579e-03 3.90837579e-03]
  [1.02209496e-04 2.16668125e+00 1.71117451e+02 7.86430760e-03
   4.85900362e-03 3.90759045e-03 3.92555738e-03]]]

Buffer Table:
[[[5.05841630e-05 1.69677070e-01 1.50194662e+02 7.88315578e-03
   4.75329724e-03 3.90821124e-03 3.90821124e-03]
  [5.03887167e-05 1.69561190e-01 1.50234975e+02 7.88141500e-03
   4.75383290e-03 3.90817083e-03 3.90817083e-03]
  [5.03055945e-05 1.69553067e-01 1.50305309e+02 7.88031276e-03
   4.75375643e-03 3.90841266e-03 3.90841266e-03]]

 [[4.96303434e-05 1.69113052e-01 1.50227626e+02 7.88210857e-03
   4.75331927e-03 3.90822773e-03 3.90822773e-03]
  [1.02212679e-04 2.16673679e+00 1.71090912e+02 7.86434136e-03
   4.85896887e-03 3.90759360e-03 3.92556053e-03]
  [4.81654416e-05 1.66004523e-01 1.52642521e+02 7.87659725e-03
   4.75811909e-03 3.90790692e-03 3.90790692e-03]]

 [[5.09409351e-05 1.69896695e-01 1.50100073e+02 7.88183244e-03
   4.75354410e-03 3.90838139e-03 3.90838139e-03]
  [4.84577818e-05 1.58159153e-01 1.56597454e+02 7.87379628e-03
   4.76102392e-03 3.90766687e-03 3.90766687e-03]
  [5.01662476e-05 1.69387116e-01 1.50316937e+02 7.88153612e-03
   4.75309028e-03 3.90815846e-03 3.90815846e-03]]]

Arbiter Table:
[[[1.02260199e-04 2.16678643e+00 1.71063798e+02 7.86436788e-03
   4.85896599e-03 3.90759111e-03 3.92555804e-03]
  [4.75128442e-05 1.65187864e-01 1.52957825e+02 7.88372964e-03
   4.75161145e-03 3.90848035e-03 3.90848035e-03]
  [4.95214207e-05 1.66673758e-01 1.52231641e+02 7.88351978e-03
   4.75230772e-03 3.90789190e-03 3.90789190e-03]]

 [[4.34568206e-05 1.57940152e-01 1.56387064e+02 7.87936889e-03
   4.75504225e-03 3.90825326e-03 3.90825326e-03]
  [4.85801268e-05 1.69836379e-01 1.49884355e+02 7.88202593e-03
   4.75326928e-03 3.90828495e-03 3.90828495e-03]
  [4.89592501e-05 1.69988781e-01 1.49768602e+02 7.88370081e-03
   4.75319213e-03 3.90817397e-03 3.90817397e-03]]

 [[4.89773075e-05 1.70128714e-01 1.50007313e+02 7.88259034e-03
   4.75336985e-03 3.90848303e-03 3.90848303e-03]
  [4.94311981e-05 1.61843824e-01 1.55092852e+02 7.88840421e-03
   4.74950866e-03 3.90790769e-03 3.90790769e-03]
  [4.92907493e-05 1.70182020e-01 1.50097563e+02 7.88140101e-03
   4.75352034e-03 3.90795570e-03 3.90795570e-03]]]

Page Table:
[[[1.24259427e-04 2.58030405e-01 1.61929065e+02 7.86777437e-03
   4.73998396e-03 3.89891065e-03 3.89891065e-03]
  [2.54567435e-04 4.34316447e-01 1.49273826e+02 7.83744010e-03
   4.72934983e-03 3.88778885e-03 3.88778885e-03]
  [2.53080168e-04 4.32617435e-01 1.49698063e+02 7.83781772e-03
   4.72944647e-03 3.88752367e-03 3.88752367e-03]
  [1.35439165e-04 2.21266749e+00 1.68114948e+02 7.87255338e-03
   4.81767187e-03 3.90652748e-03 3.90652748e-03]]

 [[6.33967278e-05 1.70782627e-01 1.68234945e+02 7.87652692e-03
   4.77907341e-03 3.90354063e-03 3.92161601e-03]
  [2.54763608e-04 4.34490752e-01 1.49437900e+02 7.83929150e-03
   4.72961129e-03 3.88757901e-03 3.88757901e-03]
  [2.53790840e-04 4.33420657e-01 1.49636276e+02 7.83995156e-03
   4.72903614e-03 3.88771296e-03 3.88771296e-03]
  [2.54611719e-04 4.34201694e-01 1.49057906e+02 7.83831711e-03
   4.72877124e-03 3.88709910e-03 3.88709910e-03]]

 [[2.57799308e-04 4.37993686e-01 1.49394067e+02 7.83888515e-03
   4.72807235e-03 3.88686588e-03 3.88686588e-03]
  [1.21349476e-04 2.38933205e-01 1.62853020e+02 7.84947178e-03
   4.75627357e-03 3.90065757e-03 3.90065757e-03]
  [2.54840185e-04 4.34707853e-01 1.49395170e+02 7.83983233e-03
   4.72858890e-03 3.88773741e-03 3.88773741e-03]
  [2.55954881e-04 4.35961034e-01 1.49134325e+02 7.83654168e-03
   4.72892694e-03 3.88750017e-03 3.88750017e-03]]

 [[2.17655992e-04 3.76654941e-01 1.53260053e+02 7.84487819e-03
   4.73602321e-03 3.89082064e-03 3.89082064e-03]
  [6.35456949e-05 1.70901247e-01 1.68355565e+02 7.89363558e-03
   4.73817676e-03 3.90493686e-03 3.90493686e-03]
  [2.23025709e-04 3.90750891e-01 1.52672039e+02 7.84383873e-03
   4.73350628e-03 3.89078922e-03 3.89078922e-03]
  [2.55385091e-04 4.35184995e-01 1.49078901e+02 7.83979299e-03
   4.72804627e-03 3.88692813e-03 3.88692813e-03]]]

Response Table:
[[[2.27324428e-05 1.48479832e-01 1.49820131e+02]
  [2.29486403e-05 1.48614608e-01 1.50199346e+02]]

 [[2.27430869e-05 1.48509282e-01 1.49816839e+02]
  [1.02209170e-04 2.16667309e+00 1.71122668e+02]]]

Refresh Table:
[[[1.02209170e-04 2.16667309e+00 1.71122668e+02]
  [2.51817618e-05 1.48880928e-01 1.50414138e+02]]

 [[2.50337180e-05 1.48939300e-01 1.50449221e+02]
  [2.52551932e-05 1.48914888e-01 1.50226754e+02]]]

Request Buffer Table:
[[[1.34508377e-03 3.17987673e+00 1.08947877e+02]
  [1.32563317e-03 3.13351511e+00 1.09588459e+02]
  [1.32918517e-03 3.14421576e+00 1.09652846e+02]
  [1.33916528e-03 3.16636245e+00 1.09486401e+02]
  [1.32646053e-03 3.13753418e+00 1.09648236e+02]
  [1.33018605e-03 3.14464594e+00 1.09870617e+02]
  [1.31120657e-03 3.10227233e+00 1.10251415e+02]
  [1.30483657e-03 3.08753157e+00 1.10694385e+02]]

 [[1.31061344e-03 3.10017573e+00 1.10660301e+02]
  [1.11777462e-04 2.18892555e+00 1.70677357e+02]
  [1.33389180e-03 3.15525241e+00 1.09465513e+02]
  [1.33666928e-03 3.16128213e+00 1.09222033e+02]
  [1.31708256e-03 3.11590924e+00 1.09633943e+02]
  [1.33849296e-03 3.16424764e+00 1.09546110e+02]
  [1.30453830e-03 3.08728008e+00 1.10389116e+02]
  [1.31177495e-03 3.10330591e+00 1.09780727e+02]]

 [[1.35937537e-03 3.21383012e+00 1.08379193e+02]
  [1.32824195e-03 3.14175965e+00 1.09360910e+02]
  [1.33743132e-03 3.16304748e+00 1.09485310e+02]
  [1.36383132e-03 3.22195086e+00 1.08551040e+02]
  [1.32639678e-03 3.13728435e+00 1.09574486e+02]
  [1.36062261e-03 3.21575967e+00 1.08357166e+02]
  [1.32006074e-03 3.12225084e+00 1.09633900e+02]
  [1.35310762e-03 3.19624992e+00 1.09074502e+02]]

 [[1.38190623e-03 3.26497607e+00 1.07908231e+02]
  [1.35366520e-03 3.19437974e+00 1.08767634e+02]
  [1.34413524e-03 3.17313877e+00 1.09556330e+02]
  [1.33603872e-03 3.15977540e+00 1.09158657e+02]
  [1.33964681e-03 3.16695718e+00 1.09550733e+02]
  [1.34164838e-03 3.17334145e+00 1.09451651e+02]
  [1.33653829e-03 3.16040974e+00 1.09571061e+02]
  [1.33139776e-03 3.14869470e+00 1.09887856e+02]]

 [[1.34912609e-03 3.19009429e+00 1.08911222e+02]
  [8.55517242e-04 2.03621870e+00 1.31844345e+02]
  [1.32428269e-03 3.13122928e+00 1.09817667e+02]
  [1.32487021e-03 3.13302723e+00 1.10075634e+02]
  [1.34630261e-03 3.18252300e+00 1.09095242e+02]
  [1.34151135e-03 3.16370908e+00 1.09202275e+02]
  [1.32393980e-03 3.13123120e+00 1.09833967e+02]
  [1.33023111e-03 3.14558460e+00 1.09733188e+02]]

 [[1.34180071e-03 3.17234060e+00 1.09091628e+02]
  [1.31260396e-03 3.10499357e+00 1.10179900e+02]
  [1.33039349e-03 3.14378613e+00 1.09788478e+02]
  [1.35104003e-03 3.19430590e+00 1.09126919e+02]
  [1.31225975e-03 3.10501669e+00 1.10127903e+02]
  [1.31439596e-03 3.10823254e+00 1.10481543e+02]
  [1.33159254e-03 3.14910638e+00 1.09880876e+02]
  [1.33177981e-03 3.14579948e+00 1.10140193e+02]]

 [[1.34193416e-03 3.17374455e+00 1.08807851e+02]
  [1.34894585e-03 3.18832464e+00 1.08923702e+02]
  [1.35553144e-03 3.20430113e+00 1.08826465e+02]
  [1.36461124e-03 3.22393173e+00 1.08520060e+02]
  [9.74103168e-04 2.30891151e+00 1.26066789e+02]
  [1.32231826e-03 3.12811027e+00 1.09340567e+02]
  [1.36191113e-03 3.21673081e+00 1.08623376e+02]
  [1.39528933e-03 3.29329781e+00 1.07724545e+02]]

 [[1.32178548e-03 3.12696375e+00 1.09394736e+02]
  [1.32506844e-03 3.13309102e+00 1.09704167e+02]
  [1.32919124e-03 3.14434326e+00 1.09555748e+02]
  [1.35236287e-03 3.19753570e+00 1.08833410e+02]
  [1.35183301e-03 3.19500435e+00 1.08906335e+02]
  [1.39319086e-03 3.28628940e+00 1.07780230e+02]
  [1.18285548e-03 2.81003934e+00 1.16195494e+02]
  [1.33576745e-03 3.15779820e+00 1.09404455e+02]]]

Ref Max Post Table:
[[[2.51668180e-04 4.27841434e-01 1.49324752e+02]
  [2.50762222e-04 4.26740303e-01 1.49415507e+02]
  [2.48425376e-04 4.23953060e-01 1.50135671e+02]
  [2.55004595e-04 4.31820271e-01 1.49350378e+02]]

 [[2.53290510e-04 4.29799414e-01 1.49500971e+02]
  [2.53890228e-04 4.30385536e-01 1.49508815e+02]
  [2.50329269e-04 4.26150116e-01 1.49528120e+02]
  [2.03119210e-04 3.51089318e-01 1.55626318e+02]]

 [[2.56020151e-04 4.32897474e-01 1.49572769e+02]
  [2.54193320e-04 4.30791798e-01 1.49985781e+02]
  [2.54598619e-04 4.31208634e-01 1.49543151e+02]
  [1.94670410e-04 3.55405196e-01 1.55321036e+02]]

 [[2.50283645e-04 4.26102331e-01 1.49957766e+02]
  [2.44402289e-04 4.19504317e-01 1.50436525e+02]
  [2.52192411e-04 4.28427452e-01 1.49373456e+02]
  [1.05627709e-04 2.17103251e+00 1.70802851e+02]]]

Ref Max Pull Table:
[[[2.45208546e-04 4.24551613e-01 1.49296890e+02]
  [2.52643622e-04 4.33386390e-01 1.49398979e+02]
  [2.50506492e-04 4.30790931e-01 1.49378430e+02]
  [1.17195133e-04 2.48060547e-01 1.63139851e+02]]

 [[2.48863535e-04 4.28738804e-01 1.49521601e+02]
  [2.46903784e-04 4.26502031e-01 1.49442596e+02]
  [2.43835452e-04 4.22832456e-01 1.49451579e+02]
  [1.13451019e-04 2.18206922e+00 1.70107404e+02]]

 [[2.43637019e-04 4.22661620e-01 1.49104668e+02]
  [2.49721237e-04 4.29842436e-01 1.49674717e+02]
  [2.51701784e-04 4.32055966e-01 1.49586493e+02]
  [2.51091157e-04 4.31409965e-01 1.49584483e+02]]

 [[2.44578284e-04 4.23750375e-01 1.50195231e+02]
  [4.14201793e-05 1.40137345e-01 1.70335339e+02]
  [2.48401622e-04 4.28293718e-01 1.49694921e+02]
  [2.53047238e-04 4.33877420e-01 1.49620426e+02]]]

Max Activate Table:
[[[1.34369864e-03 3.15623841e+00 1.09136912e+02 5.75129847e-03
   3.47229659e-03 2.85353245e-03 2.85353245e-03]
  [1.34549999e-03 3.16024524e+00 1.09190166e+02 5.74865332e-03
   3.47075897e-03 2.85215346e-03 2.85215346e-03]
  [1.35168583e-03 3.17476081e+00 1.09002727e+02 5.74145046e-03
   3.46373744e-03 2.84659246e-03 2.84659246e-03]
  [1.35032854e-03 3.16541923e+00 1.09269986e+02 5.74547361e-03
   3.46833144e-03 2.85026860e-03 2.85026860e-03]
  [1.36486712e-03 3.20465821e+00 1.08987923e+02 5.71865317e-03
   3.45161966e-03 2.83644646e-03 2.83644646e-03]
  [1.37174948e-03 3.22010933e+00 1.08498279e+02 5.70933051e-03
   3.44470685e-03 2.83089617e-03 2.83089617e-03]
  [1.31885332e-03 3.09843349e+00 1.10564510e+02 5.79542828e-03
   3.49626694e-03 2.87355014e-03 2.87355014e-03]
  [1.32201417e-03 3.10571516e+00 1.10364573e+02 5.79063053e-03
   3.49249668e-03 2.87077753e-03 2.87077753e-03]]

 [[1.36180630e-03 3.19756627e+00 1.08447000e+02 5.72310563e-03
   3.45523563e-03 2.83927736e-03 2.83927736e-03]
  [1.37958971e-03 3.23755718e+00 1.08601513e+02 5.69336331e-03
   3.43803311e-03 2.82516450e-03 2.82516450e-03]
  [1.34667743e-03 3.16098018e+00 1.09291979e+02 5.74907342e-03
   3.46944602e-03 2.85149620e-03 2.85149620e-03]
  [1.37560297e-03 3.22905548e+00 1.08500884e+02 5.70238877e-03
   3.44109901e-03 2.82764546e-03 2.82764546e-03]
  [1.33229556e-03 3.12933541e+00 1.10158118e+02 5.77313856e-03
   3.48277305e-03 2.86270348e-03 2.86270348e-03]
  [1.34323720e-03 3.15553178e+00 1.09645242e+02 5.75254348e-03
   3.47242177e-03 2.85346924e-03 2.85346924e-03]
  [1.35882634e-03 3.19093447e+00 1.09074162e+02 5.73065500e-03
   3.45658681e-03 2.84095933e-03 2.84095933e-03]
  [1.34461563e-03 3.15830777e+00 1.09586286e+02 5.75289798e-03
   3.47057513e-03 2.85244478e-03 2.85244478e-03]]

 [[1.34464516e-03 3.15818189e+00 1.09387070e+02 5.75321392e-03
   3.47055005e-03 2.85245996e-03 2.85245996e-03]
  [1.36783520e-03 3.20893017e+00 1.08634663e+02 5.71622654e-03
   3.44928264e-03 2.83460121e-03 2.83460121e-03]
  [1.33808016e-03 3.14341613e+00 1.09549653e+02 5.75886056e-03
   3.47843547e-03 2.85819671e-03 2.85819671e-03]
  [1.38080503e-03 3.23718749e+00 1.08532570e+02 5.69340271e-03
   3.43793356e-03 2.82531315e-03 2.82531315e-03]
  [1.34740395e-03 3.16272119e+00 1.09038285e+02 5.74608580e-03
   3.46942212e-03 2.85112417e-03 2.85112417e-03]
  [1.33346616e-03 3.13069594e+00 1.09856890e+02 5.77095441e-03
   3.48221978e-03 2.86204904e-03 2.86204904e-03]
  [1.33982989e-03 3.14752400e+00 1.09817935e+02 5.76138478e-03
   3.47529118e-03 2.85613369e-03 2.85613369e-03]
  [1.36038597e-03 3.19394949e+00 1.09272020e+02 5.72628125e-03
   3.45548277e-03 2.83987184e-03 2.83987184e-03]]

 [[1.33683402e-03 3.13885436e+00 1.09351957e+02 5.76392195e-03
   3.47957780e-03 2.85940055e-03 2.85940055e-03]
  [1.32847789e-03 3.11837812e+00 1.09931728e+02 5.78045078e-03
   3.48767356e-03 2.86642343e-03 2.86642343e-03]
  [1.34355451e-03 3.15618049e+00 1.09752612e+02 5.75285651e-03
   3.47209138e-03 2.85332802e-03 2.85332802e-03]
  [1.36980637e-03 3.21415571e+00 1.08362626e+02 5.71220507e-03
   3.44744826e-03 2.83291300e-03 2.83291300e-03]
  [1.35066662e-03 3.16420454e+00 1.09652023e+02 5.74689227e-03
   3.46845959e-03 2.85029167e-03 2.85029167e-03]
  [1.36956187e-03 3.21134040e+00 1.08853438e+02 5.71271701e-03
   3.44925018e-03 2.83397339e-03 2.83397339e-03]
  [1.34951404e-03 3.16934524e+00 1.09308672e+02 5.74187328e-03
   3.46663366e-03 2.84866251e-03 2.84866251e-03]
  [1.33674788e-03 3.14085900e+00 1.09854632e+02 5.76595595e-03
   3.47735118e-03 2.85854707e-03 2.85854707e-03]]

 [[1.34264352e-03 3.15100742e+00 1.09193526e+02 5.75825265e-03
   3.47297428e-03 2.85479755e-03 2.85479755e-03]
  [1.35985189e-03 3.19229099e+00 1.08538172e+02 5.72553089e-03
   3.45730447e-03 2.84091420e-03 2.84091420e-03]
  [1.33645632e-03 3.13883883e+00 1.09809644e+02 5.76560938e-03
   3.47925543e-03 2.85974596e-03 2.85974596e-03]
  [1.33971524e-03 3.14288218e+00 1.09607926e+02 5.76314018e-03
   3.47682552e-03 2.85751412e-03 2.85751412e-03]
  [1.25770748e-03 2.96005972e+00 1.13390024e+02 5.89265753e-03
   3.55508196e-03 2.92154739e-03 2.92154739e-03]
  [1.34597109e-03 3.16178271e+00 1.09489908e+02 5.74730431e-03
   3.46942594e-03 2.85111624e-03 2.85111624e-03]
  [1.33612902e-03 3.13761376e+00 1.09710810e+02 5.76388505e-03
   3.48004255e-03 2.85985546e-03 2.85985546e-03]
  [3.27755434e-05 1.30268822e-01 1.71250890e+02 7.88037696e-03
   4.78072993e-03 3.90514919e-03 3.92322457e-03]]

 [[1.35666031e-03 3.18599529e+00 1.09198084e+02 5.73541726e-03
   3.45814697e-03 2.84237387e-03 2.84237387e-03]
  [1.37872899e-03 3.22776572e+00 1.08441528e+02 5.70283247e-03
   3.44128040e-03 2.82813775e-03 2.82813775e-03]
  [1.37076428e-03 3.21486309e+00 1.08289982e+02 5.71073540e-03
   3.44719550e-03 2.83288376e-03 2.83288376e-03]
  [1.34322231e-03 3.15300378e+00 1.09567333e+02 5.75585679e-03
   3.47293365e-03 2.85413182e-03 2.85413182e-03]
  [3.28477177e-05 1.30285840e-01 1.71379074e+02 7.89749527e-03
   4.73983743e-03 3.90654945e-03 3.90654945e-03]
  [1.36636184e-03 3.20555730e+00 1.08698876e+02 5.71916909e-03
   3.45108291e-03 2.83595026e-03 2.83595026e-03]
  [1.33433215e-03 3.13491685e+00 1.10015003e+02 5.76726342e-03
   3.48118424e-03 2.86025889e-03 2.86025889e-03]
  [1.33494360e-03 3.13654925e+00 1.09705780e+02 5.76865835e-03
   3.47963967e-03 2.86010466e-03 2.86010466e-03]]

 [[1.32421463e-03 3.11143983e+00 1.10112585e+02 5.78287778e-03
   3.49113736e-03 2.86916322e-03 2.86916322e-03]
  [1.33634263e-03 3.13741564e+00 1.09978055e+02 5.76727121e-03
   3.47937434e-03 2.85930791e-03 2.85930791e-03]
  [1.36132695e-03 3.19366658e+00 1.08853189e+02 5.72638306e-03
   3.45548641e-03 2.84043172e-03 2.84043172e-03]
  [1.34512012e-03 3.15938122e+00 1.09231315e+02 5.75002779e-03
   3.47130001e-03 2.85242506e-03 2.85242506e-03]
  [1.34767467e-03 3.16595189e+00 1.09580913e+02 5.74789379e-03
   3.46738253e-03 2.84996650e-03 2.84996650e-03]
  [1.31531298e-03 3.09098370e+00 1.10344158e+02 5.79759565e-03
   3.50007429e-03 2.87632860e-03 2.87632860e-03]
  [1.33423580e-03 3.13490052e+00 1.09683622e+02 5.76821176e-03
   3.48086759e-03 2.86077285e-03 2.86077285e-03]
  [1.34531981e-03 3.15956411e+00 1.09291061e+02 5.74748602e-03
   3.47120669e-03 2.85254305e-03 2.85254305e-03]]

 [[1.35129575e-03 3.17313614e+00 1.08922149e+02 5.74279588e-03
   3.46451678e-03 2.84737063e-03 2.84737063e-03]
  [1.34367393e-03 3.15422152e+00 1.09154430e+02 5.75214545e-03
   3.47289743e-03 2.85405915e-03 2.85405915e-03]
  [1.34793382e-03 3.16426731e+00 1.09465476e+02 5.74912996e-03
   3.46797196e-03 2.85039202e-03 2.85039202e-03]
  [1.33678415e-03 3.14077928e+00 1.09746991e+02 5.76571241e-03
   3.47810620e-03 2.85899026e-03 2.85899026e-03]
  [1.36795526e-03 3.20539061e+00 1.08831530e+02 5.72002183e-03
   3.44992773e-03 2.83586866e-03 2.83586866e-03]
  [1.04894582e-04 2.17225503e+00 1.71123349e+02 7.87639379e-03
   4.81932424e-03 3.90813202e-03 3.90813202e-03]
  [1.34069166e-03 3.14949456e+00 1.09242279e+02 5.75542418e-03
   3.47515242e-03 2.85592459e-03 2.85592459e-03]
  [1.35797531e-03 3.18894610e+00 1.09559782e+02 5.73061267e-03
   3.45760879e-03 2.84210938e-03 2.84210938e-03]]]

Cumulative Reward: 4585.7169735874295
