Scheduler Table:
[[[8.02875460e-06 2.70524135e-02 2.80118974e+01 2.01173213e-03
   1.85001152e-01 7.32010941e-04 7.32010941e-04]
  [7.61704013e-06 2.69937626e-02 2.80329717e+01 2.03375702e-03
   1.83539714e-01 7.31470471e-04 7.31470471e-04]
  [7.03728657e-06 2.69641214e-02 2.83321013e+01 2.06520221e-03
   1.68847401e-01 7.30248766e-04 7.30248766e-04]]

 [[8.36675534e-06 2.70560370e-02 2.79640883e+01 2.02366803e-03
   1.90427711e-01 7.30990729e-04 7.30990729e-04]
  [2.71649066e-04 8.55386838e-01 4.57285569e+01 2.24791437e-03
   3.00926769e-01 7.25496074e-04 7.48685997e-04]
  [5.74305593e-06 2.55633741e-02 3.45098887e+01 2.06391288e-03
   5.38060996e-02 7.26927131e-04 7.26927131e-04]]

 [[7.22660894e-06 2.69882913e-02 2.78163107e+01 2.03094331e-03
   1.74491743e-01 7.30204173e-04 7.30204173e-04]
  [5.79885173e-06 2.56297985e-02 3.42576077e+01 2.07325404e-03
   5.78272547e-02 7.27967183e-04 7.27967183e-04]
  [6.18326106e-06 2.70680069e-02 2.85836757e+01 2.09349366e-03
   1.45726878e-01 7.30321380e-04 7.30321380e-04]]]

Buffer Table:
[[[1.24011554e-05 2.52047333e-02 3.83431527e+01 2.13793884e-03
   6.96854576e-02 7.28813431e-04 7.28813431e-04]
  [7.38768265e-06 2.70862405e-02 2.80936891e+01 2.01184840e-03
   1.28526776e-01 7.31520568e-04 7.31520568e-04]
  [7.74023039e-06 2.61259944e-02 3.11926872e+01 2.14001162e-03
   8.92287586e-02 7.29600440e-04 7.29600440e-04]]

 [[7.47419737e-06 2.70434994e-02 2.81129199e+01 2.02937812e-03
   1.27313273e-01 7.31137494e-04 7.31137494e-04]
  [7.61016227e-06 2.70822653e-02 2.78718335e+01 2.02779499e-03
   1.34145313e-01 7.30636784e-04 7.30636784e-04]
  [7.11730665e-06 2.70540792e-02 2.82329978e+01 2.05884333e-03
   1.23332342e-01 7.30927659e-04 7.30927659e-04]]

 [[6.98994407e-06 2.69168034e-02 2.97576814e+01 2.04147145e-03
   1.20484799e-01 7.30709179e-04 7.30709179e-04]
  [7.64347202e-06 2.70466821e-02 2.80332524e+01 2.03359271e-03
   1.36575404e-01 7.30840378e-04 7.30840378e-04]
  [2.71648999e-04 8.55386855e-01 4.57284299e+01 2.24791389e-03
   3.00927187e-01 7.25496096e-04 7.48686019e-04]]]

Arbiter Table:
[[[2.71649066e-04 8.55386838e-01 4.57285569e+01 2.24791437e-03
   3.00926769e-01 7.25496074e-04 7.48685997e-04]
  [3.22016505e-06 2.46448938e-02 3.74097072e+01 2.19173167e-03
   4.53761677e-02 7.27052795e-04 7.27052795e-04]
  [7.08755759e-06 2.69103194e-02 2.96054822e+01 2.09473289e-03
   1.15372260e-01 7.30656605e-04 7.30656605e-04]]

 [[4.20710177e-06 2.50958064e-02 3.63930131e+01 2.16980297e-03
   6.33097896e-02 7.28101360e-04 7.28101360e-04]
  [6.41012225e-06 2.70759701e-02 2.86335680e+01 2.12687543e-03
   1.02644789e-01 7.30789115e-04 7.30789115e-04]
  [6.98942783e-06 2.70497349e-02 2.86310368e+01 2.09465497e-03
   1.13076824e-01 7.30880447e-04 7.30880447e-04]]

 [[5.81418682e-06 2.59743936e-02 3.65587402e+01 2.15807915e-03
   8.69284802e-02 7.29251147e-04 7.29251147e-04]
  [7.87759667e-06 2.69679249e-02 2.83431583e+01 2.06148958e-03
   1.28837143e-01 7.29942049e-04 7.29942049e-04]
  [7.85254068e-06 2.70690347e-02 2.80627644e+01 2.05443066e-03
   1.29240797e-01 7.30447615e-04 7.30447615e-04]]]

Page Table:
[[[8.27653515e-06 2.74735054e-02 2.81906840e+01 2.04998944e-03
   1.59322099e-01 7.29926244e-04 7.29926244e-04]
  [8.29950952e-06 2.74899390e-02 2.83540054e+01 2.07021935e-03
   1.69725543e-01 7.29620458e-04 7.29620458e-04]
  [8.77341140e-06 2.74395446e-02 2.81135246e+01 2.06448371e-03
   1.52468576e-01 7.29629610e-04 7.29629610e-04]
  [2.26434375e-05 2.24531542e-02 4.62081668e+01 2.23494211e-03
   2.90579847e-03 7.25249653e-04 7.25249653e-04]]

 [[2.42924277e-04 8.55505208e-01 4.58521147e+01 2.18700732e-03
   3.02828718e-01 7.26645992e-04 7.26645992e-04]
  [7.74517282e-06 2.73977261e-02 2.82706387e+01 2.09393549e-03
   1.51276503e-01 7.30206119e-04 7.30206119e-04]
  [8.18999793e-06 2.72894904e-02 2.95649786e+01 2.07623502e-03
   1.42532862e-01 7.30432003e-04 7.30432003e-04]
  [7.12277467e-06 2.65974364e-02 3.25744157e+01 2.13533031e-03
   8.20745298e-02 7.29188312e-04 7.29188312e-04]]

 [[6.26965489e-06 2.45736930e-02 3.96638636e+01 2.09362773e-03
   5.90633824e-02 7.28276775e-04 7.28276775e-04]
  [7.86775870e-06 2.74808400e-02 2.85940880e+01 2.08568579e-03
   1.47689143e-01 7.30408401e-04 7.30408401e-04]
  [8.85539331e-06 2.74770554e-02 2.82296521e+01 2.03487266e-03
   1.67268577e-01 7.30287114e-04 7.30287114e-04]
  [9.49336549e-06 2.74659319e-02 2.84724954e+01 2.04238233e-03
   1.67649699e-01 7.30476599e-04 7.30476599e-04]]

 [[7.27898773e-06 2.74143478e-02 3.05897421e+01 2.08467258e-03
   1.24530557e-01 7.29841720e-04 7.29841720e-04]
  [2.26413638e-05 2.24514098e-02 4.58488662e+01 2.19546660e-03
   2.90822728e-03 7.24653110e-04 7.48560247e-04]
  [9.26435385e-06 2.75540446e-02 2.83960382e+01 2.06601952e-03
   1.53018601e-01 7.30428636e-04 7.30428636e-04]
  [6.53557783e-06 2.62087431e-02 3.39934526e+01 2.20273406e-03
   5.78833225e-02 7.27602196e-04 7.27602196e-04]]]

Response Table:
[[[4.16726546e-06 2.68233188e-02 2.81926805e+01]
  [4.89951857e-06 2.66811639e-02 2.80450035e+01]]

 [[5.18743579e-06 2.67511547e-02 2.75895327e+01]
  [2.71649066e-04 8.55386838e-01 4.57285569e+01]]]

Refresh Table:
[[[2.71649066e-04 8.55386838e-01 4.57285569e+01]
  [2.91006912e-06 2.66017439e-02 2.76642908e+01]]

 [[2.94408178e-06 2.67255793e-02 2.80033365e+01]
  [2.88767211e-06 2.66365766e-02 2.85866412e+01]]]

Request Buffer Table:
[[[9.46294955e-06 3.38678420e-02 2.87472840e+01]
  [9.99071324e-06 3.36073071e-02 2.84432608e+01]
  [1.05217197e-05 3.39079912e-02 2.82583668e+01]
  [9.25667574e-06 3.35758562e-02 2.81374170e+01]
  [9.75747261e-06 3.42376750e-02 2.85385017e+01]
  [1.03076207e-05 3.26624050e-02 2.90174399e+01]
  [9.37719488e-06 3.32805296e-02 2.84681116e+01]
  [9.22104164e-06 3.33906674e-02 2.83542308e+01]]

 [[9.98761803e-06 3.37122796e-02 2.82714861e+01]
  [9.64273545e-06 3.35565117e-02 2.80706242e+01]
  [9.24285911e-06 3.38016952e-02 2.85443540e+01]
  [1.04450748e-05 3.38768052e-02 2.80843807e+01]
  [4.54078991e-06 2.65291625e-02 3.67526986e+01]
  [9.69008303e-06 3.38512254e-02 2.87703741e+01]
  [9.52666250e-06 3.37956883e-02 2.81300424e+01]
  [9.10511898e-06 3.33700003e-02 2.87711929e+01]]

 [[9.57599451e-06 3.28915237e-02 2.87968106e+01]
  [1.00951082e-05 3.21323799e-02 2.95683105e+01]
  [9.17259866e-06 3.33202312e-02 2.84726214e+01]
  [2.38023074e-05 2.24701894e-02 4.72350060e+01]
  [1.05471351e-05 3.38092053e-02 2.88074203e+01]
  [9.81124202e-06 3.40952083e-02 2.85772637e+01]
  [1.09073381e-05 3.29364277e-02 2.90751334e+01]
  [1.01771541e-05 3.35893822e-02 2.85949177e+01]]

 [[9.19989797e-06 3.33608678e-02 2.83757824e+01]
  [9.66151687e-06 3.39016647e-02 2.81449036e+01]
  [1.02791595e-05 3.44574096e-02 2.85175754e+01]
  [9.72900346e-06 3.35904636e-02 2.85850430e+01]
  [1.16183368e-05 3.36414637e-02 2.87533100e+01]
  [9.32935416e-06 3.32157644e-02 2.89843606e+01]
  [2.31749241e-04 8.55524801e-01 4.72600353e+01]
  [9.69275137e-06 3.35545180e-02 2.85113596e+01]]

 [[1.07083942e-05 3.35623620e-02 2.84108810e+01]
  [1.18017643e-05 3.41484494e-02 2.89232575e+01]
  [2.38107622e-05 2.24709459e-02 4.62062513e+01]
  [1.08570532e-05 3.33923481e-02 2.81890388e+01]
  [1.23045324e-05 3.36645301e-02 2.86069731e+01]
  [9.57468102e-06 3.37151231e-02 2.88968991e+01]
  [8.79236221e-06 3.52247531e-02 2.86252880e+01]
  [1.03628685e-05 3.36134667e-02 2.89579861e+01]]

 [[9.19472332e-06 3.34198234e-02 2.85472310e+01]
  [9.64250601e-06 3.13092419e-02 3.02698130e+01]
  [1.03566708e-05 3.36702447e-02 2.85471568e+01]
  [1.50850291e-05 3.42904327e-02 2.83802253e+01]
  [9.75393376e-06 3.40676608e-02 2.81309122e+01]
  [1.25618963e-05 3.40727624e-02 2.83424276e+01]
  [1.15349272e-05 3.39679126e-02 2.81127064e+01]
  [9.94263004e-06 3.34701838e-02 2.85481104e+01]]

 [[8.97135429e-06 3.29939450e-02 2.87489157e+01]
  [1.06570251e-05 3.41600111e-02 2.83641292e+01]
  [1.07008079e-05 3.38974180e-02 2.82697098e+01]
  [1.06068842e-05 3.35604726e-02 2.87939428e+01]
  [9.99583915e-06 3.43119281e-02 2.80824009e+01]
  [9.49732221e-06 3.36992316e-02 2.81842028e+01]
  [1.00156342e-05 3.32782416e-02 2.84982997e+01]
  [2.20011824e-06 2.24736578e-02 4.71095791e+01]]

 [[1.08219662e-05 3.37721408e-02 2.83624109e+01]
  [1.18563758e-05 3.43681721e-02 2.83382089e+01]
  [2.51134465e-05 3.37803530e-02 2.83375021e+01]
  [1.02669901e-05 3.36233813e-02 2.82405633e+01]
  [2.18994784e-06 2.24721840e-02 4.54009294e+01]
  [1.09418538e-05 3.27811897e-02 2.86991279e+01]
  [8.65764713e-06 3.24007825e-02 3.12443649e+01]
  [1.29627089e-05 3.41925098e-02 2.83845457e+01]]]

Ref Max Post Table:
[[[9.22049321e-06 2.74449357e-02 2.87260437e+01]
  [7.65910779e-06 2.70900544e-02 3.11097188e+01]
  [1.05671523e-05 2.74964719e-02 2.80322699e+01]
  [8.21952218e-06 2.74566586e-02 2.82369677e+01]]

 [[8.86823297e-06 2.74805251e-02 2.84956077e+01]
  [8.64541833e-06 2.74204984e-02 2.86323215e+01]
  [2.58336166e-04 8.55403028e-01 4.59151652e+01]
  [9.25187579e-06 2.74419907e-02 2.83462899e+01]]

 [[8.88074596e-06 2.73325012e-02 3.04746415e+01]
  [3.46984390e-05 2.23482818e-02 4.59827503e+01]
  [4.15532352e-06 2.54677409e-02 3.35902534e+01]
  [8.79104321e-06 2.75222570e-02 2.80234984e+01]]

 [[8.94086433e-06 2.75517922e-02 2.83946175e+01]
  [9.49946676e-06 2.74819654e-02 2.81988958e+01]
  [9.26893517e-06 2.74603132e-02 2.89840374e+01]
  [8.99571912e-06 2.75796419e-02 2.83087339e+01]]]

Ref Max Pull Table:
[[[5.64072317e-06 2.53912377e-02 3.54656495e+01]
  [3.47051892e-05 2.23661036e-02 4.59355799e+01]
  [6.21466878e-06 2.72949521e-02 2.88688330e+01]
  [8.04816632e-06 2.72789227e-02 2.84107333e+01]]

 [[2.58342773e-04 8.55420470e-01 4.58689993e+01]
  [8.48460160e-06 2.74646965e-02 2.84216855e+01]
  [8.82628894e-06 2.74903678e-02 2.83792742e+01]
  [8.70845154e-06 2.74886601e-02 2.84299060e+01]]

 [[8.52240657e-06 2.74319397e-02 2.82205790e+01]
  [5.11399017e-06 2.67344581e-02 3.22602602e+01]
  [8.86223074e-06 2.75200416e-02 2.83532410e+01]
  [8.56737528e-06 2.74424444e-02 2.82331467e+01]]

 [[8.61577876e-06 2.74283618e-02 2.82310262e+01]
  [6.43614156e-06 2.61550203e-02 3.61763898e+01]
  [9.47312273e-06 2.74986634e-02 2.82055051e+01]
  [8.31809016e-06 2.73657359e-02 2.83306766e+01]]]

Max Activate Table:
[[[1.13476658e-05 3.37710092e-02 2.83823703e+01 2.13274994e-03
   5.29564565e-02 7.26794710e-04 7.26794710e-04]
  [1.05705708e-05 3.43579780e-02 2.82336682e+01 2.13724416e-03
   4.29476415e-02 7.26202628e-04 7.26202628e-04]
  [9.97602285e-06 3.33942720e-02 2.81614712e+01 2.08394438e-03
   9.38141166e-02 7.26916791e-04 7.26916791e-04]
  [1.08618406e-05 3.38500820e-02 2.85266714e+01 2.12461661e-03
   4.23686540e-02 7.27539069e-04 7.27539069e-04]
  [1.00044172e-05 3.55229012e-02 2.83496285e+01 2.13418011e-03
   4.79334256e-02 7.26006614e-04 7.26006614e-04]
  [1.04677640e-05 3.41019913e-02 2.82384134e+01 2.07604781e-03
   9.37974934e-02 7.27315974e-04 7.27315974e-04]
  [1.07475657e-05 3.38039822e-02 2.84680569e+01 2.14412458e-03
   4.18127234e-02 7.26209860e-04 7.26209860e-04]
  [1.01563808e-05 3.31685146e-02 2.86918163e+01 2.11997444e-03
   7.90737817e-02 7.27026470e-04 7.27026470e-04]]

 [[1.09323765e-05 3.44611855e-02 2.81658020e+01 2.10170832e-03
   4.29717608e-02 7.25927050e-04 7.25927050e-04]
  [1.08087050e-05 3.39751212e-02 2.87717273e+01 2.12381903e-03
   4.37823799e-02 7.27179748e-04 7.27179748e-04]
  [9.78661873e-06 3.41248453e-02 2.84493337e+01 2.13584176e-03
   4.26354521e-02 7.26495042e-04 7.26495042e-04]
  [2.25927637e-05 2.23888877e-02 4.64222997e+01 2.23544591e-03
   9.29183586e-04 7.25198577e-04 7.25198577e-04]
  [1.00441610e-05 3.39954885e-02 2.85541980e+01 2.08489327e-03
   6.61308375e-02 7.27840967e-04 7.27840967e-04]
  [1.03905674e-05 3.37804646e-02 2.88657477e+01 2.11742736e-03
   9.54185563e-02 7.27577002e-04 7.27577002e-04]
  [1.00317404e-05 3.37482811e-02 2.86993118e+01 2.10545532e-03
   6.22625448e-02 7.27467106e-04 7.27467106e-04]
  [1.10884065e-05 3.39714595e-02 2.87479319e+01 2.07895378e-03
   3.45824015e-01 7.26421608e-04 7.26421608e-04]]

 [[1.09176297e-05 3.31991737e-02 2.81786938e+01 2.10430205e-03
   1.05655265e-01 7.26558490e-04 7.26558490e-04]
  [1.00326889e-05 3.39075388e-02 2.85043478e+01 2.11833696e-03
   6.23985208e-02 7.28156049e-04 7.28156049e-04]
  [9.55401162e-06 3.38130957e-02 2.83380070e+01 2.13951366e-03
   1.19723431e-01 7.26470469e-04 7.26470469e-04]
  [1.03172613e-05 3.38024594e-02 2.83063531e+01 2.12666551e-03
   4.46171468e-02 7.28143778e-04 7.28143778e-04]
  [1.10990393e-05 3.35091959e-02 2.85577691e+01 2.09029991e-03
   9.36277870e-02 7.27188878e-04 7.27188878e-04]
  [9.64955633e-06 3.34385677e-02 2.84622574e+01 2.09984845e-03
   7.29455367e-02 7.26738163e-04 7.26738163e-04]
  [1.18091513e-05 3.33542814e-02 2.84739014e+01 2.06280003e-03
   4.49221500e-02 7.27103994e-04 7.27103994e-04]
  [1.40960594e-05 3.40179503e-02 2.84557827e+01 2.07726725e-03
   1.31786300e-01 7.27392547e-04 7.27392547e-04]]

 [[1.02332028e-05 3.33036377e-02 2.86658467e+01 2.12503708e-03
   8.18657960e-02 7.26937858e-04 7.26937858e-04]
  [1.01505378e-05 3.41895836e-02 2.85393230e+01 2.15301443e-03
   4.57320092e-02 7.27863341e-04 7.27863341e-04]
  [1.14933071e-05 3.39204589e-02 2.83491917e+01 2.10908592e-03
   9.14179568e-02 7.26975170e-04 7.26975170e-04]
  [1.02094846e-05 3.35652201e-02 2.85194761e+01 2.11812760e-03
   8.01753354e-02 7.27121247e-04 7.27121247e-04]
  [9.58086046e-06 3.39950154e-02 2.82472142e+01 2.13536020e-03
   7.81518714e-02 7.27625825e-04 7.27625825e-04]
  [1.08849758e-05 3.36616901e-02 2.83153478e+01 2.10656624e-03
   5.18595096e-02 7.27072468e-04 7.27072468e-04]
  [9.91709169e-06 3.30535437e-02 2.90660403e+01 2.14909967e-03
   7.53531785e-02 7.27132672e-04 7.27132672e-04]
  [2.25913254e-05 2.23879491e-02 4.60603140e+01 2.19596408e-03
   9.56397118e-04 7.24602674e-04 7.48509811e-04]]

 [[1.81550004e-05 3.35974820e-02 2.86756259e+01 2.07065714e-03
   4.01867040e-02 7.27655375e-04 7.27655375e-04]
  [1.02113150e-05 3.38872212e-02 2.81915782e+01 2.09329052e-03
   1.14475277e-01 7.27718122e-04 7.27718122e-04]
  [9.06551952e-06 3.32756343e-02 2.85440382e+01 2.09668346e-03
   8.95527776e-02 7.26851172e-04 7.26851172e-04]
  [6.87194334e-06 2.87080135e-02 3.45984612e+01 2.08537431e-03
   3.47751672e-02 7.26084001e-04 7.26084001e-04]
  [8.07897201e-06 3.23713285e-02 2.85781646e+01 2.14262577e-03
   9.72105091e-02 7.27320946e-04 7.27320946e-04]
  [9.33573370e-06 3.35346170e-02 2.84887944e+01 2.09481551e-03
   9.26401728e-02 7.26916417e-04 7.26916417e-04]
  [1.36057007e-05 3.57181537e-02 2.80445513e+01 2.11712045e-03
   6.88609889e-02 7.26250810e-04 7.26250810e-04]
  [1.02366250e-05 3.37638653e-02 2.83504055e+01 2.13236639e-03
   9.68972582e-02 7.26891644e-04 7.26891644e-04]]

 [[9.20386136e-06 3.41516881e-02 2.81049957e+01 2.11636954e-03
   4.55988552e-02 7.25492129e-04 7.25492129e-04]
  [1.10668478e-05 3.42509149e-02 2.83354502e+01 2.11072595e-03
   4.10185375e-02 7.26440387e-04 7.26440387e-04]
  [1.04475636e-05 3.44113600e-02 2.83737105e+01 2.11704256e-03
   9.10253805e-02 7.26770144e-04 7.26770144e-04]
  [9.90042275e-06 3.35356196e-02 2.84630852e+01 2.13091776e-03
   4.93282291e-02 7.27359153e-04 7.27359153e-04]
  [1.06308489e-05 3.39082988e-02 2.82797440e+01 2.11511046e-03
   4.77252719e-02 7.27418992e-04 7.27418992e-04]
  [9.17503883e-06 3.33865216e-02 2.83750433e+01 2.07849508e-03
   5.66262577e-02 7.27267782e-04 7.27267782e-04]
  [1.15648961e-05 3.34992115e-02 2.81204573e+01 2.08928764e-03
   7.40890834e-02 7.27471470e-04 7.27471470e-04]
  [1.01962060e-05 3.35366117e-02 2.90667234e+01 2.13156337e-03
   1.20976455e-01 7.26929921e-04 7.26929921e-04]]

 [[1.01444139e-05 3.33864231e-02 2.84238784e+01 2.07455583e-03
   6.78481296e-02 7.28300677e-04 7.28300677e-04]
  [1.04619430e-05 3.45565256e-02 2.84813130e+01 2.12571862e-03
   3.88855026e-02 7.26740336e-04 7.26740336e-04]
  [9.85239615e-06 3.32351995e-02 2.82532672e+01 2.09463617e-03
   1.07137677e-01 7.28007852e-04 7.28007852e-04]
  [1.04385570e-05 3.37844324e-02 2.83738896e+01 2.12315665e-03
   9.43343396e-02 7.27399888e-04 7.27399888e-04]
  [8.46242768e-06 3.00956404e-02 3.32437774e+01 2.09387155e-03
   5.48412721e-02 7.26902907e-04 7.26902907e-04]
  [9.42320250e-06 3.35113584e-02 2.84898720e+01 2.10924694e-03
   5.31784086e-02 7.27025599e-04 7.27025599e-04]
  [9.74156445e-06 3.42236098e-02 2.84497287e+01 2.13344960e-03
   6.95471158e-02 7.27383943e-04 7.27383943e-04]
  [1.24955778e-05 3.30530734e-02 2.84139578e+01 2.09964714e-03
   7.10034407e-02 7.28682924e-04 7.28682924e-04]]

 [[1.23692087e-05 3.34386860e-02 2.84492221e+01 2.10705644e-03
   1.40503004e-01 7.26694967e-04 7.26694967e-04]
  [2.42874866e-04 8.55442543e-01 4.60609112e+01 2.18749856e-03
   3.00901362e-01 7.26596189e-04 7.26596189e-04]
  [9.52810192e-06 3.31867536e-02 2.83831553e+01 2.09730888e-03
   1.33809925e-01 7.27115323e-04 7.27115323e-04]
  [7.44419719e-06 3.10883740e-02 3.20143157e+01 2.17083650e-03
   8.50762165e-02 7.26737150e-04 7.26737150e-04]
  [1.04736800e-05 3.41927571e-02 2.85437882e+01 2.14027763e-03
   3.87048576e-02 7.27555666e-04 7.27555666e-04]
  [9.89598015e-06 3.33900171e-02 2.89026661e+01 2.12675506e-03
   5.43973105e-02 7.26850252e-04 7.26850252e-04]
  [9.72847580e-06 3.28400919e-02 3.01984867e+01 2.11130150e-03
   7.27505621e-02 7.27171877e-04 7.27171877e-04]
  [1.24192668e-05 3.33836096e-02 2.85116017e+01 2.08481694e-03
   1.00871102e-01 7.27357139e-04 7.27357139e-04]]]

Cumulative Reward: 7262.725116716363
