Scheduler Table:
[[[3.84189709e-05 1.30897722e-01 1.24609686e+02 6.72676215e-03
   6.40301909e-03 3.35297036e-03 3.35297036e-03]
  [3.42033924e-05 1.30228925e-01 1.25559389e+02 6.74682587e-03
   6.45149968e-03 3.35229055e-03 3.35229055e-03]
  [8.48480962e-05 5.15708021e+00 1.31608055e+02 7.15026097e-03
   6.59599380e-03 3.35461502e-03 3.35461502e-03]]

 [[3.32351290e-05 1.11658773e-01 1.31667206e+02 7.13943549e-03
   6.37985028e-03 3.35457258e-03 3.35569271e-03]
  [3.27692922e-05 1.11469575e-01 1.31763281e+02 7.19719850e-03
   6.32880853e-03 3.35405846e-03 3.35405846e-03]
  [3.36811235e-05 1.30244784e-01 1.24673434e+02 6.76503441e-03
   6.44970682e-03 3.35232756e-03 3.35232756e-03]]

 [[4.42937608e-05 1.10411988e-01 1.30909470e+02 7.01376645e-03
   6.30594408e-03 3.34627706e-03 3.34627706e-03]
  [3.31428885e-05 1.11608482e-01 1.31678030e+02 7.17934376e-03
   6.34572847e-03 3.35423859e-03 3.35423859e-03]
  [3.31293836e-05 1.30347438e-01 1.24723480e+02 6.76107761e-03
   6.42935452e-03 3.35244886e-03 3.35244886e-03]]]

Buffer Table:
[[[1.98663812e-05 1.12896338e-01 1.28432812e+02 6.54297967e-03
   6.73177430e-03 3.36456714e-03 3.36456714e-03]
  [8.94911101e-05 5.14576625e+00 1.31503110e+02 8.09840196e-03
   6.01771076e-03 3.34127184e-03 3.34193720e-03]
  [3.57577297e-05 1.30342583e-01 1.24592219e+02 6.74216655e-03
   6.44538418e-03 3.35238838e-03 3.35238838e-03]]

 [[3.78442753e-05 1.00263407e-01 1.31564409e+02 8.11600348e-03
   5.77884765e-03 3.34096556e-03 3.34208570e-03]
  [2.50319305e-05 1.17500746e-01 1.27790323e+02 6.67401270e-03
   6.55692206e-03 3.35619037e-03 3.35619037e-03]
  [3.52233827e-05 1.30103214e-01 1.24724603e+02 6.72146336e-03
   6.52138005e-03 3.35222199e-03 3.35222199e-03]]

 [[3.43434508e-05 1.29985254e-01 1.25109506e+02 6.70963834e-03
   6.60003643e-03 3.35202223e-03 3.35202223e-03]
  [3.53334503e-05 1.30271360e-01 1.24728258e+02 6.74019167e-03
   6.47707617e-03 3.35238864e-03 3.35238864e-03]
  [3.49679177e-05 1.30115309e-01 1.24688019e+02 6.73632155e-03
   6.48797536e-03 3.35225441e-03 3.35225441e-03]]]

Arbiter Table:
[[[3.54290998e-05 1.30272007e-01 1.24507010e+02 6.74151981e-03
   6.44759272e-03 3.35236716e-03 3.35236716e-03]
  [3.80958979e-05 1.00765762e-01 1.30557672e+02 8.11585465e-03
   5.77992041e-03 3.34088284e-03 3.34200297e-03]
  [3.57172471e-05 1.30335419e-01 1.24432749e+02 6.73537125e-03
   6.47287819e-03 3.35241065e-03 3.35241065e-03]]

 [[8.97416556e-05 5.14626645e+00 1.30500682e+02 8.09825376e-03
   6.01877893e-03 3.34118947e-03 3.34185483e-03]
  [3.61906906e-05 1.30397194e-01 1.24504671e+02 6.75482499e-03
   6.42330532e-03 3.35252944e-03 3.35252944e-03]
  [3.75908302e-05 1.27773213e-01 1.26917216e+02 6.71253668e-03
   6.38577965e-03 3.35419248e-03 3.35419248e-03]]

 [[3.34371389e-05 1.21893091e-01 1.39491812e+02 6.70973814e-03
   6.40805821e-03 3.35430587e-03 3.35430587e-03]
  [3.60189966e-05 1.30285821e-01 1.24511724e+02 6.76558216e-03
   6.37552738e-03 3.35239607e-03 3.35239607e-03]
  [3.61567442e-05 1.30343305e-01 1.24412345e+02 6.75481081e-03
   6.38514949e-03 3.35252283e-03 3.35252283e-03]]]

Page Table:
[[[4.15057514e-05 2.12544071e-01 1.24292829e+02 6.77308571e-03
   6.40114761e-03 3.34738583e-03 3.34738583e-03]
  [4.13509135e-05 2.10679758e-01 1.24820879e+02 6.78381761e-03
   6.38974668e-03 3.34724792e-03 3.34724792e-03]
  [4.03615798e-05 2.09826471e-01 1.24346876e+02 6.77249704e-03
   6.44644841e-03 3.34714505e-03 3.34714505e-03]
  [4.31620927e-05 2.11298643e-01 1.24596295e+02 6.77800073e-03
   6.39430337e-03 3.34726523e-03 3.34726523e-03]]

 [[4.17007208e-05 2.10614207e-01 1.24183769e+02 6.76706021e-03
   6.42875585e-03 3.34719717e-03 3.34719717e-03]
  [4.25539388e-05 2.11263962e-01 1.24218136e+02 6.76684186e-03
   6.40892277e-03 3.34728583e-03 3.34728583e-03]
  [4.02731584e-05 2.10115126e-01 1.24235103e+02 6.76540612e-03
   6.46176070e-03 3.34714730e-03 3.34714730e-03]
  [3.68045336e-05 1.84838178e-01 1.39119086e+02 6.67247231e-03
   6.49059233e-03 3.34731272e-03 3.34731272e-03]]

 [[4.07653451e-05 2.12539382e-01 1.23982199e+02 6.75183957e-03
   6.45995115e-03 3.34737738e-03 3.34737738e-03]
  [4.10103638e-05 2.10751977e-01 1.24149898e+02 6.77658586e-03
   6.44065625e-03 3.34724487e-03 3.34724487e-03]
  [3.98868432e-05 2.11658655e-01 1.24170529e+02 6.77364771e-03
   6.40075363e-03 3.34731774e-03 3.34731774e-03]
  [3.60773718e-05 1.89834066e-01 1.44007650e+02 6.99138319e-03
   6.40636708e-03 3.34596081e-03 3.34596081e-03]]

 [[4.27271349e-05 2.11779304e-01 1.24174993e+02 6.77305652e-03
   6.39605613e-03 3.34731125e-03 3.34731125e-03]
  [4.12392222e-05 2.10692316e-01 1.24165567e+02 6.78933108e-03
   6.40962800e-03 3.34723972e-03 3.34723972e-03]
  [4.00959319e-05 2.10089023e-01 1.24297423e+02 6.75478239e-03
   6.42145976e-03 3.34715988e-03 3.34715988e-03]
  [9.35647957e-05 5.14587567e+00 1.27849813e+02 8.32094936e-03
   5.85560443e-03 3.34020882e-03 3.34132223e-03]]]

Response Table:
[[[3.92920786e-05 1.14035842e-01 1.25710005e+02]
  [7.71648744e-05 5.16050244e+00 1.26384290e+02]]

 [[2.54650509e-05 1.15062948e-01 1.26423584e+02]
  [3.08296324e-05 1.21195973e-01 1.24894481e+02]]]

Refresh Table:
[[[9.34831922e-05 5.14540774e+00 1.28088212e+02]
  [3.41695972e-05 1.21344710e-01 1.25077624e+02]]

 [[3.41983400e-05 1.21445082e-01 1.24960561e+02]
  [3.37596008e-05 1.21257744e-01 1.25120236e+02]]]

Request Buffer Table:
[[[1.22109540e-04 1.98508739e+00 9.91734298e+01]
  [1.24906906e-04 2.04427439e+00 9.82543942e+01]
  [1.25880191e-04 2.04647478e+00 9.81946864e+01]
  [1.22156548e-04 1.99624364e+00 9.89941777e+01]
  [1.21802232e-04 1.97313073e+00 9.93084117e+01]
  [1.21985445e-04 1.98270190e+00 9.92124873e+01]
  [1.23219931e-04 2.00478455e+00 9.91446165e+01]
  [1.36096424e-04 2.05649645e+00 9.86961657e+01]]

 [[1.23078297e-04 1.99530262e+00 9.91063211e+01]
  [1.23789998e-04 2.01891345e+00 9.85797621e+01]
  [1.22933783e-04 2.01262148e+00 9.89093603e+01]
  [1.20827516e-04 1.96832264e+00 1.00091771e+02]
  [1.22376517e-04 2.00084278e+00 9.90422997e+01]
  [1.23921131e-04 2.00929790e+00 9.89556575e+01]
  [1.25255632e-04 2.05226330e+00 9.83653141e+01]
  [1.23094347e-04 1.99259566e+00 9.91563115e+01]]

 [[1.25324150e-04 1.98977644e+00 9.91011488e+01]
  [1.21589012e-04 1.97869602e+00 9.96666520e+01]
  [1.22974874e-04 2.00979249e+00 9.90368521e+01]
  [1.23575777e-04 2.01478331e+00 9.87426396e+01]
  [1.21361602e-04 1.97878115e+00 9.92813409e+01]
  [1.24758087e-04 2.04480264e+00 9.84383486e+01]
  [1.22939914e-04 1.99791549e+00 9.90825026e+01]
  [1.21849012e-04 1.98488849e+00 9.93254597e+01]]

 [[1.25934819e-04 2.02329703e+00 9.85465583e+01]
  [1.21728796e-04 1.97869691e+00 9.92495260e+01]
  [1.23403381e-04 2.01618331e+00 9.85781190e+01]
  [1.22678800e-04 1.98691101e+00 9.90741755e+01]
  [1.46791824e-04 2.01502085e+00 9.87797392e+01]
  [1.22291005e-04 1.97329204e+00 9.94553076e+01]
  [1.22617181e-04 1.99969365e+00 9.89726992e+01]
  [7.30046511e-05 1.11772264e+00 1.24685282e+02]]

 [[1.22428950e-04 1.98553954e+00 9.91740285e+01]
  [1.25792363e-04 2.06084826e+00 9.82326366e+01]
  [1.20942695e-04 1.97405473e+00 9.94190247e+01]
  [1.06848980e-04 1.72486032e+00 1.12510534e+02]
  [1.20975549e-04 1.96620512e+00 9.94646722e+01]
  [1.24705091e-04 2.04087387e+00 9.85085924e+01]
  [1.22288944e-04 1.97607764e+00 9.92422057e+01]
  [1.24054155e-04 2.01684552e+00 9.89609644e+01]]

 [[1.23101943e-04 1.99238617e+00 9.89617849e+01]
  [1.23971219e-04 2.00281152e+00 9.89849261e+01]
  [1.21604013e-04 1.97468810e+00 9.94465408e+01]
  [1.23116222e-04 2.01629519e+00 9.85985754e+01]
  [1.22210383e-04 2.00179485e+00 9.90926324e+01]
  [1.46819537e-04 2.00954876e+00 9.89286855e+01]
  [1.23987806e-04 2.02243546e+00 9.87322307e+01]
  [1.23508778e-04 2.02362732e+00 9.85449821e+01]]

 [[1.22551532e-04 1.99381450e+00 9.90736868e+01]
  [1.22699018e-04 1.99019934e+00 9.91848684e+01]
  [1.21112853e-04 1.97427897e+00 9.93671378e+01]
  [1.22458009e-04 1.97515811e+00 9.91785940e+01]
  [1.21692800e-04 1.98202011e+00 9.94640012e+01]
  [1.21693908e-04 1.97994680e+00 9.95125051e+01]
  [1.21793979e-04 1.97219161e+00 9.95775101e+01]
  [1.22811038e-04 2.00846440e+00 9.88365140e+01]]

 [[1.22600404e-04 2.00853125e+00 9.87184434e+01]
  [1.24152967e-04 2.03615791e+00 9.83686911e+01]
  [1.23637876e-04 2.02310495e+00 9.86974406e+01]
  [9.37449010e-05 1.41778320e+00 1.12979995e+02]
  [1.19569164e-04 1.94703499e+00 1.00046484e+02]
  [1.22810647e-04 1.99595359e+00 9.93262210e+01]
  [1.21825944e-04 1.97354414e+00 9.95948206e+01]
  [9.36889096e-05 5.14850724e+00 1.27974588e+02]]]

Ref Max Post Table:
[[[3.93895374e-05 2.13029355e-01 1.24299433e+02]
  [4.15351916e-05 2.10914695e-01 1.24317279e+02]
  [4.18626936e-05 2.08473340e-01 1.24522798e+02]
  [4.09554990e-05 2.12306405e-01 1.24261643e+02]]

 [[4.19205095e-05 2.08540510e-01 1.24569502e+02]
  [2.97410776e-05 1.63077516e-01 1.26887365e+02]
  [8.95267181e-05 5.14597106e+00 1.31496402e+02]
  [2.64170183e-05 1.55006283e-01 1.26347891e+02]]

 [[4.10811698e-05 2.09713083e-01 1.24360129e+02]
  [3.78800364e-05 1.00469097e-01 1.31557672e+02]
  [3.86877419e-05 2.11029163e-01 1.24006905e+02]
  [4.14116219e-05 2.10419686e-01 1.24428680e+02]]

 [[4.32215084e-05 2.10331311e-01 1.24491679e+02]
  [3.36707183e-05 1.78439007e-01 1.26261669e+02]
  [4.28158862e-05 2.11104047e-01 1.24282738e+02]
  [4.10024046e-05 2.11919545e-01 1.24337913e+02]]]

Ref Max Pull Table:
[[[3.80480883e-05 2.11908123e-01 1.24226120e+02]
  [8.95073014e-05 5.14586380e+00 1.31506955e+02]
  [3.87036134e-05 2.10494400e-01 1.24124909e+02]
  [4.39835784e-05 2.09596385e-01 1.24488208e+02]]

 [[3.78605362e-05 1.00361378e-01 1.31568270e+02]
  [3.81738593e-05 2.11774141e-01 1.24520097e+02]
  [2.54299800e-05 1.37549900e-01 1.29548405e+02]
  [3.85796964e-05 2.11910050e-01 1.24215866e+02]]

 [[3.92847660e-05 2.08249348e-01 1.24693590e+02]
  [2.45693441e-05 1.36400401e-01 1.29474253e+02]
  [2.54085319e-05 1.37529646e-01 1.29537085e+02]
  [3.83122045e-05 2.09433106e-01 1.25786585e+02]]

 [[3.84290433e-05 2.08482278e-01 1.24986311e+02]
  [3.97993073e-05 2.09298425e-01 1.24114618e+02]
  [4.14183878e-05 2.09594527e-01 1.24321883e+02]
  [3.85872139e-05 2.09710346e-01 1.24236085e+02]]]

Max Activate Table:
[[[7.46764248e-05 1.14895565e+00 1.13723680e+02 5.94997364e-03
   5.83420635e-03 2.98381524e-03 2.98381524e-03]
  [1.27927813e-04 2.01966050e+00 9.88586410e+01 5.41493139e-03
   5.09584177e-03 2.66455239e-03 2.66455239e-03]
  [1.27383573e-04 2.06042902e+00 9.84005930e+01 5.38134561e-03
   5.09054810e-03 2.65019977e-03 2.65019977e-03]
  [1.26670807e-04 2.03383446e+00 9.84881793e+01 5.40568441e-03
   5.09818510e-03 2.65978141e-03 2.65978141e-03]
  [1.23578402e-04 2.00812993e+00 9.97932992e+01 5.40574077e-03
   5.13588764e-03 2.66885921e-03 2.66885921e-03]
  [1.23814255e-04 2.01741359e+00 9.88958007e+01 5.40229472e-03
   5.10367288e-03 2.66550155e-03 2.66550155e-03]
  [4.02040793e-05 5.33637188e-01 1.24019960e+02 6.33045299e-03
   6.34074725e-03 3.20896765e-03 3.20896765e-03]
  [1.25254596e-04 2.00419726e+00 9.91240240e+01 5.42891803e-03
   5.11658927e-03 2.67014519e-03 2.67014519e-03]]

 [[9.14059780e-05 1.44750673e+00 1.08462367e+02 5.74963490e-03
   5.58846909e-03 2.87457381e-03 2.87457381e-03]
  [9.35139971e-05 5.14585692e+00 1.28081593e+02 8.31924892e-03
   5.85634470e-03 3.34004014e-03 3.34115356e-03]
  [1.24015082e-04 2.00077831e+00 9.90843843e+01 5.40740726e-03
   5.11264169e-03 2.67131788e-03 2.67131788e-03]
  [1.24523082e-04 2.01368700e+00 9.89212993e+01 5.41258217e-03
   5.13222598e-03 2.66692064e-03 2.66692064e-03]
  [1.28433311e-04 2.09972916e+00 9.77275801e+01 5.35135848e-03
   5.06964168e-03 2.63627682e-03 2.63627682e-03]
  [1.23336194e-04 1.99365665e+00 9.93361193e+01 5.43444622e-03
   5.12943181e-03 2.67409673e-03 2.67409673e-03]
  [1.25880041e-04 2.02034483e+00 9.89467100e+01 5.40214422e-03
   5.09908399e-03 2.66484485e-03 2.66484485e-03]
  [1.25404094e-04 2.00585685e+00 9.88968961e+01 5.40371141e-03
   5.18340388e-03 2.66968720e-03 2.66968720e-03]]

 [[1.23268664e-04 2.00208933e+00 9.94380951e+01 5.42497291e-03
   5.11478973e-03 2.67098586e-03 2.67098586e-03]
  [1.23480004e-04 2.00883438e+00 9.93494629e+01 5.43406727e-03
   5.11360499e-03 2.66871114e-03 2.66871114e-03]
  [1.23756901e-04 2.02110287e+00 9.88102385e+01 5.38478151e-03
   5.10430222e-03 2.66432042e-03 2.66432042e-03]
  [1.24913825e-04 2.04313913e+00 9.84376076e+01 5.39800015e-03
   5.11687448e-03 2.65646432e-03 2.65646432e-03]
  [1.23664258e-04 2.01475859e+00 9.91474229e+01 5.42730928e-03
   5.11777022e-03 2.66666471e-03 2.66666471e-03]
  [1.33371805e-04 2.00209361e+00 9.90857903e+01 5.42204449e-03
   5.12708924e-03 2.67110401e-03 2.67110401e-03]
  [1.22443655e-04 1.97393312e+00 9.99310455e+01 5.43810835e-03
   5.16399070e-03 2.68099149e-03 2.68099149e-03]
  [1.24118883e-04 2.02297311e+00 9.86310154e+01 5.40924187e-03
   5.10460685e-03 2.66359449e-03 2.66359449e-03]]

 [[1.25017311e-04 2.01259780e+00 9.89738468e+01 5.42340620e-03
   5.10992764e-03 2.66716332e-03 2.66716332e-03]
  [1.25299875e-04 2.01851024e+00 9.87144754e+01 5.40913968e-03
   5.11033407e-03 2.66506527e-03 2.66506527e-03]
  [1.23805375e-04 2.00053352e+00 9.91650090e+01 5.41920355e-03
   5.13373189e-03 2.67157416e-03 2.67157416e-03]
  [1.26424031e-04 2.01934133e+00 9.90017338e+01 5.39974182e-03
   5.14288990e-03 2.66495998e-03 2.66495998e-03]
  [1.25272009e-04 1.99535172e+00 9.99561067e+01 5.40314630e-03
   5.13815209e-03 2.67347731e-03 2.67347731e-03]
  [1.25779779e-04 2.04601015e+00 9.84355846e+01 5.40541975e-03
   5.09904361e-03 2.65550657e-03 2.65550657e-03]
  [1.23555001e-04 2.01284671e+00 9.90297608e+01 5.40039043e-03
   5.11838211e-03 2.66722064e-03 2.66722064e-03]
  [1.24936149e-04 2.02039171e+00 9.89260114e+01 5.42238908e-03
   5.10240781e-03 2.66446199e-03 2.66446199e-03]]

 [[1.25350241e-04 2.04230178e+00 9.85413464e+01 5.40411362e-03
   5.09173913e-03 2.65662594e-03 2.65662594e-03]
  [1.23933175e-04 2.01250655e+00 9.88191118e+01 5.38756391e-03
   5.12672494e-03 2.66735299e-03 2.66735299e-03]
  [1.24275704e-04 2.02980098e+00 9.87094245e+01 5.40052569e-03
   5.09656041e-03 2.66118724e-03 2.66118724e-03]
  [1.24317672e-04 2.03330553e+00 9.84753426e+01 5.37016871e-03
   5.14463203e-03 2.66008816e-03 2.66008816e-03]
  [1.23463507e-04 2.01004353e+00 9.91498052e+01 5.40553753e-03
   5.11369744e-03 2.66821706e-03 2.66821706e-03]
  [1.23508562e-04 1.99861296e+00 9.91470041e+01 5.42941138e-03
   5.12071598e-03 2.67224010e-03 2.67224010e-03]
  [9.19445506e-05 1.34379305e+00 1.33808935e+02 5.98977380e-03
   5.77395400e-03 2.90755605e-03 2.90755605e-03]
  [1.24080934e-04 2.02736996e+00 9.87420841e+01 5.42100286e-03
   5.10470438e-03 2.66209424e-03 2.66209424e-03]]

 [[1.24352903e-04 2.03196428e+00 9.91619948e+01 5.41737943e-03
   5.10130187e-03 2.66044911e-03 2.66044911e-03]
  [1.23757944e-04 2.01982523e+00 9.88310110e+01 5.40341734e-03
   5.11982536e-03 2.66481206e-03 2.66481206e-03]
  [1.38000047e-04 2.00975049e+00 9.89458877e+01 5.40016663e-03
   5.12866743e-03 2.66831922e-03 2.66831922e-03]
  [1.24703113e-04 2.01593699e+00 9.87384913e+01 5.41382515e-03
   5.11434490e-03 2.66600329e-03 2.66600329e-03]
  [1.22766224e-04 1.99756319e+00 9.96481941e+01 5.43438035e-03
   5.12829788e-03 2.67261456e-03 2.67261456e-03]
  [1.24925133e-04 2.03821143e+00 9.85749349e+01 5.38160497e-03
   5.09765052e-03 2.65817060e-03 2.65817060e-03]
  [1.23574576e-04 2.00462472e+00 9.95725142e+01 5.42108312e-03
   5.12850424e-03 2.67014391e-03 2.67014391e-03]
  [1.26396528e-04 2.01118656e+00 9.89186860e+01 5.42442434e-03
   5.12350728e-03 2.66780976e-03 2.66780976e-03]]

 [[1.24937070e-04 2.04239580e+00 9.83911205e+01 5.39833356e-03
   5.11078707e-03 2.65655417e-03 2.65655417e-03]
  [5.23184023e-05 7.34376583e-01 1.20362672e+02 6.21032780e-03
   6.22054317e-03 3.13578822e-03 3.13578822e-03]
  [1.23543186e-04 1.99975664e+00 9.92280429e+01 5.41815086e-03
   5.11741896e-03 2.67194487e-03 2.67194487e-03]
  [1.24244294e-04 2.01336906e+00 9.87355079e+01 5.41434533e-03
   5.11666436e-03 2.66703505e-03 2.66703505e-03]
  [1.23618773e-04 2.00603373e+00 9.90128044e+01 5.41156910e-03
   5.13735480e-03 2.66967195e-03 2.66967195e-03]
  [1.23385325e-04 2.00643329e+00 9.90831134e+01 5.40497330e-03
   5.14508472e-03 2.66951595e-03 2.66951595e-03]
  [1.25883581e-04 2.00432098e+00 9.90567850e+01 5.43458020e-03
   5.11524234e-03 2.67010359e-03 2.67010359e-03]
  [1.29059646e-04 2.00711882e+00 9.93284282e+01 5.40899154e-03
   5.16661354e-03 2.66928219e-03 2.66928219e-03]]

 [[1.25639562e-04 2.00427261e+00 9.90787580e+01 5.43618732e-03
   5.11034462e-03 2.66997854e-03 2.66997854e-03]
  [1.23549763e-04 1.98256040e+00 9.92451589e+01 5.44800252e-03
   5.16330535e-03 2.67792387e-03 2.67792387e-03]
  [1.27124968e-04 2.01119809e+00 9.88731866e+01 5.40767371e-03
   5.11724168e-03 2.66773494e-03 2.66773494e-03]
  [1.27089093e-04 2.04347942e+00 9.82727108e+01 5.40327754e-03
   5.11523399e-03 2.65628544e-03 2.65628544e-03]
  [1.24264288e-04 2.00400284e+00 9.90193115e+01 5.41858378e-03
   5.12471589e-03 2.67038952e-03 2.67038952e-03]
  [1.24300275e-04 2.01893992e+00 9.88444842e+01 5.39013368e-03
   5.13362351e-03 2.66504952e-03 2.66504952e-03]
  [1.24189805e-04 1.98985078e+00 9.91797315e+01 5.41092446e-03
   5.21761765e-03 2.67532070e-03 2.67532070e-03]
  [1.23894443e-04 2.00461934e+00 9.90276029e+01 5.43057151e-03
   5.13305836e-03 2.67015499e-03 2.67015499e-03]]]

Cumulative Reward: 5745.191201124596
