Scheduler Table:
[[[4.61521907e-06 1.52732401e-02 1.19580325e+01 3.59557367e-04
   4.26212847e-03 5.70655381e-04 5.70655381e-04]
  [6.54555293e-06 1.52014648e-02 1.20015724e+01 3.59680542e-04
   4.25573398e-03 5.70776202e-04 5.70776202e-04]
  [3.46468396e-06 1.52710410e-02 1.20099985e+01 3.59662557e-04
   4.26527255e-03 5.70984303e-04 5.70984303e-04]]

 [[4.00513642e-06 1.52993986e-02 1.19436801e+01 3.59919392e-04
   4.21523734e-03 5.70691374e-04 5.70691374e-04]
  [4.14557371e-06 1.50327808e-02 1.21626565e+01 3.60243126e-04
   4.19274174e-03 5.70678780e-04 5.70678780e-04]
  [4.22018615e-06 1.26301792e-02 1.32754158e+01 3.58398293e-04
   4.41645590e-03 5.69076939e-04 5.78035553e-04]]

 [[3.83863255e-06 1.52339298e-02 1.19689885e+01 3.60061825e-04
   4.20914235e-03 5.70711867e-04 5.70711867e-04]
  [6.70162448e-06 1.26309298e-02 1.33020657e+01 3.58917593e-04
   4.27988568e-03 5.70726419e-04 5.70726419e-04]
  [3.49991378e-06 1.52427606e-02 1.20007586e+01 3.59931039e-04
   4.21421985e-03 5.70654269e-04 5.70654269e-04]]]

Buffer Table:
[[[6.80002265e-06 1.52038404e-02 1.20131612e+01 3.59876735e-04
   4.22502928e-03 5.70688390e-04 5.70688390e-04]
  [3.88653357e-06 1.52679325e-02 1.20019299e+01 3.59823008e-04
   4.24534098e-03 5.70928784e-04 5.70928784e-04]
  [7.54303029e-06 1.27111934e-02 1.32920049e+01 3.58719271e-04
   4.31079540e-03 5.71084407e-04 5.71084407e-04]]

 [[4.53970537e-06 1.27097238e-02 1.33330096e+01 3.58764491e-04
   4.38795953e-03 5.69213980e-04 5.78172594e-04]
  [4.06538033e-06 1.52451507e-02 1.20036452e+01 3.59624995e-04
   4.26539677e-03 5.70738418e-04 5.70738418e-04]
  [4.14079142e-06 1.52045527e-02 1.19705315e+01 3.59807001e-04
   4.24571505e-03 5.71007961e-04 5.71007961e-04]]

 [[3.77364051e-06 1.52076227e-02 1.20089801e+01 3.59758293e-04
   4.23073792e-03 5.70655733e-04 5.70655733e-04]
  [3.92932746e-06 1.27103396e-02 1.32429508e+01 3.58922017e-04
   4.27892246e-03 5.70499319e-04 5.70499319e-04]
  [4.10728694e-06 1.51828058e-02 1.19846361e+01 3.60182856e-04
   4.20152999e-03 5.70873553e-04 5.70873553e-04]]]

Arbiter Table:
[[[5.85068317e-06 1.25594758e-02 1.32887632e+01 3.58657626e-04
   4.39229986e-03 5.68839453e-04 5.77798067e-04]
  [3.55420107e-06 1.51618641e-02 1.20335517e+01 3.59725957e-04
   4.24170421e-03 5.70621767e-04 5.70621767e-04]
  [3.92501886e-06 1.51968708e-02 1.20111170e+01 3.60140465e-04
   4.20407754e-03 5.70737348e-04 5.70737348e-04]]

 [[3.33642621e-06 1.48667550e-02 1.22662128e+01 3.60123718e-04
   4.21360663e-03 5.70735750e-04 5.70735750e-04]
  [3.47560814e-06 1.53134465e-02 1.19624303e+01 3.59864901e-04
   4.23202620e-03 5.70604356e-04 5.70604356e-04]
  [4.65335507e-06 1.52671635e-02 1.19848062e+01 3.59973151e-04
   4.22350973e-03 5.70941416e-04 5.70941416e-04]]

 [[3.80181707e-06 1.49311636e-02 1.22334193e+01 3.60145630e-04
   4.20506526e-03 5.70607293e-04 5.70607293e-04]
  [7.04389666e-06 1.52703679e-02 1.19965115e+01 3.59860308e-04
   4.21836343e-03 5.70556483e-04 5.70556483e-04]
  [4.88630744e-06 1.52621704e-02 1.19890898e+01 3.59973300e-04
   4.22557605e-03 5.70875240e-04 5.70875240e-04]]]

Page Table:
[[[7.24903568e-06 1.71414423e-02 1.20311222e+01 3.59547584e-04
   4.25133702e-03 5.70721167e-04 5.70721167e-04]
  [4.36074513e-06 1.54963380e-02 1.24571200e+01 3.59981439e-04
   4.20491522e-03 5.70592803e-04 5.70592803e-04]
  [3.77571391e-06 1.71633565e-02 1.18873610e+01 3.59892148e-04
   4.20347273e-03 5.70492123e-04 5.70492123e-04]
  [4.10660215e-06 1.68700978e-02 1.20404687e+01 3.59614997e-04
   4.26763842e-03 5.70833749e-04 5.70833749e-04]]

 [[7.70661740e-06 1.65272626e-02 1.21015823e+01 3.59661040e-04
   4.23691170e-03 5.70728757e-04 5.70728757e-04]
  [6.06722926e-06 1.27342019e-02 1.32379646e+01 3.58703212e-04
   4.39049340e-03 5.68809558e-04 5.77768172e-04]
  [8.07035137e-06 1.67856737e-02 1.19010927e+01 3.59674202e-04
   4.22601065e-03 5.70421117e-04 5.70421117e-04]
  [3.78147472e-06 1.65977696e-02 1.20250969e+01 3.59950239e-04
   4.21381793e-03 5.70637173e-04 5.70637173e-04]]

 [[4.34706371e-06 1.66966243e-02 1.20938971e+01 3.60036293e-04
   4.20296250e-03 5.70607169e-04 5.70607169e-04]
  [4.13238434e-06 1.67731769e-02 1.20200967e+01 3.59757173e-04
   4.23299555e-03 5.70685077e-04 5.70685077e-04]
  [3.80423771e-06 1.69460835e-02 1.18976704e+01 3.59302947e-04
   4.26147822e-03 5.70426738e-04 5.70426738e-04]
  [4.18071113e-06 1.68668781e-02 1.20111212e+01 3.59758532e-04
   4.22890631e-03 5.70572297e-04 5.70572297e-04]]

 [[3.88003350e-06 1.66902890e-02 1.20617361e+01 3.59579387e-04
   4.26323843e-03 5.71079063e-04 5.71079063e-04]
  [4.41269316e-06 1.66244252e-02 1.20236004e+01 3.59796767e-04
   4.21995597e-03 5.70596659e-04 5.70596659e-04]
  [3.77241801e-06 1.69037608e-02 1.18822732e+01 3.59544439e-04
   4.25766587e-03 5.70708833e-04 5.70708833e-04]
  [3.81892095e-06 1.67051468e-02 1.20046616e+01 3.59755012e-04
   4.24141606e-03 5.70553396e-04 5.70553396e-04]]]

Response Table:
[[[7.50567172e-06 1.46087001e-02 1.19844544e+01]
  [3.75152478e-06 1.45595412e-02 1.19976571e+01]]

 [[4.08531241e-06 1.45570408e-02 1.19988887e+01]
  [5.85049967e-06 1.25593013e-02 1.32888618e+01]]]

Refresh Table:
[[[5.85049967e-06 1.25593013e-02 1.32888618e+01]
  [6.33285412e-06 1.45284458e-02 1.19864359e+01]]

 [[4.63953073e-06 1.46529111e-02 1.19987565e+01]
  [3.73868947e-06 1.44913679e-02 1.20161239e+01]]]

Request Buffer Table:
[[[9.70805124e-06 8.02477855e-02 1.04619591e+01]
  [1.01952195e-05 8.10208483e-02 1.04636052e+01]
  [1.01397509e-05 7.95328871e-02 1.05148024e+01]
  [1.02314742e-05 7.96709337e-02 1.05346598e+01]
  [9.99038487e-06 8.10811606e-02 1.05070902e+01]
  [9.94841919e-06 8.00696436e-02 1.05545797e+01]
  [8.64336319e-06 5.98239836e-02 1.12045267e+01]
  [1.00774796e-05 8.19991977e-02 1.05159254e+01]]

 [[9.64602234e-06 7.89994052e-02 1.04883935e+01]
  [1.01884369e-05 8.43774344e-02 1.03942436e+01]
  [1.12387404e-05 8.32036207e-02 1.04067270e+01]
  [1.08210014e-05 8.12212310e-02 1.04851693e+01]
  [1.01061541e-05 8.22351742e-02 1.04704359e+01]
  [1.03735270e-05 8.05739927e-02 1.05073424e+01]
  [9.11258023e-06 6.50032450e-02 1.09819254e+01]
  [1.01849028e-05 8.31262761e-02 1.04353638e+01]]

 [[1.04445955e-05 8.55831907e-02 1.03730737e+01]
  [1.03547844e-05 8.16626452e-02 1.04599422e+01]
  [1.03762698e-05 8.21188076e-02 1.04680538e+01]
  [1.09618387e-05 8.74570804e-02 1.03288582e+01]
  [9.77133882e-06 7.97344871e-02 1.05650811e+01]
  [1.04070939e-05 8.52003947e-02 1.03881779e+01]
  [9.44307772e-06 7.13587100e-02 1.07455826e+01]
  [9.80493984e-06 7.93764490e-02 1.05457957e+01]]

 [[9.77806716e-06 8.01119721e-02 1.04820538e+01]
  [9.96929000e-06 8.23455658e-02 1.04126626e+01]
  [1.51443702e-05 8.45407951e-02 1.04019565e+01]
  [1.11256447e-05 8.39789570e-02 1.04171073e+01]
  [1.01186986e-05 8.06458549e-02 1.05580163e+01]
  [1.26909665e-05 8.35891181e-02 1.04396288e+01]
  [1.18294183e-05 7.07194507e-02 1.07302387e+01]
  [1.05086172e-05 8.21060331e-02 1.05004752e+01]]

 [[9.87329566e-06 7.95688931e-02 1.04750593e+01]
  [9.72178094e-06 7.87659034e-02 1.05344845e+01]
  [1.00301266e-05 8.15903428e-02 1.04408614e+01]
  [1.05321848e-05 7.88851954e-02 1.05566229e+01]
  [1.01204394e-05 8.24596083e-02 1.05118005e+01]
  [1.01823540e-05 8.32676270e-02 1.04536637e+01]
  [9.82493619e-06 6.92719641e-02 1.08221471e+01]
  [1.06024512e-05 8.15018547e-02 1.05376784e+01]]

 [[1.00079714e-05 8.12576278e-02 1.04373208e+01]
  [1.01762308e-05 8.14985013e-02 1.04352241e+01]
  [1.00523172e-05 8.26884131e-02 1.04159017e+01]
  [1.03292773e-05 8.11442825e-02 1.05135323e+01]
  [1.00010770e-05 8.26589022e-02 1.04550736e+01]
  [1.13101602e-05 8.21823962e-02 1.05144857e+01]
  [9.33016884e-06 7.09154629e-02 1.07611128e+01]
  [1.35299854e-05 8.20364293e-02 1.05053355e+01]]

 [[9.08760980e-06 7.23363354e-02 1.06897536e+01]
  [1.12573562e-05 7.13670392e-02 1.06973108e+01]
  [9.82554589e-06 7.64370305e-02 1.05934242e+01]
  [9.54658657e-06 7.65200907e-02 1.05894444e+01]
  [9.28051097e-06 7.53118729e-02 1.06043030e+01]
  [9.81630100e-06 7.65595628e-02 1.05776683e+01]
  [5.86238290e-06 1.26777850e-02 1.32841072e+01]
  [9.59965985e-06 7.63994773e-02 1.06087367e+01]]

 [[9.78546569e-06 7.97126479e-02 1.04687181e+01]
  [1.06506292e-05 8.37596008e-02 1.03714600e+01]
  [9.98788573e-06 8.13789791e-02 1.04701864e+01]
  [1.05836381e-05 8.51559239e-02 1.03974007e+01]
  [9.83230213e-06 8.06184826e-02 1.04970687e+01]
  [1.03696477e-05 8.29545793e-02 1.04750063e+01]
  [9.46691331e-06 7.06075719e-02 1.07732772e+01]
  [1.00264660e-05 8.13763219e-02 1.05392811e+01]]]

Ref Max Post Table:
[[[4.12443461e-06 1.68287448e-02 1.19970230e+01]
  [5.49191486e-06 1.67138705e-02 1.20000843e+01]
  [8.89849735e-06 1.68246523e-02 1.20037587e+01]
  [4.21357423e-06 1.64334853e-02 1.21514617e+01]]

 [[4.29649733e-06 1.67488981e-02 1.19965734e+01]
  [4.32694182e-06 1.66197281e-02 1.19859838e+01]
  [4.13759360e-06 1.66901196e-02 1.20369505e+01]
  [4.54826931e-06 1.67558527e-02 1.19741539e+01]]

 [[4.48005008e-06 1.68874809e-02 1.19875533e+01]
  [4.84470514e-06 1.67231959e-02 1.20013545e+01]
  [4.15049202e-06 1.67981395e-02 1.20099120e+01]
  [3.45825622e-06 1.63974619e-02 1.21677157e+01]]

 [[4.89641955e-06 1.67630131e-02 1.20039642e+01]
  [4.15976087e-06 1.65936136e-02 1.20301226e+01]
  [4.20164074e-06 1.69248796e-02 1.20069937e+01]
  [5.84783668e-06 1.25638997e-02 1.32874036e+01]]]

Ref Max Pull Table:
[[[3.68916031e-06 1.67315134e-02 1.19939272e+01]
  [4.19335345e-06 1.67557982e-02 1.20057657e+01]
  [4.23622116e-06 1.68040493e-02 1.20457525e+01]
  [4.68899407e-06 1.65898902e-02 1.19897737e+01]]

 [[3.76092746e-06 1.67238485e-02 1.20122313e+01]
  [5.84393179e-06 1.25758705e-02 1.32830589e+01]
  [4.28337307e-06 1.68204068e-02 1.19918320e+01]
  [4.95758946e-06 1.67106380e-02 1.19961700e+01]]

 [[3.77207534e-06 1.69226912e-02 1.19924228e+01]
  [5.37402409e-06 1.68447091e-02 1.20054140e+01]
  [3.97656141e-06 1.69468174e-02 1.19965451e+01]
  [4.50464159e-06 1.66437775e-02 1.20220914e+01]]

 [[8.02151533e-06 1.66228283e-02 1.19927500e+01]
  [5.37507813e-06 1.64526646e-02 1.21854429e+01]
  [4.34993877e-06 1.67605521e-02 1.20087525e+01]
  [4.84761511e-06 1.67006694e-02 1.20010576e+01]]]

Max Activate Table:
[[[1.01993239e-05 8.77270162e-02 1.03285107e+01 3.10636902e-04
   3.68213274e-03 4.93226636e-04 4.93226636e-04]
  [9.61694199e-06 7.88035249e-02 1.05360564e+01 3.17206175e-04
   3.70316070e-03 5.02769391e-04 5.02769391e-04]
  [1.07462098e-05 8.78016538e-02 1.03465728e+01 3.10899268e-04
   3.65769715e-03 4.93243457e-04 4.93243457e-04]
  [1.02796678e-05 8.17599180e-02 1.04820234e+01 3.15016829e-04
   3.68623025e-03 4.99520894e-04 4.99520894e-04]
  [1.01268690e-05 8.55139268e-02 1.04326505e+01 3.12728577e-04
   3.64796616e-03 4.95601028e-04 4.95601028e-04]
  [1.08098646e-05 7.08190432e-02 1.07458143e+01 3.22014019e-04
   3.83147046e-03 5.11429097e-04 5.11429097e-04]
  [9.85010393e-06 8.31541938e-02 1.04912698e+01 3.13880896e-04
   3.70625999e-03 4.98118402e-04 4.98118402e-04]
  [1.03521669e-05 8.44052124e-02 1.04408647e+01 3.13131942e-04
   3.69084410e-03 4.96736698e-04 4.96736698e-04]]

 [[1.00633364e-05 8.48765540e-02 1.03470398e+01 3.12866203e-04
   3.67584073e-03 4.96254763e-04 4.96254763e-04]
  [1.38199399e-05 8.77808882e-02 1.03556874e+01 3.10834379e-04
   3.67242101e-03 4.93258310e-04 4.93258310e-04]
  [1.08726012e-05 8.91953678e-02 1.03391280e+01 3.09815859e-04
   3.66308297e-03 4.91779639e-04 4.91779639e-04]
  [1.05489028e-05 8.83042359e-02 1.03679759e+01 3.11114939e-04
   3.61556744e-03 4.92726679e-04 4.92726679e-04]
  [1.00820439e-05 7.77459194e-02 1.05828280e+01 3.17674472e-04
   3.71701493e-03 5.03569482e-04 5.03569482e-04]
  [1.05638221e-05 7.14509618e-02 1.07328962e+01 3.21726393e-04
   3.80175973e-03 5.10484109e-04 5.10484109e-04]
  [1.00789881e-05 8.13059033e-02 1.05569072e+01 3.15241593e-04
   3.72038020e-03 5.00272569e-04 5.00272569e-04]
  [9.68922258e-06 8.19618726e-02 1.04942479e+01 3.14520964e-04
   3.74878730e-03 4.99578629e-04 4.99578629e-04]]

 [[9.78701837e-06 8.43544695e-02 1.04151847e+01 3.13123224e-04
   3.68840827e-03 4.96794377e-04 4.96794377e-04]
  [1.07225141e-05 8.45571590e-02 1.03934894e+01 3.12791451e-04
   3.72046554e-03 4.96684830e-04 4.96684830e-04]
  [9.76682218e-06 8.15487409e-02 1.04917109e+01 3.14999714e-04
   3.72595394e-03 4.99913986e-04 4.99913986e-04]
  [1.05460996e-05 8.44319247e-02 1.04340623e+01 3.13028382e-04
   3.70439241e-03 4.96715002e-04 4.96715002e-04]
  [9.89824675e-06 8.24706309e-02 1.04839191e+01 3.14552596e-04
   3.68475532e-03 4.98670440e-04 4.98670440e-04]
  [1.28198245e-05 7.01424795e-02 1.07661536e+01 3.22400976e-04
   3.82564517e-03 5.11989403e-04 5.11989403e-04]
  [9.78518530e-06 8.12428867e-02 1.05108528e+01 3.14992563e-04
   3.75113867e-03 5.00174477e-04 5.00174477e-04]
  [1.07353869e-05 8.75984884e-02 1.03657217e+01 3.11047850e-04
   3.66043388e-03 4.93412461e-04 4.93412461e-04]]

 [[1.13491482e-05 8.27861054e-02 1.04168338e+01 3.14032103e-04
   3.72602300e-03 4.98552395e-04 4.98552395e-04]
  [9.88060984e-06 8.14630802e-02 1.04655122e+01 3.15177087e-04
   3.70727875e-03 4.99833548e-04 4.99833548e-04]
  [9.45923807e-06 7.90116748e-02 1.05696054e+01 3.17015804e-04
   3.69753358e-03 5.02474091e-04 5.02474091e-04]
  [1.22001437e-05 8.48348893e-02 1.04014131e+01 3.12860502e-04
   3.68790075e-03 4.96297135e-04 4.96297135e-04]
  [1.05012503e-05 7.88279995e-02 1.06300011e+01 3.17155840e-04
   3.71781795e-03 5.02775736e-04 5.02775736e-04]
  [8.79821198e-06 7.14439080e-02 1.07635387e+01 3.21989296e-04
   3.77842012e-03 5.10593953e-04 5.10593953e-04]
  [1.00116458e-05 8.48412667e-02 1.04363056e+01 3.12804859e-04
   3.68562734e-03 4.96336844e-04 4.96336844e-04]
  [9.87956194e-06 8.29957936e-02 1.04946953e+01 3.14098535e-04
   3.68748048e-03 4.98187033e-04 4.98187033e-04]]

 [[9.74109656e-06 8.30332679e-02 1.04288561e+01 3.14124267e-04
   3.68136840e-03 4.97935821e-04 4.97935821e-04]
  [1.03084304e-05 8.41100616e-02 1.04102577e+01 3.13519915e-04
   3.67077824e-03 4.96914653e-04 4.96914653e-04]
  [1.02770004e-05 8.11765110e-02 1.04997681e+01 3.15113231e-04
   3.72926708e-03 5.00201736e-04 5.00201736e-04]
  [1.00199640e-05 8.08885786e-02 1.05133327e+01 3.15424896e-04
   3.72315172e-03 5.00570876e-04 5.00570876e-04]
  [1.02402099e-05 8.53023537e-02 1.04066857e+01 3.12385958e-04
   3.67290548e-03 4.95639029e-04 4.95639029e-04]
  [1.12197574e-05 6.85791979e-02 1.08641351e+01 3.23386229e-04
   3.85150889e-03 5.13624900e-04 5.13624900e-04]
  [9.39447789e-06 7.82982867e-02 1.05432778e+01 3.17143783e-04
   3.74176765e-03 5.03241452e-04 5.03241452e-04]
  [9.94108852e-06 8.43292464e-02 1.04726232e+01 3.13316690e-04
   3.67532567e-03 4.96784895e-04 4.96784895e-04]]

 [[9.68629189e-06 7.41424531e-02 1.06085468e+01 3.19969645e-04
   3.78438037e-03 5.08004115e-04 5.08004115e-04]
  [1.01096508e-05 7.62806372e-02 1.06112675e+01 3.18610116e-04
   3.74280878e-03 5.05381503e-04 5.05381503e-04]
  [9.44857255e-06 7.73550957e-02 1.05731458e+01 3.17971201e-04
   3.74848029e-03 5.04255839e-04 5.04255839e-04]
  [9.77378201e-06 7.63315039e-02 1.06132830e+01 3.18478152e-04
   3.75675168e-03 5.05357397e-04 5.05357397e-04]
  [1.00448705e-05 7.56850160e-02 1.06760925e+01 3.19016709e-04
   3.75042587e-03 5.06103595e-04 5.06103595e-04]
  [5.85049967e-06 1.25593013e-02 1.32888618e+01 3.58657598e-04
   4.39230526e-03 5.68839483e-04 5.77798097e-04]
  [9.16502269e-06 7.54398234e-02 1.06480990e+01 3.19146531e-04
   3.75245879e-03 5.06243972e-04 5.06243972e-04]
  [9.17269495e-06 7.62000731e-02 1.06381661e+01 3.18389470e-04
   3.77467868e-03 5.05343563e-04 5.05343563e-04]]

 [[9.53376880e-06 8.04363231e-02 1.04574309e+01 3.15935778e-04
   3.70551031e-03 5.00995514e-04 5.00995514e-04]
  [1.00899542e-05 7.88077866e-02 1.05449612e+01 3.17162413e-04
   3.70931558e-03 5.02738494e-04 5.02738494e-04]
  [1.01254356e-05 8.37183477e-02 1.04609567e+01 3.13789873e-04
   3.66717626e-03 4.97311950e-04 4.97311950e-04]
  [1.00024406e-05 8.01982171e-02 1.05308297e+01 3.16227579e-04
   3.69406854e-03 5.01218175e-04 5.01218175e-04]
  [1.05339158e-05 9.17587987e-02 1.02327061e+01 3.07833477e-04
   3.64973964e-03 4.88747692e-04 4.88747692e-04]
  [8.63805207e-06 7.08300721e-02 1.07294758e+01 3.22083230e-04
   3.80726059e-03 5.11418495e-04 5.11418495e-04]
  [1.06580335e-05 8.32022498e-02 1.04777669e+01 3.13842160e-04
   3.70581683e-03 4.97973187e-04 4.97973187e-04]
  [1.00105971e-05 8.23589585e-02 1.05038962e+01 3.14164057e-04
   3.74180525e-03 4.99097526e-04 4.99097526e-04]]

 [[9.85737715e-06 8.06385555e-02 1.04871507e+01 3.15505334e-04
   3.73654959e-03 5.00769193e-04 5.00769193e-04]
  [1.04379738e-05 8.52291483e-02 1.03876126e+01 3.12752697e-04
   3.65964306e-03 4.95855067e-04 4.95855067e-04]
  [1.38314277e-05 8.32882839e-02 1.04783461e+01 3.13497085e-04
   3.74654043e-03 4.98221466e-04 4.98221466e-04]
  [1.02148463e-05 8.15926948e-02 1.04981297e+01 3.14819725e-04
   3.72325889e-03 4.99787373e-04 4.99787373e-04]
  [9.91164023e-06 8.16833006e-02 1.05211258e+01 3.15041861e-04
   3.68113956e-03 4.99178367e-04 4.99178367e-04]
  [8.67120939e-06 7.15071314e-02 1.07204504e+01 3.22029807e-04
   3.77138659e-03 5.10346037e-04 5.10346037e-04]
  [9.57590152e-06 7.98884749e-02 1.05499691e+01 3.15738798e-04
   3.77537783e-03 5.01807423e-04 5.01807423e-04]
  [9.92686583e-06 8.30140075e-02 1.04708385e+01 3.13929560e-04
   3.72480908e-03 4.98299418e-04 4.98299418e-04]]]

Cumulative Reward: 3320.376757513084
