Scheduler Table:
[[[1.03934099e-05 3.48834975e-02 3.76358411e+01 6.70517690e-04
   1.89115650e-01 7.43459671e-03 7.43459671e-03]
  [1.12178598e-05 3.46548399e-02 3.79551343e+01 6.70550300e-04
   1.91687914e-01 7.43568209e-03 7.43568209e-03]
  [1.04616205e-05 3.48233067e-02 3.78356423e+01 6.70496769e-04
   1.88158070e-01 7.39465946e-03 7.39465946e-03]]

 [[1.25030571e-05 3.49750682e-02 3.76159638e+01 6.70593631e-04
   1.91506552e-01 7.43223399e-03 7.43223399e-03]
  [1.19109468e-05 3.46779721e-02 3.80486275e+01 6.70620245e-04
   1.87056010e-01 7.41191934e-03 7.41191934e-03]
  [1.04260507e-05 3.30305153e-02 4.06544609e+01 6.70521877e-04
   1.86595624e-01 7.38994625e-03 7.38994625e-03]]

 [[9.96409258e-06 3.47355646e-02 3.77885740e+01 6.70465254e-04
   1.91050642e-01 7.40751295e-03 7.40751295e-03]
  [1.08683955e-05 3.45088870e-02 3.82030283e+01 6.70548843e-04
   1.85898764e-01 7.40520706e-03 7.40520706e-03]
  [1.13052189e-06 2.33781549e-02 5.15336665e+01 6.69855716e-04
   2.45247650e-01 7.48034674e-03 7.77246697e-03]]]

Buffer Table:
[[[9.48502235e-06 3.37094385e-02 3.92806657e+01 6.70521934e-04
   1.96018344e-01 7.44965985e-03 7.44965985e-03]
  [1.04394684e-05 3.47455527e-02 3.79209978e+01 6.70525457e-04
   1.86708674e-01 7.43598508e-03 7.43598508e-03]
  [3.76275534e-06 2.41736530e-02 5.12415338e+01 6.70375961e-04
   1.88784545e-01 7.46756806e-03 7.46756806e-03]]

 [[3.74905121e-06 2.41639482e-02 5.13360272e+01 6.70388929e-04
   2.36090169e-01 7.43783022e-03 7.72995045e-03]
  [9.86586584e-06 3.46170004e-02 3.79474698e+01 6.70488329e-04
   1.89502594e-01 7.43629200e-03 7.43629200e-03]
  [1.50029704e-05 3.46841573e-02 3.76516510e+01 6.70592828e-04
   1.86385632e-01 7.37517847e-03 7.37517847e-03]]

 [[1.00863967e-05 3.48145561e-02 3.78954591e+01 6.70532519e-04
   1.87467142e-01 7.40296232e-03 7.40296232e-03]
  [3.76295997e-06 2.41813444e-02 5.11427097e+01 6.70381272e-04
   1.88910498e-01 7.47203019e-03 7.47203019e-03]
  [1.13001991e-05 3.46886165e-02 3.76785196e+01 6.70519065e-04
   1.89551420e-01 7.39718872e-03 7.39718872e-03]]]

Arbiter Table:
[[[1.10632231e-06 2.33214704e-02 5.16091574e+01 6.69859691e-04
   2.45126257e-01 7.47888763e-03 7.77100786e-03]
  [1.00811161e-05 3.45923999e-02 3.81980804e+01 6.70455147e-04
   1.87328612e-01 7.40489445e-03 7.40489445e-03]
  [1.09735649e-05 3.46271896e-02 3.80788273e+01 6.70624900e-04
   1.87618369e-01 7.43124534e-03 7.43124534e-03]]

 [[9.90078043e-06 3.33119254e-02 4.03935754e+01 6.70438154e-04
   1.86402562e-01 7.42991417e-03 7.42991417e-03]
  [1.02190031e-05 3.50338476e-02 3.76238158e+01 6.70470068e-04
   1.88539438e-01 7.41440515e-03 7.41440515e-03]
  [1.15397017e-05 3.49012126e-02 3.77415874e+01 6.70562965e-04
   1.88723870e-01 7.39605400e-03 7.39605400e-03]]

 [[1.12118895e-05 3.34949591e-02 4.02172142e+01 6.70525023e-04
   1.87874033e-01 7.44530044e-03 7.44530044e-03]
  [1.41858491e-05 3.49061727e-02 3.78822950e+01 6.70504847e-04
   1.94041121e-01 7.41211044e-03 7.41211044e-03]
  [1.07496813e-05 3.49326187e-02 3.76289935e+01 6.70488555e-04
   1.92516894e-01 7.42062493e-03 7.42062493e-03]]]

Page Table:
[[[1.47214713e-05 5.55068695e-02 3.91381535e+01 6.62639080e-04
   1.86592659e-01 7.31406133e-03 7.31406133e-03]
  [2.45055854e-06 2.36907361e-02 5.16017168e+01 6.70143595e-04
   2.39851507e-01 7.45922512e-03 7.75134535e-03]
  [1.49695501e-05 5.85144523e-02 3.67669223e+01 6.61704407e-04
   1.95116561e-01 7.29262753e-03 7.29262753e-03]
  [1.50288408e-05 5.80584122e-02 3.76941482e+01 6.61772851e-04
   1.92185805e-01 7.30151610e-03 7.30151610e-03]]

 [[2.45504922e-06 2.36923751e-02 5.15889310e+01 6.70167289e-04
   1.91068542e-01 7.49371553e-03 7.49371553e-03]
  [1.45570488e-05 5.65205029e-02 3.75473214e+01 6.62340557e-04
   1.85630400e-01 7.30901302e-03 7.30901302e-03]
  [1.45706472e-05 5.78421314e-02 3.65085297e+01 6.61960056e-04
   1.88082011e-01 7.33517341e-03 7.33517341e-03]
  [1.56212944e-05 5.67485279e-02 3.75996670e+01 6.62193687e-04
   1.87427467e-01 7.32081440e-03 7.32081440e-03]]

 [[1.38778153e-05 5.19641518e-02 4.03323645e+01 6.63591536e-04
   1.90691362e-01 7.35171155e-03 7.35171155e-03]
  [1.48994203e-05 5.77932984e-02 3.75217968e+01 6.62011746e-04
   1.87584484e-01 7.30489546e-03 7.30489546e-03]
  [1.47220846e-05 5.82014048e-02 3.66513655e+01 6.61866179e-04
   1.88577930e-01 7.31307843e-03 7.31307843e-03]
  [1.47794622e-05 5.84917722e-02 3.75172441e+01 6.61688280e-04
   1.88522698e-01 7.31967004e-03 7.31967004e-03]]

 [[1.83003499e-05 5.79234466e-02 3.76604208e+01 6.61909542e-04
   1.90603367e-01 7.33790288e-03 7.33790288e-03]
  [1.40234896e-05 5.34464388e-02 3.91951019e+01 6.63065372e-04
   1.91578869e-01 7.33964222e-03 7.33964222e-03]
  [1.47711756e-05 5.83726218e-02 3.65957976e+01 6.61721462e-04
   1.89624948e-01 7.30788684e-03 7.30788684e-03]
  [1.51414468e-05 5.76635182e-02 3.74092330e+01 6.61966489e-04
   1.87936023e-01 7.32356717e-03 7.32356717e-03]]]

Response Table:
[[[8.47832468e-06 3.01823758e-02 3.77572819e+01]
  [9.15551642e-06 3.01133130e-02 3.79173048e+01]]

 [[8.60014629e-06 3.01111886e-02 3.79184533e+01]
  [1.10630488e-06 2.33214400e-02 5.16092071e+01]]]

Refresh Table:
[[[1.10630489e-06 2.33214400e-02 5.16092071e+01]
  [8.38136330e-06 3.00937853e-02 3.79374106e+01]]

 [[8.77254050e-06 3.02323319e-02 3.79413832e+01]
  [8.57259959e-06 3.00519129e-02 3.78172953e+01]]]

Request Buffer Table:
[[[2.83887418e-05 1.50827213e-01 2.46240551e+01]
  [2.83199848e-05 1.51780384e-01 2.46357108e+01]
  [2.84612241e-05 1.48617184e-01 2.51388293e+01]
  [2.88352887e-05 1.49252186e-01 2.51742971e+01]
  [2.85268059e-05 1.53522969e-01 2.46997062e+01]
  [2.78819897e-05 1.50884096e-01 2.50480792e+01]
  [3.14006135e-05 1.52480034e-01 2.48586070e+01]
  [2.27068023e-05 1.21616138e-01 3.02240274e+01]]

 [[3.28005771e-05 1.48908783e-01 2.48864233e+01]
  [2.87389944e-05 1.53959268e-01 2.44418466e+01]
  [3.30124921e-05 1.51011930e-01 2.47902878e+01]
  [2.88143265e-05 1.52749901e-01 2.47524129e+01]
  [2.79365985e-05 1.49754470e-01 2.49521256e+01]
  [2.79679230e-05 1.51346077e-01 2.46845673e+01]
  [2.86222357e-05 1.52037745e-01 2.48325561e+01]
  [2.45542112e-05 1.31045765e-01 2.80492304e+01]]

 [[2.88858353e-05 1.54096801e-01 2.45294205e+01]
  [2.79425805e-05 1.49777257e-01 2.49389065e+01]
  [2.81467721e-05 1.49444411e-01 2.52400099e+01]
  [3.09295691e-05 1.54156812e-01 2.44388649e+01]
  [2.80206553e-05 1.50067485e-01 2.52005051e+01]
  [2.87814686e-05 1.54541255e-01 2.44155641e+01]
  [3.26502175e-05 1.53614949e-01 2.46555793e+01]
  [2.64245073e-05 1.41599285e-01 2.60815214e+01]]

 [[2.83244683e-05 1.50663824e-01 2.48002514e+01]
  [2.82255112e-05 1.52734662e-01 2.43466303e+01]
  [2.81250479e-05 1.50755820e-01 2.50788457e+01]
  [2.83350398e-05 1.54797627e-01 2.44585451e+01]
  [3.27907646e-05 1.49762107e-01 2.53751750e+01]
  [2.84105852e-05 1.52949888e-01 2.45589519e+01]
  [2.97491989e-05 1.56956335e-01 2.42845944e+01]
  [2.61801271e-05 1.40515364e-01 2.59795765e+01]]

 [[2.86793892e-05 1.50643003e-01 2.45599303e+01]
  [2.75038282e-05 1.47546138e-01 2.51976498e+01]
  [2.86153754e-05 1.48784308e-01 2.49586153e+01]
  [2.73292226e-05 1.48491403e-01 2.53320117e+01]
  [2.86953156e-05 1.50745362e-01 2.51880506e+01]
  [2.85662175e-05 1.51905778e-01 2.47538181e+01]
  [2.85501721e-05 1.52411807e-01 2.49551697e+01]
  [2.63040583e-05 1.41196104e-01 2.60877670e+01]]

 [[3.00401167e-05 1.50792760e-01 2.46619288e+01]
  [2.78438216e-05 1.50391446e-01 2.46840451e+01]
  [2.83822794e-05 1.52338399e-01 2.45561369e+01]
  [2.78474514e-05 1.51569524e-01 2.49898519e+01]
  [2.87171504e-05 1.53998570e-01 2.45389642e+01]
  [2.77448945e-05 1.50983277e-01 2.50270293e+01]
  [2.85163220e-05 1.53030946e-01 2.48510427e+01]
  [2.63545910e-05 1.41357169e-01 2.59301038e+01]]

 [[2.81907388e-05 1.51868730e-01 2.46803668e+01]
  [3.20969427e-05 1.58737935e-01 2.40749581e+01]
  [2.99562863e-05 1.53468459e-01 2.44337320e+01]
  [2.82954099e-05 1.54057618e-01 2.44854158e+01]
  [2.83664203e-05 1.52852905e-01 2.47626003e+01]
  [2.89539863e-05 1.51394285e-01 2.46188884e+01]
  [2.91089158e-05 1.58426499e-01 2.43193767e+01]
  [2.43081136e-05 1.30602914e-01 2.83420024e+01]]

 [[2.70414318e-05 1.43164228e-01 2.57486419e+01]
  [2.69269055e-05 1.43824966e-01 2.53623253e+01]
  [2.71510239e-05 1.44474202e-01 2.57314835e+01]
  [2.68182728e-05 1.45117660e-01 2.55863938e+01]
  [2.71273038e-05 1.45473843e-01 2.54130851e+01]
  [2.72997331e-05 1.46863289e-01 2.52985196e+01]
  [2.77052241e-05 1.46689534e-01 2.55563485e+01]
  [1.10678368e-06 2.33238588e-02 5.16086854e+01]]]

Ref Max Post Table:
[[[1.44283263e-05 5.70617142e-02 3.73836731e+01]
  [1.42811781e-05 5.68865720e-02 3.74017275e+01]
  [1.48279835e-05 5.83079597e-02 3.73162115e+01]
  [1.61800190e-05 5.42566448e-02 3.87483814e+01]]

 [[1.49783073e-05 5.68206384e-02 3.74399223e+01]
  [1.72180752e-06 2.43361785e-02 5.12795184e+01]
  [1.50625853e-05 5.71182651e-02 3.74271167e+01]
  [1.43241063e-05 5.65367855e-02 3.76712542e+01]]

 [[1.54949384e-05 5.75906619e-02 3.72795758e+01]
  [1.34979507e-05 5.43994431e-02 3.88570780e+01]
  [1.68058396e-05 5.71935193e-02 3.73567105e+01]
  [1.47081303e-05 5.74911312e-02 3.74647249e+01]]

 [[1.49482182e-05 5.70004055e-02 3.75219420e+01]
  [1.60773752e-05 5.43906277e-02 3.85965265e+01]
  [1.47706915e-05 5.77228988e-02 3.76160972e+01]
  [3.86166802e-06 2.70296108e-02 5.05287639e+01]]]

Ref Max Pull Table:
[[[1.62108019e-05 5.70019248e-02 3.74505156e+01]
  [1.25313722e-05 4.85317776e-02 4.13080375e+01]
  [1.93934183e-05 5.85633874e-02 3.75079068e+01]
  [1.41487229e-05 5.62337771e-02 3.74205318e+01]]

 [[1.46210435e-05 5.60558938e-02 3.81347908e+01]
  [1.44355976e-05 5.43907335e-02 3.88744398e+01]
  [1.45412850e-05 5.79900074e-02 3.74198873e+01]
  [2.97985837e-06 2.55539374e-02 5.08095969e+01]]

 [[1.49106578e-05 5.82796821e-02 3.71386628e+01]
  [1.36372398e-05 5.44074268e-02 3.88253229e+01]
  [1.46986549e-05 5.86392246e-02 3.72723839e+01]
  [1.46476406e-05 5.69120392e-02 3.73877441e+01]]

 [[1.49387271e-05 5.65916717e-02 3.75284666e+01]
  [2.97398851e-06 2.55474061e-02 5.08244309e+01]
  [1.44564043e-05 5.77621813e-02 3.73897671e+01]
  [1.68011876e-05 5.66113206e-02 3.74451297e+01]]]

Max Activate Table:
[[[2.85331501e-05 1.55530409e-01 2.40703896e+01 4.30555202e-04
   1.22678716e-01 4.75137243e-03 4.75137243e-03]
  [2.71896411e-05 1.49007187e-01 2.47222022e+01 4.43187265e-04
   1.27868616e-01 4.86814047e-03 4.86814047e-03]
  [3.04487611e-05 1.56045006e-01 2.41691238e+01 4.29620685e-04
   1.23648505e-01 4.74005766e-03 4.74005766e-03]
  [2.85356039e-05 1.50563734e-01 2.47867443e+01 4.40002339e-04
   1.27354635e-01 4.86832998e-03 4.86832998e-03]
  [2.86364725e-05 1.55163129e-01 2.45251822e+01 4.31349314e-04
   1.25665402e-01 4.75296795e-03 4.75296795e-03]
  [2.67213911e-05 1.42075619e-01 2.58116377e+01 4.56252872e-04
   1.29357040e-01 5.06731760e-03 5.06731760e-03]
  [2.74193921e-05 1.49111379e-01 2.51810295e+01 4.42951747e-04
   1.27361162e-01 4.91582910e-03 4.91582910e-03]
  [2.76441237e-05 1.52520953e-01 2.46801497e+01 4.36264640e-04
   1.25513348e-01 4.82067994e-03 4.82067994e-03]]

 [[2.86801232e-05 1.53762903e-01 2.39582380e+01 4.33830462e-04
   1.24137161e-01 4.79455454e-03 4.79455454e-03]
  [2.83278450e-05 1.55448468e-01 2.42017848e+01 4.30668087e-04
   1.26492920e-01 4.75854764e-03 4.75854764e-03]
  [2.88795627e-05 1.57103263e-01 2.43298756e+01 4.27329329e-04
   1.33055043e-01 4.74396963e-03 4.74396963e-03]
  [2.87703654e-05 1.56692739e-01 2.42884676e+01 4.28173916e-04
   1.23642181e-01 4.72211575e-03 4.72211575e-03]
  [2.75162071e-05 1.48238715e-01 2.52295565e+01 4.44446602e-04
   1.29419054e-01 4.90998975e-03 4.90998975e-03]
  [2.73580721e-05 1.45138362e-01 2.54646077e+01 4.50482012e-04
   1.29275021e-01 4.98402233e-03 4.98402233e-03]
  [2.64399201e-05 1.42985217e-01 2.58507283e+01 4.54609873e-04
   1.29220051e-01 5.00073763e-03 5.00073763e-03]
  [2.80537585e-05 1.51687848e-01 2.48103663e+01 4.37947409e-04
   1.27065925e-01 4.83759698e-03 4.83759698e-03]]

 [[2.82578093e-05 1.53372338e-01 2.43877907e+01 4.34725559e-04
   1.23534875e-01 4.81747547e-03 4.81747547e-03]
  [2.78753617e-05 1.52908742e-01 2.44302417e+01 4.35774617e-04
   1.31799720e-01 4.80147920e-03 4.80147920e-03]
  [2.92563534e-05 1.50481882e-01 2.48958446e+01 4.40210344e-04
   1.25397335e-01 4.86806839e-03 4.86806839e-03]
  [2.80676880e-05 1.53009468e-01 2.46949913e+01 4.35341645e-04
   1.26297381e-01 4.80846933e-03 4.80846933e-03]
  [2.76877313e-05 1.50411538e-01 2.49691546e+01 4.40205167e-04
   1.27358090e-01 4.87153289e-03 4.87153289e-03]
  [2.93902230e-05 1.41544812e-01 2.59182944e+01 4.57241807e-04
   1.34024674e-01 5.06303804e-03 5.06303804e-03]
  [2.70846544e-05 1.46539824e-01 2.54310226e+01 4.47794139e-04
   1.28709498e-01 4.94167899e-03 4.94167899e-03]
  [2.82836660e-05 1.55760589e-01 2.43735160e+01 4.30100694e-04
   1.25892342e-01 4.73734439e-03 4.73734439e-03]]

 [[2.78792411e-05 1.52301406e-01 2.42305952e+01 4.36657872e-04
   1.26438981e-01 4.82198849e-03 4.82198849e-03]
  [2.75498269e-05 1.50139732e-01 2.46399741e+01 4.40775285e-04
   1.25112091e-01 4.86248255e-03 4.86248255e-03]
  [2.76406467e-05 1.48139374e-01 2.51684224e+01 4.44685196e-04
   1.28023148e-01 4.91419243e-03 4.91419243e-03]
  [2.85408165e-05 1.53857507e-01 2.44409456e+01 4.33634884e-04
   1.28458433e-01 4.79396446e-03 4.79396446e-03]
  [2.74550012e-05 1.48743460e-01 2.54029081e+01 4.43538308e-04
   1.36527053e-01 4.91719240e-03 4.91719240e-03]
  [2.71047189e-05 1.42700537e-01 2.58848116e+01 4.55235399e-04
   1.30775204e-01 5.03612435e-03 5.03612435e-03]
  [2.77282256e-05 1.50378405e-01 2.49256218e+01 4.40445426e-04
   1.32197798e-01 4.85395500e-03 4.85395500e-03]
  [2.95925205e-05 1.52052791e-01 2.48728370e+01 4.37182490e-04
   1.25804584e-01 4.82913774e-03 4.82913774e-03]]

 [[2.79085434e-05 1.52031964e-01 2.44720155e+01 4.37276168e-04
   1.25334570e-01 4.83896109e-03 4.83896109e-03]
  [2.81374836e-05 1.54074297e-01 2.41480450e+01 4.33241431e-04
   1.24331530e-01 4.79356966e-03 4.79356966e-03]
  [2.78630971e-05 1.50443715e-01 2.49233102e+01 4.40237303e-04
   1.28501722e-01 4.86292682e-03 4.86292682e-03]
  [2.77117370e-05 1.50029069e-01 2.50049922e+01 4.41131861e-04
   1.26542265e-01 4.86799092e-03 4.86799092e-03]
  [2.96275962e-05 1.53280059e-01 2.44670259e+01 4.34908225e-04
   1.27913512e-01 4.81298727e-03 4.81298727e-03]
  [3.20382411e-05 1.46393547e-01 2.55078373e+01 4.48011576e-04
   1.28648118e-01 4.96506629e-03 4.96506629e-03]
  [2.61215601e-05 1.40697806e-01 2.62620564e+01 4.58781428e-04
   1.33956800e-01 5.06518565e-03 5.06518565e-03]
  [2.86962653e-05 1.52175997e-01 2.49283177e+01 4.37015952e-04
   1.26443747e-01 4.82353344e-03 4.82353344e-03]]

 [[2.74405071e-05 1.45852720e-01 2.48917119e+01 4.49097133e-04
   1.27326074e-01 4.99307880e-03 4.99307880e-03]
  [2.74092286e-05 1.49178425e-01 2.48210943e+01 4.42803681e-04
   1.27436411e-01 4.91103775e-03 4.91103775e-03]
  [2.75046124e-05 1.47002168e-01 2.50741937e+01 4.46823228e-04
   1.29066065e-01 4.93171874e-03 4.93171874e-03]
  [2.76424893e-05 1.46561826e-01 2.54588691e+01 4.47710257e-04
   1.29984541e-01 4.95737383e-03 4.95737383e-03]
  [2.71205565e-05 1.47002961e-01 2.56178294e+01 4.46858612e-04
   1.31261102e-01 4.95513950e-03 4.95513950e-03]
  [2.75442421e-05 1.45205895e-01 2.54069329e+01 4.50300074e-04
   1.31854851e-01 4.97649230e-03 4.97649230e-03]
  [2.41700615e-06 2.35760059e-02 5.16405369e+01 6.70190068e-04
   1.91140825e-01 7.49437309e-03 7.49437309e-03]
  [2.77721233e-05 1.47362047e-01 2.52882659e+01 4.46095343e-04
   1.29353022e-01 4.92655581e-03 4.92655581e-03]]

 [[2.71144661e-05 1.46698255e-01 2.48244212e+01 4.47394795e-04
   1.28614422e-01 4.96067508e-03 4.96067508e-03]
  [2.67686392e-05 1.45620558e-01 2.53287890e+01 4.49481493e-04
   1.27739361e-01 4.97485019e-03 4.97485019e-03]
  [2.77679193e-05 1.48426415e-01 2.52321695e+01 4.44263465e-04
   1.26259725e-01 4.89281098e-03 4.89281098e-03]
  [2.74487675e-05 1.48063141e-01 2.51403773e+01 4.44834642e-04
   1.32140274e-01 4.91423039e-03 4.91423039e-03]
  [2.76187971e-05 1.49508824e-01 2.49996395e+01 4.42001202e-04
   1.27017471e-01 4.88350624e-03 4.88350624e-03]
  [2.41261546e-06 2.35746727e-02 5.16531871e+01 6.70166314e-04
   2.39923601e-01 7.45988095e-03 7.75200118e-03]
  [2.64932938e-05 1.43770853e-01 2.55722116e+01 4.53012152e-04
   1.29935497e-01 5.01167645e-03 5.01167645e-03]
  [2.71634705e-05 1.47006029e-01 2.54147155e+01 4.46947301e-04
   1.27565533e-01 4.91024191e-03 4.91024191e-03]]

 [[2.72980384e-05 1.49792207e-01 2.46393779e+01 4.41469591e-04
   1.25343679e-01 4.86449298e-03 4.86449298e-03]
  [2.79573812e-05 1.52623050e-01 2.44035968e+01 4.36077155e-04
   1.26836494e-01 4.81392398e-03 4.81392398e-03]
  [2.80218904e-05 1.52213738e-01 2.47835609e+01 4.37023779e-04
   1.25447926e-01 4.80427265e-03 4.80427265e-03]
  [2.79026938e-05 1.50774040e-01 2.50333013e+01 4.39734865e-04
   1.26526833e-01 4.85784228e-03 4.85784228e-03]
  [3.08412323e-05 1.50392638e-01 2.49972950e+01 4.40342256e-04
   1.28060097e-01 4.85796813e-03 4.85796813e-03]
  [2.82578914e-05 1.47571041e-01 2.53755541e+01 4.45964080e-04
   1.27755801e-01 4.90724142e-03 4.90724142e-03]
  [2.66430689e-05 1.42862630e-01 2.57313784e+01 4.54892925e-04
   1.31566319e-01 5.04254728e-03 5.04254728e-03]
  [2.81703861e-05 1.52654890e-01 2.48387717e+01 4.36163921e-04
   1.24723447e-01 4.81430763e-03 4.81430763e-03]]]

Cumulative Reward: 10009.865816836686
