Scheduler Table:
[[[3.28042964e-06 1.42324297e-02 1.52764304e+01 7.81275457e-04
   1.91718889e-02 3.43587800e-04 3.43587800e-04]
  [3.15336222e-06 1.42494086e-02 1.40579588e+01 7.53275453e-04
   2.27599404e-02 3.44325665e-04 3.44325665e-04]
  [3.14916155e-06 1.42247864e-02 1.45610319e+01 7.68022108e-04
   2.08215254e-02 3.44000954e-04 3.44000954e-04]]

 [[3.18959412e-06 1.42818260e-02 1.45838034e+01 7.73115563e-04
   2.05755226e-02 3.43584974e-04 3.43584974e-04]
  [3.20984424e-06 1.42482866e-02 1.48584635e+01 7.74093219e-04
   2.00933985e-02 3.44456243e-04 3.44456243e-04]
  [5.31504552e-06 1.34268845e-02 2.28323454e+01 9.82632698e-04
   8.51314037e-03 3.42186694e-04 3.42186694e-04]]

 [[3.68339757e-06 1.42607311e-02 1.38190820e+01 8.13626910e-04
   1.06257032e-02 3.45020927e-04 3.45020927e-04]
  [4.94222646e-06 1.39685124e-02 1.99732031e+01 8.86323772e-04
   1.14294635e-02 3.42808113e-04 3.42808113e-04]
  [2.42141381e-06 1.17352665e-02 3.45794306e+01 1.53473812e-03
   6.10215162e-04 3.37446828e-04 3.95390830e-04]]]

Buffer Table:
[[[3.25004851e-06 1.42105746e-02 1.43040326e+01 7.82379595e-04
   2.46822912e-02 3.43709745e-04 3.43709745e-04]
  [3.44983930e-06 1.17401369e-02 3.38690595e+01 1.51928698e-03
   4.13284255e-04 3.38025035e-04 3.38025035e-04]
  [4.39356918e-07 1.29113780e-02 1.77664945e+01 6.74807151e-04
   6.79652337e-02 3.44687636e-04 3.44687636e-04]]

 [[3.31989767e-06 1.17396807e-02 3.35495830e+01 1.45002292e-03
   6.14887363e-04 3.37817849e-04 3.95761851e-04]
  [3.29223265e-06 1.42017846e-02 1.41656205e+01 7.88531234e-04
   2.52299673e-02 3.43951988e-04 3.43951988e-04]
  [3.48489644e-06 1.42728886e-02 1.44967447e+01 7.65723158e-04
   1.96137860e-02 3.43830140e-04 3.43830140e-04]]

 [[3.38202720e-06 1.42478675e-02 1.39986767e+01 7.74639695e-04
   2.57899278e-02 3.44340198e-04 3.44340198e-04]
  [4.38796946e-07 1.29110009e-02 1.81384023e+01 6.72683719e-04
   6.62750222e-02 3.45130483e-04 3.45130483e-04]
  [3.20848336e-06 1.42340230e-02 1.41324120e+01 7.86332387e-04
   2.65496722e-02 3.43912116e-04 3.43912116e-04]]]

Arbiter Table:
[[[2.42141389e-06 1.17352664e-02 3.45794309e+01 1.53473813e-03
   6.10214818e-04 3.37446828e-04 3.95390830e-04]
  [2.71911503e-06 1.41603537e-02 1.46632211e+01 7.60301230e-04
   1.85934073e-02 3.43310346e-04 3.43310346e-04]
  [8.34811721e-07 1.31433792e-02 1.70561774e+01 6.97176982e-04
   5.36373258e-02 3.44016082e-04 3.44016082e-04]]

 [[3.25168522e-06 1.42682546e-02 1.39504632e+01 7.84775928e-04
   2.21627535e-02 3.43718704e-04 3.43718704e-04]
  [3.37272149e-06 1.42760174e-02 1.39693098e+01 8.33503103e-04
   2.19255224e-02 3.43367883e-04 3.43367883e-04]
  [1.69832336e-06 1.36840955e-02 1.85840427e+01 7.65344899e-04
   1.07378588e-02 3.43025928e-04 3.43025928e-04]]

 [[1.01716922e-06 1.32529410e-02 1.74545142e+01 6.95329715e-04
   4.17393905e-02 3.44422847e-04 3.44422847e-04]
  [3.36886822e-06 1.41872171e-02 1.43610841e+01 7.75833098e-04
   2.43562012e-02 3.43252392e-04 3.43252392e-04]
  [3.40232196e-06 1.42374438e-02 1.41904862e+01 8.02491978e-04
   2.69165390e-02 3.43394980e-04 3.43394980e-04]]]

Page Table:
[[[4.22193213e-06 1.44059642e-02 1.51627967e+01 8.85160352e-04
   5.51941837e-02 3.42744218e-04 3.42744218e-04]
  [3.73396618e-06 1.43017733e-02 1.46045266e+01 9.11314316e-04
   2.58299168e-02 3.41956187e-04 3.41956187e-04]
  [4.97510337e-06 1.45333890e-02 1.51926555e+01 9.78608791e-04
   3.14972715e-02 3.41744832e-04 3.41744832e-04]
  [4.04053181e-06 1.17511094e-02 3.30980656e+01 1.45208452e-03
   4.24234404e-04 3.38374253e-04 3.38374253e-04]]

 [[3.85866497e-06 1.17501085e-02 3.24302622e+01 1.38669076e-03
   6.23848727e-04 3.38148351e-04 3.96092352e-04]
  [4.73634730e-06 1.43672362e-02 1.46972138e+01 8.87784261e-04
   1.78511313e-02 3.43297446e-04 3.43297446e-04]
  [3.90005691e-06 1.44713919e-02 1.52955839e+01 8.59640774e-04
   2.97838126e-02 3.43103455e-04 3.43103455e-04]
  [3.10090289e-06 1.43041746e-02 1.42336240e+01 8.83363596e-04
   1.30970593e-02 3.42734102e-04 3.42734102e-04]]

 [[5.67781683e-06 1.43858048e-02 1.46746696e+01 9.39638899e-04
   4.74286661e-02 3.42525732e-04 3.42525732e-04]
  [5.11505607e-07 1.29575105e-02 1.89433759e+01 6.89071143e-04
   5.61539622e-02 3.44839249e-04 3.44839249e-04]
  [3.54913444e-06 1.44369286e-02 1.53691356e+01 8.99170469e-04
   2.68078023e-02 3.42461950e-04 3.42461950e-04]
  [4.47142223e-06 1.43662621e-02 1.46103903e+01 9.03311858e-04
   1.71783671e-02 3.42365020e-04 3.42365020e-04]]

 [[2.23817417e-06 1.35207848e-02 1.91554783e+01 8.62563077e-04
   3.09759605e-02 3.42680622e-04 3.42680622e-04]
  [3.94844055e-06 1.17505842e-02 3.24488271e+01 1.41739897e-03
   4.21573433e-04 3.38319296e-04 3.38319296e-04]
  [5.20708121e-07 1.29642709e-02 1.88447602e+01 6.98833267e-04
   5.81482607e-02 3.44326131e-04 3.44326131e-04]
  [4.16571474e-06 1.43510347e-02 1.43213575e+01 8.86730079e-04
   1.70871046e-02 3.42609603e-04 3.42609603e-04]]]

Response Table:
[[[1.87463034e-06 1.41447325e-02 1.37744825e+01]
  [1.99869289e-06 1.41736567e-02 1.43443636e+01]]

 [[1.92735091e-06 1.41472987e-02 1.38852480e+01]
  [2.42141389e-06 1.17352664e-02 3.45794309e+01]]]

Refresh Table:
[[[2.42141389e-06 1.17352664e-02 3.45794309e+01]
  [2.24304742e-06 1.41074390e-02 1.35094035e+01]]

 [[2.20480562e-06 1.42634253e-02 1.37518398e+01]
  [2.19218261e-06 1.41527647e-02 1.34694164e+01]]]

Request Buffer Table:
[[[2.35809755e-06 1.33085134e-02 1.79964150e+01]
  [4.30097543e-06 1.52355952e-02 1.70846282e+01]
  [3.51169672e-06 1.54158710e-02 1.58067049e+01]
  [4.96239693e-06 1.53572751e-02 1.56236767e+01]
  [4.61385004e-06 1.54824679e-02 1.60194031e+01]
  [6.39163984e-06 1.53720229e-02 1.64312249e+01]
  [4.00583746e-06 1.52729414e-02 1.65519257e+01]
  [3.85866497e-06 1.17501085e-02 3.24302622e+01]]

 [[4.78100333e-06 1.53265188e-02 1.55383718e+01]
  [3.85750650e-06 1.55602976e-02 1.55889054e+01]
  [8.01306472e-06 1.54361099e-02 1.56642536e+01]
  [6.24971328e-06 1.55260296e-02 1.55576661e+01]
  [4.26987540e-06 1.54328279e-02 1.54643219e+01]
  [3.87605911e-06 1.54550243e-02 1.55250260e+01]
  [3.30191787e-06 1.46031467e-02 1.90444706e+01]
  [6.08866960e-06 1.52375855e-02 1.53253801e+01]]

 [[4.42675701e-06 1.57406972e-02 1.57022381e+01]
  [6.35173938e-06 1.53633216e-02 1.54332737e+01]
  [3.85586173e-06 1.55070083e-02 1.57694134e+01]
  [4.48666679e-06 1.56920708e-02 1.56874157e+01]
  [3.25231371e-06 1.54397999e-02 1.67564188e+01]
  [6.24553379e-06 1.54459201e-02 1.53671749e+01]
  [3.76271816e-06 1.53974392e-02 1.54095780e+01]
  [5.10820088e-06 1.54336644e-02 1.58026322e+01]]

 [[5.90235304e-06 1.57942446e-02 1.57344338e+01]
  [4.02693978e-06 1.53754987e-02 1.56242107e+01]
  [5.98714572e-06 1.54053285e-02 1.59830693e+01]
  [5.77502293e-06 1.55795307e-02 1.56378654e+01]
  [4.36757105e-06 1.55134826e-02 1.60038095e+01]
  [6.20105765e-06 1.56865354e-02 1.57601794e+01]
  [5.08474932e-06 1.55776259e-02 1.55715836e+01]
  [5.04176322e-06 1.52615898e-02 1.53834007e+01]]

 [[4.10712087e-06 1.54900555e-02 1.52163741e+01]
  [4.02433119e-06 1.53846793e-02 1.71341280e+01]
  [5.41381719e-06 1.54243782e-02 1.54512635e+01]
  [3.66389362e-06 1.54584137e-02 1.56731968e+01]
  [4.06692707e-06 1.55987478e-02 1.56134124e+01]
  [3.57389821e-06 1.55088900e-02 1.58296505e+01]
  [5.05916428e-06 1.56217681e-02 1.57877811e+01]
  [5.42902737e-06 1.54153890e-02 1.55990015e+01]]

 [[5.36731246e-06 1.54513947e-02 1.54034176e+01]
  [5.20045874e-06 1.54230517e-02 1.55910201e+01]
  [3.90312143e-06 1.54250646e-02 1.58404615e+01]
  [6.19856092e-06 1.55842621e-02 1.57247895e+01]
  [3.58024027e-06 1.53069444e-02 1.57941047e+01]
  [3.60785370e-06 1.53128164e-02 1.58646349e+01]
  [1.60537672e-05 1.56494795e-02 1.69822166e+01]
  [4.15435504e-06 1.53553214e-02 1.70220640e+01]]

 [[3.94844055e-06 1.17505842e-02 3.24488271e+01]
  [5.87953174e-06 1.54717879e-02 1.58939242e+01]
  [3.75147391e-06 1.55693894e-02 1.63916027e+01]
  [4.65817904e-06 1.55468522e-02 1.55291981e+01]
  [3.36299387e-06 1.53222707e-02 1.53507801e+01]
  [5.19906256e-06 1.54399437e-02 1.58316670e+01]
  [2.53680519e-06 1.42746771e-02 1.63655305e+01]
  [5.06240562e-06 1.52337141e-02 1.54088903e+01]]

 [[6.86702218e-06 1.55153312e-02 1.56483502e+01]
  [3.93343953e-06 1.54608740e-02 1.55841745e+01]
  [5.18292671e-06 1.53885209e-02 1.55409354e+01]
  [6.85685081e-06 1.55254129e-02 1.61011333e+01]
  [6.53168909e-06 1.54538699e-02 1.54211407e+01]
  [3.83459126e-06 1.56607467e-02 1.57288766e+01]
  [4.04053181e-06 1.17511094e-02 3.30980656e+01]
  [4.07313276e-06 1.53774782e-02 1.54723294e+01]]]

Ref Max Post Table:
[[[9.73317483e-07 1.31559617e-02 1.91704192e+01]
  [3.13146482e-06 1.43957974e-02 1.62499866e+01]
  [2.20370425e-06 1.44431946e-02 1.46996090e+01]
  [4.83144579e-07 1.18233799e-02 3.35105530e+01]]

 [[2.08382812e-06 1.38113120e-02 3.05220709e+01]
  [3.68331257e-06 1.43922851e-02 1.48621349e+01]
  [3.81340424e-06 1.42997820e-02 1.47162307e+01]
  [2.68663719e-06 1.44656755e-02 1.48321483e+01]]

 [[2.51642064e-06 1.35611701e-02 2.00711771e+01]
  [4.53525609e-06 1.44180000e-02 1.49230894e+01]
  [3.87226163e-06 1.43247356e-02 1.47159252e+01]
  [3.51706346e-06 1.42892731e-02 1.47311184e+01]]

 [[4.78761629e-07 1.18194006e-02 3.32062494e+01]
  [3.61291998e-06 1.44490906e-02 1.56095640e+01]
  [2.60860630e-05 1.42068559e-02 1.55433506e+01]
  [3.00775321e-06 1.44460661e-02 1.51223018e+01]]]

Ref Max Pull Table:
[[[2.99391188e-06 1.43363757e-02 1.48210318e+01]
  [3.31996807e-06 1.17397561e-02 3.35497798e+01]
  [3.58133961e-06 1.43867598e-02 1.47924490e+01]
  [2.95399697e-06 1.43206119e-02 1.43466567e+01]]

 [[3.44991281e-06 1.17402156e-02 3.38692650e+01]
  [4.20066132e-06 1.30088969e-02 2.17722246e+01]
  [3.22596919e-06 1.43536863e-02 1.52391695e+01]
  [1.16115702e-06 1.23988119e-02 2.26023097e+01]]

 [[3.40460459e-06 1.43642691e-02 1.47059163e+01]
  [3.49581068e-06 1.44413589e-02 1.48254668e+01]
  [3.73041834e-06 1.43526072e-02 1.49859297e+01]
  [5.27205455e-06 1.44486818e-02 1.50551133e+01]]

 [[3.41134792e-06 1.43138675e-02 1.46468643e+01]
  [1.55611579e-06 1.29141993e-02 2.22503792e+01]
  [3.36658524e-06 1.43727651e-02 1.51678717e+01]
  [6.46793356e-06 1.44868949e-02 1.48932389e+01]]]

Max Activate Table:
[[[4.40478430e-06 1.55077737e-02 1.54403400e+01 9.98052730e-04
   2.77873078e-02 3.41942480e-04 3.41942480e-04]
  [3.88053940e-06 1.53702067e-02 1.53948255e+01 1.00887942e-03
   3.42194809e-02 3.42401523e-04 3.42401523e-04]
  [4.51365426e-06 1.56492193e-02 1.58413339e+01 1.01933094e-03
   2.66415264e-02 3.41281560e-04 3.41281560e-04]
  [4.52681631e-06 1.54006488e-02 1.55302026e+01 9.85141227e-04
   2.31769853e-02 3.43014261e-04 3.43014261e-04]
  [4.53468999e-06 1.54003234e-02 1.52877920e+01 1.00078542e-03
   2.89847064e-02 3.41969521e-04 3.41969521e-04]
  [4.45930354e-06 1.54201542e-02 1.58271096e+01 1.03718212e-03
   2.41727951e-02 3.42010851e-04 3.42010851e-04]
  [3.94062545e-06 1.53294619e-02 1.61022757e+01 9.89353186e-04
   1.44546516e-02 3.42069146e-04 3.42069146e-04]
  [5.38058138e-06 1.52798499e-02 1.55501742e+01 9.70553393e-04
   2.68868356e-02 3.42194571e-04 3.42194571e-04]]

 [[3.82172382e-06 1.57472002e-02 1.52257030e+01 1.03225750e-03
   2.06663269e-02 3.41881276e-04 3.41881276e-04]
  [2.47580874e-06 1.43025617e-02 1.73599990e+01 8.36758945e-04
   1.01781724e-02 3.43939031e-04 3.43939031e-04]
  [6.20141869e-06 1.56200028e-02 1.54208380e+01 1.01157500e-03
   1.49053670e-02 3.41991242e-04 3.41991242e-04]
  [4.41502931e-06 1.56126236e-02 1.59879682e+01 1.02316794e-03
   1.28097239e-02 3.41518316e-04 3.41518316e-04]
  [3.94844055e-06 1.17505842e-02 3.24488271e+01 1.41739897e-03
   4.21573436e-04 3.38319296e-04 3.38319296e-04]
  [4.58690646e-06 1.53874499e-02 1.58751562e+01 1.00881733e-03
   2.64307302e-02 3.42156023e-04 3.42156023e-04]
  [3.83384759e-06 1.52990085e-02 1.55060018e+01 9.93421590e-04
   1.22272537e-02 3.41320329e-04 3.41320329e-04]
  [3.69946174e-06 1.53324096e-02 1.51914841e+01 9.71469943e-04
   2.40913076e-02 3.42553420e-04 3.42553420e-04]]

 [[1.02065766e-05 1.54511959e-02 1.59171001e+01 1.00338655e-03
   2.30936196e-02 3.41623470e-04 3.41623470e-04]
  [5.24850832e-06 1.55062265e-02 1.55772855e+01 1.06179958e-03
   1.90850549e-02 3.41699940e-04 3.41699940e-04]
  [4.96913381e-06 1.53695357e-02 1.55589295e+01 1.01371804e-03
   1.29858230e-02 3.42134583e-04 3.42134583e-04]
  [8.01648050e-06 1.52878393e-02 1.56566875e+01 9.61115401e-04
   2.11606575e-02 3.43087468e-04 3.43087468e-04]
  [4.26578193e-06 1.54601521e-02 1.56902022e+01 1.08150859e-03
   1.44899694e-02 3.42327287e-04 3.42327287e-04]
  [5.13350730e-06 1.53373463e-02 1.60926968e+01 9.96423896e-04
   1.52736826e-02 3.41302509e-04 3.41302509e-04]
  [3.95510579e-06 1.54043219e-02 1.58563836e+01 9.54416042e-04
   1.25343014e-02 3.42222478e-04 3.42222478e-04]
  [4.30823411e-06 1.53898807e-02 1.57158410e+01 1.01929133e-03
   5.12179719e-02 3.42974960e-04 3.42974960e-04]]

 [[6.14955969e-06 1.53464875e-02 1.51746761e+01 9.95237647e-04
   5.90370432e-02 3.42247157e-04 3.42247157e-04]
  [5.14968564e-06 1.53601059e-02 1.53486199e+01 1.01242800e-03
   2.59759964e-02 3.41483367e-04 3.41483367e-04]
  [4.70922628e-06 1.54795639e-02 1.55061194e+01 9.78637458e-04
   1.67128371e-02 3.42136961e-04 3.42136961e-04]
  [4.15674611e-06 1.54712544e-02 1.76426307e+01 1.03423940e-03
   1.29503609e-02 3.41382039e-04 3.41382039e-04]
  [4.68736244e-06 1.54455197e-02 1.57521757e+01 1.02045366e-03
   1.45446618e-02 3.41211389e-04 3.41211389e-04]
  [4.41844061e-06 1.54897800e-02 1.59485067e+01 1.04618528e-03
   1.24547811e-02 3.42862120e-04 3.42862120e-04]
  [4.99559232e-06 1.56310195e-02 1.57939874e+01 1.00089785e-03
   1.58489158e-02 3.41230717e-04 3.41230717e-04]
  [4.08782961e-06 1.54776278e-02 1.58172529e+01 1.01513789e-03
   1.84426953e-02 3.40923455e-04 3.40923455e-04]]

 [[4.09272919e-06 1.54258643e-02 1.56542567e+01 1.06612764e-03
   1.89457454e-02 3.42066666e-04 3.42066666e-04]
  [4.08722447e-06 1.56700351e-02 1.52551189e+01 1.03406715e-03
   2.55186952e-02 3.41569410e-04 3.41569410e-04]
  [8.88396361e-06 1.54530949e-02 1.57395833e+01 9.87342554e-04
   2.21758987e-02 3.43152757e-04 3.43152757e-04]
  [5.60617744e-06 1.54733514e-02 1.54949917e+01 1.05435563e-03
   1.33588125e-02 3.41144196e-04 3.41144196e-04]
  [5.59565788e-06 1.56550013e-02 1.60130650e+01 1.05390418e-03
   1.31283411e-02 3.42015105e-04 3.42015105e-04]
  [4.91050225e-06 1.54266014e-02 1.58111513e+01 1.00448239e-03
   2.06168055e-02 3.42228859e-04 3.42228859e-04]
  [5.32803611e-06 1.53706055e-02 1.57901773e+01 1.05147185e-03
   2.13968176e-02 3.41243338e-04 3.41243338e-04]
  [3.85866497e-06 1.17501085e-02 3.24302622e+01 1.38669076e-03
   6.23848730e-04 3.38148351e-04 3.96092352e-04]]

 [[4.64346300e-06 1.55136456e-02 1.57758477e+01 1.05042246e-03
   1.58552820e-02 3.41637531e-04 3.41637531e-04]
  [3.98144106e-06 1.54948648e-02 1.59849040e+01 1.00281194e-03
   1.49834547e-02 3.41834905e-04 3.41834905e-04]
  [6.46049427e-06 1.55659517e-02 1.56318116e+01 1.02366135e-03
   1.36695995e-02 3.41871158e-04 3.41871158e-04]
  [4.59032976e-06 1.55236324e-02 1.57575036e+01 1.09851658e-03
   1.27621042e-02 3.42274947e-04 3.42274947e-04]
  [4.23441671e-06 1.54359389e-02 1.57861029e+01 1.02300571e-03
   2.07278128e-02 3.42227336e-04 3.42227336e-04]
  [4.84399539e-06 1.55348271e-02 1.57861513e+01 1.07630652e-03
   1.46147607e-02 3.42155177e-04 3.42155177e-04]
  [4.06966233e-06 1.52906728e-02 1.60378700e+01 9.91559123e-04
   1.31753592e-02 3.41592596e-04 3.41592596e-04]
  [3.98544278e-06 1.53531233e-02 1.59354865e+01 9.96567933e-04
   5.56311930e-02 3.41663922e-04 3.41663922e-04]]

 [[6.29408026e-06 1.54090503e-02 1.53826540e+01 9.97243981e-04
   2.74873344e-02 3.41870189e-04 3.41870189e-04]
  [4.17886451e-06 1.52968118e-02 1.52860727e+01 9.57054215e-04
   4.59478776e-02 3.42622762e-04 3.42622762e-04]
  [1.98649914e-05 1.55500490e-02 1.56076160e+01 9.96608055e-04
   1.48553059e-02 3.41627073e-04 3.41627073e-04]
  [4.74903629e-06 1.53334044e-02 1.56530934e+01 9.94695755e-04
   2.98452808e-02 3.42814609e-04 3.42814609e-04]
  [4.32409762e-06 1.45444458e-02 2.06272314e+01 1.14449997e-03
   2.94402003e-02 3.42028034e-04 3.42028034e-04]
  [4.13817787e-06 1.52430343e-02 1.58619810e+01 1.00893232e-03
   1.21036850e-02 3.41352906e-04 3.41352906e-04]
  [3.73148518e-06 1.52651686e-02 1.55410051e+01 9.53857831e-04
   1.73821420e-02 3.42580310e-04 3.42580310e-04]
  [4.06871052e-06 1.54662964e-02 1.57838640e+01 1.01113698e-03
   1.27728562e-02 3.41951118e-04 3.41951118e-04]]

 [[3.46111771e-06 1.55103617e-02 1.54781950e+01 9.81474465e-04
   1.77347981e-02 3.42219514e-04 3.42219514e-04]
  [4.04053181e-06 1.17511094e-02 3.30980656e+01 1.45208452e-03
   4.24234407e-04 3.38374253e-04 3.38374253e-04]
  [5.35914977e-06 1.55982418e-02 1.56688208e+01 1.07174778e-03
   1.45902422e-02 3.40747453e-04 3.40747453e-04]
  [4.28121658e-06 1.54347546e-02 1.60051697e+01 1.00966473e-03
   4.51887976e-02 3.41690323e-04 3.41690323e-04]
  [5.29262019e-06 1.55667014e-02 1.55122914e+01 1.06571197e-03
   3.04720755e-02 3.42225133e-04 3.42225133e-04]
  [4.24224145e-06 1.55685518e-02 1.62258578e+01 1.00723880e-03
   1.30722253e-02 3.42748696e-04 3.42748696e-04]
  [4.32930955e-06 1.53575995e-02 1.62785295e+01 1.03092341e-03
   2.02763695e-02 3.41158159e-04 3.41158159e-04]
  [4.11158966e-06 1.55438074e-02 1.60042138e+01 1.02215072e-03
   1.10238518e-01 3.42646866e-04 3.42646866e-04]]]

Cumulative Reward: 10272.977432909462
