Scheduler Table:
[[[4.88263424e-05 2.97239750e-01 1.92114956e+02 2.18389886e+01
   9.31741204e+00 7.39991818e-03 7.39991818e-03]
  [4.64077203e-05 2.67419993e-01 2.02004763e+02 1.83391696e+01
   1.06259164e+01 6.75240715e-03 6.75240715e-03]
  [4.61990424e-05 2.96654858e-01 1.92350344e+02 2.17429792e+01
   9.48288913e+00 7.38487764e-03 7.38487764e-03]]

 [[5.03613671e-05 2.96211539e-01 1.91865960e+02 2.16914823e+01
   9.42224004e+00 7.37623255e-03 7.37623255e-03]
  [1.70903568e-04 4.99086311e-01 6.16242967e+02 3.71890047e-02
   4.32096660e-02 3.35581860e-03 3.36658888e-03]
  [4.61409280e-05 2.96393130e-01 1.92655261e+02 2.17117892e+01
   9.54094773e+00 7.37921855e-03 7.37921855e-03]]

 [[4.64995744e-05 2.97670352e-01 1.92311696e+02 2.18840368e+01
   9.22805801e+00 7.40939368e-03 7.40939368e-03]
  [4.67586252e-05 2.97276248e-01 1.92481063e+02 2.18137770e+01
   9.33398190e+00 7.40062901e-03 7.40062901e-03]
  [3.90483958e-05 1.68664560e-01 2.54009750e+02 3.92649007e+01
   1.21011404e+01 4.55296091e-03 4.55296091e-03]]]

Buffer Table:
[[[4.61008630e-05 2.95042761e-01 1.92355135e+02 2.15653177e+01
   9.54330600e+00 7.29039133e-03 7.29039133e-03]
  [5.01413229e-05 2.95203397e-01 1.92483593e+02 2.15940214e+01
   9.50226446e+00 7.29409385e-03 7.29409385e-03]
  [4.58747582e-05 2.76811123e-01 2.04959188e+02 2.22775229e+01
   8.63046198e+00 6.88618458e-03 6.88618458e-03]]

 [[4.91070650e-05 2.94005712e-01 1.94644265e+02 2.14514429e+01
   9.46064248e+00 7.26912403e-03 7.26912403e-03]
  [1.73192640e-04 5.19982427e-01 5.70702228e+02 2.38344721e+00
   1.08025458e+00 3.78246047e-03 3.79323074e-03]
  [4.67121935e-05 2.86179802e-01 1.97870217e+02 2.07788226e+01
   8.91582034e+00 7.09179512e-03 7.09179512e-03]]

 [[4.68125497e-05 2.95564142e-01 1.92263041e+02 2.16379893e+01
   9.41331358e+00 7.30311177e-03 7.30311177e-03]
  [3.99157948e-05 2.12607949e-01 3.05039522e+02 1.88715068e+01
   5.66379962e+00 5.53157061e-03 5.53157061e-03]
  [4.65117011e-05 2.94937911e-01 1.92456260e+02 2.15243333e+01
   9.57608144e+00 7.28870757e-03 7.28870757e-03]]]

Arbiter Table:
[[[4.65266622e-05 2.94548769e-01 1.92418050e+02 2.16212960e+01
   9.35871997e+00 7.42456815e-03 7.42456815e-03]
  [3.58809698e-05 2.16274208e-01 2.24532223e+02 1.92027070e+01
   1.12763041e+01 5.66183759e-03 5.66183759e-03]
  [4.79379408e-05 2.93905420e-01 1.92212477e+02 2.15341682e+01
   9.51205757e+00 7.40950183e-03 7.40950183e-03]]

 [[4.29731412e-05 2.68334369e-01 2.04880769e+02 2.07286625e+01
   9.42942562e+00 6.82573066e-03 6.82573066e-03]
  [1.70961154e-04 4.99663510e-01 6.15957483e+02 1.15950958e-01
   6.56396633e-02 3.36851054e-03 3.37928082e-03]
  [4.56938389e-05 2.84705366e-01 1.98397504e+02 2.04524335e+01
   8.74351070e+00 7.19924323e-03 7.19924323e-03]]

 [[4.69299725e-05 2.94594008e-01 1.92118314e+02 2.16213018e+01
   9.34949084e+00 7.42578123e-03 7.42578123e-03]
  [4.13582245e-05 2.36506629e-01 2.22756012e+02 1.50915883e+01
   6.95386681e+00 6.13150692e-03 6.13150692e-03]
  [5.19787560e-05 2.92935605e-01 1.92198244e+02 2.14132588e+01
   9.75570201e+00 7.38431197e-03 7.38431197e-03]]]

Page Table:
[[[7.10745540e-05 9.37357494e-01 1.82751195e+02 1.92594751e+01
   8.99490254e+00 2.43632447e-02 2.43632447e-02]
  [7.21436808e-05 9.36574687e-01 1.82639650e+02 1.90925770e+01
   9.10770966e+00 2.43431924e-02 2.43431924e-02]
  [7.17920475e-05 9.39819494e-01 1.82571790e+02 1.93327568e+01
   8.86348862e+00 2.44277199e-02 2.44277199e-02]
  [7.15105337e-05 9.39171067e-01 1.82732507e+02 1.90839175e+01
   9.01321604e+00 2.44092891e-02 2.44092891e-02]]

 [[7.09625676e-05 9.38016542e-01 1.83005421e+02 1.92462605e+01
   8.97406671e+00 2.43796563e-02 2.43796563e-02]
  [1.81500626e-04 6.85591743e-01 5.17836552e+02 4.68876250e+00
   2.26721866e+00 8.04297743e-03 8.05374771e-03]
  [7.29590545e-05 9.39200413e-01 1.82565898e+02 1.91854075e+01
   8.95952743e+00 2.44121103e-02 2.44121103e-02]
  [6.71478973e-05 8.08733217e-01 2.18028361e+02 1.94473539e+01
   9.43129496e+00 2.11012324e-02 2.11012324e-02]]

 [[7.09601759e-05 9.35723586e-01 1.82678335e+02 1.91196121e+01
   9.12739011e+00 2.43199122e-02 2.43199122e-02]
  [7.31448503e-05 9.35636022e-01 1.82543981e+02 1.91562454e+01
   9.11330814e+00 2.43177656e-02 2.43177656e-02]
  [7.10879046e-05 9.39034564e-01 1.82731890e+02 1.94051965e+01
   8.85790975e+00 2.44064500e-02 2.44064500e-02]
  [7.64371504e-05 9.40405375e-01 1.83283372e+02 1.90779139e+01
   8.96629780e+00 2.44439249e-02 2.44439249e-02]]

 [[7.12761982e-05 9.36189453e-01 1.83177500e+02 1.91180121e+01
   9.10799360e+00 2.43330371e-02 2.43330371e-02]
  [5.49293174e-05 5.70763893e-01 3.32129029e+02 1.48503732e+01
   7.30690628e+00 1.51102834e-02 1.51102834e-02]
  [7.26774330e-05 9.39988526e-01 1.82558334e+02 1.91243096e+01
   8.96303267e+00 2.44301590e-02 2.44301590e-02]
  [7.11862304e-05 9.59859018e-01 1.83753322e+02 1.93856128e+01
   8.06432452e+00 2.49463508e-02 2.49463508e-02]]]

Response Table:
[[[1.70873294e-04 4.98828692e-01 6.16343642e+02]
  [3.62116935e-05 1.35286859e-01 1.94103789e+02]]

 [[3.39134178e-05 1.32308848e-01 2.11941049e+02]
  [3.61644273e-05 1.35325027e-01 1.93727536e+02]]]

Refresh Table:
[[[2.84876671e-05 1.27145563e-01 2.38446587e+02]
  [1.70021910e-04 5.01377021e-01 5.71248639e+02]]

 [[2.46453915e-05 1.02445147e-01 5.72214170e+02]
  [3.39447145e-05 1.27793990e-01 2.18477271e+02]]]

Request Buffer Table:
[[[8.22281797e-05 1.87270752e+00 9.99969157e+01]
  [8.11293279e-05 1.88736474e+00 9.99862426e+01]
  [8.05001949e-05 1.85741596e+00 1.00931733e+02]
  [8.15506577e-05 1.89418361e+00 9.95935916e+01]
  [8.08997731e-05 1.87606836e+00 1.00600268e+02]
  [8.52971442e-05 1.85650524e+00 1.01910426e+02]
  [8.25176125e-05 1.88530295e+00 9.97572524e+01]
  [8.09424656e-05 1.87809404e+00 1.00363091e+02]]

 [[8.05541103e-05 1.87123096e+00 1.00572881e+02]
  [8.27449605e-05 1.85579303e+00 1.01504180e+02]
  [8.04236363e-05 1.86197056e+00 1.01000626e+02]
  [8.18675634e-05 1.90406073e+00 9.86793088e+01]
  [8.08437314e-05 1.87930437e+00 1.01360004e+02]
  [8.66660166e-05 1.86446140e+00 1.01347384e+02]
  [8.03210191e-05 1.83943246e+00 1.02619279e+02]
  [8.18031297e-05 1.88661634e+00 1.00281439e+02]]

 [[8.12034328e-05 1.87735150e+00 9.96426842e+01]
  [8.02591807e-05 1.86059369e+00 1.01290586e+02]
  [8.05330093e-05 1.86806488e+00 1.00656275e+02]
  [8.10766757e-05 1.87721465e+00 1.00270778e+02]
  [8.08220307e-05 1.87200649e+00 1.00762986e+02]
  [8.04972161e-05 1.83950899e+00 1.02142504e+02]
  [8.12807741e-05 1.86103899e+00 1.01371460e+02]
  [8.11095425e-05 1.86064646e+00 1.01039124e+02]]

 [[8.68094265e-05 1.86980336e+00 1.00070708e+02]
  [8.10952727e-05 1.88789312e+00 9.88800090e+01]
  [8.04546998e-05 1.86883698e+00 1.00650675e+02]
  [8.14576696e-05 1.89251228e+00 9.99275733e+01]
  [8.00909705e-05 1.85132681e+00 1.03573206e+02]
  [8.13456388e-05 1.86466490e+00 1.01133128e+02]
  [8.04597021e-05 1.86500081e+00 1.01348817e+02]
  [8.13376431e-05 1.89635027e+00 9.94062242e+01]]

 [[8.33479264e-05 1.86731196e+00 1.00990541e+02]
  [8.01211686e-05 1.85574087e+00 1.01594681e+02]
  [8.12308123e-05 1.86788173e+00 1.00739053e+02]
  [8.09374921e-05 1.87342891e+00 1.00594078e+02]
  [8.07254286e-05 1.87199117e+00 1.00157722e+02]
  [8.04760989e-05 1.85300073e+00 1.01164283e+02]
  [8.14065972e-05 1.87864414e+00 1.01151782e+02]
  [7.55474710e-05 1.73040078e+00 1.15810273e+02]]

 [[8.07154415e-05 1.87675209e+00 9.98299995e+01]
  [8.10412849e-05 1.88286677e+00 1.00314208e+02]
  [7.99538976e-05 1.85243283e+00 1.01080482e+02]
  [8.14029666e-05 1.85744189e+00 1.03231849e+02]
  [8.03284029e-05 1.85309589e+00 1.01315262e+02]
  [1.74072206e-04 5.79992867e-01 5.99124639e+02]
  [8.22301861e-05 1.84932600e+00 1.01552025e+02]
  [8.00762177e-05 1.86274699e+00 1.01400773e+02]]

 [[8.32953769e-05 1.85744205e+00 1.01076506e+02]
  [8.13364716e-05 1.88790268e+00 9.89913924e+01]
  [8.02813824e-05 1.84923023e+00 1.00930429e+02]
  [8.02992333e-05 1.86567337e+00 1.01375008e+02]
  [8.11181244e-05 1.87070985e+00 1.00697968e+02]
  [9.22272219e-05 1.84631330e+00 1.02131977e+02]
  [8.16584605e-05 1.87704465e+00 1.00439466e+02]
  [8.04661261e-05 1.86565229e+00 1.02284283e+02]]

 [[8.26399656e-05 1.86855839e+00 1.00845115e+02]
  [8.28584954e-05 1.86320584e+00 1.00940508e+02]
  [7.99157892e-05 1.84662434e+00 1.01578515e+02]
  [8.33917542e-05 1.87362774e+00 1.00424574e+02]
  [8.09844599e-05 1.88507834e+00 1.00818782e+02]
  [5.72914966e-05 1.25823706e+00 2.12907850e+02]
  [8.14065501e-05 1.87703833e+00 1.01826548e+02]
  [8.09533481e-05 1.88477143e+00 1.01265129e+02]]]

Ref Max Post Table:
[[[1.79241493e-04 6.46120234e-01 5.36634741e+02]
  [6.82781958e-05 8.66891534e-01 1.84617985e+02]
  [7.60479154e-05 9.32762024e-01 1.84338568e+02]
  [6.42362084e-05 8.11256584e-01 2.07477483e+02]]

 [[6.92123055e-05 8.81153852e-01 1.83128943e+02]
  [7.13361077e-05 9.38712394e-01 1.82888684e+02]
  [7.12821753e-05 9.34074347e-01 1.82691052e+02]
  [6.21715421e-05 7.79427049e-01 2.18490885e+02]]

 [[7.33104195e-05 9.31970290e-01 1.82934304e+02]
  [7.16264468e-05 9.35582752e-01 1.82957157e+02]
  [5.87569792e-05 7.79502561e-01 2.74582480e+02]
  [6.77713759e-05 8.69354657e-01 1.89327380e+02]]

 [[4.95779046e-05 5.29085718e-01 3.34578415e+02]
  [6.93163446e-05 8.88317686e-01 1.83115137e+02]
  [7.14355505e-05 9.39416303e-01 1.82748370e+02]
  [7.31985438e-05 9.39210179e-01 1.82894004e+02]]]

Ref Max Pull Table:
[[[6.81144134e-05 8.92345970e-01 1.83204531e+02]
  [7.06860326e-05 9.27469242e-01 1.82971259e+02]
  [7.22308735e-05 9.43030595e-01 1.83141789e+02]
  [5.42410376e-05 5.91967281e-01 2.20535199e+02]]

 [[6.70064509e-05 8.37838846e-01 1.93613822e+02]
  [5.99470497e-05 6.76558207e-01 2.21469401e+02]
  [7.08297401e-05 9.35791827e-01 1.82979217e+02]
  [1.69550184e-04 5.07027555e-01 5.76722156e+02]]

 [[6.88383453e-05 8.64704677e-01 1.88613292e+02]
  [7.09324303e-05 9.32460371e-01 1.83100046e+02]
  [6.97411278e-05 8.88452729e-01 1.83187744e+02]
  [6.94161326e-05 8.97467475e-01 1.83180710e+02]]

 [[7.03929103e-05 9.13055566e-01 1.84692144e+02]
  [2.41728313e-05 1.08105663e-01 5.77697356e+02]
  [6.89528383e-05 8.88527523e-01 1.83564823e+02]
  [5.97752890e-05 7.03086771e-01 2.04515602e+02]]]

Max Activate Table:
[[[7.96139713e-05 1.87452327e+00 1.00062393e+02 9.60908442e+00
   5.10092289e+00 4.71933705e-02 4.71933705e-02]
  [7.97292251e-05 1.86805865e+00 1.00273527e+02 1.01145781e+01
   5.15002109e+00 4.70319909e-02 4.70319909e-02]
  [7.92881163e-05 1.85884047e+00 1.01319893e+02 1.03029820e+01
   5.21376386e+00 4.68008213e-02 4.68008213e-02]
  [8.11850964e-05 1.90919386e+00 9.91025707e+01 9.56705820e+00
   4.86419710e+00 4.80643422e-02 4.80643422e-02]
  [8.02252158e-05 1.86700958e+00 1.00613607e+02 9.78665358e+00
   5.15075417e+00 4.70047526e-02 4.70047526e-02]
  [8.13316514e-05 1.86670526e+00 1.00724809e+02 9.98792159e+00
   5.17720371e+00 4.69972824e-02 4.69972824e-02]
  [7.98663347e-05 1.88043269e+00 9.94575847e+01 1.03692019e+01
   4.79519987e+00 4.73417079e-02 4.73417079e-02]
  [7.48105218e-05 1.73242214e+00 1.15637502e+02 9.48027983e+00
   5.22265579e+00 4.36455344e-02 4.36455344e-02]]

 [[8.00865235e-05 1.87811377e+00 9.94463289e+01 9.54289098e+00
   5.08140947e+00 4.72839364e-02 4.72839364e-02]
  [8.03490479e-05 1.89315670e+00 9.86238800e+01 8.99596565e+00
   5.03455218e+00 4.76606684e-02 4.76606684e-02]
  [8.01171481e-05 1.87232112e+00 1.00475484e+02 1.01637015e+01
   4.77106988e+00 4.71374831e-02 4.71374831e-02]
  [7.99753183e-05 1.86799636e+00 1.00405029e+02 9.92892184e+00
   5.18991499e+00 4.70293878e-02 4.70293878e-02]
  [8.04932420e-05 1.87662883e+00 1.00014317e+02 9.65586033e+00
   5.16807838e+00 4.72457092e-02 4.72457092e-02]
  [9.26327429e-05 1.86279726e+00 1.01487006e+02 1.03482959e+01
   5.08532588e+00 4.68995963e-02 4.68995963e-02]
  [7.05389185e-05 1.47511704e+00 2.10318664e+02 8.04951707e+00
   4.44295947e+00 3.73064392e-02 3.73064392e-02]
  [8.12790498e-05 1.85735759e+00 1.01136322e+02 1.03728690e+01
   5.21577410e+00 4.67636523e-02 4.67636523e-02]]

 [[8.12395965e-05 1.87372803e+00 9.98575842e+01 9.82592586e+00
   5.14155095e+00 4.71742518e-02 4.71742518e-02]
  [7.95515557e-05 1.86475476e+00 1.00094911e+02 9.83080075e+00
   5.29034460e+00 4.69487236e-02 4.69487236e-02]
  [7.99803745e-05 1.88497643e+00 9.95592398e+01 1.00498895e+01
   4.80758766e+00 4.74563405e-02 4.74563405e-02]
  [7.99140903e-05 1.87945536e+00 9.98915205e+01 1.02548722e+01
   4.79462880e+00 4.73175309e-02 4.73175309e-02]
  [7.98552890e-05 1.88182711e+00 1.00698628e+02 1.02367522e+01
   4.80454020e+00 4.73774347e-02 4.73774347e-02]
  [7.99818820e-05 1.85671328e+00 1.01515070e+02 9.93741320e+00
   5.28158477e+00 4.67471860e-02 4.67471860e-02]
  [7.90145243e-05 1.84197807e+00 1.02913990e+02 1.02638102e+01
   5.56572390e+00 4.63787712e-02 4.63787712e-02]
  [7.98412303e-05 1.86339159e+00 1.01369520e+02 1.00776639e+01
   5.03599148e+00 4.69145403e-02 4.69145403e-02]]

 [[7.97066317e-05 1.87802297e+00 9.97359702e+01 9.33388117e+00
   4.78578861e+00 4.72820325e-02 4.72820325e-02]
  [8.03410443e-05 1.88567950e+00 1.00439647e+02 9.92059388e+00
   4.81140683e+00 4.74727221e-02 4.74727221e-02]
  [7.95051839e-05 1.86430624e+00 1.00600829e+02 1.01885497e+01
   5.11119564e+00 4.69371530e-02 4.69371530e-02]
  [8.87849436e-05 1.87976141e+00 9.97911689e+01 9.80611356e+00
   5.05299703e+00 4.73264840e-02 4.73264840e-02]
  [8.01770806e-05 1.88107448e+00 1.00452256e+02 1.00298628e+01
   4.79672727e+00 4.73581585e-02 4.73581585e-02]
  [7.94670866e-05 1.84758614e+00 1.02109449e+02 1.00891003e+01
   5.34326959e+00 4.65189904e-02 4.65189904e-02]
  [8.06710335e-05 1.89819550e+00 9.88612605e+01 9.50294779e+00
   5.14921764e+00 4.77876549e-02 4.77876549e-02]
  [8.02118955e-05 1.87902918e+00 9.98796543e+01 9.75982630e+00
   5.06797400e+00 4.73077275e-02 4.73077275e-02]]

 [[8.03078578e-05 1.88788292e+00 9.98144974e+01 9.68412177e+00
   5.05888241e+00 4.75286135e-02 4.75286135e-02]
  [8.00300746e-05 1.84797878e+00 1.01604180e+02 1.02813845e+01
   5.49345252e+00 4.65288038e-02 4.65288038e-02]
  [7.98783476e-05 1.87054583e+00 9.97231323e+01 1.00468945e+01
   5.02463873e+00 4.70938763e-02 4.70938763e-02]
  [8.35039897e-05 1.89545652e+00 9.95728584e+01 9.30761405e+00
   5.16409497e+00 4.77191879e-02 4.77191879e-02]
  [8.31458149e-05 1.86664591e+00 1.01457438e+02 9.92572185e+00
   5.01450342e+00 4.69954620e-02 4.69954620e-02]
  [8.03202832e-05 1.86763055e+00 1.00731176e+02 1.04494750e+01
   4.95673430e+00 4.70210036e-02 4.70210036e-02]
  [7.90487739e-05 1.84240500e+00 1.01966096e+02 1.01434951e+01
   5.67193443e+00 4.63877471e-02 4.63877471e-02]
  [8.12040018e-05 1.85391212e+00 1.00932463e+02 1.02452992e+01
   5.21681795e+00 4.66767485e-02 4.66767485e-02]]

 [[7.90314567e-05 1.83860250e+00 1.01962782e+02 1.02353030e+01
   5.43469923e+00 4.62935139e-02 4.62935139e-02]
  [7.92345290e-05 1.86066539e+00 1.01018541e+02 1.01166234e+01
   5.28680049e+00 4.68463774e-02 4.68463774e-02]
  [8.03953855e-05 1.88772488e+00 9.92977193e+01 9.50831053e+00
   5.05109530e+00 4.75255537e-02 4.75255537e-02]
  [8.02599226e-05 1.88852889e+00 9.97076347e+01 9.69010364e+00
   4.82455085e+00 4.75453014e-02 4.75453014e-02]
  [8.12917115e-05 1.85996057e+00 1.01713138e+02 1.03704929e+01
   5.03827105e+00 4.68275538e-02 4.68275538e-02]
  [8.03058951e-05 1.89077277e+00 1.00135550e+02 9.90586552e+00
   4.82968764e+00 4.76025551e-02 4.76025551e-02]
  [8.16178623e-05 1.86699068e+00 1.00562422e+02 1.00900539e+01
   5.12885102e+00 4.70053673e-02 4.70053673e-02]
  [7.91424954e-05 1.84647942e+00 1.01710494e+02 1.03019540e+01
   5.41894449e+00 4.64898722e-02 4.64898722e-02]]

 [[7.94532261e-05 1.84651377e+00 1.01523074e+02 1.00381280e+01
   5.37616112e+00 4.64938403e-02 4.64938403e-02]
  [8.15194060e-05 1.85191108e+00 1.01480682e+02 1.03148722e+01
   5.22175343e+00 4.66289667e-02 4.66289667e-02]
  [7.91867860e-05 1.84860041e+00 1.01804287e+02 1.02318817e+01
   5.45022618e+00 4.65435923e-02 4.65435923e-02]
  [8.20324735e-05 1.86001262e+00 1.00827499e+02 1.00183300e+01
   5.19812264e+00 4.68309490e-02 4.68309490e-02]
  [7.92286342e-05 1.84147453e+00 1.01996021e+02 1.01868885e+01
   5.68478809e+00 4.63656276e-02 4.63656276e-02]
  [8.08436072e-05 1.86334475e+00 1.01440483e+02 1.08785969e+01
   4.74751700e+00 4.69138026e-02 4.69138026e-02]
  [1.82018446e-04 9.02477679e-01 5.00163376e+02 2.36160936e+00
   1.22925328e+00 1.33319803e-02 1.33427505e-02]
  [8.01998587e-05 1.86694429e+00 1.00548617e+02 9.86637264e+00
   5.26079654e+00 4.70038495e-02 4.70038495e-02]]

 [[8.04217492e-05 1.86744883e+00 9.99716770e+01 9.65633737e+00
   5.23618751e+00 4.70159396e-02 4.70159396e-02]
  [7.93237452e-05 1.85351461e+00 1.01291820e+02 1.01464386e+01
   5.41340376e+00 4.66672199e-02 4.66672199e-02]
  [7.98392570e-05 1.86672529e+00 1.00534350e+02 9.91787110e+00
   5.10779872e+00 4.69976359e-02 4.69976359e-02]
  [8.37647149e-05 1.86243092e+00 1.00836139e+02 1.02907479e+01
   5.09163167e+00 4.68908073e-02 4.68908073e-02]
  [7.96623800e-05 1.86702961e+00 1.01752116e+02 1.03015568e+01
   4.95631326e+00 4.70042511e-02 4.70042511e-02]
  [8.03506631e-05 1.88581624e+00 9.95240895e+01 9.65248439e+00
   5.07459541e+00 4.74773521e-02 4.74773521e-02]
  [6.22422829e-05 1.32544674e+00 2.10013385e+02 7.10232337e+00
   4.01992482e+00 3.35506429e-02 3.35506429e-02]
  [7.93776324e-05 1.85051488e+00 1.02418642e+02 1.00509215e+01
   5.40517157e+00 4.65911904e-02 4.65911904e-02]]]

Cumulative Reward: 15831.136429308532
