Scheduler Table:
[[[7.57038483e-04 2.19961995e-01 1.48097873e+02 1.05022873e-02
   3.49934999e-01 3.61305822e-03 3.61305822e-03]
  [7.55988015e-04 2.19854377e-01 1.48177437e+02 1.04946503e-02
   3.54844472e-01 3.61255406e-03 3.61255406e-03]
  [7.48571330e-04 2.18965851e-01 1.48358180e+02 1.05234057e-02
   3.45846629e-01 3.61227696e-03 3.61227696e-03]]

 [[7.53770764e-04 2.19554521e-01 1.48130582e+02 1.05119770e-02
   3.49150210e-01 3.61245732e-03 3.61245732e-03]
  [3.16941683e-04 1.57940803e-01 2.36214912e+02 1.06306880e-02
   1.38683857e-01 3.62157363e-03 3.62157363e-03]
  [1.63734727e-04 1.32314049e-01 2.71893137e+02 1.07580617e-02
   5.96574353e-02 3.62496895e-03 3.63692252e-03]]

 [[7.52131680e-04 2.19352361e-01 1.48078358e+02 1.05154736e-02
   3.45731953e-01 3.61245851e-03 3.61245851e-03]
  [2.33290239e-04 6.32177185e-01 2.70545792e+02 1.07481602e-02
   2.09537059e-01 3.62593203e-03 3.62948224e-03]
  [7.57755441e-04 2.20021540e-01 1.48274435e+02 1.05083429e-02
   3.49425010e-01 3.61198448e-03 3.61198448e-03]]]

Buffer Table:
[[[3.94985168e-04 1.52048507e-01 2.54183903e+02 1.06332589e-02
   1.18287178e-01 3.62302951e-03 3.62302951e-03]
  [1.04756267e-03 2.19106508e-01 1.48335773e+02 1.05095635e-02
   3.32302089e-01 3.61303917e-03 3.61303917e-03]
  [8.28018103e-04 1.98038569e-01 1.78194151e+02 1.06171591e-02
   2.58297036e-01 3.61616840e-03 3.61616840e-03]]

 [[1.04959419e-03 2.19237649e-01 1.48341594e+02 1.05153245e-02
   3.26468189e-01 3.61276483e-03 3.61276483e-03]
  [1.05392845e-03 2.19587543e-01 1.48281308e+02 1.05080123e-02
   3.36597090e-01 3.61230130e-03 3.61230130e-03]
  [1.03866498e-03 2.18318829e-01 1.48607381e+02 1.05167515e-02
   3.25011460e-01 3.61308890e-03 3.61308890e-03]]

 [[1.04398171e-03 2.18744202e-01 1.49385105e+02 1.05241174e-02
   3.24211088e-01 3.61268580e-03 3.61268580e-03]
  [1.04700082e-03 2.18996529e-01 1.48467550e+02 1.05098292e-02
   3.27645942e-01 3.61283898e-03 3.61283898e-03]
  [2.16256174e-04 6.24036673e-01 2.74553321e+02 1.08303934e-02
   1.83919278e-01 3.62651915e-03 3.63843686e-03]]]

Arbiter Table:
[[[5.44717658e-04 1.90256201e-01 1.94716374e+02 1.06018095e-02
   2.32381252e-01 3.61749089e-03 3.61749089e-03]
  [1.67230280e-04 6.21642980e-01 2.85091850e+02 1.07505336e-02
   1.76447565e-01 3.62737714e-03 3.63092735e-03]
  [7.51355733e-04 2.18910915e-01 1.48103212e+02 1.05241794e-02
   3.28825223e-01 3.61294023e-03 3.61294023e-03]]

 [[9.75580705e-05 1.21761234e-01 2.86464891e+02 1.07604392e-02
   2.65094869e-02 3.62641661e-03 3.63837018e-03]
  [7.48478812e-04 2.18565360e-01 1.48024039e+02 1.05254737e-02
   3.28970349e-01 3.61261980e-03 3.61261980e-03]
  [7.53275968e-04 2.19092567e-01 1.48430756e+02 1.05205526e-02
   3.28775005e-01 3.61253077e-03 3.61253077e-03]]

 [[6.19889560e-04 2.00622939e-01 1.74499509e+02 1.05917676e-02
   2.70491277e-01 3.61538281e-03 3.61538281e-03]
  [7.49843411e-04 2.18692450e-01 1.48070497e+02 1.05305565e-02
   3.30201635e-01 3.61223870e-03 3.61223870e-03]
  [7.53261373e-04 2.19128949e-01 1.47928952e+02 1.05182867e-02
   3.29381632e-01 3.61256956e-03 3.61256956e-03]]]

Page Table:
[[[8.12492348e-04 4.06887631e-01 1.40372067e+02 9.97073760e-03
   2.64601715e-01 3.41607671e-03 3.41607671e-03]
  [8.14079632e-04 4.07383929e-01 1.40309533e+02 9.98873001e-03
   2.65590253e-01 3.41500846e-03 3.41500846e-03]
  [8.06949696e-04 4.04977910e-01 1.40308281e+02 9.96974669e-03
   2.82978413e-01 3.41710353e-03 3.41710353e-03]
  [6.06793099e-04 3.35189045e-01 1.68979449e+02 1.00934307e-02
   2.15010277e-01 3.47216654e-03 3.47216654e-03]]

 [[8.04122477e-04 4.04058790e-01 1.40495324e+02 9.98490628e-03
   2.71009896e-01 3.41847552e-03 3.41847552e-03]
  [4.57102288e-04 7.38453886e-01 2.18219080e+02 1.05952217e-02
   2.67173792e-01 3.53848865e-03 3.55040636e-03]
  [8.10734915e-04 4.06252477e-01 1.40356938e+02 9.95939056e-03
   2.78831705e-01 3.41637912e-03 3.41637912e-03]
  [8.09505127e-04 4.05844527e-01 1.40649412e+02 9.94825141e-03
   2.93125394e-01 3.41716942e-03 3.41716942e-03]]

 [[8.09248341e-04 4.05781372e-01 1.40799564e+02 9.96458655e-03
   2.86664514e-01 3.41652337e-03 3.41652337e-03]
  [7.68924633e-04 3.91261057e-01 1.43625170e+02 1.00797788e-02
   2.58101675e-01 3.42905411e-03 3.42905411e-03]
  [8.13645571e-04 4.07249710e-01 1.40386284e+02 9.95153872e-03
   2.75771843e-01 3.41519341e-03 3.41519341e-03]
  [8.05485752e-04 4.04465956e-01 1.40758434e+02 9.96007470e-03
   2.88527829e-01 3.41781369e-03 3.41781369e-03]]

 [[7.87350492e-04 3.98242015e-01 1.41750051e+02 9.97702046e-03
   2.76278558e-01 3.42260225e-03 3.42260225e-03]
  [8.10831152e-04 4.06311464e-01 1.40330177e+02 9.96937621e-03
   2.81388037e-01 3.41686125e-03 3.41686125e-03]
  [8.03900851e-04 4.03928651e-01 1.40711711e+02 9.98744877e-03
   2.79024790e-01 3.41852315e-03 3.41852315e-03]
  [2.64074696e-04 2.01208699e-01 2.53051307e+02 1.04682671e-02
   8.74556452e-02 3.56569022e-03 3.56569022e-03]]]

Response Table:
[[[1.09324863e-03 1.46962262e-01 1.49200220e+02]
  [6.41052466e-05 1.15414957e-01 2.94329446e+02]]

 [[1.33836448e-04 6.15307894e-01 2.92942536e+02]
  [6.32713576e-04 1.38557761e-01 2.00006236e+02]]]

Refresh Table:
[[[1.26159909e-04 6.13452697e-01 2.94271083e+02]
  [7.80096143e-04 1.47146848e-01 1.48875688e+02]]

 [[7.80323946e-04 1.47264966e-01 1.49342496e+02]
  [7.79923157e-04 1.47176340e-01 1.49318121e+02]]]

Request Buffer Table:
[[[3.41444127e-04 5.46675422e-01 7.46154307e+01]
  [3.34116453e-04 5.44380749e-01 7.51252835e+01]
  [3.63001366e-04 5.44516197e-01 7.52702482e+01]
  [3.13484881e-04 5.43129916e-01 7.51637702e+01]
  [3.17159990e-04 5.50151247e-01 7.43021304e+01]
  [3.22264624e-04 5.37731620e-01 7.76761996e+01]
  [3.23335315e-04 5.47872627e-01 7.51262206e+01]
  [3.36116509e-04 5.42009234e-01 7.54873287e+01]]

 [[3.36525085e-04 5.44012345e-01 7.49675521e+01]
  [3.13675533e-04 5.47297692e-01 7.45246065e+01]
  [3.46167590e-04 5.46087972e-01 7.50771848e+01]
  [3.20745123e-04 5.47311391e-01 7.43230774e+01]
  [3.43284810e-04 5.46842750e-01 7.48353433e+01]
  [3.17598075e-04 5.44096777e-01 7.55865465e+01]
  [3.19782622e-04 5.46281073e-01 7.48255885e+01]
  [2.69666402e-04 4.67966538e-01 1.03662538e+02]]

 [[3.23319819e-04 5.43480328e-01 7.52198410e+01]
  [3.17130684e-04 5.46103650e-01 7.47443467e+01]
  [3.56874620e-04 5.45773156e-01 7.48643230e+01]
  [3.04481638e-04 5.45383527e-01 7.50463574e+01]
  [3.31882817e-04 5.44675435e-01 7.57782124e+01]
  [3.39417985e-04 5.44404175e-01 7.51460251e+01]
  [3.28154309e-04 5.49517598e-01 7.49296903e+01]
  [3.19712181e-04 5.42664566e-01 7.58736075e+01]]

 [[3.15725047e-04 5.44085715e-01 7.48735076e+01]
  [3.19329713e-04 5.45422841e-01 7.47834357e+01]
  [3.61725718e-04 5.51590326e-01 7.36387986e+01]
  [3.02272142e-04 5.45249347e-01 7.51474763e+01]
  [3.32176419e-04 5.45532390e-01 7.50673826e+01]
  [3.18451618e-04 5.41621183e-01 7.61165609e+01]
  [3.03806984e-04 5.47940415e-01 7.54629363e+01]
  [3.28165015e-04 5.38775558e-01 7.61225578e+01]]

 [[3.47981694e-04 5.42993288e-01 7.53667279e+01]
  [3.15785499e-04 5.47213513e-01 7.48473532e+01]
  [3.56156320e-04 5.48523223e-01 7.43041330e+01]
  [3.09139704e-04 5.40756144e-01 7.56885864e+01]
  [3.49328272e-04 5.44808582e-01 7.52851793e+01]
  [3.16329758e-04 5.44804780e-01 7.55388649e+01]
  [3.44583370e-04 5.56014344e-01 7.33434205e+01]
  [5.98005930e-05 1.30458121e-01 2.88147447e+02]]

 [[3.36644471e-04 5.42503920e-01 7.53059730e+01]
  [3.34955631e-04 5.42515698e-01 7.54646699e+01]
  [3.22030745e-04 5.45532579e-01 7.51411484e+01]
  [3.06193640e-04 5.46087841e-01 7.50393966e+01]
  [3.69734068e-04 5.44628054e-01 7.48438416e+01]
  [3.19846041e-04 5.43467815e-01 7.54073798e+01]
  [3.38279857e-04 5.45581754e-01 7.50200956e+01]
  [2.05172548e-04 3.67030229e-01 1.58550885e+02]]

 [[3.44867851e-04 5.42082754e-01 7.56011175e+01]
  [2.99044830e-04 5.47933846e-01 7.44747490e+01]
  [3.62016661e-04 5.49771245e-01 7.38512665e+01]
  [3.13441382e-04 5.46998593e-01 7.51568287e+01]
  [3.43486905e-04 5.47297548e-01 7.43306148e+01]
  [3.24595138e-04 5.43347619e-01 7.53022039e+01]
  [3.25774205e-04 5.49519303e-01 7.43601977e+01]
  [3.08628719e-04 5.04590211e-01 8.65588884e+01]]

 [[3.24530868e-04 5.41033472e-01 7.58949848e+01]
  [3.18064921e-04 5.43537392e-01 7.52172261e+01]
  [3.39344208e-04 5.45848735e-01 7.50632712e+01]
  [3.09707910e-04 5.42615328e-01 7.53382819e+01]
  [1.29539385e-04 6.30324530e-01 2.86771439e+02]
  [3.15090178e-04 5.20717898e-01 8.23467145e+01]
  [3.33215223e-04 5.40532678e-01 7.65673976e+01]
  [3.16632075e-04 5.40267701e-01 7.56350571e+01]]]

Ref Max Post Table:
[[[2.62619715e-04 2.09499157e-01 2.42203971e+02]
  [8.14262592e-04 4.04692329e-01 1.41169853e+02]
  [8.16982061e-04 4.05648079e-01 1.40688788e+02]
  [8.20876247e-04 4.06986225e-01 1.40449878e+02]]

 [[8.16831281e-04 4.05614023e-01 1.41795054e+02]
  [1.31611501e-04 6.15480633e-01 2.92644854e+02]
  [8.17191289e-04 4.05672055e-01 1.40629588e+02]
  [8.16380049e-04 4.05474278e-01 1.40577697e+02]]

 [[8.16119626e-04 4.05318038e-01 1.40434251e+02]
  [6.72114184e-04 3.56032116e-01 1.56589049e+02]
  [8.16662793e-04 4.05547912e-01 1.40527304e+02]
  [8.31516159e-04 4.10555431e-01 1.40414001e+02]]

 [[8.27018051e-04 4.09036735e-01 1.40561219e+02]
  [8.19377086e-04 4.06484483e-01 1.40524582e+02]
  [8.16517140e-04 4.05485599e-01 1.40874482e+02]
  [8.32061425e-04 4.10739914e-01 1.40502500e+02]]]

Ref Max Pull Table:
[[[8.15674179e-04 4.06803551e-01 1.40403532e+02]
  [6.67792395e-04 3.51892107e-01 1.70389648e+02]
  [8.12622985e-04 4.05742874e-01 1.41095562e+02]
  [2.39178443e-04 6.62698656e-01 2.69659912e+02]]

 [[1.69841218e-04 1.62855792e-01 2.70263892e+02]
  [6.11945041e-04 3.34450964e-01 1.74772115e+02]
  [8.14678485e-04 4.06500469e-01 1.40782620e+02]
  [6.71332910e-04 3.53307023e-01 1.68864851e+02]]

 [[8.23087794e-04 4.09297709e-01 1.40455275e+02]
  [8.11757341e-04 4.05491913e-01 1.40741155e+02]
  [8.12811399e-04 4.05895401e-01 1.40393762e+02]
  [6.16991009e-04 3.34641350e-01 1.77972353e+02]]

 [[6.86201581e-04 3.60845960e-01 1.61622110e+02]
  [1.69769693e-04 1.62912860e-01 2.69651342e+02]
  [8.17718442e-04 4.07501599e-01 1.40416805e+02]
  [8.13347691e-04 4.06022416e-01 1.40520470e+02]]]

Max Activate Table:
[[[3.36347536e-04 5.44215258e-01 7.48583668e+01 5.32555241e-03
   1.60712813e-01 1.82792754e-03 1.82792754e-03]
  [3.27178382e-04 5.45102867e-01 7.48401292e+01 5.33573865e-03
   1.22713368e-01 1.82428019e-03 1.82428019e-03]
  [3.37227860e-04 5.42691019e-01 7.52228665e+01 5.33794233e-03
   1.51827297e-01 1.83501949e-03 1.83501949e-03]
  [3.20027856e-04 5.46534361e-01 7.46573936e+01 5.32095956e-03
   1.15611390e-01 1.81774228e-03 1.81774228e-03]
  [3.25709814e-04 5.55474964e-01 7.31240498e+01 5.21153296e-03
   1.19653528e-01 1.77783235e-03 1.77783235e-03]
  [3.36487868e-04 5.37808897e-01 7.61687013e+01 5.42574372e-03
   1.58218071e-01 1.85617014e-03 1.85617014e-03]
  [3.37602728e-04 5.48827514e-01 7.40481393e+01 5.29623919e-03
   1.40749269e-01 1.80733885e-03 1.80733885e-03]
  [3.37238760e-04 5.44500697e-01 7.54984352e+01 5.31901964e-03
   1.28034379e-01 1.82751389e-03 1.82751389e-03]]

 [[3.42845948e-04 5.45935276e-01 7.44626721e+01 5.30866109e-03
   1.26066505e-01 1.82047265e-03 1.82047265e-03]
  [3.49828437e-04 5.46075484e-01 7.46156026e+01 5.32569013e-03
   1.10672945e-01 1.82033083e-03 1.82033083e-03]
  [3.20963244e-04 5.46981009e-01 7.45018571e+01 5.30616018e-03
   1.20062906e-01 1.81562024e-03 1.81562024e-03]
  [3.34375644e-04 5.41250754e-01 7.61708322e+01 5.36139119e-03
   1.34677204e-01 1.84243735e-03 1.84243735e-03]
  [3.32683896e-04 5.43843146e-01 7.53040974e+01 5.33095649e-03
   1.59772548e-01 1.83075386e-03 1.83075386e-03]
  [3.37151831e-04 5.38875505e-01 7.64352491e+01 5.40103937e-03
   1.94666151e-01 1.85244995e-03 1.85244995e-03]
  [3.33278751e-04 5.45442353e-01 7.48694058e+01 5.32917848e-03
   1.25134681e-01 1.82301739e-03 1.82301739e-03]
  [3.44391338e-04 5.44425473e-01 7.53785980e+01 5.34375934e-03
   1.14195359e-01 1.82796466e-03 1.82796466e-03]]

 [[3.20091914e-04 5.42496482e-01 7.50402335e+01 5.35496457e-03
   1.58167866e-01 1.83548517e-03 1.83548517e-03]
  [3.34789622e-04 5.43930088e-01 7.49186706e+01 5.34064888e-03
   1.84635844e-01 1.82979130e-03 1.82979130e-03]
  [3.29969844e-04 5.40087358e-01 7.56362006e+01 5.40331808e-03
   1.61390658e-01 1.84614365e-03 1.84614365e-03]
  [3.38819714e-04 5.41343607e-01 7.55995258e+01 5.38396162e-03
   1.21811234e-01 1.84141394e-03 1.84141394e-03]
  [3.45961981e-04 5.42060251e-01 7.54931578e+01 5.35507459e-03
   1.62305287e-01 1.83831691e-03 1.83831691e-03]
  [3.35744849e-04 5.36818405e-01 7.68984926e+01 5.42721428e-03
   1.62920653e-01 1.86111004e-03 1.86111004e-03]
  [3.54472825e-04 5.45102549e-01 7.48510480e+01 5.32521517e-03
   1.22076474e-01 1.82421812e-03 1.82421812e-03]
  [3.41804960e-04 5.39315972e-01 7.57740782e+01 5.37725664e-03
   1.44093529e-01 1.84988084e-03 1.84988084e-03]]

 [[3.29127959e-04 5.44181587e-01 7.48705097e+01 5.31212436e-03
   1.48931130e-01 1.82828272e-03 1.82828272e-03]
  [3.34190266e-04 5.47437917e-01 7.41852929e+01 5.30835466e-03
   1.17608599e-01 1.81435123e-03 1.81435123e-03]
  [3.41835646e-04 5.42667197e-01 7.53533236e+01 5.34969471e-03
   2.10972170e-01 1.83518485e-03 1.83518485e-03]
  [3.43647493e-04 5.44094838e-01 7.49236872e+01 5.34655078e-03
   1.14689414e-01 1.82944783e-03 1.82944783e-03]
  [3.34756684e-04 5.42233020e-01 7.51975030e+01 5.35342766e-03
   1.71531504e-01 1.83766571e-03 1.83766571e-03]
  [1.97305073e-04 3.40154165e-01 1.81482911e+02 7.96690098e-03
   7.49487754e-02 2.70095652e-03 2.70095652e-03]
  [3.46931015e-04 5.47354193e-01 7.44246567e+01 5.31369887e-03
   1.26760906e-01 1.81488388e-03 1.81488388e-03]
  [3.50561600e-04 5.43530738e-01 7.50997905e+01 5.36130650e-03
   1.12167108e-01 1.83140039e-03 1.83140039e-03]]

 [[3.42395675e-04 5.40767901e-01 7.55287729e+01 5.35408660e-03
   1.57071609e-01 1.84403741e-03 1.84403741e-03]
  [3.41265056e-04 5.42273190e-01 7.53908777e+01 5.37225766e-03
   1.49725500e-01 1.83720888e-03 1.83720888e-03]
  [3.47362582e-04 5.43481915e-01 7.57091325e+01 5.33819579e-03
   1.48464585e-01 1.83158358e-03 1.83158358e-03]
  [3.15305538e-04 5.10931713e-01 8.91265048e+01 5.74994270e-03
   1.32213788e-01 1.97319545e-03 1.97319545e-03]
  [3.36225172e-04 5.40909879e-01 7.57740102e+01 5.39524963e-03
   1.18018431e-01 1.84275390e-03 1.84275390e-03]
  [3.31198465e-04 5.41828123e-01 7.57027051e+01 5.37251305e-03
   1.32797894e-01 1.83869124e-03 1.83869124e-03]
  [2.89519042e-04 5.56419555e-01 7.27021932e+01 5.18996108e-03
   1.21081484e-01 1.77351446e-03 1.77351446e-03]
  [3.36703953e-04 5.43536582e-01 7.51834215e+01 5.36523004e-03
   1.23550990e-01 1.83131270e-03 1.83131270e-03]]

 [[3.22072745e-04 5.43501071e-01 7.48856372e+01 5.35554583e-03
   1.36806470e-01 1.83050437e-03 1.83050437e-03]
  [3.35941989e-04 5.45331442e-01 7.46384440e+01 5.31057584e-03
   1.20418476e-01 1.82375093e-03 1.82375093e-03]
  [3.34352961e-04 5.39052747e-01 7.58256987e+01 5.40613895e-03
   1.74154264e-01 1.85097846e-03 1.85097846e-03]
  [3.30466196e-04 5.41291470e-01 7.53294486e+01 5.35733720e-03
   1.48657500e-01 1.84102019e-03 1.84102019e-03]
  [3.37790228e-04 5.41744738e-01 7.54495291e+01 5.37575265e-03
   1.42479702e-01 1.83990880e-03 1.83990880e-03]
  [3.35796558e-04 5.37588154e-01 7.63030193e+01 5.42582026e-03
   1.44204583e-01 1.85767602e-03 1.85767602e-03]
  [3.35931995e-04 5.37089820e-01 7.71731177e+01 5.42029902e-03
   1.29435274e-01 1.86002863e-03 1.86002863e-03]
  [6.53679177e-05 1.37647473e-01 2.84423353e+02 1.04954336e-02
   1.09223616e-02 3.53127097e-03 3.54322454e-03]]

 [[3.30278032e-04 5.49112889e-01 7.39522935e+01 5.27386576e-03
   1.26525260e-01 1.80598826e-03 1.80598826e-03]
  [3.03208741e-04 5.58397985e-01 7.26599323e+01 5.16498073e-03
   1.19467676e-01 1.76468253e-03 1.76468253e-03]
  [3.31309236e-04 5.43155860e-01 7.50919593e+01 5.34147954e-03
   1.26719843e-01 1.83350011e-03 1.83350011e-03]
  [3.40264101e-04 5.45876541e-01 7.44509753e+01 5.33318645e-03
   1.36954506e-01 1.82090552e-03 1.82090552e-03]
  [3.33452330e-04 5.35418566e-01 7.85596719e+01 5.44147013e-03
   1.33855234e-01 1.86747481e-03 1.86747481e-03]
  [3.46555114e-04 5.42131032e-01 7.54821304e+01 5.37397364e-03
   1.19469293e-01 1.83749973e-03 1.83749973e-03]
  [3.29120842e-04 5.55025219e-01 7.31808885e+01 5.22184098e-03
   1.17518379e-01 1.77954610e-03 1.77954610e-03]
  [3.66378938e-04 5.47599684e-01 7.44507621e+01 5.29706381e-03
   1.16659491e-01 1.81368502e-03 1.81368502e-03]]

 [[3.38320948e-04 5.41182799e-01 7.55796530e+01 5.37447288e-03
   1.54921618e-01 1.84195826e-03 1.84195826e-03]
  [3.27107524e-04 5.42687407e-01 7.53643401e+01 5.35294703e-03
   1.60683092e-01 1.83481250e-03 1.83481250e-03]
  [3.29497787e-04 5.38987382e-01 7.58968633e+01 5.39729828e-03
   1.41542343e-01 1.85139513e-03 1.85139513e-03]
  [3.04750412e-04 4.88894197e-01 1.03123503e+02 6.05627758e-03
   1.04044056e-01 2.06585650e-03 2.06585650e-03]
  [3.95867039e-04 5.46370340e-01 7.45642639e+01 5.32014332e-03
   1.08991598e-01 1.81920235e-03 1.81920235e-03]
  [1.35096892e-04 6.37501204e-01 2.83053912e+02 1.04859953e-02
   1.60887926e-01 3.53239928e-03 3.53594949e-03]
  [3.50532825e-04 5.43688315e-01 7.54858119e+01 5.34558070e-03
   1.28807034e-01 1.83042161e-03 1.83042161e-03]
  [3.46199674e-04 5.40376242e-01 7.58155512e+01 5.37489279e-03
   1.28107120e-01 1.84539935e-03 1.84539935e-03]]]

Cumulative Reward: 9630.91454243936
