Scheduler Table:
[[[1.32640667e-05 1.35269158e-02 1.43040585e+01 1.00782492e-03
   8.43809080e-02 3.66417310e-04 3.66417310e-04]
  [4.00604861e-06 1.35318208e-02 1.43998508e+01 9.98515709e-04
   9.34745007e-02 3.65882699e-04 3.65882699e-04]
  [3.57057311e-06 1.34830011e-02 1.44794544e+01 1.03052922e-03
   8.10429449e-02 3.65010388e-04 3.65010388e-04]]

 [[3.85628500e-06 1.35023796e-02 1.43788484e+01 1.02697358e-03
   8.54636603e-02 3.65249547e-04 3.65249547e-04]
  [3.05528520e-06 1.22159794e-02 2.33819022e+01 1.02587821e-03
   3.26607537e-02 3.63306918e-04 3.63306918e-04]
  [6.90745203e-07 1.12452182e-02 2.79899012e+01 1.11880985e-03
   2.58108531e-03 3.62259171e-04 3.74212740e-04]]

 [[3.72314234e-06 1.34744956e-02 1.43283503e+01 1.01906770e-03
   8.43933280e-02 3.65309711e-04 3.65309711e-04]
  [1.29753185e-04 4.16300207e-01 2.86835694e+01 1.10832956e-03
   1.52520494e-01 3.63235301e-04 3.66462765e-04]
  [4.14791714e-06 1.35129292e-02 1.44717834e+01 1.00932479e-03
   9.32207626e-02 3.65221222e-04 3.65221222e-04]]]

Buffer Table:
[[[8.79642484e-06 1.19669116e-02 2.83501371e+01 1.09433297e-03
   1.94536198e-02 3.63722225e-04 3.63722225e-04]
  [1.76150182e-05 1.35513085e-02 1.43277219e+01 1.01347000e-03
   7.19781110e-02 3.65660599e-04 3.65660599e-04]
  [5.04214981e-06 1.31119851e-02 1.73388825e+01 1.05551690e-03
   5.49847821e-02 3.64803293e-04 3.64803293e-04]]

 [[4.25062684e-06 1.35398632e-02 1.43543584e+01 1.01879003e-03
   6.98944953e-02 3.65508551e-04 3.65508551e-04]
  [4.72495025e-06 1.35523400e-02 1.42941780e+01 1.00951557e-03
   7.77010753e-02 3.65534037e-04 3.65534037e-04]
  [4.03197191e-06 1.34810218e-02 1.43776847e+01 1.01790591e-03
   6.89370794e-02 3.65383563e-04 3.65383563e-04]]

 [[3.95583151e-06 1.34661462e-02 1.54074450e+01 1.02649573e-03
   6.94323726e-02 3.65093833e-04 3.65093833e-04]
  [4.42357989e-06 1.34927312e-02 1.45075892e+01 1.01027683e-03
   7.33903356e-02 3.65441498e-04 3.65441498e-04]
  [1.29449838e-04 4.16223052e-01 2.87583377e+01 1.12395729e-03
   1.50463501e-01 3.62748042e-04 3.74343003e-04]]]

Arbiter Table:
[[[1.29449850e-04 4.16223046e-01 2.87583844e+01 1.12395719e-03
   1.50463384e-01 3.62748037e-04 3.74342998e-04]
  [9.16506914e-06 1.34969454e-02 1.43933193e+01 1.03004116e-03
   7.92425615e-02 3.65808563e-04 3.65808563e-04]
  [4.05051218e-06 1.34547778e-02 1.46593094e+01 1.02867786e-03
   7.49677446e-02 3.65421865e-04 3.65421865e-04]]

 [[4.59883917e-06 1.34766147e-02 1.51460154e+01 1.02942839e-03
   7.46885988e-02 3.65447849e-04 3.65447849e-04]
  [1.07989704e-05 1.34732864e-02 1.43649000e+01 1.02622339e-03
   7.51476665e-02 3.65243068e-04 3.65243068e-04]
  [4.33369681e-06 1.35325027e-02 1.44710677e+01 1.00992174e-03
   7.98497871e-02 3.65595244e-04 3.65595244e-04]]

 [[4.90382196e-06 1.30851475e-02 1.87206906e+01 1.05619424e-03
   6.17064992e-02 3.64725573e-04 3.64725573e-04]
  [4.23893097e-06 1.34591001e-02 1.44142083e+01 1.03130946e-03
   7.68184118e-02 3.64927442e-04 3.64927442e-04]
  [4.15816028e-06 1.35154742e-02 1.42836578e+01 1.01723032e-03
   7.84372059e-02 3.65470061e-04 3.65470061e-04]]]

Page Table:
[[[1.37459824e-05 1.37236343e-02 1.45266197e+01 1.02688206e-03
   7.04169815e-02 3.65242441e-04 3.65242441e-04]
  [4.52111946e-06 1.37184411e-02 1.45140359e+01 1.04670995e-03
   7.75393314e-02 3.64628673e-04 3.64628673e-04]
  [4.47955565e-06 1.37112995e-02 1.44319550e+01 1.03202571e-03
   6.86213266e-02 3.64800338e-04 3.64800338e-04]
  [5.49012845e-06 1.30155316e-02 2.28265201e+01 1.04709426e-03
   3.26110049e-02 3.63559231e-04 3.63559231e-04]]

 [[4.27885303e-06 1.37374781e-02 1.44506476e+01 1.04511014e-03
   6.33417196e-02 3.64924407e-04 3.64924407e-04]
  [4.42430340e-06 1.36928813e-02 1.47272028e+01 1.05823851e-03
   6.79018310e-02 3.65603537e-04 3.65603537e-04]
  [5.17930361e-06 1.36979781e-02 1.44791414e+01 1.02799330e-03
   7.64743122e-02 3.65059059e-04 3.65059059e-04]
  [4.76036492e-06 1.37361460e-02 1.48863872e+01 1.01018118e-03
   8.23541886e-02 3.65369934e-04 3.65369934e-04]]

 [[4.75011462e-06 1.35950356e-02 1.81431472e+01 1.03032719e-03
   6.07445078e-02 3.64971630e-04 3.64971630e-04]
  [4.58550413e-06 1.37335644e-02 1.47106132e+01 1.05094209e-03
   7.14730007e-02 3.65309539e-04 3.65309539e-04]
  [5.21239612e-06 1.37801293e-02 1.45376463e+01 1.01262863e-03
   7.98253854e-02 3.64935553e-04 3.64935553e-04]
  [4.59655371e-06 1.37061346e-02 1.48200293e+01 1.01717762e-03
   7.24507275e-02 3.65193374e-04 3.65193374e-04]]

 [[3.83880590e-06 1.36959785e-02 1.68199263e+01 1.03740706e-03
   6.59362225e-02 3.64583178e-04 3.64583178e-04]
  [5.14563558e-06 1.37691120e-02 1.45657425e+01 1.03541217e-03
   7.22956168e-02 3.65527714e-04 3.65527714e-04]
  [4.43911747e-06 1.36694536e-02 1.48623556e+01 1.03341882e-03
   7.23059139e-02 3.64761868e-04 3.64761868e-04]
  [1.29450266e-04 4.16223702e-01 2.87552198e+01 1.12394017e-03
   1.50483525e-01 3.62748673e-04 3.74343635e-04]]]

Response Table:
[[[6.37974605e-06 1.31865278e-02 2.52899912e+01]
  [7.26106029e-06 1.33090581e-02 1.43592951e+01]]

 [[3.45720568e-06 1.33593518e-02 1.40171395e+01]
  [1.29449850e-04 4.16223046e-01 2.87583844e+01]]]

Refresh Table:
[[[1.29449850e-04 4.16223046e-01 2.87583844e+01]
  [6.10029536e-06 1.32598316e-02 1.40218994e+01]]

 [[5.46780019e-06 1.33741598e-02 1.40495615e+01]
  [4.19489413e-06 1.32942030e-02 1.44703844e+01]]]

Request Buffer Table:
[[[6.05648552e-06 1.71961646e-02 1.47032523e+01]
  [5.23136968e-06 1.71300090e-02 1.46579795e+01]
  [6.60708522e-06 1.70011501e-02 1.48808037e+01]
  [5.05524108e-06 1.68800535e-02 1.45953350e+01]
  [8.81163590e-06 1.70561026e-02 1.46921426e+01]
  [4.89980456e-06 1.65805097e-02 1.53031297e+01]
  [6.47269856e-06 1.68179768e-02 1.49468789e+01]
  [4.81635270e-06 1.68823438e-02 1.45658765e+01]]

 [[6.32794960e-06 1.69240994e-02 1.45577440e+01]
  [5.28994762e-06 1.71496183e-02 1.45233267e+01]
  [1.83022470e-05 1.70914667e-02 1.47431487e+01]
  [5.29328341e-06 1.71293998e-02 1.44890106e+01]
  [5.03398799e-06 1.72189245e-02 1.48056238e+01]
  [5.24041833e-06 1.69198509e-02 1.48817397e+01]
  [5.12136786e-06 1.68890819e-02 1.45928170e+01]
  [6.79131569e-06 1.42028908e-02 2.53544790e+01]]

 [[5.02160719e-06 1.69153943e-02 1.45827193e+01]
  [4.81441348e-06 1.71843763e-02 1.45484014e+01]
  [5.52313494e-06 1.69403336e-02 1.45694012e+01]
  [6.06181604e-06 1.68601818e-02 1.49873669e+01]
  [6.98505273e-06 1.70563567e-02 1.52074274e+01]
  [5.96673336e-06 1.70006394e-02 1.45830132e+01]
  [5.43159882e-06 1.70535670e-02 1.52239289e+01]
  [7.73339831e-06 1.70737743e-02 1.49478763e+01]]

 [[4.63875573e-06 1.69647796e-02 1.44709988e+01]
  [6.55450266e-06 1.69577953e-02 1.45357249e+01]
  [6.08325538e-06 1.74787770e-02 1.45105849e+01]
  [4.98078928e-06 1.71743467e-02 1.48492461e+01]
  [5.79409946e-06 1.70492075e-02 1.49232026e+01]
  [5.21917317e-06 1.67731807e-02 1.50466045e+01]
  [7.00669087e-06 1.66561742e-02 1.49048487e+01]
  [5.48331321e-06 1.67097024e-02 1.47739788e+01]]

 [[6.40009330e-06 1.68306294e-02 1.46230769e+01]
  [7.12676489e-06 1.66159001e-02 1.61125193e+01]
  [5.30471764e-06 1.70831736e-02 1.46464310e+01]
  [5.94352213e-06 1.67982304e-02 1.46713278e+01]
  [6.18466149e-06 1.69098062e-02 1.48490479e+01]
  [6.50530247e-06 1.68082140e-02 1.51739782e+01]
  [4.46750117e-06 1.72422275e-02 1.53324307e+01]
  [1.29673295e-04 4.16237266e-01 2.90580060e+01]]

 [[5.80129532e-06 1.68237437e-02 1.45602789e+01]
  [5.18021104e-06 1.61678681e-02 1.66632280e+01]
  [5.85842884e-06 1.70652196e-02 1.46823920e+01]
  [5.90947559e-06 1.71830071e-02 1.46675647e+01]
  [6.54085748e-06 1.69851676e-02 1.44827122e+01]
  [5.83655626e-06 1.69595317e-02 1.46412038e+01]
  [6.04586951e-06 1.71211926e-02 1.44988279e+01]
  [5.01293836e-06 1.65830916e-02 1.46845378e+01]]

 [[5.58660176e-06 1.66593962e-02 1.46782491e+01]
  [4.65567425e-06 1.72666502e-02 1.46240902e+01]
  [5.11337663e-06 1.70597269e-02 1.46143415e+01]
  [8.15346308e-06 1.68311240e-02 1.48276253e+01]
  [7.49208696e-06 1.72006893e-02 1.44784688e+01]
  [5.89143123e-06 1.67917106e-02 1.45850492e+01]
  [9.28614644e-06 1.66821069e-02 1.47659873e+01]
  [4.74110007e-06 1.60943964e-02 1.82777242e+01]]

 [[5.06337835e-06 1.67470400e-02 1.46635720e+01]
  [8.01560682e-06 1.74201857e-02 1.45321627e+01]
  [5.36557484e-06 1.69407626e-02 1.47256521e+01]
  [5.50580511e-06 1.68970487e-02 1.46214082e+01]
  [6.09430967e-07 1.11811546e-02 2.83710143e+01]
  [5.65838707e-06 1.66976871e-02 1.50860566e+01]
  [5.73183743e-06 1.68458703e-02 1.44988703e+01]
  [6.40717426e-06 1.67078639e-02 1.46975904e+01]]]

Ref Max Post Table:
[[[1.38879085e-05 1.37488407e-02 1.44522088e+01]
  [3.82957043e-06 1.35495759e-02 1.83893818e+01]
  [4.61844221e-06 1.37691531e-02 1.45544550e+01]
  [5.17449850e-06 1.37432728e-02 1.45581479e+01]]

 [[6.06512657e-06 1.37109233e-02 1.49491876e+01]
  [1.90113132e-06 1.24898518e-02 2.46785392e+01]
  [4.50401012e-06 1.36276706e-02 1.49707153e+01]
  [4.84421358e-06 1.37427318e-02 1.44645138e+01]]

 [[4.37284960e-06 1.36529069e-02 1.44901857e+01]
  [5.07279063e-06 1.37131646e-02 1.48162028e+01]
  [1.29449850e-04 4.16223046e-01 2.87583844e+01]
  [4.99954608e-06 1.37874182e-02 1.45795899e+01]]

 [[4.71987937e-06 1.37513005e-02 1.45915339e+01]
  [5.12659137e-06 1.37446374e-02 1.45046412e+01]
  [4.59062177e-06 1.37319960e-02 1.48387426e+01]
  [4.66690680e-06 1.37895888e-02 1.45572023e+01]]]

Ref Max Pull Table:
[[[5.35255837e-06 1.37043947e-02 1.46118963e+01]
  [8.13979764e-06 1.13640335e-02 2.92805342e+01]
  [4.75484345e-06 1.37156101e-02 1.46218162e+01]
  [4.95252654e-06 1.30525542e-02 2.05409473e+01]]

 [[7.09927338e-06 1.20058181e-02 2.39544170e+01]
  [3.66562991e-06 1.33341137e-02 1.92916190e+01]
  [4.60790961e-06 1.36831428e-02 1.47863539e+01]
  [4.56379533e-06 1.37034749e-02 1.46312772e+01]]

 [[5.51838016e-06 1.37741922e-02 1.45033288e+01]
  [4.91144022e-06 1.37161860e-02 1.44440961e+01]
  [4.45185709e-06 1.37594348e-02 1.44931901e+01]
  [1.29644630e-04 4.16243496e-01 2.90676898e+01]]

 [[1.43403201e-05 1.36478948e-02 1.48013617e+01]
  [5.38298993e-06 1.32131313e-02 1.98666139e+01]
  [5.80255286e-07 1.11874954e-02 2.83808707e+01]
  [8.51978253e-06 1.37004362e-02 1.46017749e+01]]]

Max Activate Table:
[[[5.02850462e-06 1.68765695e-02 1.45169991e+01 1.04230740e-03
   5.60419884e-02 3.63351645e-04 3.63351645e-04]
  [5.70871057e-06 1.70942226e-02 1.47233574e+01 1.06778735e-03
   3.00350979e-02 3.63354109e-04 3.63354109e-04]
  [5.19695435e-06 1.68039423e-02 1.47606496e+01 1.02979938e-03
   3.71701885e-02 3.63767235e-04 3.63767235e-04]
  [5.54144853e-06 1.69919958e-02 1.47627905e+01 1.05964657e-03
   2.03187394e-02 3.63287159e-04 3.63287159e-04]
  [5.32945466e-06 1.76430216e-02 1.48044499e+01 1.07654144e-03
   1.93514137e-02 3.62857774e-04 3.62857774e-04]
  [5.28989320e-06 1.66311981e-02 1.47645867e+01 1.05312495e-03
   4.80573947e-02 3.63682319e-04 3.63682319e-04]
  [6.45019469e-06 1.73795237e-02 1.45658400e+01 1.06970736e-03
   4.41762143e-02 3.62966500e-04 3.62966500e-04]
  [6.15894357e-06 1.65161786e-02 1.48071719e+01 1.05054570e-03
   2.95322771e-02 3.63562045e-04 3.63562045e-04]]

 [[5.19098979e-06 1.70957825e-02 1.45484110e+01 1.05197644e-03
   3.01242937e-02 3.62910215e-04 3.62910215e-04]
  [7.28182715e-06 1.71270196e-02 1.47259906e+01 1.06647970e-03
   1.68887291e-02 3.63534917e-04 3.63534917e-04]
  [5.25454876e-06 1.70100659e-02 1.47025191e+01 1.06750082e-03
   2.33300662e-02 3.63184478e-04 3.63184478e-04]
  [5.13852703e-06 1.68616456e-02 1.51871259e+01 1.05804713e-03
   3.32410123e-02 3.64462477e-04 3.64462477e-04]
  [1.85961881e-05 1.70449229e-02 1.48561442e+01 1.04881202e-03
   3.36654536e-02 3.64111197e-04 3.64111197e-04]
  [4.99021212e-06 1.66599177e-02 1.48729852e+01 1.04288271e-03
   1.28443916e-01 3.63643503e-04 3.63643503e-04]
  [5.18055049e-06 1.72773995e-02 1.46229200e+01 1.07322185e-03
   2.46485315e-02 3.63358489e-04 3.63358489e-04]
  [9.11219226e-06 1.70124346e-02 1.52041965e+01 1.05995520e-03
   1.97126052e-02 3.64008989e-04 3.64008989e-04]]

 [[5.22776885e-06 1.67904660e-02 1.45558492e+01 1.05643433e-03
   4.00472725e-02 3.63406317e-04 3.63406317e-04]
  [6.16875727e-06 1.70496089e-02 1.45568360e+01 1.06192866e-03
   7.35032782e-02 3.63648726e-04 3.63648726e-04]
  [7.06759888e-06 1.67344284e-02 1.45737359e+01 1.07168637e-03
   6.66742718e-02 3.63174448e-04 3.63174448e-04]
  [4.92504285e-06 1.68366073e-02 1.47319293e+01 1.06155657e-03
   2.26611879e-02 3.63585353e-04 3.63585353e-04]
  [5.69862248e-06 1.67438670e-02 1.48135863e+01 1.05898894e-03
   7.03670910e-02 3.63616018e-04 3.63616018e-04]
  [1.29673295e-04 4.16237266e-01 2.90580059e+01 1.10566431e-03
   1.50454210e-01 3.63168895e-04 3.66396359e-04]
  [7.55274631e-06 1.68379928e-02 1.53363974e+01 1.03942018e-03
   2.21099713e-02 3.63291780e-04 3.63291780e-04]
  [6.50923755e-06 1.65881176e-02 1.47827822e+01 1.04017947e-03
   6.10592562e-02 3.63526297e-04 3.63526297e-04]]

 [[5.36008151e-06 1.73938593e-02 1.46688990e+01 1.04869121e-03
   3.45766622e-02 3.63527089e-04 3.63527089e-04]
  [5.13446153e-06 1.72991051e-02 1.44243945e+01 1.07698045e-03
   2.14536856e-02 3.63676515e-04 3.63676515e-04]
  [5.10767977e-06 1.72463582e-02 1.47788274e+01 1.04100535e-03
   1.27036242e-01 3.63080662e-04 3.63080662e-04]
  [5.62537807e-06 1.69616154e-02 1.46202705e+01 1.05766076e-03
   2.94641943e-02 3.63804237e-04 3.63804237e-04]
  [5.00686491e-06 1.68466327e-02 1.45575460e+01 1.04567592e-03
   7.30339632e-02 3.63916649e-04 3.63916649e-04]
  [4.66838791e-06 1.51098831e-02 2.10128130e+01 1.07599143e-03
   2.41797778e-02 3.63412885e-04 3.63412885e-04]
  [5.47030785e-06 1.71182255e-02 1.46731186e+01 1.07243431e-03
   2.36384368e-02 3.63803176e-04 3.63803176e-04]
  [6.34235028e-06 1.68422782e-02 1.47270222e+01 1.06974275e-03
   4.11278211e-02 3.63342799e-04 3.63342799e-04]]

 [[5.63338973e-06 1.67913020e-02 1.46403481e+01 1.03231798e-03
   3.63993532e-02 3.63942480e-04 3.63942480e-04]
  [5.48564342e-06 1.70180157e-02 1.45602297e+01 1.06806656e-03
   2.69323075e-02 3.63517471e-04 3.63517471e-04]
  [6.12089081e-06 1.65524190e-02 1.49763525e+01 1.04187387e-03
   7.47732661e-02 3.63716325e-04 3.63716325e-04]
  [5.33928888e-06 1.66963551e-02 1.48681604e+01 1.05141826e-03
   2.43588853e-02 3.63585197e-04 3.63585197e-04]
  [6.15450987e-06 1.68312758e-02 1.51741438e+01 1.08031756e-03
   1.93859475e-02 3.63325578e-04 3.63325578e-04]
  [5.26342095e-06 1.66891500e-02 1.47498235e+01 1.04286367e-03
   1.15159238e-01 3.63555128e-04 3.63555128e-04]
  [5.26064886e-06 1.67274853e-02 1.53269848e+01 1.06110446e-03
   2.58622226e-02 3.63729007e-04 3.63729007e-04]
  [6.94513100e-06 1.68922550e-02 1.49296368e+01 1.06192739e-03
   2.84347350e-02 3.63605737e-04 3.63605737e-04]]

 [[5.15115365e-06 1.69853514e-02 1.47307716e+01 1.06276795e-03
   2.98720519e-02 3.63606330e-04 3.63606330e-04]
  [4.94230864e-06 1.70595476e-02 1.45837756e+01 1.04547129e-03
   2.28680337e-02 3.63581465e-04 3.63581465e-04]
  [6.09430979e-07 1.11811546e-02 2.83710142e+01 1.11609708e-03
   4.77958003e-04 3.62191581e-04 3.74145150e-04]
  [4.64994518e-06 1.64086734e-02 1.52538925e+01 1.03385071e-03
   6.88978219e-02 3.63815625e-04 3.63815625e-04]
  [6.97205021e-06 1.69851089e-02 1.48389240e+01 1.05766093e-03
   2.47233336e-02 3.64053803e-04 3.64053803e-04]
  [4.65293516e-06 1.65568593e-02 1.46446189e+01 1.01323565e-03
   5.93666686e-02 3.63406913e-04 3.63406913e-04]
  [5.20149274e-06 1.66819750e-02 1.48050558e+01 1.07198130e-03
   2.61653232e-02 3.63774666e-04 3.63774666e-04]
  [5.39453968e-06 1.64548222e-02 1.47833668e+01 1.05461517e-03
   3.12572005e-02 3.63859281e-04 3.63859281e-04]]

 [[5.12538051e-06 1.72712480e-02 1.45143064e+01 1.05129158e-03
   2.66186019e-02 3.62878154e-04 3.62878154e-04]
  [5.42251680e-06 1.80126276e-02 1.45424331e+01 1.07258841e-03
   2.02586175e-02 3.62896894e-04 3.62896894e-04]
  [7.18697319e-06 1.69461340e-02 1.45712209e+01 1.04839693e-03
   2.78202777e-02 3.63946658e-04 3.63946658e-04]
  [4.74831644e-06 1.70724568e-02 1.44890108e+01 1.07407229e-03
   3.96012698e-02 3.63452656e-04 3.63452656e-04]
  [5.51445683e-06 1.67893970e-02 1.47376937e+01 1.04333612e-03
   3.12050972e-02 3.63974598e-04 3.63974598e-04]
  [6.26705154e-06 1.68518702e-02 1.46656682e+01 1.05726262e-03
   2.68998343e-02 3.63960917e-04 3.63960917e-04]
  [1.45204217e-05 1.74011497e-02 1.47692554e+01 1.05525385e-03
   2.63261783e-02 3.63015101e-04 3.63015101e-04]
  [4.58462239e-06 1.59599528e-02 1.76529963e+01 1.05324283e-03
   2.90443518e-02 3.63886735e-04 3.63886735e-04]]

 [[5.33924393e-06 1.65787816e-02 1.47870833e+01 1.04580563e-03
   3.71182799e-02 3.63812809e-04 3.63812809e-04]
  [5.06520008e-06 1.67573746e-02 1.48234183e+01 1.05912736e-03
   6.54164748e-02 3.63470957e-04 3.63470957e-04]
  [6.34424674e-06 1.65950658e-02 1.45501442e+01 1.05713761e-03
   3.50891236e-02 3.63531974e-04 3.63531974e-04]
  [5.78660030e-06 1.69522578e-02 1.46460466e+01 1.07781808e-03
   1.69431997e-02 3.63230063e-04 3.63230063e-04]
  [6.37039852e-06 1.70662388e-02 1.47065318e+01 1.06289011e-03
   1.79059204e-02 3.63605730e-04 3.63605730e-04]
  [5.12385479e-06 1.47081431e-02 2.16999941e+01 1.04225810e-03
   2.15682712e-02 3.62970519e-04 3.62970519e-04]
  [6.04193609e-06 1.68367070e-02 1.47533918e+01 1.05836404e-03
   2.38662354e-02 3.63454562e-04 3.63454562e-04]
  [6.46820665e-06 1.63249953e-02 1.49612676e+01 1.05341291e-03
   3.64737668e-02 3.63600477e-04 3.63600477e-04]]]

Cumulative Reward: 10348.595817879712
