Scheduler Table:
[[[2.53641551e-06 2.20316625e-02 2.49678585e+01 1.18805967e-03
   1.42071089e-03 6.76555890e-04 6.76555890e-04]
  [6.81832624e-06 2.21269726e-02 2.51710233e+01 1.19232179e-03
   1.43587356e-03 6.75656176e-04 6.75656176e-04]
  [2.83082119e-06 2.22165075e-02 2.49975137e+01 1.19232824e-03
   1.41654709e-03 6.76214076e-04 6.76214076e-04]]

 [[3.14400021e-06 2.24557829e-02 2.49903402e+01 1.21356998e-03
   1.39708858e-03 6.75176513e-04 6.75176513e-04]
  [9.35003848e-05 1.52378434e+00 3.62190967e+01 1.72204695e-03
   1.28886320e-03 6.68238543e-04 6.69325073e-04]
  [8.54382063e-06 2.30693439e-02 2.49690700e+01 1.25650101e-03
   1.37453466e-03 6.72398580e-04 6.72398580e-04]]

 [[1.10565880e-05 2.27942509e-02 2.49776392e+01 1.23418934e-03
   1.39684607e-03 6.73024408e-04 6.73024408e-04]
  [3.98489652e-06 2.27210224e-02 2.49469364e+01 1.23020732e-03
   1.39749687e-03 6.74123665e-04 6.74123665e-04]
  [3.26351398e-06 2.24016837e-02 2.49560456e+01 1.20613418e-03
   1.41068218e-03 6.75639297e-04 6.75639297e-04]]]

Buffer Table:
[[[5.79526437e-06 2.26084265e-02 2.48838982e+01 1.22484088e-03
   1.39486748e-03 6.74601065e-04 6.74601065e-04]
  [5.00465163e-06 2.28474372e-02 2.49540747e+01 1.25059828e-03
   1.36097977e-03 6.73315827e-04 6.73315827e-04]
  [4.57465967e-06 2.30519667e-02 2.49035922e+01 1.26514910e-03
   1.35819807e-03 6.72983350e-04 6.72983350e-04]]

 [[5.84663945e-06 2.25355605e-02 2.48439590e+01 1.22875447e-03
   1.38185405e-03 6.74480379e-04 6.74480379e-04]
  [4.94006041e-06 2.28673599e-02 2.48536292e+01 1.24782513e-03
   1.36754858e-03 6.73661065e-04 6.73661065e-04]
  [3.57279289e-06 2.24967995e-02 2.53225487e+01 1.27534970e-03
   1.31223167e-03 6.72568321e-04 6.72568321e-04]]

 [[5.42136549e-06 2.28047719e-02 2.49381030e+01 1.24088949e-03
   1.37834988e-03 6.73882786e-04 6.73882786e-04]
  [5.57200114e-06 2.26005868e-02 2.49364779e+01 1.23955121e-03
   1.37650388e-03 6.74170562e-04 6.74170562e-04]
  [9.35003848e-05 1.52378434e+00 3.62190967e+01 1.72204695e-03
   1.28886320e-03 6.68238543e-04 6.69325073e-04]]]

Arbiter Table:
[[[3.31967311e-06 2.21420220e-02 2.60757522e+01 1.30168584e-03
   1.32040020e-03 6.73098301e-04 6.73098301e-04]
  [1.25906898e-05 1.98660995e-02 3.61945510e+01 1.74647223e-03
   1.04103247e-03 6.67841946e-04 6.68962080e-04]
  [4.56013434e-06 2.30379989e-02 2.50428627e+01 1.26110574e-03
   1.34549678e-03 6.73360604e-04 6.73360604e-04]]

 [[9.69849242e-05 1.52379722e+00 3.61631508e+01 1.72641898e-03
   1.28215327e-03 6.68153928e-04 6.68792405e-04]
  [4.29401198e-06 2.28143135e-02 2.51929120e+01 1.24055147e-03
   1.39648752e-03 6.73104629e-04 6.73104629e-04]
  [2.53777514e-05 2.31084579e-02 2.50428497e+01 1.25718106e-03
   1.35444325e-03 6.72706111e-04 6.72706111e-04]]

 [[2.57338407e-06 2.15940783e-02 2.79164600e+01 1.31513288e-03
   1.33674841e-03 6.73946113e-04 6.73946113e-04]
  [4.14005010e-06 2.26791275e-02 2.50360782e+01 1.23000545e-03
   1.38674556e-03 6.73242863e-04 6.73242863e-04]
  [4.48512234e-06 2.29494883e-02 2.49833747e+01 1.25754416e-03
   1.36352429e-03 6.73806148e-04 6.73806148e-04]]]

Page Table:
[[[3.41739736e-06 2.29914367e-02 2.50523335e+01 1.20315222e-03
   1.39437122e-03 6.75664733e-04 6.75664733e-04]
  [7.40481417e-06 2.40875025e-02 2.49478261e+01 1.32570737e-03
   1.25115167e-03 6.69967583e-04 6.69967583e-04]
  [2.61381742e-06 2.11110658e-02 2.67627057e+01 1.24344378e-03
   1.39573160e-03 6.75296861e-04 6.75296861e-04]
  [3.20204817e-06 2.28227535e-02 2.50174553e+01 1.19050049e-03
   1.40842263e-03 6.76189919e-04 6.76189919e-04]]

 [[2.88895211e-06 2.12761177e-02 2.60933613e+01 1.21833414e-03
   1.39712690e-03 6.75897541e-04 6.75897541e-04]
  [5.46200370e-06 2.40936150e-02 2.51688233e+01 1.32973792e-03
   1.26907582e-03 6.69966705e-04 6.69966705e-04]
  [5.21310029e-06 2.40377422e-02 2.50618241e+01 1.32709114e-03
   1.32105557e-03 6.69750548e-04 6.69750548e-04]
  [5.99096670e-06 2.41259876e-02 2.49118385e+01 1.33017084e-03
   1.25839171e-03 6.69918834e-04 6.69918834e-04]]

 [[5.46965860e-06 2.41987914e-02 2.47874019e+01 1.30679006e-03
   1.30905553e-03 6.69972815e-04 6.69972815e-04]
  [5.59978439e-06 2.41057337e-02 2.50243285e+01 1.33183988e-03
   1.30106550e-03 6.69897787e-04 6.69897787e-04]
  [5.43757961e-06 2.40689383e-02 2.50850140e+01 1.33379156e-03
   1.25322849e-03 6.69891937e-04 6.69891937e-04]
  [2.35871795e-06 2.10468528e-02 2.64791145e+01 1.26905417e-03
   1.36983645e-03 6.77313404e-04 6.77313404e-04]]

 [[4.49251551e-06 2.37117309e-02 2.50415654e+01 1.27877053e-03
   1.36227626e-03 6.71849973e-04 6.71849973e-04]
  [2.92788456e-06 2.13494845e-02 2.59255640e+01 1.20937876e-03
   1.41294276e-03 6.76728855e-04 6.76728855e-04]
  [5.14621948e-06 2.39826536e-02 2.50011972e+01 1.29597453e-03
   1.33795670e-03 6.69700858e-04 6.69700858e-04]
  [9.35003852e-05 1.52378434e+00 3.62190967e+01 1.72204693e-03
   1.28886322e-03 6.68238542e-04 6.69325072e-04]]]

Response Table:
[[[9.42055443e-05 1.52412289e+00 3.37466826e+01]
  [3.41476161e-05 2.12489018e-02 2.76402944e+01]]

 [[2.44366302e-05 2.09135406e-02 2.82956638e+01]
  [4.92255464e-06 2.17370575e-02 2.48861061e+01]]]

Refresh Table:
[[[9.35003848e-05 1.52378434e+00 3.62190967e+01]
  [2.29141993e-06 2.20762230e-02 2.46524446e+01]]

 [[2.24323606e-06 2.21017829e-02 2.47107207e+01]
  [2.33901321e-06 2.21029043e-02 2.45185772e+01]]]

Request Buffer Table:
[[[6.36149872e-06 3.04206365e-02 2.50641251e+01]
  [5.82912728e-06 3.13015767e-02 2.47435740e+01]
  [6.28927544e-06 3.12926145e-02 2.46767358e+01]
  [5.69792259e-06 3.06613171e-02 2.49459936e+01]
  [6.37789356e-06 3.01460293e-02 2.49686252e+01]
  [6.26763904e-06 3.08137465e-02 2.48982222e+01]
  [7.93484726e-06 3.10842095e-02 2.49701290e+01]
  [6.10920482e-06 2.99484018e-02 2.51148775e+01]]

 [[6.46975182e-06 3.03771759e-02 2.48672712e+01]
  [9.72869629e-06 3.07804334e-02 2.46779134e+01]
  [5.94983992e-06 3.08064631e-02 2.52861310e+01]
  [9.47700368e-06 3.00941355e-02 2.55324333e+01]
  [5.90674800e-06 3.08881361e-02 2.51606900e+01]
  [8.31772649e-06 3.07562066e-02 2.50310928e+01]
  [6.07250481e-06 3.15092964e-02 2.48806953e+01]
  [2.33146395e-05 3.07755339e-02 2.50675118e+01]]

 [[6.76505304e-06 3.10346065e-02 2.47526408e+01]
  [6.14507331e-06 3.01457957e-02 2.49446767e+01]
  [6.62554359e-06 3.04074975e-02 2.49351485e+01]
  [6.31304353e-06 3.08715675e-02 2.48088103e+01]
  [5.95806086e-06 3.00007108e-02 2.50821739e+01]
  [6.51068216e-06 3.10967807e-02 2.48328785e+01]
  [6.76745324e-06 3.02480582e-02 2.50441497e+01]
  [6.13412169e-06 3.02391814e-02 2.51649183e+01]]

 [[7.28620110e-06 3.10003107e-02 2.46876878e+01]
  [7.23177845e-06 3.07485742e-02 2.46531668e+01]
  [6.17970723e-06 3.09733290e-02 2.47081671e+01]
  [6.40302824e-06 3.01741696e-02 2.48595696e+01]
  [3.26609990e-05 3.10154692e-02 2.48176638e+01]
  [4.58957119e-06 2.69167155e-02 2.50804470e+01]
  [5.84505269e-06 3.07836076e-02 2.48341445e+01]
  [2.14487277e-04 1.99299643e-02 3.64763427e+01]]

 [[6.27254846e-06 3.04584768e-02 2.48022331e+01]
  [8.35035617e-06 3.11566118e-02 2.48413087e+01]
  [6.25727628e-06 3.02550973e-02 2.50401592e+01]
  [2.16077321e-04 1.99308535e-02 3.61567802e+01]
  [6.04934847e-06 3.04213199e-02 2.50209768e+01]
  [6.64361080e-06 3.00868461e-02 2.50816666e+01]
  [6.39663276e-06 3.00246791e-02 2.51120851e+01]
  [5.71704842e-06 3.07531760e-02 2.49978509e+01]]

 [[6.80978944e-06 3.03493020e-02 2.51392281e+01]
  [6.12783146e-06 3.05869062e-02 2.50165910e+01]
  [6.98732918e-06 3.04991363e-02 2.46865755e+01]
  [4.94683258e-06 2.64681510e-02 2.51326363e+01]
  [2.95058246e-04 1.52385996e+00 3.54950349e+01]
  [1.00170289e-05 3.11107033e-02 2.48286851e+01]
  [5.91055663e-06 3.05378153e-02 2.50897426e+01]
  [6.47192098e-06 3.11365231e-02 2.46700184e+01]]

 [[6.18794879e-06 3.08161106e-02 2.50094397e+01]
  [6.12726108e-06 3.06058133e-02 2.50241295e+01]
  [5.77698758e-06 3.05261344e-02 2.49498531e+01]
  [6.01353493e-06 3.00447690e-02 2.48744781e+01]
  [5.78794823e-06 3.01320967e-02 2.50113825e+01]
  [6.65051410e-06 3.09775527e-02 2.47122089e+01]
  [5.49872417e-06 3.02105286e-02 2.49697936e+01]
  [8.27471608e-06 3.01863267e-02 2.50215139e+01]]

 [[5.68589751e-06 2.98912492e-02 2.51504123e+01]
  [9.34516685e-06 3.07987657e-02 2.49224208e+01]
  [5.98501700e-06 3.06100474e-02 2.49077243e+01]
  [5.49460545e-06 2.19831604e-02 2.69385900e+01]
  [5.79622323e-06 2.95252277e-02 2.51282735e+01]
  [2.12485342e-04 1.99286938e-02 3.47437940e+01]
  [5.87847962e-06 3.01118710e-02 2.50735487e+01]
  [4.69070030e-06 2.28001791e-02 2.51176008e+01]]]

Ref Max Post Table:
[[[5.31090920e-06 2.41475252e-02 2.49847271e+01]
  [4.40027336e-06 2.32516074e-02 2.50450161e+01]
  [3.19771024e-06 2.17590116e-02 2.50859943e+01]
  [4.13828261e-06 2.14601325e-02 2.51272854e+01]]

 [[3.03987640e-06 2.21319338e-02 2.50904331e+01]
  [9.35003848e-05 1.52378434e+00 3.62190967e+01]
  [6.33925350e-06 2.41479877e-02 2.49815448e+01]
  [6.97957140e-06 2.40602567e-02 2.50196023e+01]]

 [[3.62017356e-06 2.13595059e-02 2.50871145e+01]
  [4.54778607e-06 2.31014874e-02 2.53218688e+01]
  [5.43223597e-06 2.41366986e-02 2.50028347e+01]
  [5.43610156e-06 2.35720870e-02 2.51394980e+01]]

 [[5.72041552e-06 2.39799703e-02 2.50520988e+01]
  [5.65177733e-06 2.41047048e-02 2.50436772e+01]
  [3.96309212e-06 2.13707960e-02 2.51006060e+01]
  [6.60502890e-06 2.41335006e-02 2.49434836e+01]]]

Ref Max Pull Table:
[[[5.84145517e-06 2.41172063e-02 2.49228423e+01]
  [2.85025633e-06 2.23039814e-02 2.52501563e+01]
  [4.50020795e-06 2.21647611e-02 2.53990802e+01]
  [4.88924912e-06 2.28607634e-02 2.52472241e+01]]

 [[4.45824198e-06 2.21755116e-02 2.54124301e+01]
  [6.05750009e-06 2.40690154e-02 2.50107675e+01]
  [5.26371331e-06 2.40191426e-02 2.51196398e+01]
  [5.42602721e-06 2.41201943e-02 2.50214631e+01]]

 [[5.31007639e-06 2.25922643e-02 2.52479578e+01]
  [5.03628635e-06 2.23544414e-02 2.52936442e+01]
  [9.35003848e-05 1.52378434e+00 3.62190967e+01]
  [5.55222015e-06 2.39484303e-02 2.51179636e+01]]

 [[6.74238579e-06 2.41342454e-02 2.52363158e+01]
  [4.16715088e-06 2.24949314e-02 2.51979961e+01]
  [5.47083506e-06 2.40456317e-02 2.50813920e+01]
  [5.25429052e-06 2.40397931e-02 2.51790797e+01]]]

Max Activate Table:
[[[6.88870535e-06 3.17417499e-02 2.47246948e+01 1.35892989e-03
   1.28976345e-03 6.70593323e-04 6.70593323e-04]
  [6.66134755e-06 3.06625708e-02 2.47540586e+01 1.32814158e-03
   1.30401274e-03 6.70379046e-04 6.70379046e-04]
  [1.13010525e-05 3.20136830e-02 2.48305443e+01 1.36258171e-03
   1.28782579e-03 6.70721030e-04 6.70721030e-04]
  [6.21585702e-06 3.13137286e-02 2.47270224e+01 1.35799824e-03
   1.27873306e-03 6.70596529e-04 6.70596529e-04]
  [6.42037082e-06 3.10274947e-02 2.48690925e+01 1.35157595e-03
   1.28015729e-03 6.70447579e-04 6.70447579e-04]
  [2.95069859e-04 1.52388338e+00 3.54842493e+01 1.69003969e-03
   1.32504355e-03 6.68140511e-04 6.68140511e-04]
  [6.79291476e-06 3.02808763e-02 2.49893422e+01 1.35344793e-03
   1.27982391e-03 6.70220748e-04 6.70220748e-04]
  [9.07303594e-06 3.02737381e-02 2.48482433e+01 1.33636194e-03
   1.33682245e-03 6.70170906e-04 6.70170906e-04]]

 [[5.26021464e-06 2.65941465e-02 2.50052529e+01 1.25882473e-03
   1.39183834e-03 6.74000650e-04 6.74000650e-04]
  [9.01279779e-06 3.07238967e-02 2.47499483e+01 1.38533409e-03
   1.27095718e-03 6.70402239e-04 6.70402239e-04]
  [6.27214337e-06 3.02318777e-02 2.48275017e+01 1.32062621e-03
   1.27531435e-03 6.70199067e-04 6.70199067e-04]
  [7.10914611e-06 3.07225418e-02 2.48496727e+01 1.35462149e-03
   1.29350161e-03 6.70385909e-04 6.70385909e-04]
  [7.74333737e-06 3.23275641e-02 2.48202878e+01 1.35999514e-03
   1.28508054e-03 6.70626001e-04 6.70626001e-04]
  [3.00177934e-06 2.35771324e-02 2.80741337e+01 1.34046941e-03
   1.30248908e-03 6.72123896e-04 6.72123896e-04]
  [8.93005057e-06 3.09162828e-02 2.49322349e+01 1.33791269e-03
   1.28751542e-03 6.70374487e-04 6.70374487e-04]
  [6.22879037e-06 3.02937527e-02 2.48321187e+01 1.36181023e-03
   1.27766320e-03 6.70237084e-04 6.70237084e-04]]

 [[6.78097420e-06 3.02675299e-02 2.51380526e+01 1.33971369e-03
   1.27029027e-03 6.70193089e-04 6.70193089e-04]
  [6.98761522e-06 2.92297186e-02 2.52565140e+01 1.31457114e-03
   1.37045936e-03 6.71110026e-04 6.71110026e-04]
  [6.31942822e-06 3.08641246e-02 2.49367850e+01 1.33642182e-03
   1.26921669e-03 6.70418783e-04 6.70418783e-04]
  [6.73111749e-06 3.14583778e-02 2.49759811e+01 1.35768565e-03
   1.30894527e-03 6.70501478e-04 6.70501478e-04]
  [6.42066779e-06 3.02466483e-02 2.51022712e+01 1.35113541e-03
   1.27545653e-03 6.70742186e-04 6.70742186e-04]
  [1.00517778e-05 3.06509877e-02 2.49010670e+01 1.36012425e-03
   1.27212985e-03 6.70364809e-04 6.70364809e-04]
  [6.02460174e-06 2.99265246e-02 2.50861359e+01 1.35185027e-03
   1.29124096e-03 6.71191532e-04 6.71191532e-04]
  [6.53933867e-06 3.17171553e-02 2.47512613e+01 1.35753538e-03
   1.27722132e-03 6.70681331e-04 6.70681331e-04]]

 [[6.14985615e-06 3.09230851e-02 2.50848285e+01 1.36177486e-03
   1.28063800e-03 6.70326746e-04 6.70326746e-04]
  [6.81043966e-06 3.12135661e-02 2.47863829e+01 1.34147948e-03
   1.28795361e-03 6.70382120e-04 6.70382120e-04]
  [6.97793361e-06 3.07049644e-02 2.49340537e+01 1.35743141e-03
   1.29265979e-03 6.70350115e-04 6.70350115e-04]
  [1.21476580e-05 3.07376517e-02 2.47680035e+01 1.34924813e-03
   1.29463750e-03 6.70387765e-04 6.70387765e-04]
  [5.95918956e-06 3.05151702e-02 2.58580830e+01 1.35008860e-03
   1.27226765e-03 6.70346811e-04 6.70346811e-04]
  [8.30973249e-06 3.10123298e-02 2.48845829e+01 1.36203532e-03
   1.27913018e-03 6.70400292e-04 6.70400292e-04]
  [6.68325801e-06 3.06968086e-02 2.49055824e+01 1.34838960e-03
   1.28097992e-03 6.70391252e-04 6.70391252e-04]
  [1.38540144e-05 3.03348018e-02 2.49035193e+01 1.35797694e-03
   1.26974738e-03 6.70250969e-04 6.70250969e-04]]

 [[5.79407035e-06 2.86157007e-02 2.50493043e+01 1.30449175e-03
   1.37193745e-03 6.72150686e-04 6.72150686e-04]
  [5.77687606e-06 2.92659032e-02 2.49018099e+01 1.31562059e-03
   1.33271280e-03 6.71367152e-04 6.71367152e-04]
  [6.31227225e-06 3.13897738e-02 2.48354167e+01 1.37084835e-03
   1.28095761e-03 6.70565219e-04 6.70565219e-04]
  [6.11568682e-06 3.11395506e-02 2.46922548e+01 1.32582602e-03
   1.31258350e-03 6.70498818e-04 6.70498818e-04]
  [5.98225545e-06 3.07175247e-02 2.48171081e+01 1.32864115e-03
   1.28023776e-03 6.70396096e-04 6.70396096e-04]
  [6.02474467e-06 3.04407418e-02 2.48290378e+01 1.35877585e-03
   1.26571064e-03 6.70273074e-04 6.70273074e-04]
  [2.14499099e-04 1.99538075e-02 3.64653629e+01 1.72220720e-03
   1.07217014e-03 6.67707959e-04 6.67707959e-04]
  [6.04992923e-06 3.07495965e-02 2.48203495e+01 1.36132902e-03
   1.27652545e-03 6.70355648e-04 6.70355648e-04]]

 [[5.05920960e-06 2.82727846e-02 2.50695388e+01 1.30430942e-03
   1.36288269e-03 6.72866278e-04 6.72866278e-04]
  [5.57453578e-06 2.89882189e-02 2.49126636e+01 1.31999892e-03
   1.32542217e-03 6.71065779e-04 6.71065779e-04]
  [8.73341312e-06 3.04109329e-02 2.49384076e+01 1.34213673e-03
   1.28476485e-03 6.70255375e-04 6.70255375e-04]
  [6.57438668e-06 3.04907804e-02 2.47976989e+01 1.35635847e-03
   1.27098568e-03 6.70270808e-04 6.70270808e-04]
  [2.16089249e-04 1.99549103e-02 3.61457020e+01 1.72185462e-03
   1.07276320e-03 6.67716805e-04 6.67716805e-04]
  [2.65651802e-06 2.21558777e-02 2.50240181e+01 1.16087234e-03
   1.45475597e-03 6.78688852e-04 6.78688852e-04]
  [4.07282024e-06 2.52280387e-02 2.50387905e+01 1.22361149e-03
   1.42224468e-03 6.75611473e-04 6.75611473e-04]
  [8.27054620e-06 3.00201024e-02 2.50163418e+01 1.34239031e-03
   1.32840929e-03 6.70646920e-04 6.70646920e-04]]

 [[2.12497059e-04 1.99523251e-02 3.47329118e+01 1.69273602e-03
   1.10119036e-03 6.67977637e-04 6.69097771e-04]
  [6.61906477e-06 2.91025599e-02 2.49890937e+01 1.31071993e-03
   1.36549461e-03 6.71493435e-04 6.71493435e-04]
  [6.06232583e-06 2.97735631e-02 2.50506230e+01 1.32724711e-03
   1.35719630e-03 6.70496336e-04 6.70496336e-04]
  [6.41888985e-06 3.09020023e-02 2.48193731e+01 1.36258322e-03
   1.28601611e-03 6.70409174e-04 6.70409174e-04]
  [5.73650013e-06 3.06421160e-02 2.49480265e+01 1.35859133e-03
   1.27270618e-03 6.70343091e-04 6.70343091e-04]
  [5.63821258e-06 3.04611854e-02 2.47867811e+01 1.31942425e-03
   1.29608367e-03 6.70329852e-04 6.70329852e-04]
  [7.53830169e-06 3.04728053e-02 2.49294139e+01 1.36826264e-03
   1.27975227e-03 6.70306961e-04 6.70306961e-04]
  [6.00186240e-06 3.10012318e-02 2.47773025e+01 1.34449147e-03
   1.29466979e-03 6.70498560e-04 6.70498560e-04]]

 [[6.28676020e-06 3.01062376e-02 2.49868050e+01 1.36108210e-03
   1.26886383e-03 6.70183763e-04 6.70183763e-04]
  [7.35729036e-06 3.02851923e-02 2.48669750e+01 1.37193764e-03
   1.27307247e-03 6.70244832e-04 6.70244832e-04]
  [1.03503225e-05 3.03801744e-02 2.48104283e+01 1.35620044e-03
   1.28498611e-03 6.70296982e-04 6.70296982e-04]
  [6.76728399e-06 3.18887526e-02 2.47123613e+01 1.36380702e-03
   1.29456483e-03 6.70590849e-04 6.70590849e-04]
  [7.07725955e-06 3.03916791e-02 2.48756903e+01 1.36075415e-03
   1.26857191e-03 6.70272705e-04 6.70272705e-04]
  [6.18000172e-06 3.07432068e-02 2.47886094e+01 1.33970789e-03
   1.29038161e-03 6.70374320e-04 6.70374320e-04]
  [6.73298117e-06 2.99274463e-02 2.50380045e+01 1.33062253e-03
   1.36626442e-03 6.70612358e-04 6.70612358e-04]
  [9.93307461e-06 3.04550264e-02 2.49838816e+01 1.36212989e-03
   1.28325869e-03 6.70243329e-04 6.70243329e-04]]]

Cumulative Reward: 5742.292444453977
