Scheduler Table:
[[[1.09207371e-03 1.76473599e-01 1.18776656e+02 3.59577273e-03
   4.24034323e-02 5.70498473e-03 5.70498473e-03]
  [1.09007350e-03 1.76470725e-01 1.18862403e+02 3.59549112e-03
   4.24663796e-02 5.70489803e-03 5.70489803e-03]
  [1.09010315e-03 1.76393000e-01 1.18782992e+02 3.59639599e-03
   4.23407208e-02 5.70589035e-03 5.70589035e-03]]

 [[1.08812255e-03 1.76429514e-01 1.18775268e+02 3.59578804e-03
   4.23728689e-02 5.70452519e-03 5.70452519e-03]
  [5.65505169e-04 1.56569245e-01 1.24946933e+02 3.59984475e-03
   4.21411125e-02 5.70442823e-03 5.70442823e-03]
  [3.68097467e-05 1.27507673e-01 1.30849802e+02 3.58778694e-03
   4.34161809e-02 5.69971466e-03 5.74450773e-03]]

 [[1.10762319e-03 1.77048793e-01 1.18812875e+02 3.59637444e-03
   4.23185961e-02 5.70431417e-03 5.70431417e-03]
  [3.69192161e-05 1.27516393e-01 1.30871600e+02 3.58889827e-03
   4.29117257e-02 5.70841809e-03 5.70841809e-03]
  [1.09394179e-03 1.76592349e-01 1.18858944e+02 3.59667288e-03
   4.22654515e-02 5.70450230e-03 5.70450230e-03]]]

Buffer Table:
[[[1.10373099e-03 1.76270332e-01 1.18836925e+02 3.59596440e-03
   4.23628828e-02 5.70396331e-03 5.70396331e-03]
  [1.10365861e-03 1.76288204e-01 1.18865438e+02 3.59647755e-03
   4.23410546e-02 5.70528604e-03 5.70528604e-03]
  [3.99820491e-05 1.29030502e-01 1.30904632e+02 3.59080503e-03
   4.28482576e-02 5.70912341e-03 5.70912341e-03]]

 [[3.98383745e-05 1.29013955e-01 1.30903742e+02 3.59024948e-03
   4.32931962e-02 5.70004357e-03 5.74483664e-03]
  [1.10509411e-03 1.76297474e-01 1.18832624e+02 3.59578976e-03
   4.24090066e-02 5.70461580e-03 5.70461580e-03]
  [1.11447186e-03 1.76622493e-01 1.18788423e+02 3.59629740e-03
   4.23515142e-02 5.70536575e-03 5.70536575e-03]]

 [[1.10793412e-03 1.76400272e-01 1.18815891e+02 3.59580555e-03
   4.23874205e-02 5.70482928e-03 5.70482928e-03]
  [3.99101382e-05 1.29022070e-01 1.30887714e+02 3.59154831e-03
   4.27513022e-02 5.70808393e-03 5.70808393e-03]
  [1.10144061e-03 1.76161281e-01 1.18900515e+02 3.59684754e-03
   4.22759837e-02 5.70525042e-03 5.70525042e-03]]]

Arbiter Table:
[[[4.08477097e-05 1.27092205e-01 1.30748578e+02 3.58648052e-03
   4.34859530e-02 5.69907540e-03 5.74386847e-03]
  [1.09825226e-03 1.75696753e-01 1.18972947e+02 3.59617017e-03
   4.23675931e-02 5.70497794e-03 5.70497794e-03]
  [8.63947182e-04 1.67041819e-01 1.21696927e+02 3.59829732e-03
   4.21864434e-02 5.70427315e-03 5.70427315e-03]]

 [[1.12015580e-03 1.76410278e-01 1.18832641e+02 3.59652418e-03
   4.22961447e-02 5.70484579e-03 5.70484579e-03]
  [1.13363749e-03 1.76915481e-01 1.18753914e+02 3.59617887e-03
   4.23497153e-02 5.70439456e-03 5.70439456e-03]
  [9.38586485e-04 1.69714897e-01 1.20871025e+02 3.59772411e-03
   4.22582342e-02 5.70486697e-03 5.70486697e-03]]

 [[6.94194264e-04 1.59496032e-01 1.23703969e+02 3.59929329e-03
   4.22294644e-02 5.70567552e-03 5.70567552e-03]
  [1.13035061e-03 1.76697800e-01 1.18856827e+02 3.59666300e-03
   4.22275736e-02 5.70363435e-03 5.70363435e-03]
  [1.12515486e-03 1.76514408e-01 1.18893587e+02 3.59712622e-03
   4.22676437e-02 5.70566288e-03 5.70566288e-03]]]

Page Table:
[[[6.01584408e-04 2.37498583e-01 1.23750285e+02 3.56828848e-03
   4.24221187e-02 5.66952184e-03 5.66952184e-03]
  [1.06647056e-03 3.27551569e-01 1.17414838e+02 3.55247411e-03
   4.17526548e-02 5.63440585e-03 5.63440585e-03]
  [1.09121828e-03 3.31854972e-01 1.17311449e+02 3.55188466e-03
   4.17291372e-02 5.63360889e-03 5.63360889e-03]
  [2.60206639e-04 1.72252652e-01 1.28048396e+02 3.58264378e-03
   4.25673711e-02 5.69183361e-03 5.69183361e-03]]

 [[2.60720203e-04 1.72347753e-01 1.28059622e+02 3.58188264e-03
   4.26639578e-02 5.69284051e-03 5.69284051e-03]
  [1.06941744e-03 3.28123594e-01 1.17369569e+02 3.55151044e-03
   4.19304614e-02 5.63542208e-03 5.63542208e-03]
  [1.07651165e-03 3.29396161e-01 1.17352498e+02 3.55145245e-03
   4.18629650e-02 5.63457977e-03 5.63457977e-03]
  [1.06976142e-03 3.28145306e-01 1.17311680e+02 3.55162554e-03
   4.19079148e-02 5.63515346e-03 5.63515346e-03]]

 [[1.08555386e-03 3.30873091e-01 1.17338861e+02 3.55221421e-03
   4.17723673e-02 5.63377781e-03 5.63377781e-03]
  [4.85821796e-04 2.20521602e-01 1.25238368e+02 3.57995757e-03
   4.19856494e-02 5.67485381e-03 5.67485381e-03]
  [1.08574686e-03 3.30989926e-01 1.17310215e+02 3.55059878e-03
   4.19337291e-02 5.63424850e-03 5.63424850e-03]
  [1.08827830e-03 3.31487394e-01 1.17276978e+02 3.55060133e-03
   4.19230968e-02 5.63382376e-03 5.63382376e-03]]

 [[8.62398160e-04 2.89628459e-01 1.20117708e+02 3.56226776e-03
   4.19081347e-02 5.65057179e-03 5.65057179e-03]
  [2.59694107e-04 1.72158041e-01 1.28070105e+02 3.58136277e-03
   4.31096331e-02 5.68382576e-03 5.72861883e-03]
  [9.79977217e-04 3.07420702e-01 1.18913011e+02 3.55760515e-03
   4.18521045e-02 5.64290386e-03 5.64290386e-03]
  [1.07801953e-03 3.29580193e-01 1.17255468e+02 3.55079310e-03
   4.19656551e-02 5.63427461e-03 5.63427461e-03]]]

Response Table:
[[[6.12819628e-04 1.50411953e-01 1.18894494e+02]
  [6.15012868e-04 1.50455074e-01 1.18984361e+02]]

 [[6.14051561e-04 1.50433831e-01 1.18954855e+02]
  [2.34439458e-05 1.26377118e-01 1.30945975e+02]]]

Refresh Table:
[[[2.34439704e-05 1.26377119e-01 1.30945975e+02]
  [6.28371945e-04 1.50631420e-01 1.18999500e+02]]

 [[6.31816871e-04 1.50863742e-01 1.19037341e+02]
  [6.27130899e-04 1.50652507e-01 1.18969723e+02]]]

Request Buffer Table:
[[[5.19977659e-04 1.03829705e+00 7.87382729e+01]
  [5.18205822e-04 1.02490394e+00 7.93126182e+01]
  [5.12719867e-04 1.02436796e+00 7.93611506e+01]
  [5.22384298e-04 1.03644538e+00 7.88672992e+01]
  [5.15982263e-04 1.03125399e+00 7.91521007e+01]
  [5.18860724e-04 1.03245372e+00 7.90845509e+01]
  [4.23972908e-04 8.51625137e-01 8.94879769e+01]
  [5.20180321e-04 1.03830044e+00 7.88977310e+01]]

 [[5.17048240e-04 1.03034048e+00 7.90784546e+01]
  [5.18191648e-04 1.02637066e+00 7.93246294e+01]
  [5.19069163e-04 1.03515388e+00 7.89548519e+01]
  [5.24837870e-04 1.03735141e+00 7.88064509e+01]
  [5.12250165e-04 1.02194452e+00 7.94977052e+01]
  [5.21804028e-04 1.03120456e+00 7.90890825e+01]
  [5.23581644e-04 1.04014319e+00 7.87896874e+01]
  [5.10927315e-04 1.01886340e+00 7.96668410e+01]]

 [[5.30884910e-04 1.05609689e+00 7.79659777e+01]
  [5.15288847e-04 1.02667833e+00 7.92578622e+01]
  [5.22737413e-04 1.03819152e+00 7.88376657e+01]
  [5.28304984e-04 1.04175523e+00 7.86214954e+01]
  [5.18544887e-04 1.03239626e+00 7.91119042e+01]
  [5.21845781e-04 1.03794345e+00 7.87916108e+01]
  [5.23162295e-04 1.04046473e+00 7.86474849e+01]
  [5.21783216e-04 1.03883460e+00 7.87915355e+01]]

 [[5.23990372e-04 1.04517165e+00 7.84649651e+01]
  [5.30476971e-04 1.04127671e+00 7.85538887e+01]
  [5.25999869e-04 1.03828025e+00 7.87741537e+01]
  [5.20418175e-04 1.03806314e+00 7.87211359e+01]
  [5.17247092e-04 1.02883358e+00 7.92767503e+01]
  [5.22874786e-04 1.03765757e+00 7.87972226e+01]
  [5.28062596e-04 1.04431655e+00 7.84743163e+01]
  [5.18914093e-04 1.03111094e+00 7.90679210e+01]]

 [[5.19241764e-04 1.03457604e+00 7.88450881e+01]
  [5.18684340e-04 1.02672129e+00 7.92768029e+01]
  [5.25787638e-04 1.04372692e+00 7.84872545e+01]
  [5.18113649e-04 1.03130253e+00 7.92178187e+01]
  [5.24483747e-04 1.04112475e+00 7.86634743e+01]
  [5.24140177e-04 1.04172234e+00 7.85989347e+01]
  [5.14529117e-04 1.01918930e+00 7.97165379e+01]
  [5.14012651e-04 1.02903030e+00 7.92028950e+01]]

 [[5.10905738e-04 1.01568445e+00 7.98379168e+01]
  [5.08894358e-04 1.01554194e+00 7.97677304e+01]
  [5.22178686e-04 1.03835475e+00 7.87853097e+01]
  [5.27107293e-04 1.04244422e+00 7.86745333e+01]
  [5.15958237e-04 1.02811112e+00 7.91757961e+01]
  [6.34689103e-05 2.03072568e-01 1.26528288e+02]
  [4.55470556e-04 9.14392846e-01 8.59695286e+01]
  [5.20418800e-04 1.03322260e+00 7.90498184e+01]]

 [[5.22043984e-04 1.03720098e+00 7.87914323e+01]
  [5.23407037e-04 1.03544318e+00 7.89435797e+01]
  [5.24125174e-04 1.03934960e+00 7.88117421e+01]
  [5.33807719e-04 1.03588206e+00 7.88523172e+01]
  [5.15303301e-04 1.02515721e+00 7.93956040e+01]
  [3.26814308e-04 6.65664648e-01 1.00164042e+02]
  [5.48129179e-04 1.04815905e+00 7.84293512e+01]
  [5.29537612e-04 1.06500107e+00 7.76150012e+01]]

 [[5.13902443e-04 1.03183329e+00 7.90918931e+01]
  [5.23165850e-04 1.04076493e+00 7.86366174e+01]
  [5.19136385e-04 1.03175983e+00 7.90897166e+01]
  [5.20929207e-04 1.04846861e+00 7.82710382e+01]
  [5.26450490e-04 1.04615883e+00 7.84551893e+01]
  [5.29664776e-04 1.04371837e+00 7.85347423e+01]
  [4.15020161e-04 8.37508751e-01 9.03267644e+01]
  [5.18986094e-04 1.03366613e+00 7.89954882e+01]]]

Ref Max Post Table:
[[[1.04865293e-03 3.33105174e-01 1.17346549e+02]
  [1.05274284e-03 3.34216406e-01 1.17363276e+02]
  [1.08144224e-03 3.39926110e-01 1.17329014e+02]
  [7.95550306e-04 2.81374174e-01 1.20850958e+02]]

 [[1.05364013e-03 3.34355865e-01 1.17325807e+02]
  [1.03800358e-03 3.31471811e-01 1.17399245e+02]
  [1.00659721e-03 3.25795066e-01 1.17888219e+02]
  [1.05014708e-03 3.33861390e-01 1.17367955e+02]]

 [[1.05490427e-03 3.34247985e-01 1.17422830e+02]
  [1.06309073e-03 3.36193701e-01 1.17338901e+02]
  [1.05078453e-03 3.33968443e-01 1.17357300e+02]
  [7.55651494e-04 2.77083452e-01 1.21230388e+02]]

 [[1.03937040e-03 3.31539806e-01 1.17461904e+02]
  [1.02631591e-03 3.29342358e-01 1.17586367e+02]
  [1.04756939e-03 3.33095840e-01 1.17400630e+02]
  [8.14065258e-05 1.38268478e-01 1.30158414e+02]]]

Ref Max Pull Table:
[[[1.04478616e-03 3.27665034e-01 1.17346156e+02]
  [1.06967101e-03 3.32307495e-01 1.17367126e+02]
  [1.07340229e-03 3.32973794e-01 1.17361776e+02]
  [5.51855743e-04 2.29537335e-01 1.24366755e+02]]

 [[1.05551623e-03 3.29521299e-01 1.17369607e+02]
  [1.05909053e-03 3.30363249e-01 1.17421418e+02]
  [1.04544337e-03 3.27733104e-01 1.17485919e+02]
  [1.45812863e-04 1.50564359e-01 1.29326960e+02]]

 [[1.04139546e-03 3.27011252e-01 1.17423963e+02]
  [1.06200980e-03 3.30850054e-01 1.17404608e+02]
  [1.06690752e-03 3.31743398e-01 1.17375694e+02]
  [1.06755675e-03 3.31635408e-01 1.17364359e+02]]

 [[1.04428427e-03 3.27503208e-01 1.17569944e+02]
  [1.46286485e-04 1.50650105e-01 1.29343670e+02]
  [1.06454819e-03 3.31223071e-01 1.17457437e+02]
  [1.07748516e-03 3.32641344e-01 1.17459673e+02]]]

Max Activate Table:
[[[5.12970853e-04 1.04075656e+00 7.85495124e+01 2.37863827e-03
   2.80498428e-02 3.77409921e-03 3.77409921e-03]
  [5.49453338e-04 1.02874952e+00 7.90767020e+01 2.39522052e-03
   2.82383169e-02 3.79978446e-03 3.79978446e-03]
  [5.38073536e-04 1.04678611e+00 7.83410541e+01 2.37081088e-03
   2.78866460e-02 3.76069455e-03 3.76069455e-03]
  [5.46357157e-04 1.03652185e+00 7.87725391e+01 2.38389317e-03
   2.81577804e-02 3.78304281e-03 3.78304281e-03]
  [5.72799127e-04 1.04439032e+00 7.84840607e+01 2.37450039e-03
   2.79134203e-02 3.76541150e-03 3.76541150e-03]
  [5.64931801e-04 1.04446483e+00 7.84490898e+01 2.37362227e-03
   2.80342638e-02 3.76694458e-03 3.76694458e-03]
  [5.40171740e-04 1.02180583e+00 7.95358842e+01 2.40410661e-03
   2.83860552e-02 3.81471909e-03 3.81471909e-03]
  [5.33948749e-04 1.02169824e+00 7.94847618e+01 2.40421125e-03
   2.84222517e-02 3.81514347e-03 3.81514347e-03]]

 [[5.56999597e-04 1.03895788e+00 7.85632613e+01 2.38057963e-03
   2.81618838e-02 3.77850653e-03 3.77850653e-03]
  [5.43951463e-04 1.04918594e+00 7.82321326e+01 2.36726711e-03
   2.79220470e-02 3.75648787e-03 3.75648787e-03]
  [5.39988539e-04 1.03171863e+00 7.90187670e+01 2.39138121e-03
   2.81749781e-02 3.79450337e-03 3.79450337e-03]
  [5.63468030e-04 1.05785514e+00 7.78668522e+01 2.35756620e-03
   2.76348918e-02 3.73740354e-03 3.73740354e-03]
  [4.89619338e-05 1.55499813e-01 1.29539991e+02 3.55888150e-03
   4.22883772e-02 5.65429029e-03 5.65429029e-03]
  [5.44202418e-04 1.02775514e+00 7.91572452e+01 2.39592942e-03
   2.83421683e-02 3.80185996e-03 3.80185996e-03]
  [5.55514177e-04 1.04540648e+00 7.84725266e+01 2.37313241e-03
   2.78927745e-02 3.76400936e-03 3.76400936e-03]
  [5.55367581e-04 1.03570643e+00 7.88139868e+01 2.38458554e-03
   2.82417489e-02 3.78570805e-03 3.78570805e-03]]

 [[5.33887670e-04 1.03038046e+00 7.91303412e+01 2.39281061e-03
   2.82322057e-02 3.79696394e-03 3.79696394e-03]
  [5.36877763e-04 1.04281434e+00 7.84364940e+01 2.37561755e-03
   2.80868266e-02 3.76979777e-03 3.76979777e-03]
  [5.36433879e-04 1.02519520e+00 7.93198970e+01 2.39988510e-03
   2.83131278e-02 3.80787629e-03 3.80787629e-03]
  [5.91038876e-04 1.05261490e+00 7.81160053e+01 2.36328765e-03
   2.78146240e-02 3.74864972e-03 3.74864972e-03]
  [5.28131952e-04 1.03325078e+00 7.89332134e+01 2.38947104e-03
   2.81072134e-02 3.79024112e-03 3.79024112e-03]
  [5.49081567e-04 1.03020730e+00 7.90956843e+01 2.39295554e-03
   2.82633651e-02 3.79730394e-03 3.79730394e-03]
  [4.88335486e-05 1.55412115e-01 1.29502974e+02 3.55864324e-03
   4.22909200e-02 5.65394325e-03 5.65394325e-03]
  [5.49552457e-04 1.03748676e+00 7.88227311e+01 2.38334656e-03
   2.80795777e-02 3.78142553e-03 3.78142553e-03]]

 [[5.27336097e-04 1.03071401e+00 7.90137850e+01 2.39202333e-03
   2.82463347e-02 3.79571902e-03 3.79571902e-03]
  [5.44783886e-04 1.03304957e+00 7.88928017e+01 2.38920461e-03
   2.81471242e-02 3.78968364e-03 3.78968364e-03]
  [5.37984374e-04 1.02877474e+00 7.91490171e+01 2.39547545e-03
   2.81964519e-02 3.79971324e-03 3.79971324e-03]
  [5.24652069e-04 1.02878010e+00 7.91584955e+01 2.39594046e-03
   2.81574551e-02 3.80037001e-03 3.80037001e-03]
  [5.27738520e-04 1.01761897e+00 7.97572127e+01 2.41092445e-03
   2.83772360e-02 3.82446094e-03 3.82446094e-03]
  [5.50863841e-04 1.04604121e+00 7.84321679e+01 2.37160575e-03
   2.79805753e-02 3.76343104e-03 3.76343104e-03]
  [5.61598238e-04 1.04095096e+00 7.86290562e+01 2.37845545e-03
   2.80484316e-02 3.77396936e-03 3.77396936e-03]
  [5.41661856e-04 1.03618246e+00 7.88236632e+01 2.38500014e-03
   2.81383738e-02 3.78418802e-03 3.78418802e-03]]

 [[5.32320325e-04 1.03521933e+00 7.88325711e+01 2.38661847e-03
   2.81113277e-02 3.78598558e-03 3.78598558e-03]
  [5.50140324e-04 1.03824791e+00 7.86177036e+01 2.38210151e-03
   2.80997412e-02 3.77967919e-03 3.77967919e-03]
  [4.88976962e-05 1.55455994e-01 1.29556078e+02 3.55809835e-03
   4.23860784e-02 5.65509439e-03 5.65509439e-03]
  [5.43412592e-04 1.03687815e+00 7.86908009e+01 2.38425312e-03
   2.80901969e-02 3.78207321e-03 3.78207321e-03]
  [5.18100074e-04 9.99759641e-01 8.08354475e+01 2.43509056e-03
   2.86479745e-02 3.86319056e-03 3.86319056e-03]
  [5.38486634e-04 1.02925207e+00 7.91367268e+01 2.39455081e-03
   2.82291218e-02 3.79858828e-03 3.79858828e-03]
  [5.50237679e-04 1.02831798e+00 7.91161584e+01 2.39588027e-03
   2.82143236e-02 3.80098153e-03 3.80098153e-03]
  [5.43008216e-04 1.03027137e+00 7.91045264e+01 2.39308848e-03
   2.82190200e-02 3.79679775e-03 3.79679775e-03]]

 [[5.42141643e-04 1.03784746e+00 7.87012706e+01 2.38319208e-03
   2.80831516e-02 3.78095044e-03 3.78095044e-03]
  [5.66925598e-04 1.04188115e+00 7.85054055e+01 2.37771270e-03
   2.79318596e-02 3.77088148e-03 3.77088148e-03]
  [5.47091776e-04 1.03325539e+00 7.89952091e+01 2.38931157e-03
   2.81602194e-02 3.79026345e-03 3.79026345e-03]
  [5.42781007e-04 1.03409052e+00 7.89639530e+01 2.38717373e-03
   2.82262875e-02 3.78878421e-03 3.78878421e-03]
  [5.31506282e-04 1.02186498e+00 7.94264217e+01 2.40502969e-03
   2.82751768e-02 3.81457388e-03 3.81457388e-03]
  [5.53666704e-04 1.03552031e+00 7.87848293e+01 2.38561047e-03
   2.82085178e-02 3.78629557e-03 3.78629557e-03]
  [5.50073476e-04 1.03635414e+00 7.88401329e+01 2.38476760e-03
   2.81243756e-02 3.78385520e-03 3.78385520e-03]
  [5.42536293e-04 1.02856741e+00 7.91879591e+01 2.39456414e-03
   2.83089769e-02 3.80030019e-03 3.80030019e-03]]

 [[5.40980203e-04 1.02715599e+00 7.91898491e+01 2.39683116e-03
   2.83218544e-02 3.80401396e-03 3.80401396e-03]
  [4.87694962e-05 1.55368596e-01 1.29483910e+02 3.55785231e-03
   4.27762912e-02 5.64527758e-03 5.69007065e-03]
  [6.00288246e-04 1.04738249e+00 7.82983725e+01 2.36945913e-03
   2.79927012e-02 3.75987965e-03 3.75987965e-03]
  [5.18134045e-04 1.03015036e+00 7.90823098e+01 2.39338379e-03
   2.81663651e-02 3.79643433e-03 3.79643433e-03]
  [5.67265168e-04 1.06139098e+00 7.76235463e+01 2.34974969e-03
   2.77890391e-02 3.72932222e-03 3.72932222e-03]
  [5.41012210e-04 1.02409932e+00 7.93033367e+01 2.40170244e-03
   2.82703134e-02 3.81043630e-03 3.81043630e-03]
  [5.49712752e-04 1.02700540e+00 7.92055900e+01 2.39696078e-03
   2.83282850e-02 3.80377670e-03 3.80377670e-03]
  [5.52786447e-04 1.03566859e+00 7.87682780e+01 2.38503735e-03
   2.82329857e-02 3.78552102e-03 3.78552102e-03]]

 [[5.10557505e-04 1.03531511e+00 7.87524739e+01 2.38503806e-03
   2.82742067e-02 3.78595012e-03 3.78595012e-03]
  [5.45602633e-04 1.03567321e+00 7.88324638e+01 2.38703571e-03
   2.80122336e-02 3.78510694e-03 3.78510694e-03]
  [5.30179963e-04 1.04892921e+00 7.81168690e+01 2.36705254e-03
   2.79846588e-02 3.75634762e-03 3.75634762e-03]
  [5.28951124e-04 1.02784940e+00 7.92115190e+01 2.39560567e-03
   2.83200447e-02 3.80200535e-03 3.80200535e-03]
  [5.44361856e-04 1.03186693e+00 7.89569498e+01 2.39103617e-03
   2.81457375e-02 3.79253268e-03 3.79253268e-03]
  [5.41257828e-04 1.03114251e+00 7.90869417e+01 2.39234713e-03
   2.81733869e-02 3.79517386e-03 3.79517386e-03]
  [5.46097579e-04 1.03570911e+00 7.88824280e+01 2.38526700e-03
   2.81735889e-02 3.78561336e-03 3.78561336e-03]
  [5.30029381e-04 1.05289980e+00 7.81478458e+01 2.36207624e-03
   2.78492349e-02 3.74771464e-03 3.74771464e-03]]]

Cumulative Reward: 3271.8529357494303
