Scheduler Table:
[[[2.82242262e-06 1.33620979e-02 1.37983630e+01 9.94754302e-04
   1.02235640e-01 3.66321225e-04 3.66321225e-04]
  [2.37331938e-06 1.34060563e-02 1.38746491e+01 1.02020079e-03
   8.54215155e-02 3.65792648e-04 3.65792648e-04]
  [2.12257496e-06 1.33215997e-02 1.38336995e+01 1.05726769e-03
   7.44251609e-02 3.64848881e-04 3.64848881e-04]]

 [[2.29010920e-06 1.32903093e-02 1.37239723e+01 1.02685717e-03
   8.04579583e-02 3.65527445e-04 3.65527445e-04]
  [2.36448816e-06 1.33127706e-02 1.38277581e+01 1.03740408e-03
   8.37942065e-02 3.65345047e-04 3.65345047e-04]
  [3.68159183e-07 1.11649578e-02 1.69734729e+01 1.14536971e-03
   6.89502687e-04 3.61551304e-04 3.85458441e-04]]

 [[2.15288026e-06 1.33173520e-02 1.37146422e+01 1.03138744e-03
   7.52135510e-02 3.65001787e-04 3.65001787e-04]
  [1.94400821e-04 8.87377452e-01 1.71926412e+01 1.11268154e-03
   3.00640818e-01 3.63236762e-04 3.76146616e-04]
  [5.97092473e-07 1.14416708e-02 1.69249102e+01 9.28164853e-04
   7.22244741e-03 3.63928210e-04 3.63928210e-04]]]

Buffer Table:
[[[1.35905441e-06 1.24338702e-02 1.70263926e+01 1.09207241e-03
   2.89531943e-02 3.64426481e-04 3.64426481e-04]
  [2.25327851e-06 1.33696986e-02 1.37571439e+01 1.00851481e-03
   5.74497684e-02 3.65852648e-04 3.65852648e-04]
  [1.83169853e-06 1.32458906e-02 1.37567062e+01 1.06025920e-03
   4.55746489e-02 3.64630950e-04 3.64630950e-04]]

 [[2.23517198e-06 1.33232136e-02 1.38546266e+01 1.01463138e-03
   5.63023862e-02 3.65405118e-04 3.65405118e-04]
  [2.41098281e-06 1.33770354e-02 1.38121537e+01 1.01949956e-03
   6.20554677e-02 3.64836148e-04 3.64836148e-04]
  [2.06249102e-06 1.33996263e-02 1.37365187e+01 1.02042131e-03
   5.47070906e-02 3.65767286e-04 3.65767286e-04]]

 [[2.15140527e-06 1.33881791e-02 1.38761604e+01 1.04490725e-03
   5.60112819e-02 3.64431494e-04 3.64431494e-04]
  [2.20032095e-06 1.33478900e-02 1.37984285e+01 1.01366202e-03
   5.64544838e-02 3.66005869e-04 3.66005869e-04]
  [1.94394126e-04 8.87366875e-01 1.70713699e+01 1.10350125e-03
   3.00461172e-01 3.62740017e-04 3.85212726e-04]]]

Arbiter Table:
[[[2.18470319e-06 1.33938812e-02 1.38442079e+01 1.04672116e-03
   6.30770041e-02 3.65165903e-04 3.65165903e-04]
  [1.40812059e-06 1.24698309e-02 1.63419953e+01 9.59008189e-04
   3.63696868e-02 3.64607604e-04 3.64607604e-04]
  [2.23747727e-06 1.33650555e-02 1.37399348e+01 1.04280672e-03
   6.45618013e-02 3.65733484e-04 3.65733484e-04]]

 [[1.78098897e-06 1.29217756e-02 1.51331680e+01 1.03878297e-03
   4.93247182e-02 3.64571778e-04 3.64571778e-04]
  [1.94396083e-04 8.87369149e-01 1.70694079e+01 1.10385674e-03
   3.00529181e-01 3.62741897e-04 3.85214606e-04]
  [2.13250566e-06 1.32472961e-02 1.49799844e+01 1.04602480e-03
   6.03795526e-02 3.64942045e-04 3.64942045e-04]]

 [[2.45561512e-06 1.33164024e-02 1.38084801e+01 1.03323119e-03
   7.28464010e-02 3.65159193e-04 3.65159193e-04]
  [1.67625800e-06 1.28096013e-02 1.52369369e+01 1.08116916e-03
   4.45396319e-02 3.64241966e-04 3.64241966e-04]
  [2.27281442e-06 1.34049165e-02 1.36324385e+01 1.03616284e-03
   6.55808764e-02 3.65162214e-04 3.65162214e-04]]]

Page Table:
[[[2.77539552e-06 1.34703464e-02 1.39184201e+01 1.00965833e-03
   8.02339244e-02 3.65985250e-04 3.65985250e-04]
  [3.02504128e-06 1.35307451e-02 1.38925689e+01 1.02490703e-03
   9.03673729e-02 3.64609930e-04 3.64609930e-04]
  [2.97487938e-06 1.34509833e-02 1.38340817e+01 1.02322648e-03
   8.23892282e-02 3.64844249e-04 3.64844249e-04]
  [3.71838631e-07 1.11592540e-02 1.69472235e+01 1.14512932e-03
   5.17161885e-04 3.61547092e-04 3.85454229e-04]]

 [[1.91462868e-06 1.14266102e-02 1.73901686e+01 1.00446746e-03
   3.64424796e-03 3.63125195e-04 3.63125195e-04]
  [2.80680071e-06 1.34368835e-02 1.38766033e+01 1.04022498e-03
   8.00841872e-02 3.65631860e-04 3.65631860e-04]
  [2.82446122e-06 1.34659736e-02 1.43555016e+01 1.01585442e-03
   7.46720573e-02 3.65270629e-04 3.65270629e-04]
  [1.72116289e-06 1.13798541e-02 1.69585341e+01 1.07102002e-03
   3.79989643e-03 3.62277170e-04 3.62277170e-04]]

 [[2.35415328e-06 1.24003135e-02 1.71074302e+01 9.92673369e-04
   3.42449890e-02 3.64823806e-04 3.64823806e-04]
  [2.85719023e-06 1.35477915e-02 1.43357619e+01 1.02794849e-03
   8.08196847e-02 3.66348592e-04 3.66348592e-04]
  [3.01793871e-06 1.34315599e-02 1.39827546e+01 1.03249208e-03
   8.48390443e-02 3.64790791e-04 3.64790791e-04]
  [2.86758291e-06 1.33934216e-02 1.42062363e+01 1.01565326e-03
   8.51434114e-02 3.65174654e-04 3.65174654e-04]]

 [[1.94404345e-04 8.87371990e-01 1.71675028e+01 1.11245132e-03
   3.00475771e-01 3.63232728e-04 3.76142582e-04]
  [2.02140313e-06 1.14475270e-02 1.64920489e+01 1.01458400e-03
   3.67681800e-03 3.63853933e-04 3.63853933e-04]
  [2.65702835e-06 1.33901110e-02 1.49916450e+01 1.02643579e-03
   7.34929192e-02 3.65253321e-04 3.65253321e-04]
  [2.28059889e-06 1.25849283e-02 1.59153278e+01 1.06721536e-03
   4.61257757e-02 3.64658960e-04 3.64658960e-04]]]

Response Table:
[[[9.06574969e-07 1.31810862e-02 1.92813684e+01]
  [1.23250073e-06 1.32549458e-02 1.38641701e+01]]

 [[1.30289435e-06 1.33261296e-02 1.35278895e+01]
  [1.94394126e-04 8.87366875e-01 1.70713699e+01]]]

Refresh Table:
[[[1.94394126e-04 8.87366875e-01 1.70713699e+01]
  [8.26424546e-07 1.31977178e-02 1.34083254e+01]]

 [[8.38475042e-07 1.33179795e-02 1.35899092e+01]
  [8.17599498e-07 1.32329523e-02 1.43928241e+01]]]

Request Buffer Table:
[[[4.29355331e-06 1.42371573e-02 1.42530774e+01]
  [3.91405612e-06 1.42126289e-02 1.44045834e+01]
  [5.33370280e-06 1.44286752e-02 1.37750468e+01]
  [3.41100035e-06 1.42367858e-02 1.37802419e+01]
  [3.90930062e-06 1.44956815e-02 1.41785327e+01]
  [1.94395341e-04 8.87370852e-01 1.71675097e+01]
  [6.13918574e-06 1.41650269e-02 1.42741621e+01]
  [2.80063282e-06 1.44183288e-02 1.37467821e+01]]

 [[4.71297609e-06 1.42979901e-02 1.38934177e+01]
  [3.27943629e-06 1.42466932e-02 1.38914598e+01]
  [3.28906921e-06 1.43410453e-02 1.42042460e+01]
  [3.04852391e-06 1.43048331e-02 1.37943484e+01]
  [2.13463397e-06 1.36894810e-02 2.23812653e+01]
  [5.19520792e-06 1.45227189e-02 1.43260049e+01]
  [3.58608697e-06 1.43662292e-02 1.39238587e+01]
  [3.16145960e-06 1.43830950e-02 1.42968703e+01]]

 [[3.67441476e-06 1.42786172e-02 1.37937862e+01]
  [4.66848367e-06 1.44020889e-02 1.38155300e+01]
  [3.40010164e-06 1.42685043e-02 1.39140040e+01]
  [4.36422445e-06 1.42269741e-02 1.49535594e+01]
  [3.89436945e-06 1.43675536e-02 1.41846900e+01]
  [3.67081241e-06 1.43978574e-02 1.42715574e+01]
  [3.92074429e-07 1.17829004e-02 2.36775852e+01]
  [2.87319989e-06 1.43629332e-02 1.39874255e+01]]

 [[3.01622151e-06 1.43486390e-02 1.37630801e+01]
  [3.89844184e-06 1.44035844e-02 1.37992674e+01]
  [5.33123854e-06 1.44783492e-02 1.40301279e+01]
  [3.72263897e-06 1.43389164e-02 1.39504133e+01]
  [5.84434000e-06 1.43542908e-02 1.43848221e+01]
  [3.33233190e-06 1.42628183e-02 1.43820960e+01]
  [7.03973279e-06 1.41926633e-02 1.44121323e+01]
  [3.38643735e-06 1.43138255e-02 1.41910024e+01]]

 [[3.11532108e-06 1.42904705e-02 1.43792272e+01]
  [3.25723040e-06 1.43944901e-02 1.38190480e+01]
  [3.92286593e-07 1.17832496e-02 2.26195589e+01]
  [7.02255263e-06 1.41892427e-02 1.37575079e+01]
  [3.99393130e-06 1.43854797e-02 1.42435498e+01]
  [3.62312965e-06 1.38843047e-02 1.63155763e+01]
  [3.04317526e-06 1.44965780e-02 1.38835392e+01]
  [3.23483248e-06 1.43299009e-02 1.44990374e+01]]

 [[3.62437077e-07 1.11580658e-02 1.69472307e+01]
  [6.45086642e-06 1.43237773e-02 1.41002384e+01]
  [4.48693912e-06 1.42997194e-02 1.40477298e+01]
  [6.40520713e-06 1.44378126e-02 1.40655682e+01]
  [3.75690030e-06 1.43542740e-02 1.38159430e+01]
  [4.30358432e-06 1.44150171e-02 1.40989229e+01]
  [3.99858129e-06 1.43758063e-02 1.38627374e+01]
  [3.73102974e-06 1.42920242e-02 1.41433817e+01]]

 [[4.13210767e-06 1.42851942e-02 1.43279146e+01]
  [4.94245565e-06 1.44589772e-02 1.40711155e+01]
  [3.36860780e-06 1.43565481e-02 1.37748736e+01]
  [1.08106600e-05 1.42421273e-02 1.44937831e+01]
  [5.48949352e-06 1.45097105e-02 1.36935401e+01]
  [4.08400488e-06 1.43216126e-02 1.40430334e+01]
  [5.50975011e-06 1.41184445e-02 1.44230913e+01]
  [3.91861232e-07 1.17820877e-02 2.31936452e+01]]

 [[3.40662243e-06 1.42273227e-02 1.40397244e+01]
  [4.48104768e-06 1.45120287e-02 1.40021909e+01]
  [3.97843864e-06 1.43334784e-02 1.38425771e+01]
  [3.59135521e-06 1.43214538e-02 1.38666997e+01]
  [3.24691069e-06 1.31841822e-02 1.80198237e+01]
  [3.14172435e-06 1.44133603e-02 1.39847078e+01]
  [5.43991203e-06 1.41400810e-02 1.97327241e+01]
  [5.26416833e-06 1.45004985e-02 1.40099301e+01]]]

Ref Max Post Table:
[[[2.90118819e-06 1.34722680e-02 1.40039689e+01]
  [2.05925080e-06 1.34824156e-02 1.84535406e+01]
  [3.00323360e-06 1.35052166e-02 1.37756236e+01]
  [3.19724785e-06 1.34894373e-02 1.39260926e+01]]

 [[3.21772153e-06 1.34821301e-02 1.40815570e+01]
  [1.94488474e-04 8.87384782e-01 1.75180795e+01]
  [4.65218133e-07 1.11740015e-02 1.77105597e+01]
  [3.63507512e-06 1.35206561e-02 1.39630623e+01]]

 [[2.56111795e-06 1.33881077e-02 1.41823083e+01]
  [4.60765523e-07 1.11731895e-02 1.82816199e+01]
  [3.25594977e-06 1.35410549e-02 1.40078336e+01]
  [4.66089787e-06 1.35417528e-02 1.39080520e+01]]

 [[3.30459325e-06 1.34725642e-02 1.44968087e+01]
  [2.94006948e-06 1.35017880e-02 1.38672167e+01]
  [3.02363160e-06 1.34034040e-02 1.39316418e+01]
  [2.81239815e-06 1.35629389e-02 1.38689235e+01]]]

Ref Max Pull Table:
[[[3.61556999e-06 1.34881074e-02 1.37609141e+01]
  [3.00299248e-06 1.34495292e-02 1.39402061e+01]
  [3.19781654e-06 1.34342053e-02 1.39163838e+01]
  [2.14045049e-06 1.14553280e-02 1.73098725e+01]]

 [[2.07571901e-06 1.14443295e-02 1.77838211e+01]
  [1.78383434e-06 1.24143258e-02 1.68398742e+01]
  [3.35955518e-06 1.34541720e-02 1.40064942e+01]
  [2.89481667e-06 1.34424623e-02 1.39575988e+01]]

 [[3.35024476e-06 1.34428282e-02 1.37292622e+01]
  [2.39931320e-06 1.31442777e-02 1.75341965e+01]
  [2.45376818e-06 1.25417174e-02 1.62195888e+01]
  [2.80491917e-06 1.34549446e-02 1.40391987e+01]]

 [[2.55186026e-06 1.15058504e-02 1.67789208e+01]
  [2.11684036e-06 1.14509869e-02 1.71942906e+01]
  [3.26011351e-06 1.33593924e-02 1.44393593e+01]
  [1.95517127e-04 8.87554910e-01 1.73074011e+01]]]

Max Activate Table:
[[[3.24346570e-06 1.42462057e-02 1.39674582e+01 1.07152534e-03
   2.86732686e-02 3.64212427e-04 3.64212427e-04]
  [5.28209876e-06 1.45318697e-02 1.39535120e+01 1.06442270e-03
   2.68004896e-02 3.63572864e-04 3.63572864e-04]
  [3.79175456e-06 1.42148286e-02 1.40458393e+01 1.03936269e-03
   3.62371444e-02 3.63959803e-04 3.63959803e-04]
  [3.66675417e-06 1.44142594e-02 1.40636048e+01 1.02841276e-03
   3.28066758e-02 3.64417231e-04 3.64417231e-04]
  [5.40947381e-06 1.44599555e-02 1.42100284e+01 1.05595505e-03
   2.26904286e-02 3.63965543e-04 3.63965543e-04]
  [3.39177542e-06 1.44935301e-02 1.39315107e+01 1.08463810e-03
   1.55527379e-02 3.63328915e-04 3.63328915e-04]
  [3.60627222e-06 1.45934363e-02 1.42002315e+01 1.08311729e-03
   2.92440930e-02 3.64041445e-04 3.64041445e-04]
  [4.23725274e-06 1.42385407e-02 1.39842057e+01 9.84314431e-04
   8.98538087e-02 3.65523104e-04 3.65523104e-04]]

 [[3.08116401e-06 1.45753495e-02 1.39698615e+01 1.04436859e-03
   2.50977915e-02 3.63403830e-04 3.63403830e-04]
  [5.10127895e-06 1.44274808e-02 1.42792541e+01 1.04942227e-03
   2.35225861e-02 3.64346316e-04 3.64346316e-04]
  [3.94900523e-06 1.44006540e-02 1.41281587e+01 1.05468345e-03
   2.70260719e-02 3.63830785e-04 3.63830785e-04]
  [3.47617728e-06 1.39920292e-02 1.50394684e+01 1.04635336e-03
   5.83426429e-02 3.64244531e-04 3.64244531e-04]
  [3.32716586e-06 1.42634684e-02 1.44277734e+01 1.03444154e-03
   5.87091454e-02 3.65384827e-04 3.65384827e-04]
  [3.56823259e-06 1.43102445e-02 1.44491637e+01 1.06484816e-03
   3.23409866e-02 3.64795469e-04 3.64795469e-04]
  [9.06203702e-06 1.43544549e-02 1.42818530e+01 1.05182761e-03
   2.77972152e-02 3.64477509e-04 3.64477509e-04]
  [3.65852054e-06 1.44418482e-02 1.41030485e+01 1.01398488e-03
   3.27649585e-01 3.63692892e-04 3.63692892e-04]]

 [[3.55600892e-06 1.43303096e-02 1.39959204e+01 1.06653859e-03
   2.57228290e-02 3.63794397e-04 3.63794397e-04]
  [3.16414471e-06 1.43839308e-02 1.42013121e+01 1.05923563e-03
   4.67882914e-02 3.65183056e-04 3.65183056e-04]
  [3.40796740e-06 1.42571167e-02 1.40257885e+01 1.08783620e-03
   6.42672940e-02 3.63631597e-04 3.63631597e-04]
  [4.03966773e-06 1.44070096e-02 1.38636805e+01 1.06785060e-03
   2.63104299e-02 3.64615575e-04 3.64615575e-04]
  [4.04723518e-06 1.43053777e-02 1.39280148e+01 1.02918612e-03
   4.95228359e-02 3.64929999e-04 3.64929999e-04]
  [3.71261151e-06 1.43053755e-02 1.41535613e+01 1.01625037e-03
   5.24309284e-02 3.63260596e-04 3.63260596e-04]
  [3.21843077e-06 1.41836025e-02 1.58347469e+01 1.06075891e-03
   4.31846813e-02 3.64781642e-04 3.64781642e-04]
  [3.88703592e-06 1.42978081e-02 1.41277265e+01 1.03143892e-03
   6.29362065e-02 3.64069231e-04 3.64069231e-04]]

 [[3.84644867e-06 1.42487676e-02 1.44682932e+01 9.96053772e-04
   5.78430562e-02 3.64272774e-04 3.64272774e-04]
  [3.57751521e-06 1.44797979e-02 1.40595247e+01 1.07545448e-03
   2.67037883e-02 3.65109109e-04 3.65109109e-04]
  [3.56985771e-06 1.41860165e-02 1.43774818e+01 1.04949286e-03
   3.72221984e-02 3.64781517e-04 3.64781517e-04]
  [4.15947104e-06 1.44537130e-02 1.38127797e+01 1.06047028e-03
   2.80040491e-02 3.64705690e-04 3.64705690e-04]
  [3.39901518e-06 1.43994503e-02 1.39100222e+01 1.06298734e-03
   5.99911072e-02 3.64913082e-04 3.64913082e-04]
  [3.35761669e-06 1.33810249e-02 1.80410259e+01 1.02701367e-03
   3.55388312e-02 3.64368994e-04 3.64368994e-04]
  [4.18150165e-06 1.43167944e-02 1.42484569e+01 1.04158763e-03
   6.26684518e-02 3.65212186e-04 3.65212186e-04]
  [6.38529558e-06 1.44743718e-02 1.41000074e+01 1.06865808e-03
   2.77615560e-02 3.64367860e-04 3.64367860e-04]]

 [[3.87488473e-06 1.41956278e-02 1.40327611e+01 9.95300454e-04
   4.03232888e-02 3.64717082e-04 3.64717082e-04]
  [4.64655437e-06 1.43833757e-02 1.38573740e+01 1.03085307e-03
   8.74424838e-02 3.64847336e-04 3.64847336e-04]
  [3.81696551e-06 1.41706066e-02 1.41611541e+01 1.03645261e-03
   7.55156770e-02 3.64581415e-04 3.64581415e-04]
  [3.35746998e-06 1.41403078e-02 1.47687382e+01 1.05307217e-03
   3.43450051e-02 3.64137726e-04 3.64137726e-04]
  [3.59340489e-06 1.42296378e-02 1.41065404e+01 1.04374140e-03
   2.57326780e-02 3.64592112e-04 3.64592112e-04]
  [3.51247269e-06 1.43692138e-02 1.41426722e+01 9.90729118e-04
   2.65984423e-01 3.64697119e-04 3.64697119e-04]
  [3.15474031e-06 1.43420879e-02 1.44251122e+01 1.04604974e-03
   3.83252260e-02 3.64297604e-04 3.64297604e-04]
  [4.06977954e-06 1.42110946e-02 1.38761910e+01 1.03442684e-03
   8.49346730e-02 3.64436081e-04 3.64436081e-04]]

 [[3.85768237e-06 1.45949921e-02 1.37469192e+01 1.04805178e-03
   2.76069297e-02 3.62544959e-04 3.62544959e-04]
  [3.06087778e-06 1.45074672e-02 1.39626684e+01 1.06017791e-03
   2.10502519e-02 3.63986686e-04 3.63986686e-04]
  [3.36052182e-06 1.42508586e-02 1.41226816e+01 1.06538222e-03
   3.44031102e-02 3.64093647e-04 3.64093647e-04]
  [4.18544198e-06 1.42435823e-02 1.40704736e+01 9.94245898e-04
   5.75889316e-02 3.63937285e-04 3.63937285e-04]
  [3.92714160e-06 1.43102892e-02 1.39929174e+01 1.01772322e-03
   7.43848198e-02 3.64934718e-04 3.64934718e-04]
  [3.69896164e-06 1.41620834e-02 1.40485505e+01 1.01694416e-03
   7.90881076e-02 3.64356017e-04 3.64356017e-04]
  [3.34875104e-06 1.45656105e-02 1.42895457e+01 1.07500346e-03
   2.89148820e-02 3.63663204e-04 3.63663204e-04]
  [5.85747102e-06 1.31726923e-02 1.77530404e+01 1.07417119e-03
   1.08194640e-01 3.62867887e-04 3.62867887e-04]]

 [[3.48385740e-06 1.41662587e-02 1.41355148e+01 1.03488248e-03
   3.70727507e-02 3.64782986e-04 3.64782986e-04]
  [3.13787150e-06 1.40571815e-02 1.44431651e+01 1.05178728e-03
   5.54021196e-02 3.65060838e-04 3.65060838e-04]
  [4.26388829e-06 1.42015846e-02 1.40535666e+01 1.02074484e-03
   7.24780750e-02 3.65135927e-04 3.65135927e-04]
  [3.39167613e-06 1.42905170e-02 1.38656845e+01 1.04367487e-03
   6.75081357e-02 3.64666297e-04 3.64666297e-04]
  [3.68370902e-06 1.42723867e-02 1.41284328e+01 1.04291017e-03
   3.73952693e-02 3.64969096e-04 3.64969096e-04]
  [3.27987524e-06 1.44047712e-02 1.40690639e+01 1.05327154e-03
   3.51581901e-02 3.64985661e-04 3.64985661e-04]
  [7.47507591e-06 1.44569391e-02 1.38988730e+01 1.06955339e-03
   2.27074893e-02 3.64402168e-04 3.64402168e-04]
  [4.22829438e-06 1.43722629e-02 1.41445437e+01 1.02770577e-03
   3.48866573e-02 3.65258433e-04 3.65258433e-04]]

 [[6.57041350e-06 1.44650693e-02 1.41836439e+01 1.05646385e-03
   5.05611462e-02 3.63616911e-04 3.63616911e-04]
  [1.16095237e-05 1.43559679e-02 1.42246977e+01 1.05857156e-03
   6.56810487e-02 3.64239370e-04 3.64239370e-04]
  [4.00558031e-06 1.42065041e-02 1.39842803e+01 1.03077148e-03
   5.95543383e-02 3.64517063e-04 3.64517063e-04]
  [3.50593561e-06 1.39474199e-02 1.54769943e+01 1.05329358e-03
   1.57172106e-01 3.64711692e-04 3.64711692e-04]
  [5.31299245e-06 1.45849884e-02 1.39535662e+01 1.06511511e-03
   2.71045250e-02 3.64128766e-04 3.64128766e-04]
  [4.44323279e-06 1.43038099e-02 1.41120417e+01 1.04916385e-03
   2.64394456e-02 3.63879795e-04 3.63879795e-04]
  [3.75385361e-06 1.41164738e-02 1.51087240e+01 1.05633713e-03
   5.32453324e-02 3.64469834e-04 3.64469834e-04]
  [1.94394126e-04 8.87366875e-01 1.70713699e+01 1.10350125e-03
   3.00461172e-01 3.62740017e-04 3.85212726e-04]]]

Cumulative Reward: 7883.035054707201
