Scheduler Table:
[[[1.12309253e-03 1.27649762e-01 2.10968717e+02 4.98119273e-03
   1.01098779e-02 1.00768719e-02 1.00768719e-02]
  [8.78830352e-04 1.23291711e-01 2.17994382e+02 4.98460776e-03
   1.00879304e-02 1.00623937e-02 1.00623937e-02]
  [1.12815477e-03 1.27601612e-01 2.11002606e+02 4.98113660e-03
   1.01102635e-02 1.00771121e-02 1.00771121e-02]]

 [[1.11133831e-03 1.27442540e-01 2.11841751e+02 4.98135933e-03
   1.01088147e-02 1.00761662e-02 1.00761662e-02]
  [3.83054107e-04 1.02262882e+00 2.62071365e+02 4.27817435e-03
   1.45784281e-02 1.27861135e-02 1.29344489e-02]
  [1.13222634e-03 1.27684837e-01 2.10168058e+02 4.98109114e-03
   1.01105552e-02 1.00773048e-02 1.00773048e-02]]

 [[1.11846886e-03 1.27648728e-01 2.11183366e+02 4.98126077e-03
   1.01094544e-02 1.00765847e-02 1.00765847e-02]
  [1.12554629e-03 1.27717838e-01 2.10804759e+02 4.98116937e-03
   1.01100456e-02 1.00769725e-02 1.00769725e-02]
  [1.13054043e-03 1.27654080e-01 2.11130579e+02 4.98110711e-03
   1.01104485e-02 1.00772367e-02 1.00772367e-02]]]

Buffer Table:
[[[1.12628334e-03 1.27454035e-01 2.11318288e+02 4.98146865e-03
   1.01080972e-02 1.00756753e-02 1.00756753e-02]
  [4.27688019e-04 1.13019039e-01 2.35587784e+02 4.83379221e-03
   1.10288530e-02 1.06646098e-02 1.06646098e-02]
  [1.12754130e-03 1.27448730e-01 2.10918358e+02 4.98144732e-03
   1.01082250e-02 1.00757648e-02 1.00757648e-02]]

 [[5.14447702e-04 1.16397396e-01 2.29136725e+02 4.98475666e-03
   1.00856295e-02 1.00600843e-02 1.00600843e-02]
  [5.07907505e-04 1.02684841e+00 2.53956008e+02 4.44210097e-03
   1.35542955e-02 1.21297010e-02 1.22780364e-02]
  [1.14100868e-03 1.27637989e-01 2.10400325e+02 4.98127503e-03
   1.01093401e-02 1.00764957e-02 1.00764957e-02]]

 [[1.08497959e-03 1.26897855e-01 2.14043190e+02 4.98201158e-03
   1.01046027e-02 1.00733739e-02 1.00733739e-02]
  [1.13759031e-03 1.27654488e-01 2.10650884e+02 4.98131946e-03
   1.01090548e-02 1.00763074e-02 1.00763074e-02]
  [1.12008607e-03 1.27357289e-01 2.11331775e+02 4.98155415e-03
   1.01075518e-02 1.00753133e-02 1.00753133e-02]]]

Arbiter Table:
[[[1.09234692e-03 1.27316967e-01 2.10991099e+02 4.98165959e-03
   1.01068915e-02 1.00748946e-02 1.00748946e-02]
  [1.11195690e-03 1.27420026e-01 2.11109705e+02 4.98139761e-03
   1.01085844e-02 1.00760061e-02 1.00760061e-02]
  [8.18218451e-04 1.22364114e-01 2.21141841e+02 4.98549096e-03
   1.00822538e-02 1.00586498e-02 1.00586498e-02]]

 [[1.11330698e-03 1.27525230e-01 2.11436870e+02 4.98137993e-03
   1.01087046e-02 1.00760817e-02 1.00760817e-02]
  [1.13427183e-03 1.27658777e-01 2.11389239e+02 4.98111181e-03
   1.01104334e-02 1.00772189e-02 1.00772189e-02]
  [1.10823372e-03 1.27340938e-01 2.10984549e+02 4.98144586e-03
   1.01082696e-02 1.00758011e-02 1.00758011e-02]]

 [[9.54644183e-04 1.25037651e-01 2.19139353e+02 4.98357222e-03
   1.00945842e-02 1.00667844e-02 1.00667844e-02]
  [1.10742223e-03 1.27423455e-01 2.11386028e+02 4.98145705e-03
   1.01081927e-02 1.00757533e-02 1.00757533e-02]
  [3.83053945e-04 1.02262881e+00 2.62071367e+02 4.27817435e-03
   1.45784281e-02 1.27861134e-02 1.29344488e-02]]]

Page Table:
[[[1.09149736e-03 1.63502550e-01 2.08406634e+02 4.92593891e-03
   1.04360250e-02 1.02887226e-02 1.02887226e-02]
  [1.08315774e-03 1.62807810e-01 2.09057089e+02 4.92678055e-03
   1.04309625e-02 1.02854225e-02 1.02854225e-02]
  [1.04803485e-03 1.61528583e-01 2.08003024e+02 4.92864500e-03
   1.04197422e-02 1.02781120e-02 1.02781120e-02]
  [3.43991439e-05 9.86164535e-02 2.62013858e+02 4.27980305e-03
   1.45691639e-02 1.28073570e-02 1.29567381e-02]]

 [[1.05290501e-03 1.61867585e-01 2.07407244e+02 4.92829843e-03
   1.04218108e-02 1.02794717e-02 1.02794717e-02]
  [1.07762926e-03 1.62757735e-01 2.07938771e+02 4.92674654e-03
   1.04311565e-02 1.02855563e-02 1.02855563e-02]
  [1.05004338e-03 1.61706317e-01 2.08089757e+02 4.92848487e-03
   1.04207052e-02 1.02787399e-02 1.02787399e-02]
  [1.06438660e-03 1.62378670e-01 2.06352280e+02 4.92754898e-03
   1.04263335e-02 1.02824097e-02 1.02824097e-02]]

 [[1.07310269e-03 1.62784462e-01 2.07352473e+02 4.92698673e-03
   1.04297135e-02 1.02846144e-02 1.02846144e-02]
  [1.06067549e-03 1.62165196e-01 2.06474624e+02 4.92779460e-03
   1.04248454e-02 1.02814471e-02 1.02814471e-02]
  [1.06372811e-03 1.62277346e-01 2.06734388e+02 4.92758655e-03
   1.04261036e-02 1.02822625e-02 1.02822625e-02]
  [8.45498367e-04 1.51398333e-01 2.15611401e+02 4.94195348e-03
   1.03396741e-02 1.02259288e-02 1.02259288e-02]]

 [[3.83668106e-04 1.02285258e+00 2.62018425e+02 4.28119677e-03
   1.45345179e-02 1.27952599e-02 1.28987810e-02]
  [1.08298694e-03 1.63039545e-01 2.07159395e+02 4.92645681e-03
   1.04328986e-02 1.02866924e-02 1.02866924e-02]
  [1.05508251e-03 1.61855464e-01 2.07881469e+02 4.92820422e-03
   1.04223887e-02 1.02798406e-02 1.02798406e-02]
  [1.06152027e-03 1.62131742e-01 2.08256685e+02 4.92775495e-03
   1.04250934e-02 1.02816021e-02 1.02816021e-02]]]

Response Table:
[[[3.83051026e-04 1.02262876e+00 2.62071454e+02]
  [5.52563680e-04 1.20732502e-01 2.11564153e+02]]

 [[5.50145407e-04 1.20594747e-01 2.10780050e+02]
  [5.53583320e-04 1.20659168e-01 2.12206393e+02]]]

Refresh Table:
[[[6.05027810e-04 1.20886310e-01 2.11252319e+02]
  [4.70082269e-04 1.16523076e-01 2.23042680e+02]]

 [[5.92816638e-04 1.20676564e-01 2.11865416e+02]
  [3.89354886e-04 1.02284127e+00 2.61527263e+02]]]

Request Buffer Table:
[[[5.12275500e-04 1.50571243e+00 1.71000333e+02]
  [5.31544139e-04 1.55890847e+00 1.70440732e+02]
  [4.97359592e-04 1.55265433e+00 1.70525199e+02]
  [5.16116146e-04 1.56262379e+00 1.70865864e+02]
  [9.18715975e-05 2.49575781e-01 2.51729225e+02]
  [5.10866696e-04 1.52866359e+00 1.71899614e+02]
  [5.32721243e-04 1.55356594e+00 1.69940616e+02]
  [6.08964250e-04 1.57858729e+00 1.70998645e+02]]

 [[4.97585647e-04 1.55348795e+00 1.70654938e+02]
  [5.16988735e-04 1.52914517e+00 1.72001175e+02]
  [5.17530933e-04 1.52223262e+00 1.72426956e+02]
  [5.13513864e-04 1.50829190e+00 1.73702925e+02]
  [5.10820032e-04 1.53227490e+00 1.72189871e+02]
  [5.03350758e-04 1.53886633e+00 1.71110629e+02]
  [5.26441626e-04 1.53700506e+00 1.72216337e+02]
  [5.13022910e-04 1.53200710e+00 1.71982143e+02]]

 [[5.14957514e-04 1.54148398e+00 1.70777243e+02]
  [5.06313718e-04 1.53525345e+00 1.71624054e+02]
  [5.19395422e-04 1.51618614e+00 1.72435331e+02]
  [5.16115409e-04 1.50570000e+00 1.71852039e+02]
  [5.35873975e-04 1.53200519e+00 1.70522248e+02]
  [5.27667004e-04 1.55728228e+00 1.71701392e+02]
  [5.20661296e-04 1.51496232e+00 1.73132526e+02]
  [4.96978589e-04 1.52379727e+00 1.71137211e+02]]

 [[5.26935668e-04 1.54773836e+00 1.69374946e+02]
  [5.18073727e-04 1.50925128e+00 1.71810768e+02]
  [5.14965609e-04 1.54518619e+00 1.70275636e+02]
  [4.95941012e-04 1.53143328e+00 1.72193399e+02]
  [5.25763182e-04 1.55509865e+00 1.71696936e+02]
  [5.25501929e-04 1.52114665e+00 1.71023046e+02]
  [5.25021354e-04 1.54446967e+00 1.71157648e+02]
  [1.96679224e-04 5.56569273e-01 2.32275995e+02]]

 [[5.09732624e-04 1.50224066e+00 1.71560462e+02]
  [5.15348739e-04 1.54607748e+00 1.71223068e+02]
  [5.13881209e-04 1.50645402e+00 1.72065269e+02]
  [5.05275204e-04 1.50626224e+00 1.72166058e+02]
  [3.64709790e-04 1.11056113e+00 1.97568452e+02]
  [5.31139123e-04 1.51813353e+00 1.71291782e+02]
  [5.38430940e-04 1.52341757e+00 1.70715376e+02]
  [4.41119189e-04 1.17349419e+00 2.52216145e+02]]

 [[5.16314019e-04 1.55725567e+00 1.70469203e+02]
  [5.20129649e-04 1.54719312e+00 1.71648248e+02]
  [4.77986848e-04 1.54522788e+00 1.71150222e+02]
  [4.96655829e-04 1.56095545e+00 1.70638285e+02]
  [5.13548779e-04 1.50957698e+00 1.73110103e+02]
  [5.27632162e-04 1.54456065e+00 1.71493099e+02]
  [5.16926502e-04 1.52290576e+00 1.71102766e+02]
  [5.15985501e-04 1.54110058e+00 1.71218981e+02]]

 [[9.20599498e-05 2.49899171e-01 2.51185697e+02]
  [5.28605144e-04 1.54245351e+00 1.71516401e+02]
  [5.10948653e-04 1.53218069e+00 1.70655675e+02]
  [5.23005354e-04 1.52376591e+00 1.71537553e+02]
  [5.47235857e-04 1.53725540e+00 1.71332971e+02]
  [5.00364545e-04 1.56067888e+00 1.70575884e+02]
  [5.24314392e-04 1.52692548e+00 1.71065076e+02]
  [5.21676303e-04 1.51650228e+00 1.71614260e+02]]

 [[5.26585413e-04 1.59402379e+00 1.68599886e+02]
  [5.60312799e-04 1.54280192e+00 1.71408113e+02]
  [5.43137893e-04 1.53819785e+00 1.71553606e+02]
  [5.09006526e-04 1.54960611e+00 1.71448038e+02]
  [4.06719881e-04 1.19112901e+00 1.93451324e+02]
  [5.23892075e-04 1.51032664e+00 1.71959286e+02]
  [9.22486740e-05 2.50223377e-01 2.52229608e+02]
  [5.10371056e-04 1.50782890e+00 1.71862108e+02]]]

Ref Max Post Table:
[[[3.65967166e-04 1.65478922e-01 2.08489940e+02]
  [1.29748749e-04 1.21899596e-01 2.42796686e+02]
  [3.36789563e-04 1.61432904e-01 2.08441729e+02]
  [3.49553852e-04 1.63160353e-01 2.07679324e+02]]

 [[3.42046376e-04 1.62162142e-01 2.08671317e+02]
  [3.38374607e-04 1.61674971e-01 2.08773153e+02]
  [2.13062760e-04 1.37063181e-01 2.30224368e+02]
  [2.97337330e-04 1.53395624e-01 2.16698143e+02]]

 [[2.90380199e-04 1.53354406e-01 2.15116905e+02]
  [2.73050417e-04 1.48720549e-01 2.20616484e+02]
  [4.33700881e-04 1.03218951e+00 2.54022783e+02]
  [3.37950763e-04 1.61363387e-01 2.09547126e+02]]

 [[2.15577434e-04 1.37826168e-01 2.29189009e+02]
  [3.51937746e-04 1.63511559e-01 2.07418790e+02]
  [3.38521395e-04 1.61764021e-01 2.08070844e+02]
  [3.44232969e-04 1.62492843e-01 2.08070989e+02]]]

Ref Max Pull Table:
[[[1.08031228e-03 1.62557430e-01 2.08508645e+02]
  [3.44267080e-05 9.86180392e-02 2.62012652e+02]
  [1.05783441e-03 1.61958847e-01 2.07486348e+02]
  [1.04820234e-03 1.61438674e-01 2.09038493e+02]]

 [[3.83695521e-04 1.02285416e+00 2.62017225e+02]
  [1.07534637e-03 1.62877578e-01 2.08717659e+02]
  [1.03737815e-03 1.61154578e-01 2.07489825e+02]
  [1.05902839e-03 1.62050837e-01 2.06216477e+02]]

 [[1.06768462e-03 1.62385246e-01 2.08899926e+02]
  [9.17243858e-04 1.54918493e-01 2.13513649e+02]
  [7.80644140e-04 1.47095753e-01 2.19273760e+02]
  [1.03842725e-03 1.61063503e-01 2.07724498e+02]]

 [[1.07035724e-03 1.62502052e-01 2.08050136e+02]
  [1.03481800e-03 1.60959407e-01 2.07711478e+02]
  [8.80353438e-04 1.52850215e-01 2.19474172e+02]
  [1.03185384e-03 1.60713135e-01 2.10109487e+02]]]

Max Activate Table:
[[[4.75014351e-04 1.53007530e+00 1.70818392e+02 4.05021026e-03
   9.46212942e-03 9.10923456e-03 9.10923456e-03]
  [4.73879113e-04 1.53314707e+00 1.70481421e+02 4.04814619e-03
   9.46096077e-03 9.10729867e-03 9.10729867e-03]
  [5.01872074e-04 1.53917439e+00 1.70775590e+02 4.04414194e-03
   9.45860908e-03 9.10345167e-03 9.10345167e-03]
  [5.45847151e-04 1.53707783e+00 1.71434794e+02 4.04558708e-03
   9.45946227e-03 9.10484489e-03 9.10484489e-03]
  [4.89665550e-04 1.57766646e+00 1.70940269e+02 4.01827868e-03
   9.44355346e-03 9.07874884e-03 9.07874884e-03]
  [5.37715913e-04 1.53597560e+00 1.70770122e+02 4.04625470e-03
   9.45983171e-03 9.10546180e-03 9.10546180e-03]
  [5.41914765e-04 1.51719762e+00 1.72846867e+02 4.05884290e-03
   9.46716276e-03 9.11748859e-03 9.11748859e-03]
  [5.55997048e-04 1.56957105e+00 1.71079347e+02 4.02376687e-03
   9.44673984e-03 9.08398172e-03 9.08398172e-03]]

 [[5.75193527e-04 1.54858757e+00 1.71643224e+02 4.03786294e-03
   9.45494019e-03 9.09743955e-03 9.09743955e-03]
  [4.82900372e-04 1.53410802e+00 1.70294944e+02 4.04747942e-03
   9.46051927e-03 9.10660413e-03 9.10660413e-03]
  [5.16420882e-04 1.51627696e+00 1.70384021e+02 4.05944831e-03
   9.46752958e-03 9.11808241e-03 9.11808241e-03]
  [5.84601346e-04 1.54503629e+00 1.70480110e+02 4.04018419e-03
   9.45630896e-03 9.09967559e-03 9.09967559e-03]
  [9.97498714e-04 1.62801831e+00 1.68751111e+02 3.98456242e-03
   9.42393322e-03 9.04655285e-03 9.04655285e-03]
  [5.16546521e-04 1.48636913e+00 1.73839098e+02 4.07950813e-03
   9.47918899e-03 9.13722282e-03 9.13722282e-03]
  [5.36681445e-04 1.51639605e+00 1.71841746e+02 4.05932602e-03
   9.46744900e-03 9.11795545e-03 9.11795545e-03]
  [5.61726425e-04 1.53189366e+00 1.71143652e+02 4.04896470e-03
   9.46142191e-03 9.10806387e-03 9.10806387e-03]]

 [[5.36746026e-04 1.48857326e+00 1.72766536e+02 4.07797919e-03
   9.47833985e-03 9.13580669e-03 9.13580669e-03]
  [4.96740355e-04 1.52249878e+00 1.72247424e+02 4.05525765e-03
   9.46507589e-03 9.11406442e-03 9.11406442e-03]
  [5.32740505e-04 1.51554555e+00 1.72011782e+02 4.05997570e-03
   9.46782193e-03 9.11857029e-03 9.11857029e-03]
  [5.38288505e-04 1.57653447e+00 1.68435859e+02 4.01909994e-03
   9.44402603e-03 9.07952734e-03 9.07952734e-03]
  [5.03072356e-04 1.53656554e+00 1.71543754e+02 4.04587776e-03
   9.45962600e-03 9.10511659e-03 9.10511659e-03]
  [5.58365890e-04 1.53222387e+00 1.71990877e+02 4.04876261e-03
   9.46129210e-03 9.10785769e-03 9.10785769e-03]
  [5.20722505e-04 1.51184836e+00 1.73831699e+02 4.06243927e-03
   9.46927376e-03 9.12094249e-03 9.12094249e-03]
  [4.77208261e-04 1.54748745e+00 1.70523691e+02 4.03862681e-03
   9.45539581e-03 9.09818099e-03 9.09818099e-03]]

 [[5.33343610e-04 1.52949041e+00 1.71049168e+02 4.05056792e-03
   9.46234917e-03 9.10958867e-03 9.10958867e-03]
  [5.19558023e-04 1.51541295e+00 1.71064199e+02 4.06009555e-03
   9.46788232e-03 9.11867463e-03 9.11867463e-03]
  [5.47660639e-04 1.50427640e+00 1.72253583e+02 4.06746648e-03
   9.47218997e-03 9.12573305e-03 9.12573305e-03]
  [5.32573477e-04 1.52683175e+00 1.71342748e+02 4.05239224e-03
   9.46344718e-03 9.11137007e-03 9.11137007e-03]
  [5.13743938e-04 1.51306942e+00 1.72265350e+02 4.06160677e-03
   9.46883294e-03 9.12019469e-03 9.12019469e-03]
  [5.94558818e-04 1.54823377e+00 1.69951556e+02 4.03804382e-03
   9.45506155e-03 9.09762970e-03 9.09762970e-03]
  [5.86151988e-04 1.54552993e+00 1.71557381e+02 4.03991920e-03
   9.45616237e-03 9.09943079e-03 9.09943079e-03]
  [5.83001143e-04 1.53832696e+00 1.70151962e+02 4.04468991e-03
   9.45892988e-03 9.10397702e-03 9.10397702e-03]]

 [[5.30094461e-04 1.53674381e+00 1.70522143e+02 4.04579969e-03
   9.45956233e-03 9.10502233e-03 9.10502233e-03]
  [5.19101853e-04 1.52661826e+00 1.71666558e+02 4.05255185e-03
   9.46350670e-03 9.11148643e-03 9.11148643e-03]
  [5.44469466e-04 1.54243643e+00 1.72157476e+02 4.04200289e-03
   9.45735885e-03 9.10140316e-03 9.10140316e-03]
  [5.73039847e-04 1.55416800e+00 1.71090179e+02 4.03407003e-03
   9.45273839e-03 9.09382345e-03 9.09382345e-03]
  [4.93499041e-04 1.51973281e+00 1.72081374e+02 4.05715880e-03
   9.46619587e-03 9.11589462e-03 9.11589462e-03]
  [5.20431247e-04 1.52889026e+00 1.70186427e+02 4.05105466e-03
   9.46264362e-03 9.11006556e-03 9.11006556e-03]
  [3.47561979e-05 1.00260614e-01 2.61934845e+02 4.30534585e-03
   1.44061672e-02 1.27028784e-02 1.28522595e-02]
  [5.52496328e-04 1.56461794e+00 1.69587076e+02 4.02708871e-03
   9.44868014e-03 9.08716161e-03 9.08716161e-03]]

 [[5.01131329e-04 1.54881996e+00 1.70936715e+02 4.03764064e-03
   9.45481399e-03 9.09723071e-03 9.09723071e-03]
  [5.11804686e-04 1.54396694e+00 1.70638211e+02 4.04097589e-03
   9.45674072e-03 9.10040030e-03 9.10040030e-03]
  [5.66639710e-04 1.54009798e+00 1.70946300e+02 4.04354574e-03
   9.45824037e-03 9.10285882e-03 9.10285882e-03]
  [6.27263873e-04 1.54778221e+00 1.69905396e+02 4.03829415e-03
   9.45521993e-03 9.09788248e-03 9.09788248e-03]
  [5.18831045e-04 1.53476605e+00 1.72044684e+02 4.04708015e-03
   9.46030596e-03 9.10624342e-03 9.10624342e-03]
  [5.22228004e-04 1.52466277e+00 1.72927977e+02 4.05385448e-03
   9.46427116e-03 9.11273727e-03 9.11273727e-03]
  [4.71429114e-04 1.53832592e+00 1.71595633e+02 4.04465887e-03
   9.45890246e-03 9.10393727e-03 9.10393727e-03]
  [5.17987629e-04 1.49444524e+00 1.73984989e+02 4.07404218e-03
   9.47601411e-03 9.13200966e-03 9.13200966e-03]]

 [[4.87979278e-04 1.54949807e+00 1.70433340e+02 4.03722886e-03
   9.45458456e-03 9.09684850e-03 9.09684850e-03]
  [5.26200873e-04 1.50998780e+00 1.71855995e+02 4.06366058e-03
   9.46999531e-03 9.12212044e-03 9.12212044e-03]
  [4.88866412e-04 1.54287722e+00 1.70140506e+02 4.04164591e-03
   9.45715622e-03 9.10106779e-03 9.10106779e-03]
  [5.46374744e-04 1.58225760e+00 1.70423363e+02 4.01524542e-03
   9.44177714e-03 9.07584030e-03 9.07584030e-03]
  [4.80836857e-04 1.32433615e+00 1.83376860e+02 4.18727779e-03
   9.54195833e-03 9.24019379e-03 9.24019379e-03]
  [4.34493357e-04 1.58563795e+00 1.69627810e+02 4.01293774e-03
   9.44046313e-03 9.07366787e-03 9.07366787e-03]
  [4.95901070e-04 1.53072701e+00 1.71741559e+02 4.04976118e-03
   9.46187245e-03 9.10881044e-03 9.10881044e-03]
  [3.84096292e-04 1.02449389e+00 2.61664898e+02 4.30938760e-03
   1.42954810e-02 1.27273090e-02 1.27273090e-02]]

 [[4.77110325e-04 1.53810808e+00 1.71208553e+02 4.04479356e-03
   9.45898182e-03 9.10406695e-03 9.10406695e-03]
  [5.23332464e-04 1.52838129e+00 1.70532903e+02 4.05135413e-03
   9.46281065e-03 9.11034370e-03 9.11034370e-03]
  [5.22762094e-04 1.49854628e+00 1.71430060e+02 4.07132510e-03
   9.47443917e-03 9.12942178e-03 9.12942178e-03]
  [5.47404744e-04 1.54088150e+00 1.70269597e+02 4.04295526e-03
   9.45791608e-03 9.10231586e-03 9.10231586e-03]
  [3.48519348e-05 1.00268460e-01 2.61536151e+02 4.30934201e-03
   1.42954063e-02 1.27549685e-02 1.27549685e-02]
  [5.30889045e-04 1.52905675e+00 1.71394772e+02 4.05085589e-03
   9.46252018e-03 9.10986735e-03 9.10986735e-03]
  [5.12569659e-04 1.50498855e+00 1.71429451e+02 4.06706631e-03
   9.47194370e-03 9.12533643e-03 9.12533643e-03]
  [5.89021115e-04 1.53858258e+00 1.72454867e+02 4.04458072e-03
   9.45884595e-03 9.10385070e-03 9.10385070e-03]]]

Cumulative Reward: 6356.772995952007
