Scheduler Table:
[[[1.69318622e-05 2.21419036e-02 4.32664205e+01 9.61084744e-04
   2.23984721e-03 2.15431759e-03 2.15431759e-03]
  [3.56776805e-05 2.31587251e-02 4.56350275e+01 9.95638133e-04
   2.02533475e-03 2.01723290e-03 2.01723290e-03]
  [3.74141343e-05 2.38283495e-02 4.21791504e+01 9.99254287e-04
   2.00258888e-03 2.00258852e-03 2.00258852e-03]]

 [[3.58348519e-05 2.38383409e-02 4.31078926e+01 9.99251106e-04
   2.00260165e-03 2.00260130e-03 2.00260130e-03]
  [2.16988874e-04 6.94551668e-01 5.48571054e+01 8.54042454e-04
   2.96668202e-03 2.51345440e-03 2.61748765e-03]
  [6.35557078e-06 2.12614174e-02 4.68801411e+01 8.59309517e-04
   2.87483719e-03 2.56066110e-03 2.56066110e-03]]

 [[2.66168698e-05 2.33473585e-02 4.46347530e+01 9.99251723e-04
   2.00259906e-03 2.00259880e-03 2.00259880e-03]
  [1.71469041e-05 2.21787288e-02 4.73609510e+01 9.25800326e-04
   2.46001928e-03 2.29507867e-03 2.29507867e-03]
  [3.72590178e-05 2.38607523e-02 4.21989090e+01 9.99252229e-04
   2.00259715e-03 2.00259678e-03 2.00259678e-03]]]

Buffer Table:
[[[1.77872040e-05 2.21645193e-02 4.33110002e+01 9.61085894e-04
   2.23984260e-03 2.15431297e-03 2.15431297e-03]
  [3.52760190e-05 2.37620298e-02 4.31962330e+01 9.99254397e-04
   2.00258842e-03 2.00258808e-03 2.00258808e-03]
  [2.18298720e-04 6.94583311e-01 5.48210339e+01 8.55298129e-04
   2.92900032e-03 2.53366491e-03 2.58434777e-03]]

 [[2.95220044e-05 2.31664356e-02 4.51385185e+01 9.99254825e-04
   2.00258660e-03 2.00258634e-03 2.00258634e-03]
  [4.19159970e-05 2.39198212e-02 4.30693687e+01 9.99248184e-04
   2.00261345e-03 2.00261305e-03 2.00261305e-03]
  [3.54683511e-05 2.38086105e-02 4.28098464e+01 9.99250479e-04
   2.00260417e-03 2.00260382e-03 2.00260382e-03]]

 [[3.31497727e-06 2.03867672e-02 5.50917578e+01 8.53689277e-04
   2.97091142e-03 2.53413091e-03 2.64083168e-03]
  [3.73852214e-05 2.38828061e-02 4.25288395e+01 9.99252775e-04
   2.00259496e-03 2.00259460e-03 2.00259460e-03]
  [3.41494114e-05 2.37667541e-02 4.26885371e+01 9.99256198e-04
   2.00258117e-03 2.00258084e-03 2.00258084e-03]]]

Arbiter Table:
[[[2.16988874e-04 6.94551668e-01 5.48571054e+01 8.54042453e-04
   2.96668202e-03 2.51345440e-03 2.61748765e-03]
  [3.28348332e-05 2.37898107e-02 4.26172777e+01 9.99252955e-04
   2.00259423e-03 2.00259387e-03 2.00259387e-03]
  [3.16604684e-05 2.37627696e-02 4.26274632e+01 9.99250947e-04
   2.00260229e-03 2.00260194e-03 2.00260194e-03]]

 [[2.35370291e-05 2.30452115e-02 4.51188248e+01 9.99252364e-04
   2.00259649e-03 2.00259623e-03 2.00259623e-03]
  [3.48149314e-05 2.38358128e-02 4.26992989e+01 9.99256306e-04
   2.00258080e-03 2.00258041e-03 2.00258041e-03]
  [3.14170764e-05 2.37785789e-02 4.23859142e+01 9.99251349e-04
   2.00260067e-03 2.00260032e-03 2.00260032e-03]]

 [[3.16498064e-05 2.38583131e-02 4.18586589e+01 9.99252740e-04
   2.00259508e-03 2.00259473e-03 2.00259473e-03]
  [3.10205180e-05 2.37159804e-02 4.34257217e+01 9.99255704e-04
   2.00258317e-03 2.00258282e-03 2.00258282e-03]
  [3.40255708e-05 2.38148695e-02 4.28305671e+01 9.99252661e-04
   2.00259543e-03 2.00259505e-03 2.00259505e-03]]]

Page Table:
[[[1.30876538e-04 2.43844663e-02 4.35859588e+01 9.99184984e-04
   2.00303914e-03 2.00288649e-03 2.00288649e-03]
  [5.29302122e-06 2.04482502e-02 5.48724019e+01 8.56086257e-04
   2.95588086e-03 2.52446430e-03 2.63116507e-03]
  [1.17442696e-04 2.42106059e-02 4.23552509e+01 9.99188322e-04
   2.00300769e-03 2.00287102e-03 2.00287102e-03]
  [1.25799640e-04 2.42545530e-02 4.32561366e+01 9.99188543e-04
   2.00301824e-03 2.00287144e-03 2.00287144e-03]]

 [[2.20243981e-04 6.94643775e-01 5.46053135e+01 8.57655383e-04
   2.91421888e-03 2.52415851e-03 2.57484137e-03]
  [1.29567172e-04 2.42602564e-02 4.29011629e+01 9.99183572e-04
   2.00304321e-03 2.00289198e-03 2.00289198e-03]
  [1.21146890e-04 2.42422393e-02 4.19258044e+01 9.99187182e-04
   2.00301731e-03 2.00287618e-03 2.00287618e-03]
  [1.22118064e-04 2.41426181e-02 4.30237300e+01 9.93804211e-04
   2.03725014e-03 2.02518931e-03 2.02518931e-03]]

 [[1.29309153e-04 2.43811097e-02 4.25074195e+01 9.99183799e-04
   2.00304135e-03 2.00289096e-03 2.00289096e-03]
  [1.24857492e-04 2.42302076e-02 4.22149535e+01 9.99182586e-04
   2.00304072e-03 2.00289520e-03 2.00289520e-03]
  [1.25374163e-04 2.42801624e-02 4.18521712e+01 9.99186248e-04
   2.00302661e-03 2.00288056e-03 2.00288056e-03]
  [1.03527794e-03 2.35851348e-02 4.61042704e+01 9.99206258e-04
   2.00289491e-03 2.00279434e-03 2.00279434e-03]]

 [[9.29380054e-05 2.32643676e-02 4.62795525e+01 9.58042621e-04
   2.26044974e-03 2.16808207e-03 2.16808207e-03]
  [1.24942283e-04 2.42853378e-02 4.26326083e+01 9.99186922e-04
   2.00302373e-03 2.00287784e-03 2.00287784e-03]
  [1.18060375e-04 2.42038260e-02 4.20988092e+01 9.99190965e-04
   2.00299799e-03 2.00286051e-03 2.00286051e-03]
  [6.09867174e-05 2.24083111e-02 4.27990171e+01 9.58265644e-04
   2.25800663e-03 2.16628471e-03 2.16628471e-03]]]

Response Table:
[[[4.71071878e-06 2.34983711e-02 4.25574707e+01]
  [3.31497609e-06 2.03867671e-02 5.50917579e+01]]

 [[2.18298719e-04 6.94583311e-01 5.48210339e+01]
  [4.69086683e-06 2.35284656e-02 4.19769391e+01]]]

Refresh Table:
[[[6.60705607e-06 2.35765511e-02 4.20652355e+01]
  [3.31497630e-06 2.03867672e-02 5.50917578e+01]]

 [[2.18298719e-04 6.94583311e-01 5.48210339e+01]
  [3.39293177e-06 2.20265689e-02 4.28099012e+01]]]

Request Buffer Table:
[[[1.95392181e-04 3.69516343e-02 4.15433245e+01]
  [2.04823620e-04 3.87070106e-02 4.18033316e+01]
  [2.03563107e-04 3.73784830e-02 4.18117351e+01]
  [2.07372707e-04 3.77316555e-02 4.18967613e+01]
  [1.80775462e-04 3.58217006e-02 4.13939084e+01]
  [2.06164015e-04 3.74067632e-02 4.15043734e+01]
  [1.97197140e-04 3.75472784e-02 4.19145435e+01]
  [2.16264388e-04 3.73890757e-02 4.23481392e+01]]

 [[1.88897297e-04 3.64883622e-02 4.30929092e+01]
  [1.92870376e-04 3.69999169e-02 4.20079462e+01]
  [1.90536053e-04 3.78199660e-02 4.23763708e+01]
  [8.21620750e-06 2.07607729e-02 5.50437366e+01]
  [1.85524470e-04 3.64970713e-02 4.28608619e+01]
  [2.03631630e-04 3.72486485e-02 4.17978549e+01]
  [1.88191213e-04 3.65997617e-02 4.28679171e+01]
  [1.92501327e-04 3.70811717e-02 4.27225304e+01]]

 [[1.97341482e-04 3.73282075e-02 4.16600223e+01]
  [1.97635851e-04 3.68634312e-02 4.19419779e+01]
  [1.90935978e-04 3.68796411e-02 4.16653416e+01]
  [1.88421078e-04 3.66048761e-02 4.16426403e+01]
  [1.12052828e-04 2.99866006e-02 4.56955095e+01]
  [8.28992546e-06 2.07652308e-02 5.50659210e+01]
  [1.96588779e-04 3.69827704e-02 4.20490711e+01]
  [1.97174307e-04 3.67444866e-02 4.18049187e+01]]

 [[2.30982598e-04 3.84243814e-02 4.11836947e+01]
  [1.91370664e-04 3.71366371e-02 4.15188143e+01]
  [2.08676374e-04 3.78781815e-02 4.22591833e+01]
  [1.83902314e-04 3.65786475e-02 4.23244312e+01]
  [8.17714137e-06 2.07190085e-02 5.49461190e+01]
  [1.86602509e-04 3.64047682e-02 4.23693933e+01]
  [1.97161333e-04 3.76012673e-02 4.24920412e+01]
  [1.77633523e-04 3.59332889e-02 4.22855991e+01]]

 [[1.88470852e-04 3.62638762e-02 4.14289819e+01]
  [2.19274109e-04 3.79904011e-02 4.25541858e+01]
  [2.23154382e-04 6.94912320e-01 5.44830002e+01]
  [1.85943850e-04 3.68932830e-02 4.17781722e+01]
  [2.05156870e-04 3.70527664e-02 4.21935271e+01]
  [1.89331544e-04 3.67181378e-02 4.27449749e+01]
  [1.91433511e-04 3.66651256e-02 4.11751951e+01]
  [1.92544108e-04 3.67769753e-02 4.25465189e+01]]

 [[2.00619250e-04 3.74803572e-02 4.15252359e+01]
  [8.24802353e-06 2.07233765e-02 5.40933122e+01]
  [1.79784709e-04 3.61537225e-02 4.21641166e+01]
  [9.94847765e-05 2.88485489e-02 4.80495136e+01]
  [1.98792932e-04 3.70549219e-02 4.24351647e+01]
  [1.88961800e-04 3.64806162e-02 4.20529960e+01]
  [1.88035490e-04 3.65632013e-02 4.18371141e+01]
  [2.00100135e-04 3.71723655e-02 4.22327986e+01]]

 [[1.99026237e-04 3.76245395e-02 4.15732630e+01]
  [1.91020335e-04 3.72055404e-02 4.20067726e+01]
  [1.93268312e-04 3.64822991e-02 4.17917433e+01]
  [1.89741801e-04 3.66344896e-02 4.20602165e+01]
  [1.95550188e-04 3.65270161e-02 4.17768944e+01]
  [1.91450420e-04 3.67205833e-02 4.16171341e+01]
  [1.86828134e-04 3.63286648e-02 4.30723238e+01]
  [1.92354259e-04 3.70654377e-02 4.19300795e+01]]

 [[2.09498186e-04 3.83786171e-02 4.13377788e+01]
  [2.27087427e-04 3.79139540e-02 4.16347057e+01]
  [1.85509458e-04 3.67206068e-02 4.24336027e+01]
  [1.91020931e-04 3.71721980e-02 4.19520727e+01]
  [1.88451142e-04 3.61731201e-02 4.21576880e+01]
  [1.88622392e-04 3.65206101e-02 4.29976642e+01]
  [1.93649240e-04 3.66767718e-02 4.23406400e+01]
  [1.90325412e-04 3.64174460e-02 4.19440731e+01]]]

Ref Max Post Table:
[[[4.26391482e-05 2.27204208e-02 4.80339910e+01]
  [6.28302347e-05 2.42456819e-02 4.25513525e+01]
  [3.25684714e-05 2.24474590e-02 4.89949305e+01]
  [6.39537738e-05 2.42794681e-02 4.26954070e+01]]

 [[6.88599673e-05 2.43212513e-02 4.27330549e+01]
  [5.95164317e-05 2.42461732e-02 4.27336950e+01]
  [6.82306102e-05 2.42543733e-02 4.25120053e+01]
  [5.21720372e-05 2.37243468e-02 4.46478290e+01]]

 [[5.96220982e-06 2.07498167e-02 5.46704244e+01]
  [5.86089803e-05 2.42268858e-02 4.25852541e+01]
  [7.06546716e-05 2.43213897e-02 4.30626085e+01]
  [4.59162065e-05 2.32435673e-02 4.29800722e+01]]

 [[6.68697043e-05 2.42000071e-02 4.27523112e+01]
  [6.65185870e-05 2.42481428e-02 4.27090573e+01]
  [5.99942132e-05 2.42414213e-02 4.25814022e+01]
  [2.16994176e-04 6.94552008e-01 5.48547354e+01]]]

Ref Max Pull Table:
[[[1.27768777e-04 2.43581691e-02 4.25263530e+01]
  [3.31499492e-06 2.03867672e-02 5.50917579e+01]
  [1.23443712e-04 2.43029391e-02 4.24647637e+01]
  [1.28356415e-04 2.43148625e-02 4.28199958e+01]]

 [[2.18298737e-04 6.94583311e-01 5.48210339e+01]
  [4.35643880e-04 2.25320450e-02 4.44967501e+01]
  [1.16913578e-04 2.42547727e-02 4.22352402e+01]
  [1.20711723e-04 2.42574543e-02 4.24825462e+01]]

 [[1.23720592e-04 2.42690375e-02 4.27532247e+01]
  [1.19433650e-04 2.42003860e-02 4.34951456e+01]
  [5.96049901e-05 2.31252661e-02 4.67136860e+01]
  [1.17207541e-04 2.41838087e-02 4.17710342e+01]]

 [[1.23525171e-04 2.42709364e-02 4.37620306e+01]
  [1.18855043e-04 2.42320542e-02 4.21270916e+01]
  [1.20636191e-04 2.42362181e-02 4.33188869e+01]
  [1.22823797e-04 2.41942106e-02 4.27588473e+01]]]

Max Activate Table:
[[[1.84704545e-04 3.81385962e-02 4.13197484e+01 9.80901765e-04
   2.10715278e-03 2.07019971e-03 2.07019971e-03]
  [2.15091025e-04 3.71836096e-02 4.12048396e+01 9.82008212e-04
   2.10084084e-03 2.06612509e-03 2.06612509e-03]
  [2.02995405e-04 3.63351799e-02 4.26356724e+01 9.83027899e-04
   2.09502373e-03 2.06237000e-03 2.06237000e-03]
  [2.17803640e-04 3.70161420e-02 4.23598813e+01 9.82254125e-04
   2.09944382e-03 2.06521833e-03 2.06521833e-03]
  [1.98001910e-04 3.76600682e-02 4.23784216e+01 9.81328100e-04
   2.10471715e-03 2.06863038e-03 2.06863038e-03]
  [2.06422308e-04 3.69465227e-02 4.18363544e+01 9.82263933e-04
   2.09938375e-03 2.06518303e-03 2.06518303e-03]
  [1.97657908e-04 3.61594019e-02 4.20944898e+01 9.83244579e-04
   2.09379893e-03 2.06156982e-03 2.06156982e-03]
  [2.84049323e-04 3.85679210e-02 4.23239452e+01 9.80194135e-04
   2.11117738e-03 2.07280805e-03 2.07280805e-03]]

 [[2.22347086e-04 3.74582022e-02 4.19963506e+01 9.81676229e-04
   2.10273331e-03 2.06734794e-03 2.06734794e-03]
  [2.09155079e-04 3.71972662e-02 4.14603834e+01 9.82004093e-04
   2.10086864e-03 2.06613941e-03 2.06613941e-03]
  [2.00821572e-04 3.68093380e-02 4.15817605e+01 9.82447285e-04
   2.09833879e-03 2.06450761e-03 2.06450761e-03]
  [2.12542297e-04 3.69727053e-02 4.19578236e+01 9.82268071e-04
   2.09936289e-03 2.06516725e-03 2.06516725e-03]
  [2.52283831e-04 3.94183258e-02 4.12426271e+01 9.79101735e-04
   2.11740400e-03 2.07683197e-03 2.07683197e-03]
  [1.94853717e-04 3.60294037e-02 4.26641143e+01 9.83409858e-04
   2.09285261e-03 2.06096184e-03 2.06096184e-03]
  [2.06636865e-04 3.74321591e-02 4.23339475e+01 9.81729984e-04
   2.10242397e-03 2.06715051e-03 2.06715051e-03]
  [2.09386436e-04 3.66357989e-02 4.22942510e+01 9.82694733e-04
   2.09693266e-03 2.06359527e-03 2.06359527e-03]]

 [[1.94591797e-04 3.65215178e-02 4.21740103e+01 9.82866601e-04
   2.09594647e-03 2.06296349e-03 2.06296349e-03]
  [2.05173150e-04 3.71713380e-02 4.20740895e+01 9.81974193e-04
   2.10103869e-03 2.06624962e-03 2.06624962e-03]
  [2.07182637e-04 3.70532389e-02 4.27272049e+01 9.82177963e-04
   2.09987067e-03 2.06550031e-03 2.06550031e-03]
  [2.15272962e-04 3.81502308e-02 4.12370843e+01 9.80815185e-04
   2.10763803e-03 2.07052027e-03 2.07052027e-03]
  [2.27612263e-04 3.73433605e-02 4.28701628e+01 9.81759088e-04
   2.10226463e-03 2.06704200e-03 2.06704200e-03]
  [2.04362902e-04 3.69407091e-02 4.27382190e+01 9.82342580e-04
   2.09893864e-03 2.06489270e-03 2.06489270e-03]
  [1.97000248e-04 3.61550404e-02 4.30043440e+01 9.83252379e-04
   2.09375090e-03 2.06154179e-03 2.06154179e-03]
  [2.00510829e-04 3.63978680e-02 4.18466033e+01 9.82986948e-04
   2.09526852e-03 2.06251859e-03 2.06251859e-03]]

 [[2.05483109e-04 3.73430407e-02 4.15779098e+01 9.81822817e-04
   2.10190329e-03 2.06680687e-03 2.06680687e-03]
  [2.38456192e-04 3.88508352e-02 4.20240440e+01 9.79864825e-04
   2.11305521e-03 2.07402093e-03 2.07402093e-03]
  [2.08046491e-04 3.66222060e-02 4.20174065e+01 9.82698989e-04
   2.09690767e-03 2.06357974e-03 2.06357974e-03]
  [2.19548569e-04 3.68751611e-02 4.23454097e+01 9.82374181e-04
   2.09874942e-03 2.06477810e-03 2.06477810e-03]
  [2.30143520e-04 3.73804180e-02 4.28259680e+01 9.81750963e-04
   2.10229853e-03 2.06707439e-03 2.06707439e-03]
  [2.09966846e-04 3.70961274e-02 4.21305127e+01 9.82199994e-04
   2.09974769e-03 2.06541865e-03 2.06541865e-03]
  [2.14789398e-04 3.73085167e-02 4.20793146e+01 9.81839106e-04
   2.10180723e-03 2.06674751e-03 2.06674751e-03]
  [2.16673428e-04 3.64403255e-02 4.12092429e+01 9.82914485e-04
   2.09567740e-03 2.06278634e-03 2.06278634e-03]]

 [[2.01087309e-04 3.72029374e-02 4.31007692e+01 9.81927683e-04
   2.10130422e-03 2.06642086e-03 2.06642086e-03]
  [2.16431680e-04 3.74833816e-02 4.20548179e+01 9.81707585e-04
   2.10255785e-03 2.06723179e-03 2.06723179e-03]
  [2.13523892e-04 3.73342484e-02 4.24236655e+01 9.81842226e-04
   2.10178846e-03 2.06673621e-03 2.06673621e-03]
  [2.30011742e-04 3.74598183e-02 4.22334070e+01 9.81665888e-04
   2.10279169e-03 2.06738614e-03 2.06738614e-03]
  [2.09487865e-04 3.69261061e-02 4.21731082e+01 9.82418641e-04
   2.09850369e-03 2.06461280e-03 2.06461280e-03]
  [2.05253432e-04 3.69879028e-02 4.10111774e+01 9.82285232e-04
   2.09926080e-03 2.06510488e-03 2.06510488e-03]
  [2.04201990e-04 3.70091389e-02 4.14968839e+01 9.82244057e-04
   2.09949882e-03 2.06525589e-03 2.06525589e-03]
  [2.21649440e-04 3.70216074e-02 4.19493135e+01 9.82194483e-04
   2.09978126e-03 2.06543852e-03 2.06543852e-03]]

 [[2.09698580e-04 3.68989182e-02 4.26862198e+01 9.82367082e-04
   2.09879744e-03 2.06480275e-03 2.06480275e-03]
  [2.19163312e-04 3.74430973e-02 4.18628479e+01 9.81720554e-04
   2.10248602e-03 2.06718360e-03 2.06718360e-03]
  [1.93666382e-04 3.62334472e-02 4.21645287e+01 9.83198961e-04
   2.09405866e-03 2.06173791e-03 2.06173791e-03]
  [2.23603459e-04 3.67311697e-02 4.19352285e+01 9.82551771e-04
   2.09773937e-03 2.06412350e-03 2.06412350e-03]
  [1.97067634e-04 3.69715701e-02 4.26218207e+01 9.82233827e-04
   2.09955939e-03 2.06529313e-03 2.06529313e-03]
  [9.75321560e-05 2.83361099e-02 4.27931451e+01 9.49467821e-04
   2.30843213e-03 2.19878061e-03 2.19878061e-03]
  [2.18298725e-04 6.94583311e-01 5.48210339e+01 8.55298129e-04
   2.92900032e-03 2.53366491e-03 2.58434777e-03]
  [2.07168042e-04 3.71529465e-02 4.26696190e+01 9.82084141e-04
   2.10040610e-03 2.06584579e-03 2.06584579e-03]]

 [[2.02713263e-04 3.67695535e-02 4.17483883e+01 9.82587364e-04
   2.09754724e-03 2.06399026e-03 2.06399026e-03]
  [2.02181965e-04 3.61879812e-02 4.18404489e+01 9.83201480e-04
   2.09403832e-03 2.06172981e-03 2.06172981e-03]
  [2.03068586e-04 3.65886057e-02 4.19387959e+01 9.82734325e-04
   2.09670606e-03 2.06344962e-03 2.06344962e-03]
  [2.28308245e-04 3.78642150e-02 4.20037023e+01 9.81093602e-04
   2.10605163e-03 2.06949459e-03 2.06949459e-03]
  [2.38326241e-04 3.75648655e-02 4.22210913e+01 9.81582283e-04
   2.10326184e-03 2.06769537e-03 2.06769537e-03]
  [3.31498249e-06 2.03867676e-02 5.50917579e+01 8.53689277e-04
   2.97091142e-03 2.53413091e-03 2.64083168e-03]
  [2.07338593e-04 3.64936789e-02 4.22408281e+01 9.82851661e-04
   2.09604042e-03 2.06301678e-03 2.06301678e-03]
  [1.94720237e-04 3.59928859e-02 4.23081257e+01 9.83566301e-04
   2.09196628e-03 2.06038451e-03 2.06038451e-03]]

 [[2.16512293e-04 3.67420444e-02 4.16356633e+01 9.82617877e-04
   2.09736891e-03 2.06387874e-03 2.06387874e-03]
  [2.03022160e-04 3.67564479e-02 4.14519619e+01 9.82577330e-04
   2.09759900e-03 2.06402830e-03 2.06402830e-03]
  [1.91857264e-04 3.57153609e-02 4.28439468e+01 9.83839212e-04
   2.09041154e-03 2.05937906e-03 2.05937906e-03]
  [2.39676822e-04 3.90923331e-02 4.10590408e+01 9.79526125e-04
   2.11498314e-03 2.07526908e-03 2.07526908e-03]
  [1.99612736e-04 3.67373258e-02 4.21239075e+01 9.82516831e-04
   2.09793846e-03 2.06425222e-03 2.06425222e-03]
  [1.99886244e-04 3.67824466e-02 4.17387540e+01 9.82451594e-04
   2.09831955e-03 2.06449069e-03 2.06449069e-03]
  [2.06594109e-04 3.69042944e-02 4.16713212e+01 9.82396106e-04
   2.09863382e-03 2.06469548e-03 2.06469548e-03]
  [2.01019421e-04 3.67157634e-02 4.21687378e+01 9.82665004e-04
   2.09710358e-03 2.06370449e-03 2.06370449e-03]]]

Cumulative Reward: 6394.358309324499
