Scheduler Table:
[[[9.76264433e-06 2.22753501e-02 2.45169172e+01 1.22763956e-03
   1.42880341e-03 6.73428974e-04 6.73428974e-04]
  [7.39278882e-06 2.20421325e-02 2.45356643e+01 1.21807793e-03
   1.41775115e-03 6.74049087e-04 6.74049087e-04]
  [6.38506715e-06 2.26520800e-02 2.45369440e+01 1.26733480e-03
   1.38558915e-03 6.71784086e-04 6.71784086e-04]]

 [[1.00998210e-05 2.28537090e-02 2.45284454e+01 1.27681039e-03
   1.38654175e-03 6.71198819e-04 6.71198819e-04]
  [7.30056481e-05 5.90627233e+00 2.77654709e+01 1.71478619e-03
   1.33499713e-03 6.68341792e-04 6.69602877e-04]
  [7.85681683e-06 2.19763079e-02 2.44639853e+01 1.22004332e-03
   1.41143298e-03 6.74162565e-04 6.74162565e-04]]

 [[6.19608709e-06 2.27187206e-02 2.45248694e+01 1.26471747e-03
   1.36514971e-03 6.71697647e-04 6.71697647e-04]
  [8.21631331e-06 2.18720602e-02 2.44852630e+01 1.18071204e-03
   1.46019420e-03 6.75131796e-04 6.75131796e-04]
  [7.58454973e-06 2.16422154e-02 2.45302218e+01 1.20859120e-03
   1.41372036e-03 6.75237693e-04 6.75237693e-04]]]

Buffer Table:
[[[7.17212281e-06 2.23751232e-02 2.43311314e+01 1.24712498e-03
   1.37679655e-03 6.74241622e-04 6.74241622e-04]
  [6.39737212e-06 2.24833703e-02 2.43352315e+01 1.23716149e-03
   1.39158794e-03 6.73421714e-04 6.73421714e-04]
  [6.29633934e-06 2.23391493e-02 2.44783575e+01 1.23452511e-03
   1.40226560e-03 6.73725111e-04 6.73725111e-04]]

 [[4.13707647e-06 2.26996429e-02 2.43074956e+01 1.24966005e-03
   1.37958060e-03 6.72635924e-04 6.72635924e-04]
  [7.70075372e-06 2.24140848e-02 2.42519263e+01 1.22889237e-03
   1.41184780e-03 6.73615841e-04 6.73615841e-04]
  [1.25718699e-05 1.98558100e-02 2.80889590e+01 1.74667027e-03
   1.04186827e-03 6.67871532e-04 6.69178355e-04]]

 [[4.65085251e-06 2.29113387e-02 2.42960786e+01 1.25991794e-03
   1.35483750e-03 6.72680026e-04 6.72680026e-04]
  [7.26803044e-05 5.90628062e+00 2.79448841e+01 1.72016445e-03
   1.32646394e-03 6.68264977e-04 6.69134015e-04]
  [1.25530235e-05 2.18673685e-02 2.43126097e+01 1.22885109e-03
   1.39338308e-03 6.75128020e-04 6.75128020e-04]]]

Arbiter Table:
[[[7.30056482e-05 5.90627233e+00 2.77654709e+01 1.71478619e-03
   1.33499714e-03 6.68341792e-04 6.69602877e-04]
  [4.89600055e-06 2.25895210e-02 2.42638418e+01 1.25710159e-03
   1.38877218e-03 6.72078517e-04 6.72078517e-04]
  [4.64799278e-06 2.21615599e-02 2.42088591e+01 1.26067953e-03
   1.36498880e-03 6.73477783e-04 6.73477783e-04]]

 [[4.54760182e-06 2.25145077e-02 2.43994427e+01 1.26920246e-03
   1.36403184e-03 6.72064933e-04 6.72064933e-04]
  [4.19798073e-06 2.31519645e-02 2.43310555e+01 1.26250164e-03
   1.38664325e-03 6.71639479e-04 6.71639479e-04]
  [6.63662972e-06 2.26245001e-02 2.43184364e+01 1.23258905e-03
   1.38297701e-03 6.73966331e-04 6.73966331e-04]]

 [[3.83220764e-06 2.19741394e-02 2.46069950e+01 1.30115773e-03
   1.33196390e-03 6.73968978e-04 6.73968978e-04]
  [4.55823682e-06 2.27052547e-02 2.42845621e+01 1.27287822e-03
   1.36248601e-03 6.71991501e-04 6.71991501e-04]
  [4.07868739e-06 2.19770262e-02 2.42013150e+01 1.26865531e-03
   1.34779069e-03 6.71860805e-04 6.71860805e-04]]]

Page Table:
[[[1.77834319e-05 2.18474852e-02 2.46351714e+01 1.17776593e-03
   1.41493395e-03 6.78244757e-04 6.78244757e-04]
  [4.66120805e-06 2.27342684e-02 2.45846765e+01 1.29936986e-03
   1.32603061e-03 6.70444395e-04 6.70444395e-04]
  [8.77291153e-06 2.34645553e-02 2.46016606e+01 1.29517020e-03
   1.33758336e-03 6.70070939e-04 6.70070939e-04]
  [4.17182853e-06 2.19689074e-02 2.49172072e+01 1.34001477e-03
   1.26914398e-03 6.72611101e-04 6.72611101e-04]]

 [[6.54320593e-06 2.36661984e-02 2.45743809e+01 1.32318548e-03
   1.27451587e-03 6.69997773e-04 6.69997773e-04]
  [7.26997600e-06 2.31859478e-02 2.46083123e+01 1.26588396e-03
   1.36105925e-03 6.72455439e-04 6.72455439e-04]
  [1.06768471e-05 1.98834661e-02 2.82355128e+01 1.73036698e-03
   1.05944643e-03 6.67910861e-04 6.69217684e-04]
  [6.94115013e-06 2.30077654e-02 2.45935253e+01 1.22906962e-03
   1.44322899e-03 6.72812505e-04 6.72812505e-04]]

 [[5.73688790e-06 2.40428697e-02 2.45726243e+01 1.30316612e-03
   1.31397088e-03 6.69810885e-04 6.69810885e-04]
  [4.31391904e-06 2.11360469e-02 2.50198624e+01 1.26153985e-03
   1.19009615e-03 6.70087750e-04 6.70087750e-04]
  [5.36693631e-06 2.39583256e-02 2.45705280e+01 1.33734301e-03
   1.24253676e-03 6.69644852e-04 6.69644852e-04]
  [7.09511839e-05 5.90630837e+00 2.82173695e+01 1.72472570e-03
   1.32151194e-03 6.68099509e-04 6.68099509e-04]]

 [[6.58673497e-07 2.03247349e-02 2.48352131e+01 1.35458156e-03
   1.23526137e-03 6.74614236e-04 6.74614236e-04]
  [1.08327914e-05 1.98846375e-02 2.84436385e+01 1.76166521e-03
   1.02608710e-03 6.67603719e-04 6.67603719e-04]
  [5.41748145e-06 2.37395819e-02 2.46149025e+01 1.31703384e-03
   1.30572473e-03 6.70033155e-04 6.70033155e-04]
  [1.28622464e-05 2.24067343e-02 2.46080323e+01 1.22636459e-03
   1.36404062e-03 6.75902326e-04 6.75902326e-04]]]

Response Table:
[[[7.43715010e-06 2.07517529e-02 2.41935448e+01]
  [5.78754773e-06 2.16550516e-02 2.42267001e+01]]

 [[5.87936745e-06 2.17141024e-02 2.41467715e+01]
  [7.30056481e-05 5.90627233e+00 2.77654709e+01]]]

Refresh Table:
[[[7.30056481e-05 5.90627233e+00 2.77654709e+01]
  [7.63781541e-06 2.19990675e-02 2.39892744e+01]]

 [[7.57658591e-06 2.20160291e-02 2.39712269e+01]
  [6.98711159e-06 2.16715676e-02 2.39784851e+01]]]

Request Buffer Table:
[[[7.07187910e-06 2.75536788e-02 2.46214245e+01]
  [6.48150204e-06 2.82676697e-02 2.47076256e+01]
  [6.83446377e-06 2.84895669e-02 2.45660473e+01]
  [6.96779176e-06 2.76092309e-02 2.45865504e+01]
  [7.11962594e-06 2.73609138e-02 2.46734965e+01]
  [9.97644357e-06 2.77301147e-02 2.46446157e+01]
  [8.15565116e-06 2.82115400e-02 2.45488840e+01]
  [8.53581768e-06 2.71194250e-02 2.47848912e+01]]

 [[6.64785267e-06 2.82759957e-02 2.46928263e+01]
  [8.88441045e-06 2.77499784e-02 2.46529560e+01]
  [1.15122169e-05 1.99391616e-02 2.84736155e+01]
  [7.27169996e-06 2.73443071e-02 2.49393382e+01]
  [7.62807100e-06 2.75785455e-02 2.48552938e+01]
  [5.97031940e-06 2.77300517e-02 2.47045426e+01]
  [6.98323208e-06 2.70592925e-02 2.49570042e+01]
  [7.96104217e-06 2.78294980e-02 2.47265565e+01]]

 [[6.98978503e-06 2.73636057e-02 2.46933675e+01]
  [6.91624524e-06 2.75230009e-02 2.49337761e+01]
  [7.73514080e-06 2.76367637e-02 2.48220499e+01]
  [9.00156340e-06 1.99382158e-02 2.83143600e+01]
  [8.12859913e-06 2.74492010e-02 2.47490286e+01]
  [6.71394578e-06 2.78313688e-02 2.48135417e+01]
  [6.81246895e-06 2.78308483e-02 2.47260385e+01]
  [7.18407522e-06 2.75959620e-02 2.48926224e+01]]

 [[7.08408664e-06 2.78241391e-02 2.46173863e+01]
  [6.47557065e-06 2.76001283e-02 2.47036733e+01]
  [6.91804283e-06 2.82834771e-02 2.47106180e+01]
  [6.47978695e-06 2.76182089e-02 2.48096774e+01]
  [6.96533921e-06 2.74285547e-02 2.48211771e+01]
  [6.21720161e-06 2.69831978e-02 2.49392729e+01]
  [7.97368571e-06 2.75119614e-02 2.49240813e+01]
  [5.18607365e-06 1.99372890e-02 2.83276414e+01]]

 [[6.98077496e-06 2.75728216e-02 2.45153997e+01]
  [6.88200657e-06 2.84187151e-02 2.47935172e+01]
  [6.79877170e-06 2.77031911e-02 2.48056121e+01]
  [6.85249061e-06 2.74079451e-02 2.45947026e+01]
  [7.58096362e-06 2.75072389e-02 2.47691259e+01]
  [7.33262978e-06 2.52983920e-02 2.47823672e+01]
  [9.13718331e-06 2.74876375e-02 2.46940979e+01]
  [8.27049494e-06 2.76558339e-02 2.46663748e+01]]

 [[6.65506316e-06 2.74543367e-02 2.47313027e+01]
  [7.04873857e-05 5.90636096e+00 2.82340035e+01]
  [6.34263626e-06 2.76679558e-02 2.46585338e+01]
  [7.11083330e-06 2.72618679e-02 2.48126895e+01]
  [9.43760954e-06 2.15062925e-02 2.48495674e+01]
  [6.40955874e-06 2.79076978e-02 2.48195661e+01]
  [7.64616935e-06 2.74593634e-02 2.45630976e+01]
  [1.05473092e-05 2.57875920e-02 2.48700436e+01]]

 [[7.23908298e-06 2.80590033e-02 2.47410549e+01]
  [6.58935916e-06 2.77503920e-02 2.46764486e+01]
  [8.29320207e-06 2.76015726e-02 2.47208051e+01]
  [7.07953682e-06 2.74287210e-02 2.47096971e+01]
  [1.10618884e-05 2.40561468e-02 2.49117284e+01]
  [7.47649425e-06 2.55449238e-02 2.50279790e+01]
  [7.24791780e-06 2.72055065e-02 2.47747287e+01]
  [8.67140651e-06 2.77291336e-02 2.48682628e+01]]

 [[1.39313122e-05 2.67449309e-02 2.47800041e+01]
  [7.02562401e-06 2.79503591e-02 2.48028676e+01]
  [6.64508912e-06 2.76343589e-02 2.48089834e+01]
  [5.60815737e-06 2.59351022e-02 2.56562305e+01]
  [7.46412245e-06 2.73576106e-02 2.48030867e+01]
  [6.57691814e-06 1.99360204e-02 2.81867114e+01]
  [1.10972837e-05 2.41404591e-02 2.48179453e+01]
  [9.50748657e-06 2.74001493e-02 2.48085831e+01]]]

Ref Max Post Table:
[[[6.83568026e-06 2.38903003e-02 2.46004424e+01]
  [8.03703747e-06 2.33030377e-02 2.45920800e+01]
  [6.07788166e-06 2.30531139e-02 2.46429547e+01]
  [6.25214344e-06 2.25360280e-02 2.46023370e+01]]

 [[4.77698677e-06 2.28527971e-02 2.45748993e+01]
  [5.57655365e-06 2.34555821e-02 2.45695656e+01]
  [7.26803044e-05 5.90628062e+00 2.79448841e+01]
  [5.01435023e-06 2.30314711e-02 2.45644588e+01]]

 [[6.71222070e-06 2.20308014e-02 2.46330823e+01]
  [1.25718699e-05 1.98558100e-02 2.80889590e+01]
  [4.94294766e-06 2.39593267e-02 2.45242797e+01]
  [8.50460688e-06 2.20746691e-02 2.46164372e+01]]

 [[8.84305844e-06 2.15922138e-02 2.46171571e+01]
  [5.13070447e-06 2.21476676e-02 2.46176881e+01]
  [5.98544623e-06 2.23669932e-02 2.46124998e+01]
  [4.99746442e-06 2.39994112e-02 2.45791363e+01]]]

Ref Max Pull Table:
[[[5.46724501e-06 2.39657569e-02 2.46155882e+01]
  [5.63224072e-06 2.35745806e-02 2.46738795e+01]
  [5.28784077e-06 2.38707131e-02 2.45260291e+01]
  [7.09488464e-05 5.90630728e+00 2.82171108e+01]]

 [[1.06744733e-05 1.98823573e-02 2.82352501e+01]
  [7.85841086e-06 2.18908125e-02 2.46673551e+01]
  [5.12128127e-06 2.39444591e-02 2.45165086e+01]
  [1.14569323e-05 2.20518101e-02 2.46747542e+01]]

 [[1.08940065e-05 2.39201858e-02 2.47257657e+01]
  [5.34761597e-06 2.40043707e-02 2.45981628e+01]
  [7.90677785e-06 2.38567972e-02 2.46693480e+01]
  [1.15488619e-05 2.15840964e-02 2.47412279e+01]]

 [[5.56559706e-06 2.40059440e-02 2.45203748e+01]
  [1.08303808e-05 1.98835115e-02 2.84433717e+01]
  [1.21221691e-05 2.16308499e-02 2.47023213e+01]
  [9.41743213e-06 2.20758537e-02 2.46383421e+01]]]

Max Activate Table:
[[[8.27820666e-06 2.82012964e-02 2.46175197e+01 1.35735290e-03
   1.27751805e-03 6.70751008e-04 6.70751008e-04]
  [6.34350667e-06 2.66293407e-02 2.46902021e+01 1.33203532e-03
   1.30707960e-03 6.70584267e-04 6.70584267e-04]
  [1.08307385e-05 1.98839262e-02 2.84434001e+01 1.76169584e-03
   1.02607671e-03 6.67606029e-04 6.67606029e-04]
  [8.98760994e-06 2.81565774e-02 2.46377448e+01 1.35664992e-03
   1.27875346e-03 6.70866776e-04 6.70866776e-04]
  [5.94845737e-06 2.74251042e-02 2.46576657e+01 1.33960024e-03
   1.32612088e-03 6.70339134e-04 6.70339134e-04]
  [6.15574209e-06 2.78737473e-02 2.46388963e+01 1.34835304e-03
   1.28892514e-03 6.70715797e-04 6.70715797e-04]
  [7.07478780e-06 2.73394140e-02 2.47581238e+01 1.35895805e-03
   1.27570698e-03 6.70452961e-04 6.70452961e-04]
  [8.69558183e-06 2.56675298e-02 2.47978639e+01 1.29969912e-03
   1.37909625e-03 6.72225095e-04 6.72225095e-04]]

 [[6.29067693e-06 2.77335921e-02 2.47993194e+01 1.36716795e-03
   1.27234354e-03 6.70451085e-04 6.70451085e-04]
  [8.42782548e-06 2.47103821e-02 2.47605511e+01 1.27556174e-03
   1.35071233e-03 6.73338451e-04 6.73338451e-04]
  [7.16097449e-06 2.73380008e-02 2.47624313e+01 1.32313732e-03
   1.27106769e-03 6.70284657e-04 6.70284657e-04]
  [6.39677031e-06 2.77851079e-02 2.46000649e+01 1.34176498e-03
   1.30567886e-03 6.70556477e-04 6.70556477e-04]
  [6.75968848e-06 2.87016550e-02 2.46710051e+01 1.35097533e-03
   1.28818933e-03 6.70925847e-04 6.70925847e-04]
  [7.64170831e-06 2.65525605e-02 2.47715975e+01 1.34414778e-03
   1.30585867e-03 6.71092530e-04 6.71092530e-04]
  [6.21943805e-06 2.67000106e-02 2.48967929e+01 1.34411591e-03
   1.27495458e-03 6.70541814e-04 6.70541814e-04]
  [7.73918169e-06 2.50194781e-02 2.48062015e+01 1.28036562e-03
   1.33682949e-03 6.73328153e-04 6.73328153e-04]]

 [[5.99233984e-06 2.57286572e-02 2.49752265e+01 1.32632080e-03
   1.26889587e-03 6.70694391e-04 6.70694391e-04]
  [8.92940615e-06 2.68307524e-02 2.47743997e+01 1.32239344e-03
   1.35505617e-03 6.70402702e-04 6.70402702e-04]
  [9.23981867e-06 2.76584050e-02 2.47301342e+01 1.34588753e-03
   1.29842561e-03 6.70660199e-04 6.70660199e-04]
  [9.95251007e-06 2.80866392e-02 2.46169777e+01 1.35851364e-03
   1.29280552e-03 6.70723932e-04 6.70723932e-04]
  [6.70662167e-06 2.74260446e-02 2.48137551e+01 1.34141084e-03
   1.28491798e-03 6.70579934e-04 6.70579934e-04]
  [1.06748255e-05 1.98827656e-02 2.82352782e+01 1.73039714e-03
   1.05943621e-03 6.67913136e-04 6.69219959e-04]
  [7.36126248e-06 2.66310706e-02 2.47812296e+01 1.33696436e-03
   1.30330178e-03 6.70854688e-04 6.70854688e-04]
  [7.66533557e-06 2.75694060e-02 2.46502256e+01 1.33214949e-03
   1.33040786e-03 6.70435641e-04 6.70435641e-04]]

 [[8.34325947e-06 2.76330674e-02 2.49440819e+01 1.37177395e-03
   1.27641575e-03 6.70452294e-04 6.70452294e-04]
  [7.05675530e-06 2.76720723e-02 2.46875997e+01 1.34345841e-03
   1.29285722e-03 6.70436217e-04 6.70436217e-04]
  [8.78528487e-06 2.75255805e-02 2.48855773e+01 1.36783750e-03
   1.29535889e-03 6.70450144e-04 6.70450144e-04]
  [1.03635145e-05 2.77482767e-02 2.46567151e+01 1.34664199e-03
   1.28791869e-03 6.70558735e-04 6.70558735e-04]
  [6.74240425e-06 2.74699746e-02 2.50080650e+01 1.33010889e-03
   1.28013413e-03 6.70428529e-04 6.70428529e-04]
  [7.87213066e-06 2.80389864e-02 2.47928018e+01 1.34093503e-03
   1.27741285e-03 6.70661606e-04 6.70661606e-04]
  [6.41826387e-06 2.78179221e-02 2.47714898e+01 1.33216559e-03
   1.33677975e-03 6.70606346e-04 6.70606346e-04]
  [7.43696708e-06 2.76844497e-02 2.46821544e+01 1.35956987e-03
   1.27089351e-03 6.70608309e-04 6.70608309e-04]]

 [[6.34367760e-06 2.76777032e-02 2.46655791e+01 1.35986928e-03
   1.26271131e-03 6.70470257e-04 6.70470257e-04]
  [8.51182542e-06 2.39381845e-02 2.47399687e+01 1.23317004e-03
   1.39023523e-03 6.74746475e-04 6.74746475e-04]
  [7.17204365e-06 2.75793457e-02 2.47947143e+01 1.33075464e-03
   1.27487133e-03 6.70525258e-04 6.70525258e-04]
  [6.66443504e-06 2.79990384e-02 2.47856585e+01 1.32610384e-03
   1.32220841e-03 6.70815251e-04 6.70815251e-04]
  [7.57837339e-06 2.60731147e-02 2.48362788e+01 1.30176292e-03
   1.33076531e-03 6.71733747e-04 6.71733747e-04]
  [6.20235534e-06 2.78902415e-02 2.46350161e+01 1.35598609e-03
   1.26891713e-03 6.70580274e-04 6.70580274e-04]
  [7.44695283e-06 2.69180746e-02 2.47625426e+01 1.33565660e-03
   1.31807265e-03 6.70386540e-04 6.70386540e-04]
  [6.55169886e-06 2.72974778e-02 2.47422695e+01 1.32632801e-03
   1.36825124e-03 6.70266465e-04 6.70266465e-04]]

 [[7.09491932e-05 5.90630768e+00 2.82171384e+01 1.72475540e-03
   1.32150187e-03 6.68101749e-04 6.68101749e-04]
  [6.47124115e-06 2.75618246e-02 2.47105013e+01 1.34990822e-03
   1.27248963e-03 6.70426058e-04 6.70426058e-04]
  [6.17175840e-06 2.74076225e-02 2.47839246e+01 1.35737825e-03
   1.28977282e-03 6.70543541e-04 6.70543541e-04]
  [9.56305990e-06 2.76856235e-02 2.46411519e+01 1.35495884e-03
   1.27127649e-03 6.70420148e-04 6.70420148e-04]
  [8.70203314e-06 2.54178767e-02 2.48030171e+01 1.28717958e-03
   1.33461138e-03 6.72759679e-04 6.72759679e-04]
  [1.17161062e-05 2.25783047e-02 2.48016153e+01 1.20829433e-03
   1.40424592e-03 6.76512778e-04 6.76512778e-04]
  [6.06733352e-06 2.74403975e-02 2.47870418e+01 1.36593713e-03
   1.26432064e-03 6.70296488e-04 6.70296488e-04]
  [6.34918313e-06 2.78721748e-02 2.47887470e+01 1.35596494e-03
   1.26606495e-03 6.70527562e-04 6.70527562e-04]]

 [[6.52868216e-06 2.79664802e-02 2.47454658e+01 1.35520631e-03
   1.27131403e-03 6.70487629e-04 6.70487629e-04]
  [9.63818378e-06 2.30462763e-02 2.47361714e+01 1.22232691e-03
   1.40140151e-03 6.76172826e-04 6.76172826e-04]
  [7.08724407e-06 2.72699297e-02 2.47609031e+01 1.33538712e-03
   1.32546745e-03 6.70300157e-04 6.70300157e-04]
  [7.04621356e-06 2.76317914e-02 2.47640906e+01 1.36456267e-03
   1.28394272e-03 6.70447330e-04 6.70447330e-04]
  [6.76329568e-06 2.75962681e-02 2.46925420e+01 1.35585182e-03
   1.27922119e-03 6.70449245e-04 6.70449245e-04]
  [7.52101454e-06 2.75779721e-02 2.47213632e+01 1.32002041e-03
   1.30419487e-03 6.70480285e-04 6.70480285e-04]
  [1.05424617e-05 2.78627970e-02 2.47726836e+01 1.36192488e-03
   1.29270826e-03 6.70520177e-04 6.70520177e-04]
  [1.15936031e-05 2.65899818e-02 2.47823528e+01 1.34830591e-03
   1.26641580e-03 6.70547868e-04 6.70547868e-04]]

 [[7.88199540e-06 2.69910332e-02 2.48012011e+01 1.33985392e-03
   1.35387082e-03 6.70339241e-04 6.70339241e-04]
  [5.79323347e-06 2.76129350e-02 2.46497981e+01 1.37230690e-03
   1.27268387e-03 6.70483769e-04 6.70483769e-04]
  [6.10947538e-06 2.73256416e-02 2.47990596e+01 1.35436757e-03
   1.26144659e-03 6.70520006e-04 6.70520006e-04]
  [6.30403449e-06 2.80362124e-02 2.45681089e+01 1.35452456e-03
   1.31632962e-03 6.70711683e-04 6.70711683e-04]
  [6.67895123e-06 2.77082824e-02 2.47190695e+01 1.37077576e-03
   1.27011128e-03 6.70468357e-04 6.70468357e-04]
  [7.57539392e-06 2.54336256e-02 2.48583700e+01 1.37016038e-03
   1.27121965e-03 6.71198904e-04 6.71198904e-04]
  [6.90552134e-06 2.83023385e-02 2.46687296e+01 1.34016014e-03
   1.34809038e-03 6.70751938e-04 6.70751938e-04]
  [6.80127943e-06 2.76200533e-02 2.47360128e+01 1.33415164e-03
   1.34396430e-03 6.70521758e-04 6.70521758e-04]]]

Cumulative Reward: 5634.760893973343
